0 0.33203125 0.3765625 0.034375 0.046875
0 0.5984375 0.26875 0.021875 0.028125
0 0.66015625 0.32734375 0.03125 0.0375
0 0.66875 0.284375 0.03125 0.0328125
0 0.67265625 0.46796875 0.06875 0.075
0 0.54296875 0.6328125 0.0609375 0.0890625
0 0.26328125 0.64140625 0.0609375 0.0859375
0 0.3046875 0.77578125 0.04375 0.0578125
0 0.34140625 0.88203125 0.046875 0.06875
0 0.0578125 0.8734375 0.05 0.0640625
0 0.5546875 0.78125 0.0359375 0.040625
0 0.54921875 0.88515625 0.046875 0.065625
0 0.48125 0.884375 0.0640625 0.06875
0 0.75703125 0.88359375 0.0703125 0.071875
0 0.88671875 0.88203125 0.053125 0.06875
0 0.853125 0.78828125 0.04375 0.0640625
0 0.74921875 0.77109375 0.021875 0.028125
0 0.6328125 0.77109375 0.021875 0.025
0 0.6515625 0.63046875 0.034375 0.05
0 0.5375 0.2578125 0.01875 0.0234375
0 0.2640625 0.7671875 0.025 0.040625
0 0.275 0.890625 0.0421875 0.078125
0 0.95390625 0.88515625 0.034375 0.0515625