0 0.6375 0.88203125 0.0203125 0.028125
0 0.634375 0.86171875 0.0140625 0.01875
0 0.6359375 0.8359375 0.01953125 0.03046875
0 0.63359375 0.80390625 0.01171875 0.01953125
0 0.634375 0.734375 0.0625 0.08125
0 0.71171875 0.52265625 0.05234375 0.06171875
0 0.71328125 0.60390625 0.03671875 0.0390625
0 0.7125 0.68671875 0.04765625 0.06171875
0 0.70703125 0.76484375 0.0328125 0.0421875
0 0.621875 0.47265625 0.0171875 0.01953125
0 0.63359375 0.45 0.02109375 0.0265625
0 0.62890625 0.64296875 0.0125 0.02421875
0 0.65 0.071875 0.0625 0.06640625
0 0.62890625 0.1359375 0.0171875 0.05078125
0 0.6359375 0.1984375 0.03515625 0.0453125
0 0.63828125 0.2359375 0.0390625 0.0375
0 0.7109375 0.221875 0.0359375 0.040625
0 0.71640625 0.18671875 0.04375 0.040625
0 0.7203125 0.14375 0.0265625 0.0375
0 0.74609375 0.1078125 0.0453125 0.04375
0 0.5453125 0.328125 0.05546875 0.07421875
0 0.55 0.46328125 0.04453125 0.06171875
0 0.515625 0.45 0.02890625 0.0453125
0 0.315625 0.94453125 0.0296875 0.03125
0 0.28125 0.9375 0.02578125 0.0421875
0 0.253125 0.93125 0.01796875 0.01953125
0 0.22890625 0.03828125 0.04765625 0.06015625
0 0.39609375 0.26171875 0.05390625 0.06328125
0 0.40859375 0.4796875 0.02421875 0.0296875
0 0.7203125 0.43046875 0.03125 0.04609375
0 0.640625 0.55078125 0.0515625 0.07578125
0 0.63515625 0.615625 0.03828125 0.0296875
0 0.54609375 0.6671875 0.04609375 0.0578125