0 0.57890625 0.35390625 0.059375 0.04375
0 0.55859375 0.2796875 0.08125 0.053125
0 0.5796875 0.65390625 0.075 0.053125
0 0.59453125 0.86953125 0.0671875 0.046875
0 0.49765625 0.71640625 0.0359375 0.040625
0 0.48671875 0.65078125 0.034375 0.03125
0 0.48828125 0.5859375 0.046875 0.0359375
0 0.48125 0.528125 0.040625 0.0296875
0 0.47109375 0.371875 0.0515625 0.04375
0 0.45703125 0.23671875 0.028125 0.025
0 0.57421875 0.184375 0.05625 0.0453125
0 0.5625 0.12109375 0.034375 0.0265625
0 0.4390625 0.84140625 0.059375 0.040625
0 0.3140625 0.625 0.053125 0.046875
0 0.48359375 0.490625 0.040625 0.028125
0 0.7390625 0.38828125 0.04375 0.025
0 0.3109375 0.53046875 0.040625 0.021875
0 0.434375 0.91328125 0.03125 0.0265625
0 0.58203125 0.78984375 0.028125 0.01875