0 0.453125 0.90703125 0.028125 0.0421875
0 0.44375 0.95078125 0.028125 0.04375
0 0.51171875 0.9703125 0.01875 0.021875
0 0.79453125 0.48203125 0.028125 0.034375
0 0.83125 0.47734375 0.0453125 0.065625
0 0.86875 0.48671875 0.028125 0.034375
0 0.5765625 0.46484375 0.034375 0.05
0 0.4671875 0.4609375 0.0265625 0.046875
0 0.40703125 0.4625 0.0234375 0.025
0 0.37890625 0.46015625 0.021875 0.021875
0 0.359375 0.46015625 0.015625 0.0234375
0 0.196875 0.45625 0.0375 0.05625
0 0.584375 0.6125 0.065625 0.096875
0 0.1328125 0.45 0.053125 0.078125
0 0.1140625 0.3453125 0.04375 0.065625
0 0.1515625 0.3453125 0.0375 0.065625
0 0.18515625 0.3453125 0.0296875 0.053125
0 0.2515625 0.35078125 0.0453125 0.06875
0 0.3109375 0.36171875 0.03125 0.0421875
0 0.37890625 0.35625 0.065625 0.0734375
0 0.4953125 0.35078125 0.034375 0.0515625
0 0.54453125 0.371875 0.03125 0.046875
0 0.5859375 0.36640625 0.04375 0.06875
0 0.796875 0.37578125 0.05625 0.059375
0 0.85078125 0.12890625 0.059375 0.06875
0 0.71953125 0.05390625 0.0546875 0.075
0 0.04765625 0.3328125 0.028125 0.034375
0 0.6546875 0.36328125 0.0640625 0.0625
0 0.875 0.625 0.0640625 0.084375
0 0.44375 0.7640625 0.05625 0.075