0 0.528125 0.80078125 0.03359375 0.0453125
0 0.521875 0.84140625 0.0296875 0.040625
0 0.5203125 0.8875 0.0390625 0.04765625
0 0.61796875 0.76953125 0.0515625 0.07265625
0 0.61796875 0.68203125 0.07109375 0.0953125
0 0.6203125 0.59609375 0.05546875 0.06171875
0 0.62421875 0.084375 0.0390625 0.05625
0 0.5140625 0.05703125 0.03046875 0.0390625
0 0.70703125 0.84765625 0.02734375 0.0328125
0 0.1578125 0.12578125 0.0265625 0.0359375
0 0.1921875 0.12734375 0.0328125 0.03515625
0 0.1125 0.1140625 0.0421875 0.03828125
0 0.25078125 0.28125 0.0375 0.04921875
0 0.184375 0.23203125 0.05625 0.05703125
0 0.18203125 0.17734375 0.0296875 0.03671875
0 0.13359375 0.334375 0.02265625 0.03671875
0 0.1671875 0.33359375 0.02265625 0.034375
0 0.0703125 0.396875 0.0578125 0.0671875