0 0.778125 0.59140625 0.07890625 0.08515625
0 0.22265625 0.61171875 0.0578125 0.07265625
0 0.0359375 0.46015625 0.06875 0.0671875
0 0.03984375 0.36953125 0.07421875 0.06171875
0 0.1171875 0.25 0.0703125 0.05078125
0 0.11640625 0.334375 0.053125 0.03828125
0 0.1125 0.42265625 0.06171875 0.0328125
0 0.103125 0.51328125 0.0734375 0.04609375
0 0.10078125 0.64765625 0.06875 0.040625
0 0.07890625 0.74921875 0.0546875 0.0703125
0 0.33203125 0.4046875 0.05 0.06875
0 0.16640625 0.871875 0.025 0.03515625
0 0.16640625 0.90234375 0.02734375 0.0328125
0 0.0859375 0.821875 0.07421875 0.0640625
0 0.17734375 0.28828125 0.05234375 0.07734375
0 0.234375 0.065625 0.01796875 0.03203125
0 0.2515625 0.0703125 0.01796875 0.03203125
0 0.23828125 0.03203125 0.02578125 0.0359375
0 0.3109375 0.70234375 0.128125 0.14609375
0 0.12265625 0.11875 0.06953125 0.05703125