0 0.4390625 0.834375 0.09375 0.0875
0 0.41640625 0.22421875 0.0796875 0.0640625
0 0.58359375 0.028125 0.075 0.05625
0 0.6828125 0.03203125 0.0671875 0.0640625
0 0.8140625 0.1078125 0.05625 0.078125
0 0.72109375 0.10703125 0.040625 0.0578125
0 0.625 0.103125 0.0359375 0.06875
0 0.525 0.09296875 0.05 0.08125
0 0.37734375 0.08984375 0.0453125 0.075
0 0.26640625 0.06640625 0.078125 0.059375
0 0.64453125 0.34375 0.075 0.0546875
0 0.13203125 0.16171875 0.0390625 0.028125
0 0.09765625 0.1625 0.0359375 0.0296875
0 0.1859375 0.07421875 0.0703125 0.08125
0 0.771875 0.17421875 0.084375 0.0578125
0 0.31796875 0.3203125 0.159375 0.140625
0 0.95859375 0.1140625 0.0625 0.0765625