0 0.58984375 0.571875 0.0453125 0.05
0 0.528125 0.9 0.0671875 0.103125
0 0.42890625 0.92265625 0.06640625 0.0921875
0 0.68125 0.9421875 0.07578125 0.11015625
0 0.91875 0.61875 0.0671875 0.05546875
0 0.42890625 0.30078125 0.025 0.0265625
0 0.43359375 0.27578125 0.02109375 0.025
0 0.34453125 0.62265625 0.03046875 0.03984375
0 0.3859375 0.6328125 0.0234375 0.03203125
0 0.515625 0.15625 0.02109375 0.03671875
0 0.46953125 0.1234375 0.04296875 0.06171875
0 0.46328125 0.0109375 0.01015625 0.0203125
0 0.05625 0.6296875 0.03515625 0.0359375
0 0.13671875 0.40078125 0.0296875 0.0296875
0 0.0890625 0.30703125 0.01953125 0.0203125
0 0.08984375 0.34609375 0.0265625 0.02734375
0 0.05546875 0.8546875 0.071875 0.07421875