0 0.68046875 0.59375 0.0359375 0.046875
0 0.40859375 0.7046875 0.0234375 0.028125
0 0.3453125 0.64453125 0.0328125 0.0375
0 0.33671875 0.6890625 0.03125 0.034375
0 0.3328125 0.50078125 0.071875 0.078125
0 0.465625 0.33203125 0.0625 0.090625
0 0.7515625 0.3234375 0.0625 0.0875
0 0.709375 0.1859375 0.0453125 0.059375
0 0.671875 0.07734375 0.0484375 0.06875
0 0.9609375 0.0859375 0.0515625 0.065625
0 0.453125 0.18046875 0.0375 0.040625
0 0.459375 0.07421875 0.046875 0.06875
0 0.52890625 0.07421875 0.065625 0.06875
0 0.24609375 0.075 0.071875 0.075
0 0.1140625 0.07734375 0.053125 0.06875
0 0.14765625 0.17265625 0.046875 0.065625
0 0.25390625 0.190625 0.021875 0.028125
0 0.3734375 0.190625 0.021875 0.025
0 0.35390625 0.334375 0.034375 0.05
0 0.47109375 0.715625 0.0203125 0.0234375
0 0.75078125 0.19453125 0.0265625 0.04375
0 0.7390625 0.06875 0.04375 0.078125
0 0.04453125 0.07421875 0.0359375 0.053125