0 0.5515625 0.83359375 0.0359375 0.0484375
0 0.5453125 0.87734375 0.03125 0.04375
0 0.54375 0.9265625 0.0421875 0.0515625
0 0.64765625 0.80078125 0.05625 0.078125
0 0.6484375 0.70625 0.075 0.1015625
0 0.65078125 0.6140625 0.059375 0.065625
0 0.65546875 0.065625 0.0421875 0.059375
0 0.53671875 0.0359375 0.03125 0.040625
0 0.74375 0.88359375 0.0296875 0.034375
0 0.1546875 0.109375 0.028125 0.0375
0 0.19140625 0.1109375 0.034375 0.0375
0 0.10625 0.096875 0.0453125 0.040625
0 0.2546875 0.2765625 0.040625 0.053125
0 0.18359375 0.22421875 0.059375 0.0609375
0 0.18046875 0.16484375 0.03125 0.040625
0 0.12890625 0.33359375 0.025 0.040625
0 0.16484375 0.33203125 0.025 0.0375
0 0.0609375 0.40078125 0.0625 0.071875