0 0.03359375 0.69765625 0.03125 0.021875
0 0.05546875 0.69375 0.0203125 0.015625
0 0.084375 0.69609375 0.034375 0.021875
0 0.11953125 0.69296875 0.021875 0.0125
0 0.196875 0.69375 0.090625 0.06875
0 0.43046875 0.7796875 0.06875 0.0578125
0 0.340625 0.78125 0.04375 0.040625
0 0.24921875 0.78046875 0.06875 0.0515625
0 0.1625 0.775 0.046875 0.0359375
0 0.48515625 0.68046875 0.021875 0.01875
0 0.51015625 0.69375 0.028125 0.0234375
0 0.29765625 0.68828125 0.0265625 0.0140625
0 0.928125 0.7109375 0.0734375 0.06875
0 0.8578125 0.68828125 0.05625 0.01875
0 0.7890625 0.69609375 0.05 0.0390625
0 0.746875 0.6984375 0.040625 0.04375
0 0.7625 0.778125 0.04375 0.0390625
0 0.8015625 0.784375 0.04375 0.0484375
0 0.8484375 0.78828125 0.040625 0.0296875
0 0.88828125 0.8171875 0.0484375 0.05
0 0.6453125 0.59609375 0.08125 0.0625
0 0.49609375 0.6015625 0.06875 0.05
0 0.51015625 0.5625 0.05 0.03125
0 0.965625 0.24609375 0.065625 0.053125
0 0.71875 0.43046875 0.06875 0.059375
0 0.478125 0.44453125 0.0328125 0.0265625
0 0.5328125 0.7890625 0.05 0.034375
0 0.39921875 0.70078125 0.084375 0.05625
0 0.328125 0.6953125 0.0328125 0.0421875
0 0.2703125 0.59609375 0.0640625 0.05