0 0.71796875 0.19765625 0.040625 0.0359375
0 0.725 0.246875 0.0375 0.0359375
0 0.72109375 0.3890625 0.059375 0.040625
0 0.7234375 0.55859375 0.0578125 0.05
0 0.7140625 0.71171875 0.0546875 0.046875
0 0.70390625 0.91640625 0.03125 0.028125
0 0.73828125 0.9171875 0.034375 0.0328125
0 0.59921875 0.70703125 0.0609375 0.0375
0 0.59453125 0.66953125 0.053125 0.028125
0 0.72578125 0.11484375 0.040625 0.0359375
0 0.090625 0.39140625 0.0390625 0.040625
0 0.46875 0.0140625 0.0875 0.028125
0 0.71640625 0.846875 0.0625 0.046875
0 0.12265625 0.7546875 0.05625 0.0390625