0 0.646875 0.57421875 0.0421875 0.0578125
0 0.7203125 0.55390625 0.05234375 0.08046875
0 0.35 0.575 0.05234375 0.075
0 0.1359375 0.58984375 0.046875 0.06640625
0 0.28828125 0.49375 0.0390625 0.0359375
0 0.35234375 0.4828125 0.03203125 0.034375
0 0.4171875 0.484375 0.03515625 0.0453125
0 0.47421875 0.47734375 0.0296875 0.040625
0 0.62890625 0.4671875 0.04296875 0.05078125
0 0.7625 0.45390625 0.02421875 0.02890625
0 0.81484375 0.56875 0.04453125 0.05625
0 0.87734375 0.5578125 0.02578125 0.03359375
0 0.1640625 0.43515625 0.03984375 0.05859375
0 0.378125 0.31171875 0.04765625 0.05234375
0 0.5109375 0.4796875 0.028125 0.03984375
0 0.6125 0.7328125 0.02578125 0.04296875
0 0.471875 0.309375 0.021875 0.040625
0 0.09296875 0.43125 0.02578125 0.0296875
0 0.21484375 0.57734375 0.01953125 0.02734375