0 0.778125 0.59453125 0.08125 0.0875
0 0.2109375 0.61484375 0.059375 0.075
0 0.02734375 0.46015625 0.0546875 0.06875
0 0.03046875 0.3671875 0.0609375 0.0625
0 0.103125 0.24609375 0.071875 0.0515625
0 0.1015625 0.33203125 0.053125 0.0390625
0 0.0984375 0.421875 0.0625 0.034375
0 0.0890625 0.51484375 0.075 0.046875
0 0.0859375 0.6515625 0.06875 0.040625
0 0.0640625 0.7546875 0.05625 0.071875
0 0.321875 0.403125 0.05 0.0703125
0 0.153125 0.88046875 0.025 0.0359375
0 0.153125 0.91171875 0.028125 0.034375
0 0.07109375 0.8296875 0.075 0.065625
0 0.1640625 0.28515625 0.053125 0.078125
0 0.22265625 0.0578125 0.01875 0.0328125
0 0.23984375 0.06171875 0.01875 0.0328125
0 0.2265625 0.02265625 0.025 0.0375
0 0.30078125 0.70703125 0.13125 0.15
0 0.10859375 0.1109375 0.071875 0.0578125