0 0.45546875 0.5078125 0.034375 0.046875
0 0.43203125 0.403125 0.053125 0.071875
0 0.61640625 0.5375 0.0328125 0.05
0 0.37890625 0.66953125 0.03125 0.05625
0 0.35 0.71796875 0.03125 0.04375
0 0.540625 0.7921875 0.025 0.0421875
0 0.503125 0.81484375 0.053125 0.0828125
0 0.36953125 0.0765625 0.01875 0.046875
0 0.3859375 0.07578125 0.01875 0.0421875
0 0.4015625 0.065625 0.025 0.05
0 0.90625 0.28828125 0.034375 0.04375
0 0.7359375 0.4625 0.0484375 0.0625
0 0.96484375 0.8359375 0.025 0.03125
0 0.48828125 0.69921875 0.05 0.065625
0 0.76640625 0.9546875 0.0640625 0.090625