0 0.26328125 0.09765625 0.1734375 0.17578125
0 0.39921875 0.08671875 0.16796875 0.1734375
0 0.62890625 0.1203125 0.1703125 0.1515625
0 0.90625 0.09765625 0.1734375 0.146875
0 0.50625 0.1578125 0.18046875 0.14921875
0 0.36640625 0.2171875 0.18046875 0.18515625
0 0.4515625 0.30859375 0.1609375 0.16796875
0 0.5953125 0.271875 0.14453125 0.13671875
0 0.79453125 0.2515625 0.1609375 0.1203125
0 0.92890625 0.1921875 0.134375 0.125
0 0.92421875 0.28515625 0.1515625 0.13671875
0 0.78828125 0.3375 0.13203125 0.13671875
0 0.1421875 0.24765625 0.14453125 0.15625
0 0.21171875 0.321875 0.11796875 0.13203125
0 0.91953125 0.4 0.1390625 0.12734375
0 0.1109375 0.37734375 0.15390625 0.13671875
0 0.275 0.44375 0.10546875 0.125
0 0.19921875 0.4640625 0.1078125 0.1203125
0 0.3765625 0.47578125 0.14921875 0.15859375
0 0.46875 0.5 0.1421875 0.14453125
0 0.68359375 0.41015625 0.1421875 0.13671875
0 0.5953125 0.490625 0.12734375 0.165625
0 0.70546875 0.49765625 0.1203125 0.134375
0 0.84765625 0.48046875 0.16328125 0.1421875
0 0.91796875 0.578125 0.15625 0.1515625
0 0.4328125 0.6265625 0.14921875 0.125
0 0.6078125 0.57578125 0.14453125 0.12265625
0 0.59375 0.678125 0.14921875 0.15390625
0 0.7140625 0.6546875 0.1203125 0.12734375
0 0.83203125 0.69609375 0.13671875 0.1515625
0 0.353125 0.7609375 0.1390625 0.1203125
0 0.4734375 0.72578125 0.14921875 0.1421875
0 0.9171875 0.77890625 0.165625 0.14921875
0 0.821875 0.86640625 0.18046875 0.146875
0 0.71875 0.77421875 0.1390625 0.13671875
0 0.60234375 0.790625 0.1421875 0.146875
0 0.49140625 0.8484375 0.1421875 0.14921875
0 0.3609375 0.9015625 0.13671875 0.1828125
0 0.1859375 0.66953125 0.1296875 0.14453125
0 0.13359375 0.77265625 0.125 0.13671875
0 0.24140625 0.79453125 0.1078125 0.11328125
0 0.24296875 0.91484375 0.14921875 0.14921875
0 0.0921875 0.91796875 0.1609375 0.16328125