0 0.2078125 0.1421875 0.134375 0.1328125
0 0.16796875 0.24765625 0.146875 0.15625
0 0.2765625 0.08671875 0.1453125 0.1515625
0 0.4203125 0.125 0.1328125 0.134375
0 0.165625 0.40390625 0.1546875 0.1578125
0 0.2765625 0.48828125 0.159375 0.1921875
0 0.36640625 0.42578125 0.1078125 0.125
0 0.15625 0.58515625 0.2140625 0.253125
0 0.24140625 0.6453125 0.178125 0.153125
0 0.196875 0.7859375 0.1609375 0.1390625
0 0.0875 0.8765625 0.11875 0.184375
0 0.29296875 0.86796875 0.1640625 0.18125
0 0.36328125 0.7390625 0.16875 0.2171875
0 0.47734375 0.7921875 0.1765625 0.21875
0 0.57421875 0.67890625 0.146875 0.1375
0 0.625 0.82109375 0.1421875 0.1515625
0 0.7015625 0.69921875 0.128125 0.1515625
0 0.84375 0.71875 0.1640625 0.1828125
0 0.75703125 0.84375 0.125 0.1390625
0 0.90234375 0.86875 0.1328125 0.1640625
0 0.44375 0.4796875 0.115625 0.10625
0 0.57578125 0.51171875 0.15 0.159375
0 0.83046875 0.54453125 0.1203125 0.1515625
0 0.75859375 0.43984375 0.1328125 0.1515625
0 0.803125 0.2125 0.1609375 0.165625
0 0.859375 0.0890625 0.1609375 0.1390625
0 0.86171875 0.3265625 0.1390625 0.1640625
0 0.91328125 0.4578125 0.1390625 0.159375
0 0.1859375 0.92421875 0.1765625 0.128125
0 0.5671875 0.92890625 0.159375 0.1421875
0 0.41796875 0.92578125 0.134375 0.1453125
0 0.74609375 0.06875 0.128125 0.128125
0 0.12265625 0.071875 0.1390625 0.125