0 0.059375 0.22265625 0.103125 0.1109375
0 0.13515625 0.2609375 0.1046875 0.109375
0 0.14140625 0.35859375 0.1265625 0.1109375
0 0.059375 0.40234375 0.1 0.0984375
0 0.14375 0.45703125 0.096875 0.0921875
0 0.06328125 0.515625 0.1078125 0.125
0 0.1484375 0.56328125 0.115625 0.1234375
0 0.06171875 0.70078125 0.0953125 0.0890625
0 0.1421875 0.6578125 0.109375 0.1
0 0.0515625 0.78515625 0.09375 0.0859375
0 0.14296875 0.75390625 0.1140625 0.1046875
0 0.22578125 0.78828125 0.1078125 0.0890625
0 0.22421875 0.696875 0.1109375 0.1
0 0.22734375 0.61015625 0.1015625 0.0921875
0 0.22890625 0.509375 0.1109375 0.115625
0 0.22890625 0.40625 0.1015625 0.103125
0 0.22421875 0.309375 0.0984375 0.103125
0 0.22109375 0.2171875 0.1046875 0.1
0 0.3046875 0.259375 0.115625 0.1125
0 0.3046875 0.36328125 0.1 0.1046875
0 0.31171875 0.4546875 0.1203125 0.103125
0 0.31484375 0.54921875 0.1078125 0.1015625
0 0.3078125 0.64375 0.1 0.10625
0 0.30625 0.7421875 0.11875 0.1125
0 0.39765625 0.79296875 0.1109375 0.0796875
0 0.3984375 0.7015625 0.1125 0.109375
0 0.3890625 0.6109375 0.109375 0.096875
0 0.3875 0.51328125 0.10625 0.1078125
0 0.39453125 0.42109375 0.0953125 0.0859375
0 0.39609375 0.32578125 0.1203125 0.1140625
0 0.39609375 0.2203125 0.1171875 0.10625
0 0.47890625 0.2625 0.1078125 0.109375
0 0.55546875 0.21796875 0.0984375 0.0796875
0 0.5671875 0.30703125 0.1 0.0921875
0 0.478125 0.3609375 0.10625 0.09375
0 0.47734375 0.45703125 0.0921875 0.0890625
0 0.55625 0.403125 0.096875 0.1
0 0.4765625 0.55546875 0.103125 0.1203125
0 0.559375 0.503125 0.1 0.103125
0 0.565625 0.60546875 0.1125 0.1046875
0 0.48046875 0.64921875 0.1046875 0.0859375
0 0.48125 0.74375 0.109375 0.109375
0 0.56875 0.696875 0.109375 0.1
0 0.5671875 0.78828125 0.128125 0.0890625
0 0.646875 0.7421875 0.096875 0.0875
0 0.728125 0.7 0.1125 0.1
0 0.72890625 0.78828125 0.1109375 0.0890625
0 0.8078125 0.73671875 0.090625 0.0921875
0 0.88984375 0.690625 0.1046875 0.109375
0 0.890625 0.78125 0.125 0.1
0 0.640625 0.56328125 0.125 0.1296875
0 0.809375 0.56328125 0.125 0.1328125
0 0.725 0.60078125 0.115625 0.1203125
0 0.8921875 0.50234375 0.1125 0.1203125
0 0.64609375 0.46015625 0.1203125 0.1140625
0 0.72421875 0.50859375 0.1171875 0.1203125
0 0.809375 0.453125 0.103125 0.109375
0 0.896875 0.4046875 0.096875 0.103125
0 0.73046875 0.40546875 0.1140625 0.1078125
0 0.6390625 0.36171875 0.115625 0.1078125
0 0.81328125 0.35234375 0.1046875 0.0984375
0 0.890625 0.31171875 0.10625 0.1109375
0 0.721875 0.30859375 0.10625 0.0984375
0 0.634375 0.2578125 0.103125 0.109375
0 0.72421875 0.21640625 0.1015625 0.0984375
0 0.81015625 0.25390625 0.0984375 0.1046875
0 0.89453125 0.21015625 0.0953125 0.0859375
0 0.140625 0.1875 0.078125 0.040625
0 0.3046875 0.18984375 0.084375 0.0453125
0 0.959375 0.253125 0.078125 0.096875
0 0.96484375 0.365625 0.0703125 0.10625
0 0.96953125 0.46484375 0.0609375 0.0828125
0 0.96953125 0.54765625 0.0609375 0.0921875
0 0.959375 0.64921875 0.078125 0.1078125
0 0.96640625 0.73828125 0.0671875 0.0859375
0 0.96875 0.803125 0.059375 0.05625
0 0.059375 0.11328125 0.103125 0.1109375
0 0.13515625 0.0734375 0.1046875 0.109375
0 0.13984375 0.015625 0.1265625 0.03125
0 0.06015625 0.959375 0.0953125 0.08125
0 0.1421875 0.978125 0.109375 0.04375
0 0.0515625 0.88046875 0.09375 0.0859375
0 0.14296875 0.91171875 0.1140625 0.1046875
0 0.22578125 0.87734375 0.1078125 0.0890625
0 0.22265625 0.95859375 0.1109375 0.0828125
0 0.22265625 0.03828125 0.0984375 0.0765625
0 0.22109375 0.1171875 0.1046875 0.1
0 0.3046875 0.075 0.115625 0.1125
0 0.3046875 0.01171875 0.1 0.0234375
0 0.3078125 0.98359375 0.1 0.0328125
0 0.30625 0.921875 0.11875 0.1125
0 0.39765625 0.87265625 0.1109375 0.0796875
0 0.3984375 0.95390625 0.1125 0.0921875
0 0.39453125 0.0328125 0.1203125 0.065625
0 0.39609375 0.1140625 0.1171875 0.10625
0 0.47890625 0.071875 0.1078125 0.109375
0 0.55546875 0.11796875 0.0984375 0.0796875
0 0.5671875 0.03671875 0.1 0.0734375
0 0.478125 0.01015625 0.10625 0.0203125
0 0.47890625 0.9859375 0.1046875 0.028125
0 0.48125 0.9203125 0.109375 0.109375
0 0.56875 0.95859375 0.109375 0.0828125
0 0.5671875 0.87734375 0.128125 0.0890625
0 0.646875 0.921875 0.096875 0.0875
0 0.728125 0.95703125 0.1125 0.0859375
0 0.72890625 0.87734375 0.1109375 0.0890625
0 0.8078125 0.92890625 0.090625 0.0921875
0 0.88828125 0.959375 0.1046875 0.08125
0 0.890625 0.8828125 0.125 0.1
0 0.6390625 0.01328125 0.115625 0.0265625
0 0.81171875 0.015625 0.1046875 0.03125
0 0.890625 0.0390625 0.10625 0.078125
0 0.721875 0.0375 0.10625 0.075
0 0.634375 0.0765625 0.103125 0.109375
0 0.72421875 0.11953125 0.1015625 0.0984375
0 0.81015625 0.08203125 0.0984375 0.1046875
0 0.89453125 0.12578125 0.0953125 0.0859375
0 0.140625 0.146875 0.078125 0.040625
0 0.3046875 0.14609375 0.084375 0.0453125
0 0.959375 0.08125 0.078125 0.096875
0 0.96328125 0.0109375 0.0703125 0.021875
0 0.959375 0.98046875 0.078125 0.0390625
0 0.96640625 0.92734375 0.0671875 0.0859375
0 0.96875 0.8609375 0.059375 0.05625