0 0.06171875 0.23515625 0.1046875 0.0984375
0 0.05625 0.334375 0.1125 0.109375
0 0.05546875 0.43203125 0.0984375 0.0953125
0 0.059375 0.52734375 0.103125 0.1015625
0 0.06953125 0.62265625 0.1015625 0.1046875
0 0.059375 0.715625 0.115625 0.1
0 0.89140625 0.22578125 0.1109375 0.0953125
0 0.72421875 0.23125 0.1171875 0.096875
0 0.56796875 0.2359375 0.1265625 0.1125
0 0.89609375 0.68828125 0.0859375 0.0890625
0 0.8953125 0.59453125 0.1 0.0921875
0 0.6359375 0.734375 0.09375 0.084375
0 0.7296875 0.70546875 0.121875 0.1171875
0 0.81015625 0.63046875 0.0953125 0.0890625
0 0.81328125 0.5515625 0.0921875 0.084375
0 0.72890625 0.60390625 0.0921875 0.0921875
0 0.896875 0.51640625 0.103125 0.0859375
0 0.8890625 0.42109375 0.128125 0.1171875
0 0.89375 0.31640625 0.1125 0.1078125
0 0.80859375 0.2796875 0.1046875 0.1125
0 0.725 0.325 0.109375 0.10625
0 0.81171875 0.37109375 0.0921875 0.0953125
0 0.8109375 0.46796875 0.090625 0.0953125
0 0.728125 0.41953125 0.10625 0.0984375
0 0.73203125 0.51328125 0.1015625 0.1046875
0 0.4828125 0.759375 0.090625 0.09375
0 0.5484375 0.7078125 0.103125 0.1
0 0.38515625 0.7140625 0.0828125 0.084375
0 0.3125 0.7546875 0.109375 0.1
0 0.14296875 0.75703125 0.1078125 0.1046875
0 0.22578125 0.72578125 0.1078125 0.1046875
0 0.48203125 0.66484375 0.0921875 0.0953125
0 0.55546875 0.60703125 0.1046875 0.1078125
0 0.6359375 0.5703125 0.0875 0.096875
0 0.64609375 0.47265625 0.1046875 0.1078125
0 0.63984375 0.36640625 0.0921875 0.0890625
0 0.64296875 0.275 0.1078125 0.103125
0 0.3921875 0.2359375 0.10625 0.115625
0 0.2125 0.22734375 0.109375 0.1078125
0 0.1328125 0.28515625 0.115625 0.1296875
0 0.3046875 0.27421875 0.125 0.1203125
0 0.471875 0.275 0.11875 0.11875
0 0.23046875 0.3296875 0.1140625 0.11875
0 0.5671875 0.328125 0.10625 0.103125
0 0.296875 0.66796875 0.115625 0.1046875
0 0.1390625 0.5015625 0.1 0.090625
0 0.13984375 0.38359375 0.1203125 0.1265625
0 0.1390625 0.57578125 0.109375 0.1203125
0 0.16171875 0.6546875 0.0734375 0.08125
0 0.22578125 0.62265625 0.1203125 0.1171875
0 0.38203125 0.6125 0.0859375 0.096875
0 0.30546875 0.57109375 0.1078125 0.1078125
0 0.47890625 0.565625 0.1015625 0.10625
0 0.5578125 0.52265625 0.090625 0.0859375
0 0.22421875 0.43046875 0.1203125 0.1140625
0 0.38984375 0.52265625 0.0921875 0.0953125
0 0.30703125 0.47734375 0.1015625 0.0953125
0 0.56484375 0.42890625 0.1109375 0.1046875
0 0.390625 0.3234375 0.1 0.09375
0 0.303125 0.378125 0.09375 0.096875
0 0.47734375 0.471875 0.1015625 0.090625
0 0.4 0.42734375 0.103125 0.1046875
0 0.471875 0.37421875 0.1125 0.1109375
0 0.05703125 0.796875 0.0921875 0.06875
0 0.22578125 0.80390625 0.0921875 0.0578125
0 0.39375 0.79609375 0.103125 0.0703125
0 0.56484375 0.79375 0.1109375 0.075
0 0.72578125 0.790625 0.0984375 0.08125
0 0.89140625 0.78984375 0.0953125 0.0828125
0 0.96796875 0.75703125 0.0640625 0.0921875
0 0.96328125 0.6546875 0.0734375 0.1125
0 0.971875 0.56640625 0.053125 0.0671875
0 0.9671875 0.46328125 0.0625 0.0953125
0 0.97421875 0.3625 0.0515625 0.09375
0 0.96953125 0.26953125 0.0609375 0.0765625
0 0.96640625 0.196875 0.0671875 0.059375
0 0.81328125 0.19453125 0.0890625 0.0515625
0 0.64609375 0.19765625 0.0921875 0.0609375
0 0.47265625 0.19921875 0.0890625 0.0640625
0 0.29921875 0.2 0.1078125 0.065625
0 0.14140625 0.1984375 0.1015625 0.059375
0 0.06171875 0.10078125 0.1046875 0.0984375
0 0.05625 0.02734375 0.1125 0.0546875
0 0.059375 0.9484375 0.115625 0.1
0 0.89140625 0.11015625 0.1109375 0.0953125
0 0.72421875 0.103125 0.1171875 0.096875
0 0.56796875 0.0984375 0.1265625 0.1125
0 0.89453125 0.965625 0.0859375 0.06875
0 0.6359375 0.9296875 0.09375 0.084375
0 0.7296875 0.95 0.121875 0.1
0 0.89375 0.0359375 0.1125 0.071875
0 0.80703125 0.05546875 0.1046875 0.1109375
0 0.725 0.03125 0.109375 0.0625
0 0.4828125 0.9046875 0.090625 0.09375
0 0.5484375 0.953125 0.103125 0.09375
0 0.38515625 0.95 0.0828125 0.084375
0 0.3125 0.909375 0.109375 0.1
0 0.14296875 0.90859375 0.1078125 0.1046875
0 0.22578125 0.93984375 0.1078125 0.1046875
0 0.48046875 0.97578125 0.0921875 0.0484375
0 0.64296875 0.059375 0.1078125 0.103125
0 0.3921875 0.0984375 0.10625 0.115625
0 0.2125 0.10859375 0.109375 0.1078125
0 0.1328125 0.05703125 0.115625 0.1140625
0 0.3046875 0.06171875 0.125 0.1203125
0 0.471875 0.059375 0.11875 0.11875
0 0.22890625 0.03203125 0.1140625 0.0640625
0 0.5671875 0.02890625 0.10625 0.0578125
0 0.296875 0.971875 0.115625 0.05625
0 0.16015625 0.984375 0.0734375 0.03125
0 0.390625 0.02890625 0.1 0.0578125
0 0.05703125 0.8671875 0.0921875 0.06875
0 0.22578125 0.86171875 0.0921875 0.0578125
0 0.39375 0.86953125 0.103125 0.0703125
0 0.56484375 0.8703125 0.1109375 0.075
0 0.72578125 0.8734375 0.0984375 0.08125
0 0.89140625 0.87578125 0.0953125 0.0828125
0 0.96796875 0.90859375 0.0640625 0.0921875
0 0.96171875 0.9765625 0.0734375 0.046875
0 0.97265625 0.009375 0.0515625 0.01875
0 0.96953125 0.06640625 0.0609375 0.0765625
0 0.96640625 0.1375 0.0671875 0.059375
0 0.81328125 0.14140625 0.0890625 0.0515625
0 0.64609375 0.13828125 0.0921875 0.0609375
0 0.47265625 0.13671875 0.0890625 0.0640625
0 0.29921875 0.134375 0.1078125 0.065625
0 0.14140625 0.1359375 0.1015625 0.059375