0 0.7875 0.1109375 0.2078125 0.209375
0 0.87109375 0.21015625 0.190625 0.2
0 0.46171875 0.1421875 0.1703125 0.228125
0 0.57109375 0.19375 0.1296875 0.2125
0 0.67890625 0.2078125 0.2 0.2140625
0 0.7796875 0.31875 0.196875 0.165625
0 0.853125 0.4 0.1875 0.1828125
0 0.3078125 0.13203125 0.1203125 0.1203125
0 0.38671875 0.23046875 0.1546875 0.16875
0 0.48046875 0.34609375 0.2 0.196875
0 0.56875 0.415625 0.121875 0.10625
0 0.68984375 0.42578125 0.1921875 0.1921875
0 0.76328125 0.52265625 0.1390625 0.1734375
0 0.85703125 0.584375 0.2 0.1734375
0 0.91796875 0.69140625 0.1640625 0.178125
0 0.46171875 0.478125 0.159375 0.1375
0 0.5484375 0.55390625 0.1375 0.1328125
0 0.66796875 0.61796875 0.1765625 0.1875
0 0.74765625 0.68125 0.184375 0.165625
0 0.821875 0.803125 0.2 0.1875
0 0.9203125 0.884375 0.159375 0.190625
0 0.73671875 0.90234375 0.1640625 0.16875
0 0.64921875 0.80859375 0.190625 0.2
0 0.3125 0.296875 0.1734375 0.1875
0 0.23046875 0.18984375 0.1109375 0.1109375
0 0.2046875 0.70546875 0.21875 0.21875
0 0.2171875 0.8109375 0.1421875 0.1421875
0 0.2171875 0.91015625 0.121875 0.0828125
0 0.16953125 0.0890625 0.18125 0.178125