0 0.48681640625 0.3134765625 0.0732421875 0.07421875
0 0.3935546875 0.25244140625 0.060546875 0.0615234375
0 0.49560546875 0.75341796875 0.0732421875 0.0732421875
0 0.56884765625 0.904296875 0.0732421875 0.07421875
0 0.68212890625 0.18359375 0.0732421875 0.07421875
0 0.49267578125 0.9560546875 0.0732421875 0.07421875
0 0.48779296875 0.84814453125 0.0732421875 0.0732421875
0 0.39453125 0.806640625 0.0859375 0.0859375
0 0.39453125 0.921875 0.0859375 0.0859375
0 0.58349609375 0.810546875 0.0732421875 0.07421875
0 0.58349609375 0.69091796875 0.0732421875 0.0732421875
0 0.8642578125 0.19921875 0.0859375 0.0859375
0 0.865234375 0.3125 0.0859375 0.0859375
0 0.8603515625 0.421875 0.09765625 0.09765625
0 0.8701171875 0.5390625 0.109375 0.111328125
0 0.865234375 0.63525390625 0.09765625 0.0986328125
0 0.87158203125 0.75634765625 0.1103515625 0.1103515625
0 0.8662109375 0.85888671875 0.109375 0.1103515625
0 0.77294921875 0.91064453125 0.1103515625 0.1103515625
0 0.7783203125 0.8173828125 0.109375 0.111328125
0 0.765625 0.69384765625 0.109375 0.1103515625
0 0.765625 0.58154296875 0.109375 0.1103515625
0 0.76953125 0.47119140625 0.109375 0.1103515625
0 0.7734375 0.3671875 0.109375 0.111328125
0 0.779296875 0.24462890625 0.09765625 0.0986328125
0 0.6845703125 0.296875 0.0859375 0.0859375
0 0.6806640625 0.52197265625 0.09765625 0.0986328125
0 0.6767578125 0.40478515625 0.0859375 0.0869140625
0 0.58349609375 0.470703125 0.0849609375 0.0859375
0 0.5810546875 0.3681640625 0.0859375 0.0859375
0 0.2021484375 0.384765625 0.0859375 0.0859375
0 0.109375 0.52734375 0.0859375 0.0859375
0 0.673828125 0.736328125 0.0859375 0.0859375
0 0.6787109375 0.8564453125 0.0859375 0.0859375
0 0.67626953125 0.63671875 0.0849609375 0.0859375
0 0.578125 0.24462890625 0.09765625 0.0986328125
0 0.494140625 0.2119140625 0.09765625 0.09765625
0 0.48828125 0.4228515625 0.09765625 0.09765625
0 0.4892578125 0.52587890625 0.09765625 0.0986328125
0 0.49560546875 0.646484375 0.0849609375 0.0859375
0 0.58056640625 0.5791015625 0.0849609375 0.0859375
0 0.4013671875 0.3720703125 0.109375 0.111328125
0 0.39501953125 0.47900390625 0.1103515625 0.1103515625
0 0.39599609375 0.58642578125 0.1103515625 0.1103515625
0 0.39697265625 0.70654296875 0.1103515625 0.1103515625
0 0.306640625 0.763671875 0.0859375 0.0859375
0 0.3076171875 0.853515625 0.0859375 0.0859375
0 0.31201171875 0.6552734375 0.0849609375 0.0859375
0 0.30810546875 0.52392578125 0.1103515625 0.1103515625
0 0.30419921875 0.42236328125 0.1103515625 0.1103515625
0 0.30859375 0.3173828125 0.0859375 0.0859375
0 0.3115234375 0.20556640625 0.09765625 0.0986328125
0 0.2060546875 0.26123046875 0.09765625 0.0986328125
0 0.20458984375 0.501953125 0.1103515625 0.111328125
0 0.20068359375 0.61279296875 0.1103515625 0.1103515625
0 0.203125 0.72021484375 0.09765625 0.0986328125
0 0.2080078125 0.80126953125 0.09765625 0.0986328125
0 0.10888671875 0.875 0.0849609375 0.0859375
0 0.20703125 0.91552734375 0.09765625 0.0986328125
0 0.1123046875 0.76708984375 0.09765625 0.0986328125
0 0.109375 0.205078125 0.0859375 0.0859375
0 0.12109375 0.306640625 0.09765625 0.09765625
0 0.1142578125 0.4228515625 0.0859375 0.0859375
0 0.1142578125 0.673828125 0.0859375 0.0859375
0 0.1171875 0.09423828125 0.09765625 0.0986328125
0 0.2060546875 0.14892578125 0.09765625 0.0986328125
0 0.31005859375 0.0751953125 0.0849609375 0.0859375
0 0.39794921875 0.1533203125 0.0849609375 0.0859375
0 0.49609375 0.11572265625 0.09765625 0.0986328125
0 0.58642578125 0.1455078125 0.0849609375 0.0859375
0 0.67431640625 0.08203125 0.0849609375 0.0859375
0 0.779296875 0.05224609375 0.09765625 0.0986328125
0 0.77392578125 0.1484375 0.1103515625 0.111328125
0 0.8681640625 0.0888671875 0.09765625 0.09765625