0 0.61474609375 0.76123046875 0.0732421875 0.0732421875
0 0.4638671875 0.83447265625 0.07421875 0.0732421875
0 0.29052734375 0.93603515625 0.0869140625 0.0849609375
0 0.1865234375 0.9423828125 0.09765625 0.09765625
0 0.05517578125 0.935546875 0.0986328125 0.09765625
0 0.3466796875 0.833984375 0.0859375 0.0859375
0 0.2333984375 0.83544921875 0.0859375 0.0849609375
0 0.1201171875 0.8427734375 0.09765625 0.09765625
0 0.060546875 0.7548828125 0.111328125 0.109375
0 0.17626953125 0.7529296875 0.0986328125 0.09765625
0 0.2880859375 0.75341796875 0.07421875 0.0732421875
0 0.3505859375 0.65576171875 0.0859375 0.0849609375
0 0.2294921875 0.65283203125 0.0859375 0.0849609375
0 0.12060546875 0.6552734375 0.1103515625 0.109375
0 0.0654296875 0.58056640625 0.0859375 0.0849609375
0 0.17138671875 0.5810546875 0.0986328125 0.09765625
0 0.2763671875 0.56640625 0.0859375 0.0859375
0 0.34716796875 0.47265625 0.0986328125 0.09765625
0 0.22314453125 0.46826171875 0.1103515625 0.1103515625
0 0.11669921875 0.46923828125 0.1103515625 0.1103515625
0 0.27783203125 0.3818359375 0.1103515625 0.109375
0 0.17138671875 0.3818359375 0.0986328125 0.09765625
0 0.06103515625 0.38134765625 0.1103515625 0.1103515625
0 0.298828125 0.19580078125 0.0859375 0.0849609375
0 0.1689453125 0.20703125 0.09765625 0.09765625
0 0.06396484375 0.203125 0.0986328125 0.09765625
0 0.3408203125 0.09375 0.09765625 0.09765625
0 0.23193359375 0.08203125 0.1103515625 0.109375
0 0.1171875 0.0908203125 0.09765625 0.09765625
0 0.412109375 0.75830078125 0.07421875 0.0732421875
0 0.52001953125 0.75341796875 0.0732421875 0.0732421875
0 0.5615234375 0.66015625 0.0859375 0.0859375
0 0.4462890625 0.66015625 0.0859375 0.0859375
0 0.5576171875 0.84912109375 0.07421875 0.0732421875
0 0.67724609375 0.84912109375 0.0732421875 0.0732421875
0 0.84619140625 0.9462890625 0.0986328125 0.09765625
0 0.8974609375 0.84912109375 0.0859375 0.0849609375
0 0.8701171875 0.2841796875 0.0859375 0.0859375
0 0.8408203125 0.375 0.0859375 0.0859375
0 0.6318359375 0.939453125 0.0859375 0.0859375
0 0.51171875 0.9443359375 0.0859375 0.0859375
0 0.7314453125 0.94189453125 0.0859375 0.0849609375
0 0.4052734375 0.94287109375 0.0859375 0.0849609375
0 0.9453125 0.75390625 0.09765625 0.09765625
0 0.84228515625 0.7548828125 0.0986328125 0.09765625
0 0.7216796875 0.76123046875 0.0859375 0.0849609375
0 0.7890625 0.84619140625 0.0859375 0.0849609375
0 0.88916015625 0.66064453125 0.1103515625 0.1103515625
0 0.78173828125 0.66162109375 0.1103515625 0.1103515625
0 0.66162109375 0.66259765625 0.1103515625 0.1103515625
0 0.6044921875 0.572265625 0.0859375 0.0859375
0 0.5146484375 0.5732421875 0.0859375 0.0859375
0 0.712890625 0.57763671875 0.0859375 0.0849609375
0 0.84423828125 0.57373046875 0.1103515625 0.1103515625
0 0.8662109375 0.47021484375 0.111328125 0.1103515625
0 0.75537109375 0.46630859375 0.1103515625 0.1103515625
0 0.64794921875 0.46875 0.0986328125 0.09765625
0 0.56689453125 0.4736328125 0.0986328125 0.09765625
0 0.4931640625 0.37451171875 0.0859375 0.0849609375
0 0.39794921875 0.3759765625 0.0986328125 0.09765625
0 0.45263671875 0.47265625 0.0986328125 0.09765625
0 0.40185546875 0.5771484375 0.0986328125 0.09765625
0 0.60107421875 0.3779296875 0.0986328125 0.09765625
0 0.9453125 0.3798828125 0.0859375 0.0859375
0 0.763671875 0.28271484375 0.0859375 0.0849609375
0 0.6943359375 0.3798828125 0.0859375 0.0859375
0 0.8095703125 0.2001953125 0.0859375 0.0859375
0 0.935546875 0.19287109375 0.0859375 0.0849609375
0 0.4501953125 0.28515625 0.09765625 0.09765625
0 0.56494140625 0.2841796875 0.0986328125 0.09765625
0 0.6650390625 0.28564453125 0.0859375 0.0849609375
0 0.7158203125 0.203125 0.09765625 0.09765625
0 0.611328125 0.1923828125 0.0859375 0.0859375
0 0.509765625 0.1962890625 0.0859375 0.0859375
0 0.40087890625 0.189453125 0.0869140625 0.0859375
0 0.888671875 0.09716796875 0.0859375 0.0849609375
0 0.7861328125 0.0947265625 0.09765625 0.09765625
0 0.67138671875 0.09375 0.0986328125 0.09765625
0 0.55859375 0.09423828125 0.0859375 0.0849609375
0 0.4482421875 0.1005859375 0.0859375 0.0859375
0 0.23095703125 0.28271484375 0.1103515625 0.1103515625
0 0.10888671875 0.2841796875 0.1103515625 0.109375
0 0.3369140625 0.28466796875 0.0859375 0.0849609375