0 0.29931640625 0.89111328125 0.0732421875 0.0732421875
0 0.078125 0.24072265625 0.07421875 0.0732421875
0 0.08349609375 0.41845703125 0.0732421875 0.0732421875
0 0.07763671875 0.60986328125 0.0732421875 0.0732421875
0 0.0703125 0.80126953125 0.07421875 0.0732421875
0 0.40966796875 0.89599609375 0.1103515625 0.1103515625
0 0.5205078125 0.89306640625 0.123046875 0.1220703125
0 0.6328125 0.89404296875 0.123046875 0.1220703125
0 0.7373046875 0.888671875 0.111328125 0.109375
0 0.24853515625 0.79833984375 0.0615234375 0.0615234375
0 0.35498046875 0.7998046875 0.0986328125 0.09765625
0 0.46728515625 0.80078125 0.0986328125 0.09765625
0 0.560546875 0.7939453125 0.09765625 0.09765625
0 0.6875 0.80029296875 0.123046875 0.1220703125
0 0.29736328125 0.7001953125 0.0986328125 0.09765625
0 0.41552734375 0.7060546875 0.0986328125 0.09765625
0 0.51171875 0.70654296875 0.123046875 0.1220703125
0 0.6279296875 0.70751953125 0.123046875 0.1220703125
0 0.7412109375 0.70751953125 0.123046875 0.1220703125
0 0.24658203125 0.603515625 0.0615234375 0.060546875
0 0.35302734375 0.611328125 0.0986328125 0.09765625
0 0.46240234375 0.611328125 0.0986328125 0.09765625
0 0.5791015625 0.60888671875 0.123046875 0.1220703125
0 0.6943359375 0.61083984375 0.123046875 0.1220703125
0 0.30078125 0.51416015625 0.0859375 0.0849609375
0 0.40869140625 0.5185546875 0.0986328125 0.09765625
0 0.52294921875 0.51513671875 0.1220703125 0.1220703125
0 0.63037109375 0.5107421875 0.0986328125 0.09765625
0 0.7412109375 0.51611328125 0.123046875 0.1220703125
0 0.24755859375 0.421875 0.0615234375 0.060546875
0 0.35693359375 0.4189453125 0.0986328125 0.09765625
0 0.46923828125 0.423828125 0.0986328125 0.09765625
0 0.58056640625 0.4228515625 0.0986328125 0.09765625
0 0.68212890625 0.4189453125 0.0986328125 0.09765625
0 0.3037109375 0.330078125 0.0859375 0.0859375
0 0.40771484375 0.3291015625 0.0986328125 0.09765625
0 0.52099609375 0.3271484375 0.0986328125 0.09765625
0 0.63427734375 0.330078125 0.0986328125 0.09765625
0 0.74853515625 0.32958984375 0.1220703125 0.1220703125
0 0.2548828125 0.23193359375 0.037109375 0.0361328125
0 0.353515625 0.2314453125 0.09765625 0.09765625
0 0.46240234375 0.232421875 0.1103515625 0.109375
0 0.5830078125 0.23486328125 0.123046875 0.1220703125
0 0.69287109375 0.2294921875 0.1103515625 0.109375
0 0.80224609375 0.2353515625 0.0986328125 0.09765625
0 0.3125 0.13623046875 0.0859375 0.0849609375
0 0.41015625 0.138671875 0.09765625 0.09765625
0 0.5263671875 0.14013671875 0.111328125 0.1103515625
0 0.638671875 0.14404296875 0.123046875 0.1220703125
0 0.74072265625 0.1416015625 0.1103515625 0.109375
0 0.25927734375 0.0361328125 0.0615234375 0.060546875
0 0.357421875 0.0439453125 0.0859375 0.0859375
0 0.85107421875 0.1396484375 0.1103515625 0.109375
0 0.91357421875 0.2314453125 0.0986328125 0.09765625
0 0.85205078125 0.3212890625 0.0986328125 0.09765625
0 0.79638671875 0.42041015625 0.1220703125 0.1220703125
0 0.90673828125 0.42041015625 0.1220703125 0.1220703125
0 0.8525390625 0.52001953125 0.123046875 0.1220703125
0 0.7939453125 0.61083984375 0.123046875 0.1220703125
0 0.90283203125 0.60546875 0.0986328125 0.09765625
0 0.849609375 0.70556640625 0.123046875 0.1220703125
0 0.7861328125 0.794921875 0.09765625 0.09765625
0 0.904296875 0.8037109375 0.09765625 0.09765625
0 0.8515625 0.89453125 0.09765625 0.09765625