0 0.10302734375 0.1318359375 0.0849609375 0.0859375
0 0.1103515625 0.2392578125 0.09765625 0.09765625
0 0.10546875 0.34375 0.09765625 0.09765625
0 0.1005859375 0.46044921875 0.09765625 0.0986328125
0 0.19970703125 0.07373046875 0.0732421875 0.0732421875
0 0.20263671875 0.185546875 0.0849609375 0.0859375
0 0.20166015625 0.40234375 0.0732421875 0.07421875
0 0.2939453125 0.12939453125 0.09765625 0.0986328125
0 0.2890625 0.24462890625 0.09765625 0.0986328125
0 0.298828125 0.35546875 0.09765625 0.09765625
0 0.30078125 0.4658203125 0.09765625 0.09765625
0 0.39111328125 0.07470703125 0.1103515625 0.1103515625
0 0.39208984375 0.18896484375 0.1103515625 0.1103515625
0 0.38671875 0.29541015625 0.109375 0.1103515625
0 0.3857421875 0.41357421875 0.109375 0.1103515625
0 0.38671875 0.521484375 0.109375 0.111328125
0 0.48291015625 0.13525390625 0.1103515625 0.1103515625
0 0.47705078125 0.24365234375 0.1103515625 0.1103515625
0 0.48486328125 0.35595703125 0.1103515625 0.1103515625
0 0.486328125 0.46435546875 0.109375 0.1103515625
0 0.5869140625 0.07666015625 0.109375 0.1103515625
0 0.5869140625 0.18505859375 0.09765625 0.0986328125
0 0.58251953125 0.29736328125 0.1103515625 0.1103515625
0 0.58544921875 0.40869140625 0.1103515625 0.1103515625
0 0.58447265625 0.52392578125 0.1103515625 0.1103515625
0 0.6865234375 0.14111328125 0.109375 0.1103515625
0 0.6796875 0.24462890625 0.109375 0.1103515625
0 0.6796875 0.36083984375 0.109375 0.1103515625
0 0.6767578125 0.46435546875 0.109375 0.1103515625
0 0.7744140625 0.0712890625 0.09765625 0.09765625
0 0.77099609375 0.18701171875 0.1103515625 0.1103515625
0 0.77734375 0.30224609375 0.109375 0.1103515625
0 0.7724609375 0.41357421875 0.09765625 0.0986328125
0 0.7783203125 0.52099609375 0.109375 0.1103515625
0 0.8701171875 0.1298828125 0.09765625 0.09765625
0 0.86669921875 0.23779296875 0.1103515625 0.1103515625
0 0.86962890625 0.35498046875 0.1103515625 0.1103515625
0 0.86865234375 0.4697265625 0.0849609375 0.0859375
0 0.95947265625 0.07421875 0.0732421875 0.07421875
0 0.869140625 0.57568359375 0.09765625 0.0986328125
0 0.8671875 0.68212890625 0.09765625 0.0986328125
0 0.865234375 0.79541015625 0.09765625 0.0986328125
0 0.8671875 0.90283203125 0.09765625 0.0986328125
0 0.771484375 0.63134765625 0.109375 0.1103515625
0 0.77294921875 0.74658203125 0.1103515625 0.1103515625
0 0.77734375 0.84814453125 0.09765625 0.0986328125
0 0.67138671875 0.58349609375 0.1103515625 0.1103515625
0 0.57568359375 0.63134765625 0.1103515625 0.1103515625
0 0.67333984375 0.68212890625 0.1103515625 0.1103515625
0 0.67041015625 0.79736328125 0.1103515625 0.1103515625
0 0.67333984375 0.9150390625 0.1103515625 0.111328125
0 0.57470703125 0.75390625 0.0732421875 0.07421875
0 0.578125 0.8525390625 0.09765625 0.09765625
0 0.4755859375 0.57666015625 0.109375 0.1103515625
0 0.478515625 0.6875 0.109375 0.111328125
0 0.482421875 0.7880859375 0.109375 0.111328125
0 0.4755859375 0.90771484375 0.09765625 0.0986328125
0 0.3896484375 0.625 0.109375 0.111328125
0 0.39013671875 0.732421875 0.0849609375 0.0859375
0 0.38671875 0.85791015625 0.09765625 0.0986328125
0 0.28955078125 0.591796875 0.1103515625 0.111328125
0 0.29248046875 0.7001953125 0.0849609375 0.0859375
0 0.28564453125 0.8193359375 0.0849609375 0.0859375
0 0.2919921875 0.9228515625 0.0859375 0.0859375
0 0.20068359375 0.533203125 0.0849609375 0.0859375
0 0.20751953125 0.64697265625 0.0244140625 0.0244140625
0 0.201171875 0.765625 0.037109375 0.037109375
0 0.20361328125 0.87158203125 0.0244140625 0.0244140625
0 0.19775390625 0.98486328125 0.0244140625 0.0244140625
0 0.10595703125 0.79345703125 0.0244140625 0.0244140625
0 0.10595703125 0.90380859375 0.0244140625 0.0244140625
0 0.1083984375 0.56884765625 0.09765625 0.0986328125
0 0.1064453125 0.67431640625 0.09765625 0.0986328125