0 0.71630859375 0.53564453125 0.0732421875 0.0732421875
0 0.62841796875 0.4677734375 0.0732421875 0.07421875
0 0.52490234375 0.5263671875 0.0732421875 0.07421875
0 0.51904296875 0.640625 0.0732421875 0.07421875
0 0.50830078125 0.7578125 0.0732421875 0.07421875
0 0.626953125 0.91796875 0.0859375 0.0859375
0 0.4228515625 0.59375 0.048828125 0.048828125
0 0.90478515625 0.8662109375 0.1103515625 0.111328125
0 0.91259765625 0.75732421875 0.1103515625 0.1103515625
0 0.9091796875 0.63720703125 0.109375 0.1103515625
0 0.8017578125 0.916015625 0.0859375 0.0859375
0 0.798828125 0.798828125 0.0859375 0.0859375
0 0.7197265625 0.8662109375 0.09765625 0.09765625
0 0.05322265625 0.908203125 0.0849609375 0.0859375
0 0.0537109375 0.80908203125 0.09765625 0.0986328125
0 0.05078125 0.599609375 0.0859375 0.0859375
0 0.0498046875 0.3701171875 0.0859375 0.0859375
0 0.142578125 0.3125 0.09765625 0.09765625
0 0.14111328125 0.861328125 0.0849609375 0.0859375
0 0.1396484375 0.74169921875 0.09765625 0.0986328125
0 0.1455078125 0.63916015625 0.09765625 0.0986328125
0 0.1455078125 0.52880859375 0.09765625 0.0986328125
0 0.146484375 0.41943359375 0.09765625 0.0986328125
0 0.2373046875 0.36083984375 0.109375 0.1103515625
0 0.22802734375 0.80078125 0.0849609375 0.0859375
0 0.33251953125 0.869140625 0.0849609375 0.0859375
0 0.4228515625 0.8046875 0.09765625 0.09765625
0 0.61962890625 0.6904296875 0.0849609375 0.0859375
0 0.6298828125 0.57470703125 0.09765625 0.0986328125
0 0.71826171875 0.4169921875 0.0849609375 0.0859375
0 0.52685546875 0.416015625 0.0849609375 0.0859375
0 0.24072265625 0.69384765625 0.0849609375 0.0869140625
0 0.24609375 0.5810546875 0.0859375 0.0859375
0 0.2373046875 0.47802734375 0.09765625 0.0986328125
0 0.333984375 0.41162109375 0.09765625 0.0986328125
0 0.3369140625 0.30078125 0.0859375 0.0859375
0 0.43359375 0.3583984375 0.09765625 0.09765625
0 0.53125 0.30126953125 0.09765625 0.0986328125
0 0.34716796875 0.5361328125 0.0849609375 0.0859375
0 0.4287109375 0.478515625 0.0859375 0.0859375
0 0.72314453125 0.642578125 0.0849609375 0.0859375
0 0.80322265625 0.5810546875 0.0849609375 0.0859375
0 0.8095703125 0.474609375 0.09765625 0.09765625
0 0.8125 0.36279296875 0.09765625 0.0986328125
0 0.908203125 0.3095703125 0.09765625 0.09765625
0 0.912109375 0.42236328125 0.09765625 0.0986328125
0 0.052734375 0.2626953125 0.0859375 0.0859375
0 0.052734375 0.16650390625 0.0859375 0.0869140625
0 0.05859375 0.05419921875 0.09765625 0.0986328125
0 0.1474609375 0.19873046875 0.109375 0.1103515625
0 0.1494140625 0.09326171875 0.09765625 0.0986328125
0 0.2392578125 0.24853515625 0.09765625 0.0986328125
0 0.2412109375 0.13232421875 0.09765625 0.0986328125
0 0.3388671875 0.19287109375 0.09765625 0.0986328125
0 0.341796875 0.0966796875 0.109375 0.111328125
0 0.4208984375 0.14453125 0.0859375 0.0859375
0 0.4306640625 0.2568359375 0.09765625 0.09765625
0 0.533203125 0.19921875 0.109375 0.111328125
0 0.533203125 0.083984375 0.09765625 0.09765625
0 0.6279296875 0.14404296875 0.09765625 0.0986328125
0 0.62744140625 0.25390625 0.1103515625 0.111328125
0 0.6259765625 0.357421875 0.09765625 0.09765625
0 0.716796875 0.3037109375 0.09765625 0.09765625
0 0.7265625 0.21240234375 0.09765625 0.0986328125
0 0.72265625 0.08251953125 0.09765625 0.0986328125
0 0.8203125 0.13818359375 0.109375 0.1103515625
0 0.8134765625 0.25537109375 0.109375 0.1103515625
0 0.9072265625 0.07861328125 0.09765625 0.0986328125