0 0.94921875 0.80517578125 0.09765625 0.0986328125
0 0.9462890625 0.89599609375 0.09765625 0.0986328125
0 0.84716796875 0.8427734375 0.1103515625 0.111328125
0 0.9482421875 0.662109375 0.09765625 0.09765625
0 0.9443359375 0.57373046875 0.09765625 0.0986328125
0 0.85791015625 0.2001953125 0.1103515625 0.111328125
0 0.85400390625 0.31103515625 0.1103515625 0.1103515625
0 0.85791015625 0.404296875 0.1103515625 0.111328125
0 0.85107421875 0.52001953125 0.1103515625 0.1103515625
0 0.765625 0.57958984375 0.109375 0.1103515625
0 0.75927734375 0.462890625 0.1103515625 0.111328125
0 0.759765625 0.35986328125 0.109375 0.1103515625
0 0.76611328125 0.24951171875 0.1103515625 0.1103515625
0 0.763671875 0.15283203125 0.109375 0.1103515625
0 0.671875 0.189453125 0.109375 0.111328125
0 0.66796875 0.29638671875 0.09765625 0.0986328125
0 0.6669921875 0.404296875 0.09765625 0.09765625
0 0.66650390625 0.51708984375 0.1103515625 0.1103515625
0 0.66796875 0.63427734375 0.09765625 0.0986328125
0 0.6640625 0.74267578125 0.09765625 0.0986328125
0 0.75634765625 0.80615234375 0.1103515625 0.1103515625
0 0.75390625 0.68017578125 0.109375 0.1103515625
0 0.65185546875 0.83984375 0.0849609375 0.0859375
0 0.75390625 0.91015625 0.09765625 0.09765625
0 0.55859375 0.89453125 0.0859375 0.0859375
0 0.56640625 0.7890625 0.09765625 0.09765625
0 0.5732421875 0.66845703125 0.09765625 0.0986328125
0 0.572265625 0.5693359375 0.09765625 0.09765625
0 0.5673828125 0.46533203125 0.09765625 0.0986328125
0 0.568359375 0.35595703125 0.109375 0.1103515625
0 0.572265625 0.23876953125 0.09765625 0.0986328125
0 0.57763671875 0.13330078125 0.1103515625 0.1103515625
0 0.47802734375 0.19287109375 0.1103515625 0.1103515625
0 0.48046875 0.30517578125 0.109375 0.1103515625
0 0.48291015625 0.4052734375 0.1103515625 0.111328125
0 0.4765625 0.52001953125 0.109375 0.1103515625
0 0.4775390625 0.62890625 0.109375 0.111328125
0 0.4736328125 0.73193359375 0.109375 0.1103515625
0 0.46337890625 0.85302734375 0.1103515625 0.1103515625
0 0.3623046875 0.90869140625 0.109375 0.1103515625
0 0.37255859375 0.78662109375 0.1103515625 0.1103515625
0 0.37939453125 0.67333984375 0.1103515625 0.1103515625
0 0.37158203125 0.56494140625 0.1103515625 0.1103515625
0 0.380859375 0.4609375 0.09765625 0.09765625
0 0.38232421875 0.3505859375 0.1103515625 0.111328125
0 0.3916015625 0.13037109375 0.109375 0.1103515625
0 0.384765625 0.23876953125 0.109375 0.1103515625
0 0.28564453125 0.18896484375 0.1103515625 0.1103515625
0 0.28662109375 0.29052734375 0.1103515625 0.1103515625
0 0.2802734375 0.41259765625 0.109375 0.1103515625
0 0.27978515625 0.51708984375 0.1103515625 0.1103515625
0 0.27490234375 0.62255859375 0.1103515625 0.1103515625
0 0.27197265625 0.75341796875 0.1103515625 0.1103515625
0 0.28125 0.84228515625 0.09765625 0.0986328125
0 0.1865234375 0.89404296875 0.109375 0.1103515625
0 0.1826171875 0.77978515625 0.09765625 0.0986328125
0 0.17529296875 0.67919921875 0.1103515625 0.1103515625
0 0.185546875 0.56982421875 0.109375 0.1103515625
0 0.1923828125 0.4609375 0.109375 0.111328125
0 0.19482421875 0.35546875 0.1103515625 0.111328125
0 0.18603515625 0.24658203125 0.1103515625 0.1103515625
0 0.189453125 0.13720703125 0.09765625 0.0986328125
0 0.095703125 0.18212890625 0.109375 0.1103515625
0 0.10205078125 0.29150390625 0.1103515625 0.1103515625
0 0.08251953125 0.39306640625 0.1103515625 0.1103515625
0 0.0888671875 0.51416015625 0.109375 0.1103515625
0 0.08984375 0.62451171875 0.109375 0.1103515625
0 0.08447265625 0.7392578125 0.1103515625 0.111328125
0 0.08203125 0.84619140625 0.109375 0.1103515625