0 0.1962890625 0.06201171875 0.07421875 0.0732421875
0 0.865234375 0.44091796875 0.07421875 0.0732421875
0 0.78466796875 0.34912109375 0.0732421875 0.0732421875
0 0.578125 0.54150390625 0.07421875 0.0732421875
0 0.7041015625 0.16064453125 0.0859375 0.0849609375
0 0.80859375 0.15576171875 0.0859375 0.0849609375
0 0.9267578125 0.15576171875 0.0859375 0.0849609375
0 0.8681640625 0.06787109375 0.0859375 0.0849609375
0 0.7705078125 0.06396484375 0.0859375 0.0849609375
0 0.89892578125 0.34423828125 0.0615234375 0.0615234375
0 0.8603515625 0.25146484375 0.0859375 0.0849609375
0 0.73046875 0.25390625 0.0859375 0.0859375
0 0.92236328125 0.5458984375 0.1103515625 0.109375
0 0.68798828125 0.544921875 0.0986328125 0.09765625
0 0.9208984375 0.7255859375 0.0859375 0.0859375
0 0.8671875 0.64013671875 0.0859375 0.0849609375
0 0.6943359375 0.91796875 0.09765625 0.09765625
0 0.80712890625 0.9140625 0.0986328125 0.09765625
0 0.74365234375 0.82421875 0.0986328125 0.09765625
0 0.69580078125 0.7265625 0.0986328125 0.09765625
0 0.19189453125 0.81689453125 0.1103515625 0.1103515625
0 0.14599609375 0.916015625 0.1103515625 0.109375
0 0.08251953125 0.8154296875 0.0986328125 0.09765625
0 0.13818359375 0.72607421875 0.1103515625 0.1103515625
0 0.1826171875 0.6279296875 0.0859375 0.0859375
0 0.0732421875 0.6318359375 0.0859375 0.0859375
0 0.12158203125 0.544921875 0.0986328125 0.09765625
0 0.181640625 0.455078125 0.0859375 0.0859375
0 0.07470703125 0.439453125 0.0986328125 0.09765625
0 0.244140625 0.34765625 0.09765625 0.09765625
0 0.130859375 0.3505859375 0.09765625 0.09765625
0 0.2919921875 0.248046875 0.0859375 0.0859375
0 0.193359375 0.24951171875 0.0859375 0.0849609375
0 0.0791015625 0.251953125 0.0859375 0.0859375
0 0.2509765625 0.15380859375 0.0859375 0.0849609375
0 0.1484375 0.14990234375 0.0859375 0.0849609375
0 0.09375 0.056640625 0.09765625 0.09765625
0 0.46337890625 0.9189453125 0.0986328125 0.09765625
0 0.36669921875 0.91552734375 0.1103515625 0.1103515625
0 0.25439453125 0.912109375 0.0986328125 0.09765625
0 0.30517578125 0.826171875 0.1103515625 0.109375
0 0.41650390625 0.826171875 0.0986328125 0.09765625
0 0.533203125 0.82275390625 0.0859375 0.0849609375
0 0.63623046875 0.8291015625 0.0986328125 0.09765625
0 0.57763671875 0.7275390625 0.0986328125 0.09765625
0 0.3642578125 0.72265625 0.09765625 0.09765625
0 0.259765625 0.7255859375 0.0859375 0.0859375
0 0.3046875 0.63427734375 0.0859375 0.0849609375
0 0.4248046875 0.63134765625 0.0859375 0.0849609375
0 0.640625 0.6376953125 0.0859375 0.0859375
0 0.47265625 0.541015625 0.09765625 0.09765625
0 0.3623046875 0.541015625 0.09765625 0.09765625
0 0.25 0.5400390625 0.09765625 0.09765625
0 0.30322265625 0.447265625 0.0986328125 0.09765625
0 0.416015625 0.451171875 0.09765625 0.09765625
0 0.5224609375 0.44580078125 0.0859375 0.0849609375
0 0.630859375 0.44873046875 0.111328125 0.1103515625
0 0.58203125 0.357421875 0.09765625 0.09765625
0 0.478515625 0.3486328125 0.09765625 0.09765625
0 0.36083984375 0.341796875 0.0986328125 0.09765625
0 0.388671875 0.24951171875 0.0859375 0.0849609375
0 0.63671875 0.06884765625 0.0859375 0.0849609375
0 0.52880859375 0.05615234375 0.1103515625 0.1103515625