0 0.13427734375 0.57177734375 0.0732421875 0.0732421875
0 0.03564453125 0.40283203125 0.0615234375 0.0615234375
0 0.13037109375 0.44873046875 0.0615234375 0.0615234375
0 0.2236328125 0.41015625 0.060546875 0.060546875
0 0.1357421875 0.8955078125 0.0859375 0.0859375
0 0.32958984375 0.89990234375 0.0732421875 0.0732421875
0 0.42431640625 0.95361328125 0.0732421875 0.0732421875
0 0.04052734375 0.73583984375 0.0732421875 0.0732421875
0 0.04248046875 0.84716796875 0.0732421875 0.0732421875
0 0.1376953125 0.69140625 0.0859375 0.0859375
0 0.134765625 0.79150390625 0.0859375 0.0869140625
0 0.232421875 0.513671875 0.09765625 0.09765625
0 0.23095703125 0.6220703125 0.0849609375 0.0859375
0 0.22998046875 0.7353515625 0.0849609375 0.0859375
0 0.23095703125 0.8427734375 0.0849609375 0.0859375
0 0.32373046875 0.4560546875 0.0732421875 0.07421875
0 0.4169921875 0.509765625 0.0859375 0.0859375
0 0.42236328125 0.6220703125 0.0732421875 0.07421875
0 0.3291015625 0.56640625 0.09765625 0.09765625
0 0.3291015625 0.677734375 0.09765625 0.09765625
0 0.32568359375 0.79150390625 0.0615234375 0.0615234375
0 0.234375 0.95458984375 0.0859375 0.0869140625
0 0.4189453125 0.734375 0.0859375 0.0859375
0 0.419921875 0.8427734375 0.0859375 0.0859375