0 0.65771484375 0.10546875 0.0732421875 0.07421875
0 0.564453125 0.04443359375 0.060546875 0.0615234375
0 0.66650390625 0.54541015625 0.0732421875 0.0732421875
0 0.73974609375 0.6962890625 0.0732421875 0.07421875
0 0.939453125 0.8203125 0.0859375 0.0859375
0 0.9345703125 0.93115234375 0.109375 0.1103515625
0 0.84130859375 0.86962890625 0.0849609375 0.0869140625
0 0.7392578125 0.8134765625 0.0859375 0.0859375
0 0.74072265625 0.9267578125 0.0849609375 0.0859375
0 0.65869140625 0.8720703125 0.0732421875 0.07421875
0 0.56103515625 0.8095703125 0.0849609375 0.0859375
0 0.55810546875 0.9306640625 0.0849609375 0.0859375
0 0.4716796875 0.8837890625 0.0859375 0.0859375
0 0.3779296875 0.81298828125 0.09765625 0.0986328125
0 0.37353515625 0.93701171875 0.1103515625 0.1103515625
0 0.287109375 0.88232421875 0.109375 0.1103515625
0 0.10107421875 0.861328125 0.0849609375 0.0859375
0 0.66357421875 0.748046875 0.0732421875 0.07421875
0 0.65869140625 0.64013671875 0.0732421875 0.0732421875
0 0.5654296875 0.5986328125 0.0859375 0.0859375
0 0.5654296875 0.7138671875 0.0859375 0.0859375
0 0.75439453125 0.6025390625 0.0732421875 0.07421875
0 0.75439453125 0.48291015625 0.0732421875 0.0732421875
0 0.94384765625 0.70263671875 0.1103515625 0.1103515625
0 0.9365234375 0.48583984375 0.109375 0.1103515625
0 0.9365234375 0.37353515625 0.109375 0.1103515625
0 0.9404296875 0.26318359375 0.109375 0.1103515625
0 0.9443359375 0.1591796875 0.109375 0.111328125
0 0.85546875 0.0888671875 0.0859375 0.0859375
0 0.8515625 0.31396484375 0.09765625 0.0986328125
0 0.84765625 0.19677734375 0.0859375 0.0869140625
0 0.75439453125 0.2626953125 0.0849609375 0.0859375
0 0.751953125 0.16015625 0.0859375 0.0859375
0 0.373046875 0.1767578125 0.0859375 0.0859375
0 0.189453125 0.2900390625 0.0859375 0.0859375
0 0.2802734375 0.3193359375 0.0859375 0.0859375
0 0.8447265625 0.5283203125 0.0859375 0.0859375
0 0.849609375 0.6484375 0.0859375 0.0859375
0 0.84716796875 0.4287109375 0.0849609375 0.0859375
0 0.84814453125 0.7548828125 0.0849609375 0.0859375
0 0.6591796875 0.21484375 0.09765625 0.09765625
0 0.66015625 0.31787109375 0.09765625 0.0986328125
0 0.66650390625 0.4384765625 0.0849609375 0.0859375
0 0.75146484375 0.37109375 0.0849609375 0.0859375
0 0.572265625 0.1640625 0.109375 0.111328125
0 0.56591796875 0.27099609375 0.1103515625 0.1103515625
0 0.56689453125 0.37841796875 0.1103515625 0.1103515625
0 0.56787109375 0.49853515625 0.1103515625 0.1103515625
0 0.4775390625 0.5556640625 0.0859375 0.0859375
0 0.478515625 0.6455078125 0.0859375 0.0859375
0 0.48291015625 0.447265625 0.0849609375 0.0859375
0 0.47900390625 0.31591796875 0.1103515625 0.1103515625
0 0.47509765625 0.21435546875 0.1103515625 0.1103515625
0 0.4794921875 0.109375 0.0859375 0.0859375
0 0.376953125 0.05322265625 0.09765625 0.0986328125
0 0.37548828125 0.2939453125 0.1103515625 0.111328125
0 0.37158203125 0.40478515625 0.1103515625 0.1103515625
0 0.3740234375 0.51220703125 0.09765625 0.0986328125
0 0.37890625 0.59326171875 0.09765625 0.0986328125
0 0.27978515625 0.6669921875 0.0849609375 0.0859375
0 0.28125 0.76220703125 0.09765625 0.0986328125
0 0.3779296875 0.70751953125 0.09765625 0.0986328125
0 0.482421875 0.75830078125 0.09765625 0.0986328125
0 0.283203125 0.55908203125 0.09765625 0.0986328125
0 0.185546875 0.162109375 0.09765625 0.09765625
0 0.18212890625 0.046875 0.0849609375 0.0859375
0 0.2919921875 0.0986328125 0.09765625 0.09765625
0 0.28515625 0.21484375 0.0859375 0.0859375
0 0.18798828125 0.396484375 0.0849609375 0.0859375
0 0.28515625 0.4658203125 0.0859375 0.0859375
0 0.10546875 0.3505859375 0.0859375 0.0859375
0 0.09814453125 0.224609375 0.0849609375 0.0859375
0 0.1904296875 0.7099609375 0.09765625 0.09765625
0 0.189453125 0.59521484375 0.09765625 0.0986328125
0 0.19091796875 0.4951171875 0.0849609375 0.0859375
0 0.1083984375 0.4443359375 0.09765625 0.09765625
0 0.09765625 0.548828125 0.0859375 0.0859375
0 0.1015625 0.650390625 0.0859375 0.0859375
0 0.0947265625 0.75927734375 0.0859375 0.0869140625
0 0.09423828125 0.1279296875 0.0849609375 0.0859375
0 0.18798828125 0.92919921875 0.1103515625 0.1103515625
0 0.18994140625 0.8232421875 0.0849609375 0.0859375