0 0.8642578125 0.90234375 0.09765625 0.09765625
0 0.677734375 0.90185546875 0.09765625 0.0986328125
0 0.58203125 0.8681640625 0.09765625 0.09765625
0 0.48876953125 0.9150390625 0.1103515625 0.111328125
0 0.39306640625 0.86376953125 0.1103515625 0.1103515625
0 0.298828125 0.93017578125 0.109375 0.1103515625
0 0.2080078125 0.869140625 0.0859375 0.0859375
0 0.10986328125 0.91845703125 0.0849609375 0.0869140625
0 0.87109375 0.1240234375 0.0859375 0.0859375
0 0.8603515625 0.228515625 0.0859375 0.0859375
0 0.8642578125 0.353515625 0.0859375 0.0859375
0 0.857421875 0.453125 0.0859375 0.0859375
0 0.86376953125 0.5849609375 0.0849609375 0.0859375
0 0.8623046875 0.7900390625 0.09765625 0.09765625
0 0.771484375 0.07470703125 0.09765625 0.0986328125
0 0.775390625 0.1904296875 0.0859375 0.0859375
0 0.7734375 0.29833984375 0.09765625 0.0986328125
0 0.77099609375 0.4072265625 0.0849609375 0.0859375
0 0.76953125 0.52490234375 0.09765625 0.0986328125
0 0.7705078125 0.63818359375 0.09765625 0.0986328125
0 0.6806640625 0.1396484375 0.09765625 0.09765625
0 0.681640625 0.2421875 0.09765625 0.09765625
0 0.68212890625 0.3525390625 0.0849609375 0.0859375
0 0.681640625 0.47021484375 0.09765625 0.0986328125
0 0.677734375 0.5830078125 0.0859375 0.0859375
0 0.6748046875 0.6923828125 0.09765625 0.09765625
0 0.669921875 0.791015625 0.0859375 0.0859375
0 0.59423828125 0.09033203125 0.1103515625 0.1103515625
0 0.587890625 0.20458984375 0.09765625 0.0986328125
0 0.583984375 0.31396484375 0.09765625 0.0986328125
0 0.583984375 0.42724609375 0.09765625 0.0986328125
0 0.5859375 0.5400390625 0.09765625 0.09765625
0 0.5859375 0.6376953125 0.109375 0.111328125
0 0.58056640625 0.74951171875 0.1103515625 0.1103515625
0 0.48974609375 0.0537109375 0.0849609375 0.0859375
0 0.48681640625 0.16015625 0.0849609375 0.0859375
0 0.48974609375 0.2568359375 0.0849609375 0.0859375
0 0.48681640625 0.37109375 0.0849609375 0.0859375
0 0.4892578125 0.4853515625 0.09765625 0.09765625
0 0.48681640625 0.609375 0.0849609375 0.0859375
0 0.49169921875 0.7119140625 0.0849609375 0.0859375
0 0.3974609375 0.75732421875 0.09765625 0.0986328125
0 0.39208984375 0.650390625 0.1103515625 0.111328125
0 0.3984375 0.5400390625 0.09765625 0.09765625
0 0.404296875 0.42431640625 0.109375 0.1103515625
0 0.4033203125 0.31884765625 0.09765625 0.0986328125
0 0.39892578125 0.2109375 0.0849609375 0.0859375
0 0.39794921875 0.0986328125 0.0849609375 0.0859375
0 0.3046875 0.1533203125 0.0859375 0.0859375
0 0.2998046875 0.2626953125 0.09765625 0.09765625
0 0.3095703125 0.3798828125 0.109375 0.111328125
0 0.3046875 0.47607421875 0.09765625 0.0986328125
0 0.31103515625 0.59716796875 0.1103515625 0.1103515625
0 0.3056640625 0.69970703125 0.109375 0.1103515625
0 0.21240234375 0.75146484375 0.1103515625 0.1103515625
0 0.3056640625 0.8154296875 0.0859375 0.0859375
0 0.2177734375 0.658203125 0.109375 0.111328125
0 0.205078125 0.53466796875 0.109375 0.1103515625
0 0.205078125 0.42236328125 0.109375 0.1103515625
0 0.208984375 0.31201171875 0.109375 0.1103515625
0 0.212890625 0.2080078125 0.109375 0.111328125
0 0.21875 0.08544921875 0.09765625 0.0986328125
0 0.1240234375 0.1376953125 0.0859375 0.0859375
0 0.1201171875 0.36279296875 0.09765625 0.0986328125
0 0.1162109375 0.24560546875 0.0859375 0.0869140625
0 0.11328125 0.5771484375 0.0859375 0.0859375
0 0.1181640625 0.697265625 0.0859375 0.0859375
0 0.11572265625 0.4775390625 0.0849609375 0.0859375
0 0.11669921875 0.8037109375 0.0849609375 0.0859375
0 0.49560546875 0.82275390625 0.1103515625 0.1103515625