0 0.56982421875 0.11279296875 0.0732421875 0.0732421875
0 0.677734375 0.11376953125 0.0859375 0.0849609375
0 0.46826171875 0.689453125 0.0615234375 0.060546875
0 0.66650390625 0.3212890625 0.0615234375 0.060546875
0 0.6240234375 0.58740234375 0.07421875 0.0732421875
0 0.05908203125 0.58349609375 0.0732421875 0.0732421875
0 0.3994140625 0.03759765625 0.07421875 0.0732421875
0 0.46484375 0.13720703125 0.07421875 0.0732421875
0 0.3505859375 0.1318359375 0.09765625 0.09765625
0 0.2392578125 0.134765625 0.09765625 0.09765625
0 0.63134765625 0.22314453125 0.0869140625 0.0849609375
0 0.51806640625 0.22705078125 0.1103515625 0.1103515625
0 0.40185546875 0.23193359375 0.1103515625 0.1103515625
0 0.29541015625 0.22607421875 0.1103515625 0.1103515625
0 0.1796875 0.2255859375 0.111328125 0.109375
0 0.57470703125 0.32861328125 0.1220703125 0.1220703125
0 0.45947265625 0.3310546875 0.0986328125 0.09765625
0 0.34716796875 0.3212890625 0.0986328125 0.09765625
0 0.22900390625 0.3212890625 0.0986328125 0.09765625
0 0.6181640625 0.412109375 0.0859375 0.0859375
0 0.51220703125 0.4169921875 0.0986328125 0.09765625
0 0.39892578125 0.4091796875 0.0986328125 0.09765625
0 0.291015625 0.4130859375 0.0859375 0.0859375
0 0.18115234375 0.4228515625 0.0986328125 0.09765625
0 0.12109375 0.32421875 0.09765625 0.09765625
0 0.5654296875 0.50048828125 0.0859375 0.0849609375
0 0.443359375 0.50244140625 0.0859375 0.0849609375
0 0.34423828125 0.5068359375 0.0869140625 0.0859375
0 0.2353515625 0.5068359375 0.0859375 0.0859375
0 0.1181640625 0.505859375 0.0859375 0.0859375
0 0.5 0.58837890625 0.0859375 0.0849609375
0 0.3896484375 0.58642578125 0.0859375 0.0849609375
0 0.2900390625 0.58642578125 0.0859375 0.0849609375
0 0.1748046875 0.58056640625 0.0859375 0.0849609375
0 0.5625 0.693359375 0.048828125 0.048828125
0 0.357421875 0.685546875 0.0859375 0.0859375
0 0.2412109375 0.68505859375 0.0859375 0.0849609375
0 0.15185546875 0.6796875 0.0498046875 0.048828125
0 0.513671875 0.7880859375 0.060546875 0.060546875
0 0.4267578125 0.9091796875 0.048828125 0.048828125
0 0.06298828125 0.41796875 0.0986328125 0.09765625
0 0.0712890625 0.22265625 0.09765625 0.09765625
0 0.123046875 0.130859375 0.111328125 0.109375