0 0.7841796875 0.0498046875 0.09765625 0.09765625
0 0.69580078125 0.0537109375 0.0986328125 0.09765625
0 0.322265625 0.14013671875 0.111328125 0.1103515625
0 0.43310546875 0.14404296875 0.1103515625 0.1103515625
0 0.5263671875 0.14013671875 0.111328125 0.1103515625
0 0.64208984375 0.14697265625 0.1103515625 0.1103515625
0 0.70166015625 0.232421875 0.1103515625 0.109375
0 0.5849609375 0.23876953125 0.111328125 0.1103515625
0 0.48193359375 0.23828125 0.1103515625 0.109375
0 0.37158203125 0.23193359375 0.1103515625 0.1103515625
0 0.27490234375 0.234375 0.1103515625 0.109375
0 0.3115234375 0.326171875 0.111328125 0.109375
0 0.41845703125 0.330078125 0.0986328125 0.09765625
0 0.5263671875 0.3310546875 0.09765625 0.09765625
0 0.63916015625 0.33154296875 0.1103515625 0.1103515625
0 0.75634765625 0.330078125 0.0986328125 0.09765625
0 0.86474609375 0.333984375 0.0986328125 0.09765625
0 0.92822265625 0.24169921875 0.1103515625 0.1103515625
0 0.80224609375 0.244140625 0.1103515625 0.109375
0 0.9111328125 0.431640625 0.09765625 0.09765625
0 0.79052734375 0.4248046875 0.0986328125 0.09765625
0 0.69140625 0.42578125 0.09765625 0.09765625
0 0.58740234375 0.4306640625 0.0986328125 0.09765625
0 0.47802734375 0.4296875 0.1103515625 0.109375
0 0.36083984375 0.42578125 0.0986328125 0.09765625
0 0.25537109375 0.42041015625 0.1103515625 0.1103515625
0 0.31494140625 0.52001953125 0.1103515625 0.1103515625
0 0.42724609375 0.517578125 0.1103515625 0.109375
0 0.52734375 0.51513671875 0.111328125 0.1103515625
0 0.64208984375 0.521484375 0.1103515625 0.109375
0 0.7509765625 0.5205078125 0.111328125 0.109375
0 0.85400390625 0.5244140625 0.1103515625 0.109375
0 0.90869140625 0.62548828125 0.1103515625 0.1103515625
0 0.79541015625 0.61865234375 0.1103515625 0.1103515625
0 0.68701171875 0.62646484375 0.1103515625 0.1103515625
0 0.5830078125 0.6171875 0.09765625 0.09765625
0 0.47265625 0.61572265625 0.111328125 0.1103515625
0 0.25244140625 0.6064453125 0.1103515625 0.109375
0 0.36083984375 0.61328125 0.1103515625 0.109375
0 0.31103515625 0.71240234375 0.1103515625 0.1103515625
0 0.41259765625 0.71142578125 0.1103515625 0.1103515625
0 0.53466796875 0.7177734375 0.1103515625 0.109375
0 0.63916015625 0.71826171875 0.1103515625 0.1103515625
0 0.74462890625 0.72314453125 0.1103515625 0.1103515625
0 0.87548828125 0.72607421875 0.1103515625 0.1103515625
0 0.90185546875 0.8154296875 0.0986328125 0.09765625
0 0.80126953125 0.82275390625 0.1103515625 0.1103515625
0 0.69189453125 0.8125 0.1103515625 0.109375
0 0.5830078125 0.8056640625 0.111328125 0.109375
0 0.4775390625 0.80322265625 0.111328125 0.1103515625
0 0.36865234375 0.81201171875 0.1103515625 0.1103515625
0 0.25927734375 0.80859375 0.0986328125 0.09765625
0 0.30419921875 0.90234375 0.1103515625 0.109375
0 0.41357421875 0.89599609375 0.1103515625 0.1103515625
0 0.51513671875 0.91552734375 0.1103515625 0.1103515625
0 0.63623046875 0.9091796875 0.1103515625 0.109375
0 0.74658203125 0.908203125 0.1103515625 0.109375
0 0.861328125 0.91357421875 0.111328125 0.1103515625
0 0.05859375 0.2314453125 0.0859375 0.0859375
0 0.05859375 0.42041015625 0.0859375 0.0849609375