0 0.43994140625 0.21630859375 0.0732421875 0.0732421875
0 0.81689453125 0.8603515625 0.0986328125 0.09765625
0 0.58251953125 0.794921875 0.0498046875 0.048828125
0 0.39599609375 0.09814453125 0.0615234375 0.0615234375
0 0.72314453125 0.85986328125 0.1103515625 0.1103515625
0 0.365234375 0.86328125 0.09765625 0.09765625
0 0.27587890625 0.86083984375 0.1103515625 0.1103515625
0 0.15478515625 0.8603515625 0.0986328125 0.09765625
0 0.0595703125 0.86181640625 0.111328125 0.1103515625
0 0.11181640625 0.763671875 0.0986328125 0.09765625
0 0.2314453125 0.767578125 0.0859375 0.0859375
0 0.33056640625 0.767578125 0.1103515625 0.109375
0 0.39404296875 0.6796875 0.0986328125 0.09765625
0 0.24951171875 0.6923828125 0.1103515625 0.109375
0 0.15380859375 0.6796875 0.1103515625 0.109375
0 0.05078125 0.6650390625 0.09765625 0.09765625
0 0.10009765625 0.583984375 0.1103515625 0.109375
0 0.21826171875 0.580078125 0.1103515625 0.109375
0 0.31640625 0.58154296875 0.0859375 0.0849609375
0 0.7822265625 0.5859375 0.0859375 0.0859375
0 0.685546875 0.587890625 0.09765625 0.09765625
0 0.82763671875 0.486328125 0.1103515625 0.109375
0 0.4384765625 0.5791015625 0.09765625 0.09765625
0 0.482421875 0.48583984375 0.0859375 0.0849609375
0 0.37451171875 0.48046875 0.0986328125 0.09765625
0 0.2734375 0.48046875 0.09765625 0.09765625
0 0.15771484375 0.48046875 0.1103515625 0.109375
0 0.06005859375 0.48193359375 0.1103515625 0.1103515625
0 0.10205078125 0.3837890625 0.1103515625 0.109375
0 0.21630859375 0.384765625 0.0986328125 0.09765625
0 0.33203125 0.3955078125 0.111328125 0.109375
0 0.43310546875 0.38671875 0.1103515625 0.109375
0 0.55810546875 0.39697265625 0.1103515625 0.1103515625
0 0.7626953125 0.3896484375 0.09765625 0.09765625
0 0.82763671875 0.3017578125 0.1103515625 0.109375
0 0.48681640625 0.29345703125 0.1103515625 0.1103515625
0 0.3740234375 0.3037109375 0.0859375 0.0859375
0 0.7705078125 0.20458984375 0.111328125 0.1103515625
0 0.79541015625 0.1142578125 0.1103515625 0.109375
0 0.69921875 0.1064453125 0.09765625 0.09765625
0 0.5615234375 0.2109375 0.0859375 0.0859375
0 0.3154296875 0.2119140625 0.09765625 0.09765625
0 0.21533203125 0.19384765625 0.1103515625 0.1103515625
0 0.12939453125 0.19091796875 0.1103515625 0.1103515625
0 0.1201171875 0.2958984375 0.111328125 0.109375
0 0.26416015625 0.287109375 0.0986328125 0.09765625
0 0.30517578125 0.09521484375 0.0732421875 0.0732421875
0 0.19970703125 0.099609375 0.0986328125 0.09765625
0 0.09130859375 0.09521484375 0.1103515625 0.1103515625
0 0.845703125 0.6806640625 0.0859375 0.0859375
0 0.88916015625 0.58349609375 0.1103515625 0.1103515625
0 0.935546875 0.67822265625 0.0859375 0.0849609375
0 0.9267578125 0.4970703125 0.111328125 0.109375
0 0.86865234375 0.205078125 0.0986328125 0.09765625
0 0.88916015625 0.11328125 0.1103515625 0.109375
0 0.93408203125 0.87890625 0.0986328125 0.09765625