0 0.47802734375 0.5537109375 0.0732421875 0.07421875
0 0.56591796875 0.494140625 0.0732421875 0.07421875
0 0.86865234375 0.94189453125 0.0732421875 0.0732421875
0 0.77392578125 0.8994140625 0.0732421875 0.07421875
0 0.95849609375 0.712890625 0.0732421875 0.07421875
0 0.85595703125 0.22412109375 0.1103515625 0.1103515625
0 0.861328125 0.32861328125 0.109375 0.1103515625
0 0.8623046875 0.44189453125 0.09765625 0.0986328125
0 0.861328125 0.55615234375 0.09765625 0.0986328125
0 0.861328125 0.6611328125 0.0859375 0.0859375
0 0.759765625 0.17041015625 0.0859375 0.0869140625
0 0.76171875 0.27880859375 0.109375 0.1103515625
0 0.7626953125 0.38525390625 0.09765625 0.0986328125
0 0.76171875 0.49853515625 0.09765625 0.0986328125
0 0.76806640625 0.6025390625 0.0849609375 0.0859375
0 0.7646484375 0.7099609375 0.09765625 0.09765625
0 0.6630859375 0.21923828125 0.109375 0.1103515625
0 0.66796875 0.33056640625 0.09765625 0.0986328125
0 0.66455078125 0.4375 0.0849609375 0.0859375
0 0.66650390625 0.546875 0.0849609375 0.0859375
0 0.6728515625 0.6611328125 0.09765625 0.09765625
0 0.5673828125 0.15673828125 0.09765625 0.0986328125
0 0.56591796875 0.271484375 0.0849609375 0.0859375
0 0.57177734375 0.3876953125 0.0849609375 0.0859375
0 0.57275390625 0.6005859375 0.0732421875 0.07421875
0 0.568359375 0.70458984375 0.060546875 0.0615234375
0 0.85791015625 0.1142578125 0.0849609375 0.0859375
0 0.6669921875 0.10888671875 0.109375 0.1103515625
0 0.48046875 0.10888671875 0.09765625 0.0986328125
0 0.4794921875 0.2177734375 0.09765625 0.09765625
0 0.4775390625 0.326171875 0.09765625 0.09765625
0 0.484375 0.4375 0.0859375 0.0859375
0 0.3837890625 0.05078125 0.0859375 0.0859375
0 0.09716796875 0.0947265625 0.0849609375 0.0859375
0 0.0986328125 0.208984375 0.109375 0.111328125
0 0.09375 0.3232421875 0.0859375 0.0859375
0 0.095703125 0.4375 0.0859375 0.0859375
0 0.18798828125 0.1611328125 0.1103515625 0.111328125
0 0.1884765625 0.2666015625 0.09765625 0.09765625
0 0.1923828125 0.3955078125 0.09765625 0.09765625
0 0.2919921875 0.09521484375 0.09765625 0.0986328125
0 0.29345703125 0.2138671875 0.0849609375 0.0859375
0 0.29443359375 0.3291015625 0.0849609375 0.0859375
0 0.28564453125 0.4326171875 0.0849609375 0.0859375
0 0.3916015625 0.15380859375 0.09765625 0.0986328125
0 0.3916015625 0.28076171875 0.109375 0.1103515625
0 0.3896484375 0.37890625 0.0859375 0.0859375
0 0.3896484375 0.4794921875 0.09765625 0.09765625
0 0.47900390625 0.640625 0.0732421875 0.07421875
0 0.3857421875 0.5947265625 0.09765625 0.09765625
0 0.37939453125 0.6884765625 0.0732421875 0.07421875
0 0.29150390625 0.548828125 0.0849609375 0.0859375
0 0.29150390625 0.64794921875 0.0732421875 0.0732421875
0 0.189453125 0.61083984375 0.09765625 0.0986328125
0 0.1953125 0.4970703125 0.0859375 0.0859375
0 0.0986328125 0.546875 0.0859375 0.0859375
0 0.095703125 0.64599609375 0.0859375 0.0869140625
0 0.08642578125 0.85400390625 0.0732421875 0.0732421875
0 0.09033203125 0.93017578125 0.0732421875 0.0732421875
0 0.18603515625 0.86865234375 0.0732421875 0.0732421875
0 0.3857421875 0.89111328125 0.09765625 0.0986328125
0 0.48193359375 0.86328125 0.0849609375 0.0859375
0 0.482421875 0.9462890625 0.09765625 0.09765625
0 0.57373046875 0.888671875 0.0849609375 0.0859375
0 0.96142578125 0.89111328125 0.0615234375 0.0615234375