0 0.083984375 0.21044921875 0.09765625 0.0986328125
0 0.0712890625 0.63232421875 0.109375 0.1103515625
0 0.07421875 0.49560546875 0.109375 0.1103515625
0 0.08203125 0.4140625 0.0859375 0.0859375
0 0.07421875 0.31201171875 0.109375 0.1103515625
0 0.1630859375 0.580078125 0.0859375 0.0859375
0 0.173828125 0.4853515625 0.109375 0.111328125
0 0.17626953125 0.38623046875 0.1103515625 0.1103515625
0 0.16357421875 0.27197265625 0.1103515625 0.1103515625
0 0.26708984375 0.32373046875 0.1103515625 0.1103515625
0 0.2666015625 0.40869140625 0.09765625 0.0986328125
0 0.2626953125 0.51904296875 0.09765625 0.0986328125
0 0.2587890625 0.62939453125 0.109375 0.1103515625
0 0.359375 0.6806640625 0.109375 0.111328125
0 0.35986328125 0.57666015625 0.1103515625 0.1103515625
0 0.35986328125 0.46044921875 0.1103515625 0.1103515625
0 0.36767578125 0.34912109375 0.1103515625 0.1103515625
0 0.17578125 0.09619140625 0.09765625 0.0986328125
0 0.26708984375 0.06103515625 0.1103515625 0.1103515625
0 0.654296875 0.1943359375 0.09765625 0.09765625
0 0.4541015625 0.63232421875 0.109375 0.1103515625
0 0.46044921875 0.51806640625 0.1103515625 0.1103515625
0 0.4580078125 0.40771484375 0.09765625 0.0986328125
0 0.46044921875 0.29443359375 0.0732421875 0.0732421875
0 0.5537109375 0.5908203125 0.0859375 0.0859375
0 0.55859375 0.47412109375 0.09765625 0.0986328125
0 0.55908203125 0.35302734375 0.1103515625 0.1103515625
0 0.5576171875 0.23974609375 0.109375 0.1103515625
0 0.654296875 0.6357421875 0.0859375 0.0859375
0 0.650390625 0.515625 0.09765625 0.09765625
0 0.6572265625 0.4169921875 0.09765625 0.09765625
0 0.6494140625 0.3037109375 0.109375 0.111328125
0 0.74609375 0.5859375 0.109375 0.111328125
0 0.7451171875 0.4755859375 0.109375 0.111328125
0 0.7451171875 0.38037109375 0.09765625 0.0986328125
0 0.7490234375 0.25048828125 0.109375 0.1103515625
0 0.7490234375 0.123046875 0.09765625 0.09765625
0 0.8359375 0.06982421875 0.09765625 0.0986328125
0 0.83935546875 0.181640625 0.1103515625 0.111328125
0 0.83837890625 0.30517578125 0.1103515625 0.1103515625
0 0.841796875 0.41552734375 0.109375 0.1103515625
0 0.837890625 0.52783203125 0.109375 0.1103515625
0 0.84814453125 0.62353515625 0.1103515625 0.1103515625
0 0.9267578125 0.4677734375 0.09765625 0.09765625
0 0.923828125 0.36279296875 0.09765625 0.0986328125
0 0.919921875 0.26904296875 0.09765625 0.0986328125
0 0.923828125 0.12939453125 0.109375 0.1103515625
0 0.072265625 0.7470703125 0.109375 0.111328125
0 0.0791015625 0.85888671875 0.09765625 0.0986328125
0 0.16015625 0.9072265625 0.0859375 0.0859375
0 0.1552734375 0.7900390625 0.0859375 0.0859375
0 0.16064453125 0.6875 0.0849609375 0.0859375
0 0.263671875 0.72607421875 0.109375 0.1103515625
0 0.2646484375 0.85107421875 0.09765625 0.0986328125
0 0.3525390625 0.8916015625 0.09765625 0.09765625
0 0.3505859375 0.78369140625 0.09765625 0.0986328125
0 0.4482421875 0.8359375 0.109375 0.111328125
0 0.4521484375 0.73828125 0.09765625 0.09765625
0 0.55078125 0.69140625 0.0859375 0.0859375
0 0.5458984375 0.79150390625 0.09765625 0.0986328125
0 0.544921875 0.91015625 0.09765625 0.09765625
0 0.6513671875 0.85009765625 0.09765625 0.0986328125
0 0.646484375 0.73486328125 0.109375 0.1103515625
0 0.73828125 0.6865234375 0.109375 0.111328125
0 0.74169921875 0.79833984375 0.1103515625 0.1103515625
0 0.74169921875 0.90673828125 0.1103515625 0.1103515625
0 0.8359375 0.85205078125 0.109375 0.1103515625
0 0.84033203125 0.73974609375 0.1103515625 0.1103515625
0 0.923828125 0.685546875 0.09765625 0.09765625
0 0.927734375 0.8232421875 0.09765625 0.09765625
0 0.9306640625 0.92236328125 0.09765625 0.0986328125