0 0.80615234375 0.91015625 0.0732421875 0.07421875
0 0.908203125 0.33740234375 0.09765625 0.0986328125
0 0.90576171875 0.45361328125 0.1103515625 0.1103515625
0 0.8076171875 0.50048828125 0.09765625 0.0986328125
0 0.81689453125 0.39208984375 0.1103515625 0.1103515625
0 0.71875 0.43505859375 0.109375 0.1103515625
0 0.630859375 0.3828125 0.0859375 0.0859375
0 0.6201171875 0.4873046875 0.0859375 0.0859375
0 0.6240234375 0.6123046875 0.0859375 0.0859375
0 0.6171875 0.7119140625 0.0859375 0.0859375
0 0.62353515625 0.84375 0.0849609375 0.0859375
0 0.73095703125 0.8603515625 0.0849609375 0.0859375
0 0.72705078125 0.77734375 0.0849609375 0.0859375
0 0.716796875 0.6611328125 0.0859375 0.0859375
0 0.71826171875 0.546875 0.0849609375 0.0859375
0 0.8125 0.6171875 0.0859375 0.0859375
0 0.81005859375 0.7392578125 0.0849609375 0.0859375
0 0.81103515625 0.8212890625 0.0849609375 0.0859375
0 0.90673828125 0.8642578125 0.0849609375 0.0859375
0 0.91455078125 0.76953125 0.0849609375 0.0859375
0 0.90673828125 0.6748046875 0.0849609375 0.0859375
0 0.9111328125 0.564453125 0.0859375 0.0859375
0 0.53125 0.33349609375 0.09765625 0.0986328125
0 0.53515625 0.44921875 0.0859375 0.0859375
0 0.533203125 0.55712890625 0.09765625 0.0986328125
0 0.53076171875 0.666015625 0.0849609375 0.0859375
0 0.529296875 0.78369140625 0.09765625 0.0986328125
0 0.5302734375 0.89697265625 0.09765625 0.0986328125
0 0.4404296875 0.3984375 0.09765625 0.09765625
0 0.44140625 0.5009765625 0.09765625 0.09765625
0 0.44189453125 0.611328125 0.0849609375 0.0859375
0 0.44140625 0.72900390625 0.09765625 0.0986328125
0 0.4375 0.841796875 0.0859375 0.0859375
0 0.35400390625 0.34912109375 0.1103515625 0.1103515625
0 0.34765625 0.46337890625 0.09765625 0.0986328125
0 0.34375 0.57275390625 0.09765625 0.0986328125
0 0.34375 0.68603515625 0.09765625 0.0986328125
0 0.345703125 0.798828125 0.09765625 0.09765625
0 0.345703125 0.896484375 0.109375 0.111328125
0 0.24951171875 0.3125 0.0849609375 0.0859375
0 0.24658203125 0.4189453125 0.0849609375 0.0859375
0 0.24951171875 0.515625 0.0849609375 0.0859375
0 0.24658203125 0.6298828125 0.0849609375 0.0859375
0 0.2490234375 0.744140625 0.09765625 0.09765625
0 0.24658203125 0.8681640625 0.0849609375 0.0859375
0 0.15185546875 0.9091796875 0.1103515625 0.111328125
0 0.158203125 0.798828125 0.09765625 0.09765625
0 0.1640625 0.68310546875 0.109375 0.1103515625
0 0.1630859375 0.57763671875 0.09765625 0.0986328125
0 0.15869140625 0.4697265625 0.0849609375 0.0859375
0 0.15771484375 0.357421875 0.0849609375 0.0859375
0 0.0634765625 0.298828125 0.0859375 0.0859375
0 0.064453125 0.412109375 0.0859375 0.0859375
0 0.0595703125 0.521484375 0.09765625 0.09765625
0 0.0693359375 0.638671875 0.109375 0.111328125
0 0.064453125 0.73486328125 0.09765625 0.0986328125
0 0.07080078125 0.85595703125 0.1103515625 0.1103515625
0 0.06103515625 0.08203125 0.0849609375 0.0859375
0 0.0673828125 0.1884765625 0.09765625 0.09765625
0 0.158203125 0.24462890625 0.09765625 0.0986328125
0 0.15673828125 0.138671875 0.0849609375 0.0859375
0 0.255859375 0.08154296875 0.09765625 0.0986328125
0 0.25390625 0.18310546875 0.09765625 0.0986328125
0 0.34765625 0.13427734375 0.09765625 0.0986328125
0 0.3515625 0.24072265625 0.09765625 0.0986328125
0 0.443359375 0.28271484375 0.09765625 0.0986328125
0 0.4501953125 0.171875 0.09765625 0.09765625
0 0.4423828125 0.06396484375 0.09765625 0.0986328125
0 0.53662109375 0.1142578125 0.0849609375 0.0859375
0 0.5361328125 0.21630859375 0.09765625 0.0986328125
0 0.63232421875 0.26708984375 0.1103515625 0.1103515625
0 0.630859375 0.15869140625 0.109375 0.1103515625
0 0.7265625 0.08203125 0.0859375 0.0859375
0 0.7216796875 0.21533203125 0.09765625 0.0986328125
0 0.822265625 0.2802734375 0.109375 0.111328125
0 0.72265625 0.3271484375 0.0859375 0.0859375
0 0.818359375 0.1552734375 0.0859375 0.0859375
0 0.818359375 0.06298828125 0.09765625 0.0986328125
0 0.90625 0.11279296875 0.109375 0.1103515625
0 0.9072265625 0.22412109375 0.109375 0.1103515625