0 0.0703125 0.3828125 0.060546875 0.060546875
0 0.17626953125 0.87255859375 0.0732421875 0.0732421875
0 0.27099609375 0.92626953125 0.0732421875 0.0732421875
0 0.0791015625 0.486328125 0.09765625 0.09765625
0 0.07763671875 0.5947265625 0.0849609375 0.0859375
0 0.07666015625 0.7080078125 0.0849609375 0.0859375
0 0.07763671875 0.8154296875 0.0849609375 0.0859375
0 0.17041015625 0.4287109375 0.0732421875 0.07421875
0 0.263671875 0.482421875 0.0859375 0.0859375
0 0.26904296875 0.5947265625 0.0732421875 0.07421875
0 0.17578125 0.5390625 0.09765625 0.09765625
0 0.17578125 0.650390625 0.09765625 0.09765625
0 0.17236328125 0.76416015625 0.0615234375 0.0615234375
0 0.0810546875 0.92724609375 0.0859375 0.0869140625
0 0.265625 0.70703125 0.0859375 0.0859375
0 0.2666015625 0.8154296875 0.0859375 0.0859375