0 0.82177734375 0.27978515625 0.0732421875 0.0732421875
0 0.91455078125 0.75341796875 0.0732421875 0.0732421875
0 0.91357421875 0.30859375 0.0732421875 0.07421875
0 0.91748046875 0.4140625 0.0732421875 0.07421875
0 0.72119140625 0.3154296875 0.0849609375 0.0859375
0 0.05908203125 0.8447265625 0.0849609375 0.0859375
0 0.064453125 0.7265625 0.0859375 0.0859375
0 0.05810546875 0.62255859375 0.0849609375 0.0869140625
0 0.0615234375 0.51220703125 0.09765625 0.0986328125
0 0.0634765625 0.39599609375 0.09765625 0.0986328125
0 0.0595703125 0.28955078125 0.09765625 0.0986328125
0 0.15625 0.34326171875 0.109375 0.1103515625
0 0.15625 0.44677734375 0.09765625 0.0986328125
0 0.1591796875 0.55517578125 0.09765625 0.0986328125
0 0.1572265625 0.677734375 0.0859375 0.0859375
0 0.158203125 0.78759765625 0.09765625 0.0986328125
0 0.15625 0.88916015625 0.09765625 0.0986328125
0 0.2509765625 0.28466796875 0.09765625 0.0986328125
0 0.255859375 0.400390625 0.09765625 0.09765625
0 0.24951171875 0.5029296875 0.0849609375 0.0859375
0 0.2470703125 0.6123046875 0.09765625 0.09765625
0 0.2568359375 0.72802734375 0.09765625 0.0986328125
0 0.25 0.84033203125 0.09765625 0.0986328125
0 0.25390625 0.94677734375 0.09765625 0.0986328125
0 0.3525390625 0.8779296875 0.09765625 0.09765625
0 0.3447265625 0.77001953125 0.09765625 0.0986328125
0 0.34765625 0.6591796875 0.09765625 0.09765625
0 0.3466796875 0.54638671875 0.09765625 0.0986328125
0 0.3544921875 0.435546875 0.09765625 0.09765625
0 0.34765625 0.32763671875 0.09765625 0.0986328125
0 0.4365234375 0.2705078125 0.09765625 0.09765625
0 0.4423828125 0.37744140625 0.09765625 0.0986328125
0 0.4404296875 0.48486328125 0.09765625 0.0986328125
0 0.439453125 0.599609375 0.09765625 0.09765625
0 0.435546875 0.71533203125 0.09765625 0.0986328125
0 0.43896484375 0.8203125 0.0849609375 0.0859375
0 0.4384765625 0.92236328125 0.09765625 0.0986328125
0 0.533203125 0.86474609375 0.109375 0.1103515625
0 0.5283203125 0.75732421875 0.109375 0.1103515625
0 0.53466796875 0.65576171875 0.1103515625 0.1103515625
0 0.53369140625 0.54248046875 0.1103515625 0.1103515625
0 0.53125 0.42822265625 0.109375 0.1103515625
0 0.52978515625 0.3173828125 0.1103515625 0.111328125
0 0.6279296875 0.2744140625 0.09765625 0.09765625
0 0.619140625 0.37744140625 0.109375 0.1103515625
0 0.6318359375 0.4814453125 0.109375 0.111328125
0 0.6240234375 0.59326171875 0.109375 0.1103515625
0 0.62646484375 0.6982421875 0.0849609375 0.0859375
0 0.62890625 0.7880859375 0.0859375 0.0859375
0 0.6240234375 0.92138671875 0.09765625 0.0986328125
0 0.720703125 0.861328125 0.0859375 0.0859375
0 0.720703125 0.76904296875 0.09765625 0.0986328125
0 0.7197265625 0.64794921875 0.09765625 0.0986328125
0 0.72509765625 0.5439453125 0.0849609375 0.0859375
0 0.7197265625 0.41748046875 0.109375 0.1103515625
0 0.81787109375 0.3779296875 0.0849609375 0.0859375
0 0.81640625 0.4775390625 0.09765625 0.09765625
0 0.8193359375 0.61279296875 0.09765625 0.0986328125
0 0.8173828125 0.70166015625 0.09765625 0.0986328125
0 0.80859375 0.81884765625 0.109375 0.1103515625
0 0.8095703125 0.93017578125 0.109375 0.1103515625
0 0.916015625 0.8759765625 0.0859375 0.0859375
0 0.91357421875 0.6484375 0.0849609375 0.0859375
0 0.908203125 0.51318359375 0.09765625 0.0986328125
0 0.91943359375 0.224609375 0.0849609375 0.0859375
0 0.91357421875 0.10107421875 0.1103515625 0.1103515625
0 0.8173828125 0.05029296875 0.09765625 0.0986328125
0 0.81640625 0.154296875 0.0859375 0.0859375
0 0.71875 0.21240234375 0.109375 0.1103515625
0 0.7216796875 0.10791015625 0.09765625 0.0986328125
0 0.6328125 0.1435546875 0.09765625 0.09765625
0 0.5400390625 0.1953125 0.109375 0.111328125
0 0.53857421875 0.0947265625 0.1103515625 0.111328125
0 0.44140625 0.15234375 0.0859375 0.0859375
0 0.349609375 0.21826171875 0.09765625 0.0986328125
0 0.345703125 0.115234375 0.0859375 0.0859375
0 0.2509765625 0.05517578125 0.09765625 0.0986328125
0 0.2490234375 0.17822265625 0.09765625 0.0986328125
0 0.162109375 0.23486328125 0.109375 0.1103515625
0 0.15576171875 0.12158203125 0.1103515625 0.1103515625
0 0.05859375 0.07470703125 0.109375 0.1103515625
0 0.060546875 0.1806640625 0.0859375 0.0859375