0 0.56103515625 0.16162109375 0.0732421875 0.0732421875
0 0.9365234375 0.61767578125 0.09765625 0.0986328125
0 0.94140625 0.81982421875 0.09765625 0.0986328125
0 0.9384765625 0.94189453125 0.09765625 0.0986328125
0 0.84423828125 0.9091796875 0.1103515625 0.111328125
0 0.84033203125 0.7763671875 0.1103515625 0.111328125
0 0.84716796875 0.66748046875 0.1103515625 0.1103515625
0 0.7490234375 0.6162109375 0.09765625 0.09765625
0 0.7451171875 0.72705078125 0.09765625 0.0986328125
0 0.7451171875 0.84130859375 0.09765625 0.0986328125
0 0.658203125 0.89306640625 0.109375 0.1103515625
0 0.6630859375 0.77880859375 0.09765625 0.0986328125
0 0.658203125 0.67236328125 0.09765625 0.0986328125
0 0.56787109375 0.609375 0.0849609375 0.0859375
0 0.5625 0.73828125 0.0859375 0.0859375
0 0.5625 0.8486328125 0.0859375 0.0859375
0 0.4697265625 0.671875 0.0859375 0.0859375
0 0.453125 0.78271484375 0.09765625 0.0986328125
0 0.458984375 0.89306640625 0.109375 0.1103515625
0 0.3671875 0.9462890625 0.09765625 0.09765625
0 0.373046875 0.83447265625 0.09765625 0.0986328125
0 0.38037109375 0.72412109375 0.1103515625 0.1103515625
0 0.3818359375 0.61083984375 0.09765625 0.0986328125
0 0.28125 0.67822265625 0.09765625 0.0986328125
0 0.271484375 0.77587890625 0.09765625 0.0986328125
0 0.2744140625 0.89306640625 0.109375 0.1103515625
0 0.1796875 0.94482421875 0.09765625 0.0986328125
0 0.1826171875 0.83154296875 0.09765625 0.0986328125
0 0.189453125 0.7275390625 0.09765625 0.09765625
0 0.185546875 0.62744140625 0.109375 0.1103515625
0 0.0869140625 0.67041015625 0.09765625 0.0986328125
0 0.0869140625 0.78076171875 0.109375 0.1103515625
0 0.08837890625 0.88232421875 0.1103515625 0.1103515625
0 0.3759765625 0.07666015625 0.0859375 0.0869140625
0 0.3759765625 0.1875 0.0859375 0.0859375
0 0.46923828125 0.1328125 0.0732421875 0.07421875
0 0.66162109375 0.1259765625 0.0849609375 0.0859375
0 0.9462890625 0.1708984375 0.09765625 0.09765625
0 0.9404296875 0.06396484375 0.09765625 0.0986328125
0 0.85302734375 0.1240234375 0.1103515625 0.111328125
0 0.7548828125 0.1669921875 0.09765625 0.09765625
0 0.763671875 0.06396484375 0.109375 0.1103515625
0 0.56494140625 0.0634765625 0.0849609375 0.0859375
0 0.0927734375 0.1298828125 0.109375 0.111328125
0 0.1884765625 0.1767578125 0.109375 0.111328125
0 0.18310546875 0.06884765625 0.1103515625 0.1103515625
0 0.28271484375 0.12109375 0.0849609375 0.0859375
0 0.0869140625 0.5546875 0.09765625 0.09765625
0 0.0869140625 0.4404296875 0.09765625 0.09765625
0 0.0947265625 0.330078125 0.09765625 0.09765625
0 0.09521484375 0.22900390625 0.1103515625 0.1103515625
0 0.18359375 0.27978515625 0.09765625 0.0986328125
0 0.18603515625 0.39208984375 0.1103515625 0.1103515625
0 0.18603515625 0.5146484375 0.1103515625 0.111328125
0 0.27734375 0.4501953125 0.0859375 0.0859375
0 0.2802734375 0.583984375 0.09765625 0.09765625
0 0.373046875 0.50634765625 0.109375 0.1103515625
0 0.3740234375 0.38330078125 0.09765625 0.0986328125
0 0.37451171875 0.28857421875 0.0849609375 0.0869140625
0 0.46337890625 0.216796875 0.0849609375 0.0859375
0 0.46923828125 0.34033203125 0.1103515625 0.1103515625
0 0.46826171875 0.44970703125 0.1103515625 0.1103515625
0 0.4677734375 0.56005859375 0.09765625 0.0986328125
0 0.5673828125 0.50146484375 0.09765625 0.0986328125
0 0.5654296875 0.39111328125 0.09765625 0.0986328125
0 0.56640625 0.287109375 0.0859375 0.0859375
0 0.6640625 0.22900390625 0.109375 0.1103515625
0 0.6611328125 0.33349609375 0.09765625 0.0986328125
0 0.6611328125 0.451171875 0.0859375 0.0859375
0 0.662109375 0.5576171875 0.0859375 0.0859375
0 0.7529296875 0.51123046875 0.09765625 0.0986328125
0 0.755859375 0.40380859375 0.09765625 0.0986328125
0 0.75 0.2978515625 0.09765625 0.09765625
0 0.8427734375 0.24609375 0.109375 0.111328125
0 0.84423828125 0.3466796875 0.1103515625 0.111328125
0 0.85009765625 0.43701171875 0.1103515625 0.1103515625
0 0.84423828125 0.56298828125 0.1103515625 0.1103515625
0 0.9345703125 0.5107421875 0.09765625 0.09765625
0 0.9345703125 0.3994140625 0.09765625 0.09765625
0 0.94140625 0.2890625 0.0859375 0.0859375
0 0.27734375 0.32763671875 0.109375 0.1103515625
0 0.2822265625 0.23681640625 0.109375 0.1103515625