0 0.908203125 0.18359375 0.09765625 0.09765625
0 0.90234375 0.28759765625 0.09765625 0.0986328125
0 0.904296875 0.39697265625 0.09765625 0.0986328125
0 0.9072265625 0.50244140625 0.109375 0.1103515625
0 0.90185546875 0.62060546875 0.1103515625 0.1103515625
0 0.90283203125 0.724609375 0.1103515625 0.111328125
0 0.908203125 0.83935546875 0.09765625 0.0986328125
0 0.9052734375 0.94580078125 0.09765625 0.0986328125
0 0.81298828125 0.23583984375 0.1103515625 0.1103515625
0 0.8125 0.34326171875 0.09765625 0.0986328125
0 0.8046875 0.4541015625 0.09765625 0.09765625
0 0.8115234375 0.56591796875 0.0859375 0.0869140625
0 0.8076171875 0.67529296875 0.09765625 0.0986328125
0 0.80712890625 0.78076171875 0.1103515625 0.1103515625
0 0.80859375 0.91455078125 0.109375 0.1103515625
0 0.71728515625 0.17919921875 0.1103515625 0.1103515625
0 0.7197265625 0.2822265625 0.109375 0.111328125
0 0.7158203125 0.39697265625 0.09765625 0.0986328125
0 0.71435546875 0.513671875 0.1103515625 0.111328125
0 0.7177734375 0.623046875 0.09765625 0.09765625
0 0.71923828125 0.74267578125 0.1103515625 0.1103515625
0 0.720703125 0.83740234375 0.109375 0.1103515625
0 0.623046875 0.35498046875 0.109375 0.1103515625
0 0.6201171875 0.443359375 0.09765625 0.09765625
0 0.62548828125 0.529296875 0.1103515625 0.111328125
0 0.63037109375 0.64404296875 0.1103515625 0.1103515625
0 0.6123046875 0.77392578125 0.109375 0.1103515625
0 0.61962890625 0.8974609375 0.1103515625 0.111328125
0 0.51904296875 0.8388671875 0.1103515625 0.111328125
0 0.525390625 0.7255859375 0.109375 0.111328125
0 0.53125 0.62646484375 0.09765625 0.0986328125
0 0.54443359375 0.1650390625 0.1103515625 0.111328125
0 0.5361328125 0.26513671875 0.109375 0.1103515625
0 0.5361328125 0.40966796875 0.109375 0.1103515625
0 0.5322265625 0.49951171875 0.09765625 0.0986328125
0 0.4267578125 0.22314453125 0.109375 0.1103515625
0 0.435546875 0.451171875 0.09765625 0.09765625
0 0.4365234375 0.5576171875 0.09765625 0.09765625
0 0.4365234375 0.6708984375 0.09765625 0.09765625
0 0.4326171875 0.7841796875 0.09765625 0.09765625
0 0.337890625 0.18017578125 0.09765625 0.0986328125
0 0.2724609375 0.41455078125 0.048828125 0.0498046875
0 0.33740234375 0.27392578125 0.1103515625 0.1103515625
0 0.3408203125 0.6318359375 0.09765625 0.09765625
0 0.33837890625 0.72119140625 0.1103515625 0.1103515625
0 0.337890625 0.84228515625 0.09765625 0.0986328125
0 0.33935546875 0.9375 0.1103515625 0.111328125
0 0.42431640625 0.890625 0.1103515625 0.111328125
0 0.2412109375 0.88525390625 0.09765625 0.0986328125
0 0.2451171875 0.765625 0.0859375 0.0859375
0 0.2451171875 0.66650390625 0.109375 0.1103515625
0 0.1572265625 0.60302734375 0.09765625 0.0986328125
0 0.169921875 0.74755859375 0.109375 0.1103515625
0 0.1572265625 0.84326171875 0.109375 0.1103515625
0 0.142578125 0.9462890625 0.09765625 0.09765625
0 0.0615234375 0.89697265625 0.109375 0.1103515625
0 0.0576171875 0.77880859375 0.109375 0.1103515625
0 0.05908203125 0.6806640625 0.0849609375 0.0859375
0 0.0634765625 0.21484375 0.0859375 0.0859375
0 0.0654296875 0.3115234375 0.09765625 0.09765625
0 0.056640625 0.55859375 0.09765625 0.09765625
0 0.9091796875 0.07763671875 0.109375 0.1103515625
0 0.8017578125 0.12060546875 0.109375 0.1103515625
0 0.7177734375 0.0595703125 0.109375 0.111328125
0 0.53564453125 0.072265625 0.1103515625 0.111328125
0 0.4345703125 0.115234375 0.109375 0.111328125
0 0.158203125 0.1513671875 0.0859375 0.0859375
0 0.06103515625 0.10791015625 0.1103515625 0.1103515625
0 0.15576171875 0.0615234375 0.0849609375 0.0859375
0 0.3564453125 0.06298828125 0.09765625 0.0986328125