0 0.84130859375 0.919921875 0.0849609375 0.0859375
0 0.84521484375 0.80908203125 0.1103515625 0.1103515625
0 0.7509765625 0.7607421875 0.109375 0.111328125
0 0.75390625 0.8701171875 0.09765625 0.09765625
0 0.65234375 0.91796875 0.09765625 0.09765625
0 0.6552734375 0.8154296875 0.09765625 0.09765625
0 0.654296875 0.70458984375 0.09765625 0.0986328125
0 0.9423828125 0.76611328125 0.109375 0.1103515625
0 0.92919921875 0.86474609375 0.1103515625 0.1103515625
0 0.5595703125 0.76123046875 0.09765625 0.0986328125
0 0.552734375 0.869140625 0.109375 0.111328125
0 0.46875 0.912109375 0.109375 0.111328125
0 0.46630859375 0.80419921875 0.1103515625 0.1103515625
0 0.47021484375 0.693359375 0.1103515625 0.111328125
0 0.37060546875 0.755859375 0.1103515625 0.111328125
0 0.36669921875 0.86669921875 0.1103515625 0.1103515625
0 0.2724609375 0.91552734375 0.109375 0.1103515625
0 0.27880859375 0.80517578125 0.1103515625 0.1103515625
0 0.2763671875 0.70849609375 0.109375 0.1103515625
0 0.1845703125 0.7451171875 0.109375 0.111328125
0 0.1806640625 0.85205078125 0.09765625 0.0986328125
0 0.0810546875 0.91162109375 0.109375 0.1103515625
0 0.0849609375 0.79443359375 0.09765625 0.0986328125
0 0.09033203125 0.68896484375 0.1103515625 0.1103515625
0 0.94384765625 0.10546875 0.0849609375 0.0859375
0 0.9423828125 0.21484375 0.0859375 0.0859375
0 0.935546875 0.3359375 0.0859375 0.0859375
0 0.939453125 0.42578125 0.0859375 0.0859375
0 0.9501953125 0.5166015625 0.09765625 0.09765625
0 0.8505859375 0.0546875 0.0859375 0.0859375
0 0.8544921875 0.16943359375 0.09765625 0.0986328125
0 0.8505859375 0.28515625 0.09765625 0.09765625
0 0.8505859375 0.37451171875 0.09765625 0.0986328125
0 0.84912109375 0.46044921875 0.1103515625 0.1103515625
0 0.759765625 0.42431640625 0.09765625 0.0986328125
0 0.75244140625 0.3251953125 0.1103515625 0.111328125
0 0.7548828125 0.22021484375 0.109375 0.1103515625
0 0.7548828125 0.11181640625 0.09765625 0.0986328125
0 0.662109375 0.16357421875 0.109375 0.1103515625
0 0.6591796875 0.27197265625 0.109375 0.1103515625
0 0.66552734375 0.38330078125 0.0615234375 0.0615234375
0 0.66162109375 0.47607421875 0.0849609375 0.0869140625
0 0.57177734375 0.1142578125 0.0849609375 0.0859375
0 0.5673828125 0.2158203125 0.0859375 0.0859375
0 0.56494140625 0.3291015625 0.0849609375 0.0859375
0 0.572265625 0.44189453125 0.09765625 0.0986328125
0 0.47314453125 0.0673828125 0.0849609375 0.0859375
0 0.478515625 0.16796875 0.0859375 0.0859375
0 0.474609375 0.259765625 0.0859375 0.0859375
0 0.47412109375 0.3740234375 0.0849609375 0.0859375
0 0.46875 0.48486328125 0.09765625 0.0986328125
0 0.38427734375 0.1025390625 0.1103515625 0.111328125
0 0.375 0.21826171875 0.109375 0.1103515625
0 0.3828125 0.32763671875 0.109375 0.1103515625
0 0.3720703125 0.435546875 0.109375 0.111328125
0 0.27685546875 0.05908203125 0.1103515625 0.1103515625
0 0.279296875 0.16357421875 0.109375 0.1103515625
0 0.283203125 0.263671875 0.09765625 0.09765625
0 0.2841796875 0.37841796875 0.09765625 0.0986328125
0 0.279296875 0.4921875 0.0859375 0.0859375
0 0.19140625 0.10986328125 0.09765625 0.0986328125
0 0.1875 0.21826171875 0.09765625 0.0986328125
0 0.19287109375 0.32470703125 0.0849609375 0.0869140625
0 0.19140625 0.43115234375 0.109375 0.1103515625
0 0.09375 0.15966796875 0.09765625 0.0986328125
0 0.0908203125 0.26611328125 0.09765625 0.0986328125
0 0.095703125 0.3857421875 0.09765625 0.09765625
0 0.09033203125 0.4921875 0.0849609375 0.0859375