0 0.865234375 0.0947265625 0.09765625 0.09765625
0 0.75439453125 0.095703125 0.0986328125 0.09765625
0 0.81103515625 0.1904296875 0.0986328125 0.09765625
0 0.9189453125 0.197265625 0.111328125 0.109375
0 0.85400390625 0.28369140625 0.1103515625 0.1103515625
0 0.7431640625 0.27978515625 0.111328125 0.1103515625
0 0.8056640625 0.37939453125 0.111328125 0.1103515625
0 0.91650390625 0.38330078125 0.1103515625 0.1103515625
0 0.85498046875 0.47119140625 0.1103515625 0.1103515625
0 0.75830078125 0.4736328125 0.1103515625 0.109375
0 0.794921875 0.5654296875 0.111328125 0.109375
0 0.90185546875 0.5693359375 0.0986328125 0.09765625
0 0.84423828125 0.6650390625 0.0986328125 0.09765625
0 0.73876953125 0.65966796875 0.1103515625 0.1103515625
0 0.79833984375 0.75927734375 0.1103515625 0.1103515625
0 0.91064453125 0.7568359375 0.1103515625 0.109375
0 0.73583984375 0.845703125 0.1103515625 0.109375
0 0.84423828125 0.8525390625 0.1103515625 0.109375
0 0.09521484375 0.08642578125 0.1103515625 0.1103515625
0 0.21337890625 0.087890625 0.1103515625 0.109375
0 0.32177734375 0.0908203125 0.1103515625 0.109375
0 0.43310546875 0.08447265625 0.0615234375 0.0615234375
0 0.52587890625 0.08837890625 0.0869140625 0.0849609375
0 0.05224609375 0.18212890625 0.0869140625 0.0849609375
0 0.1640625 0.17822265625 0.0859375 0.0849609375
0 0.265625 0.1826171875 0.0859375 0.0859375
0 0.37890625 0.18505859375 0.0859375 0.0849609375
0 0.49169921875 0.177734375 0.0986328125 0.09765625
0 0.1171875 0.27685546875 0.0859375 0.0849609375
0 0.2177734375 0.271484375 0.0859375 0.0859375
0 0.3095703125 0.275390625 0.0859375 0.0859375
0 0.423828125 0.27587890625 0.0859375 0.0849609375
0 0.53466796875 0.28125 0.0986328125 0.09765625
0 0.15234375 0.36572265625 0.111328125 0.1103515625
0 0.26806640625 0.375 0.1103515625 0.109375
0 0.37744140625 0.3671875 0.1103515625 0.109375
0 0.4853515625 0.3779296875 0.111328125 0.109375
0 0.10888671875 0.47314453125 0.1103515625 0.1103515625
0 0.21337890625 0.470703125 0.1103515625 0.109375
0 0.3134765625 0.466796875 0.09765625 0.09765625
0 0.42822265625 0.4658203125 0.0986328125 0.09765625
0 0.5419921875 0.470703125 0.0859375 0.0859375
0 0.15966796875 0.55859375 0.0986328125 0.09765625
0 0.26806640625 0.5625 0.0986328125 0.09765625
0 0.37451171875 0.55712890625 0.0869140625 0.0849609375
0 0.48095703125 0.55859375 0.1103515625 0.109375
0 0.09326171875 0.6552734375 0.0986328125 0.09765625
0 0.20947265625 0.65625 0.0986328125 0.09765625
0 0.31591796875 0.6591796875 0.0986328125 0.09765625
0 0.435546875 0.654296875 0.09765625 0.09765625
0 0.5419921875 0.65966796875 0.0859375 0.0849609375
0 0.048828125 0.75341796875 0.0859375 0.0849609375
0 0.1865234375 0.75341796875 0.0859375 0.0849609375
0 0.2724609375 0.75634765625 0.0859375 0.0849609375
0 0.37548828125 0.7548828125 0.1103515625 0.109375
0 0.490234375 0.74853515625 0.123046875 0.1220703125
0 0.099609375 0.8466796875 0.09765625 0.09765625
0 0.21435546875 0.8388671875 0.0986328125 0.09765625
0 0.32470703125 0.84814453125 0.1103515625 0.1103515625
0 0.42333984375 0.84814453125 0.1103515625 0.1103515625
0 0.52783203125 0.85205078125 0.1103515625 0.1103515625
0 0.05126953125 0.943359375 0.0986328125 0.09765625
0 0.14892578125 0.9384765625 0.0986328125 0.09765625
0 0.267578125 0.94091796875 0.0859375 0.0849609375
0 0.37548828125 0.9423828125 0.0986328125 0.09765625
0 0.47705078125 0.94140625 0.1103515625 0.109375