0 0.39599609375 0.05078125 0.0732421875 0.07421875
0 0.8681640625 0.88037109375 0.09765625 0.0986328125
0 0.8720703125 0.77001953125 0.109375 0.1103515625
0 0.771484375 0.71875 0.109375 0.111328125
0 0.77099609375 0.82275390625 0.1103515625 0.1103515625
0 0.77099609375 0.93896484375 0.1103515625 0.1103515625
0 0.6767578125 0.76708984375 0.109375 0.1103515625
0 0.67041015625 0.88134765625 0.1103515625 0.1103515625
0 0.5771484375 0.80859375 0.0859375 0.0859375
0 0.572265625 0.92529296875 0.09765625 0.0986328125
0 0.4765625 0.763671875 0.0859375 0.0859375
0 0.48046875 0.8837890625 0.09765625 0.09765625
0 0.384765625 0.8134765625 0.109375 0.111328125
0 0.3857421875 0.923828125 0.109375 0.111328125
0 0.29296875 0.87158203125 0.109375 0.1103515625
0 0.28271484375 0.77587890625 0.1103515625 0.1103515625
0 0.2041015625 0.931640625 0.09765625 0.09765625
0 0.09912109375 0.88037109375 0.1103515625 0.1103515625
0 0.10302734375 0.759765625 0.1103515625 0.111328125
0 0.8671875 0.67333984375 0.109375 0.1103515625
0 0.8662109375 0.54833984375 0.09765625 0.0986328125
0 0.8662109375 0.4384765625 0.0859375 0.0859375
0 0.8671875 0.3310546875 0.09765625 0.09765625
0 0.8740234375 0.2060546875 0.109375 0.111328125
0 0.87890625 0.12548828125 0.09765625 0.0986328125
0 0.7890625 0.0654296875 0.0859375 0.0859375
0 0.7734375 0.17236328125 0.09765625 0.0986328125
0 0.775390625 0.27978515625 0.09765625 0.0986328125
0 0.7783203125 0.38671875 0.09765625 0.09765625
0 0.7783203125 0.5078125 0.09765625 0.09765625
0 0.7802734375 0.61572265625 0.09765625 0.0986328125
0 0.6845703125 0.1162109375 0.09765625 0.09765625
0 0.6826171875 0.21728515625 0.09765625 0.0986328125
0 0.6787109375 0.3251953125 0.0859375 0.0859375
0 0.685546875 0.4453125 0.09765625 0.09765625
0 0.6826171875 0.5634765625 0.109375 0.111328125
0 0.6787109375 0.6611328125 0.09765625 0.09765625
0 0.580078125 0.7080078125 0.0859375 0.0859375
0 0.5849609375 0.60791015625 0.09765625 0.0986328125
0 0.5859375 0.4892578125 0.09765625 0.09765625
0 0.58349609375 0.0537109375 0.0849609375 0.0859375
0 0.5859375 0.16796875 0.0859375 0.0859375
0 0.5869140625 0.27734375 0.0859375 0.0859375
0 0.5869140625 0.3798828125 0.0859375 0.0859375
0 0.48388671875 0.0986328125 0.0849609375 0.0859375
0 0.48388671875 0.2138671875 0.0849609375 0.0859375
0 0.482421875 0.32275390625 0.109375 0.1103515625
0 0.48095703125 0.4296875 0.0849609375 0.0859375
0 0.4794921875 0.54931640625 0.09765625 0.0986328125
0 0.484375 0.66455078125 0.109375 0.1103515625
0 0.392578125 0.712890625 0.109375 0.111328125
0 0.38916015625 0.60107421875 0.1103515625 0.1103515625
0 0.38916015625 0.49267578125 0.1103515625 0.1103515625
0 0.38818359375 0.37744140625 0.1103515625 0.1103515625
0 0.38916015625 0.26513671875 0.1103515625 0.1103515625
0 0.390625 0.1533203125 0.09765625 0.09765625
0 0.3017578125 0.08984375 0.0859375 0.0859375
0 0.2861328125 0.21728515625 0.09765625 0.0986328125
0 0.2919921875 0.32666015625 0.09765625 0.0986328125
0 0.28857421875 0.43603515625 0.1103515625 0.1103515625
0 0.294921875 0.54736328125 0.109375 0.1103515625
0 0.29052734375 0.65966796875 0.1103515625 0.1103515625
0 0.20703125 0.7138671875 0.09765625 0.09765625
0 0.203125 0.576171875 0.09765625 0.09765625
0 0.2001953125 0.47705078125 0.09765625 0.0986328125
0 0.2001953125 0.38720703125 0.09765625 0.0986328125
0 0.2060546875 0.26416015625 0.09765625 0.0986328125
0 0.1044921875 0.65283203125 0.09765625 0.0986328125
0 0.10498046875 0.537109375 0.0849609375 0.0859375