0 0.81591796875 0.5517578125 0.0732421875 0.07421875
0 0.71044921875 0.24755859375 0.0732421875 0.0732421875
0 0.81298828125 0.1982421875 0.0732421875 0.07421875
0 0.72509765625 0.05224609375 0.0732421875 0.0732421875
0 0.90673828125 0.14501953125 0.0732421875 0.0732421875
0 0.05712890625 0.7451171875 0.0732421875 0.07421875
0 0.71044921875 0.15380859375 0.0732421875 0.0732421875
0 0.81494140625 0.0888671875 0.0732421875 0.07421875
0 0.708984375 0.4501953125 0.0859375 0.0859375
0 0.91015625 0.71337890625 0.0859375 0.0869140625
0 0.91015625 0.82421875 0.0859375 0.0859375
0 0.91162109375 0.5078125 0.0849609375 0.0859375
0 0.912109375 0.37646484375 0.09765625 0.0986328125
0 0.9111328125 0.2607421875 0.09765625 0.09765625
0 0.8134765625 0.31787109375 0.109375 0.1103515625
0 0.8173828125 0.43603515625 0.09765625 0.0986328125
0 0.5302734375 0.36328125 0.048828125 0.048828125
0 0.53076171875 0.26171875 0.0849609375 0.0859375
0 0.5283203125 0.14599609375 0.0859375 0.0869140625
0 0.060546875 0.0830078125 0.109375 0.111328125
0 0.06396484375 0.19482421875 0.1103515625 0.1103515625
0 0.06396484375 0.30322265625 0.1103515625 0.1103515625
0 0.06494140625 0.41845703125 0.1103515625 0.1103515625
0 0.06396484375 0.53076171875 0.1103515625 0.1103515625
0 0.0625 0.642578125 0.09765625 0.09765625
0 0.1513671875 0.7060546875 0.0859375 0.0859375
0 0.1669921875 0.57861328125 0.09765625 0.0986328125
0 0.1611328125 0.46923828125 0.09765625 0.0986328125
0 0.16455078125 0.35986328125 0.1103515625 0.1103515625
0 0.158203125 0.24853515625 0.109375 0.1103515625
0 0.16259765625 0.13623046875 0.1103515625 0.1103515625
0 0.24609375 0.08203125 0.09765625 0.09765625
0 0.25 0.2197265625 0.09765625 0.09765625
0 0.2529296875 0.31884765625 0.09765625 0.0986328125
0 0.2529296875 0.40869140625 0.09765625 0.0986328125
0 0.2470703125 0.53173828125 0.09765625 0.0986328125
0 0.3486328125 0.14306640625 0.09765625 0.0986328125
0 0.34814453125 0.2587890625 0.0849609375 0.0859375
0 0.34765625 0.80126953125 0.09765625 0.0986328125
0 0.4404296875 0.849609375 0.09765625 0.09765625
0 0.4384765625 0.75341796875 0.09765625 0.0986328125
0 0.443359375 0.63623046875 0.109375 0.1103515625
0 0.4462890625 0.53076171875 0.109375 0.1103515625
0 0.5380859375 0.80712890625 0.09765625 0.0986328125
0 0.53125 0.70166015625 0.09765625 0.0986328125
0 0.53662109375 0.58935546875 0.1103515625 0.1103515625
0 0.53955078125 0.47509765625 0.1103515625 0.1103515625
0 0.630859375 0.53125 0.109375 0.111328125
0 0.6220703125 0.6650390625 0.09765625 0.09765625
0 0.626953125 0.7666015625 0.109375 0.111328125
0 0.72265625 0.8134765625 0.109375 0.111328125
0 0.71728515625 0.70556640625 0.1103515625 0.1103515625
0 0.72021484375 0.56103515625 0.1103515625 0.1103515625
0 0.6259765625 0.42431640625 0.109375 0.1103515625
0 0.6259765625 0.31640625 0.0859375 0.0859375
0 0.81689453125 0.7578125 0.0849609375 0.0859375
0 0.3388671875 0.9306640625 0.09765625 0.09765625
0 0.5263671875 0.9267578125 0.09765625 0.09765625
0 0.62939453125 0.86572265625 0.1103515625 0.1103515625
0 0.7177734375 0.91650390625 0.09765625 0.0986328125
0 0.90869140625 0.92529296875 0.0849609375 0.0869140625
0 0.81640625 0.87353515625 0.109375 0.1103515625
0 0.6318359375 0.0830078125 0.0859375 0.0859375