0 0.26123046875 0.3603515625 0.0732421875 0.07421875
0 0.16943359375 0.44091796875 0.0732421875 0.0732421875
0 0.36181640625 0.6474609375 0.0732421875 0.07421875
0 0.93017578125 0.30517578125 0.0732421875 0.0732421875
0 0.16455078125 0.32666015625 0.0615234375 0.0615234375
0 0.0849609375 0.046875 0.0859375 0.0859375
0 0.0849609375 0.14306640625 0.09765625 0.0986328125
0 0.0771484375 0.26171875 0.0859375 0.0859375
0 0.07177734375 0.365234375 0.0849609375 0.0859375
0 0.07421875 0.4951171875 0.0859375 0.0859375
0 0.177734375 0.09130859375 0.109375 0.1103515625
0 0.1767578125 0.19091796875 0.109375 0.1103515625
0 0.27734375 0.25244140625 0.109375 0.1103515625
0 0.28271484375 0.14599609375 0.1103515625 0.1103515625
0 0.3681640625 0.08740234375 0.109375 0.1103515625
0 0.3623046875 0.20166015625 0.09765625 0.0986328125
0 0.3662109375 0.30322265625 0.109375 0.1103515625
0 0.365234375 0.53759765625 0.09765625 0.0986328125
0 0.5458984375 0.3046875 0.0859375 0.0859375
0 0.45849609375 0.1591796875 0.0849609375 0.0859375
0 0.4580078125 0.26708984375 0.09765625 0.0986328125
0 0.46044921875 0.3583984375 0.0849609375 0.0859375
0 0.55029296875 0.08251953125 0.1103515625 0.1103515625
0 0.55126953125 0.203125 0.0849609375 0.0859375
0 0.640625 0.14208984375 0.109375 0.1103515625
0 0.64697265625 0.25830078125 0.1103515625 0.1103515625
0 0.73388671875 0.08349609375 0.1103515625 0.1103515625
0 0.7373046875 0.20361328125 0.109375 0.1103515625
0 0.92822265625 0.423828125 0.0849609375 0.0859375
0 0.92333984375 0.1982421875 0.0849609375 0.0859375
0 0.84326171875 0.259765625 0.0849609375 0.0859375
0 0.8369140625 0.3662109375 0.09765625 0.09765625
0 0.833984375 0.47802734375 0.09765625 0.0986328125
0 0.73828125 0.53125 0.09765625 0.09765625
0 0.734375 0.41845703125 0.09765625 0.0986328125
0 0.64453125 0.48193359375 0.09765625 0.0986328125
0 0.546875 0.52978515625 0.09765625 0.0986328125
0 0.068359375 0.93359375 0.0859375 0.0859375
0 0.9296875 0.537109375 0.09765625 0.09765625
0 0.919921875 0.62841796875 0.09765625 0.0986328125
0 0.923828125 0.75830078125 0.09765625 0.0986328125
0 0.92578125 0.86376953125 0.109375 0.1103515625
0 0.830078125 0.93701171875 0.09765625 0.0986328125
0 0.83203125 0.81005859375 0.109375 0.1103515625
0 0.826171875 0.70263671875 0.109375 0.1103515625
0 0.8330078125 0.58544921875 0.109375 0.1103515625
0 0.7392578125 0.76220703125 0.09765625 0.0986328125
0 0.73583984375 0.85888671875 0.1103515625 0.1103515625
0 0.646484375 0.92041015625 0.109375 0.1103515625
0 0.646484375 0.80908203125 0.09765625 0.0986328125
0 0.64306640625 0.6923828125 0.0849609375 0.0859375
0 0.6494140625 0.58935546875 0.09765625 0.0986328125
0 0.5478515625 0.64794921875 0.09765625 0.0986328125
0 0.54296875 0.861328125 0.09765625 0.09765625
0 0.45458984375 0.9208984375 0.0849609375 0.0859375
0 0.45166015625 0.80078125 0.0849609375 0.0859375
0 0.4580078125 0.5849609375 0.0859375 0.0859375
0 0.361328125 0.7529296875 0.09765625 0.09765625
0 0.361328125 0.86328125 0.09765625 0.09765625
0 0.267578125 0.92236328125 0.09765625 0.0986328125
0 0.271484375 0.8095703125 0.09765625 0.09765625
0 0.26611328125 0.703125 0.0849609375 0.0859375
0 0.26904296875 0.5947265625 0.1103515625 0.111328125
0 0.177734375 0.6435546875 0.09765625 0.09765625
0 0.1689453125 0.7470703125 0.09765625 0.09765625
0 0.162109375 0.86474609375 0.09765625 0.0986328125
0 0.06982421875 0.8369140625 0.0849609375 0.0859375