0 0.55224609375 0.5693359375 0.0732421875 0.07421875
0 0.080078125 0.30615234375 0.09765625 0.0986328125
0 0.08203125 0.4140625 0.0859375 0.0859375
0 0.0810546875 0.51806640625 0.09765625 0.0986328125
0 0.08056640625 0.6376953125 0.0849609375 0.0859375
0 0.0869140625 0.74365234375 0.09765625 0.0986328125
0 0.0791015625 0.8681640625 0.09765625 0.09765625
0 0.169921875 0.35595703125 0.09765625 0.0986328125
0 0.17626953125 0.4794921875 0.0849609375 0.0859375
0 0.17626953125 0.56787109375 0.0849609375 0.0869140625
0 0.173828125 0.6787109375 0.0859375 0.0859375
0 0.1748046875 0.7958984375 0.0859375 0.0859375
0 0.1748046875 0.88916015625 0.09765625 0.0986328125
0 0.27685546875 0.9453125 0.0849609375 0.0859375
0 0.2685546875 0.35595703125 0.09765625 0.0986328125
0 0.2734375 0.4248046875 0.09765625 0.09765625
0 0.2666015625 0.50537109375 0.09765625 0.0986328125
0 0.27978515625 0.634765625 0.0849609375 0.0859375
0 0.2861328125 0.7412109375 0.0859375 0.0859375
0 0.279296875 0.8525390625 0.0859375 0.0859375
0 0.36669921875 0.361328125 0.0849609375 0.0859375
0 0.3701171875 0.4794921875 0.0859375 0.0859375
0 0.3671875 0.56005859375 0.09765625 0.0986328125
0 0.3623046875 0.685546875 0.0859375 0.0859375
0 0.3662109375 0.7841796875 0.0859375 0.0859375
0 0.3583984375 0.91015625 0.0859375 0.0859375
0 0.4609375 0.2919921875 0.0859375 0.0859375
0 0.4609375 0.416015625 0.0859375 0.0859375
0 0.4580078125 0.54345703125 0.0859375 0.0869140625
0 0.4580078125 0.646484375 0.0859375 0.0859375
0 0.46044921875 0.7578125 0.0849609375 0.0859375
0 0.4599609375 0.84912109375 0.09765625 0.0986328125
0 0.55322265625 0.900390625 0.0849609375 0.0859375
0 0.56005859375 0.798828125 0.0849609375 0.0859375
0 0.54833984375 0.6787109375 0.0849609375 0.0859375
0 0.5458984375 0.357421875 0.09765625 0.09765625
0 0.552734375 0.458984375 0.09765625 0.09765625
0 0.6533203125 0.36669921875 0.09765625 0.0986328125
0 0.66015625 0.51123046875 0.09765625 0.0986328125
0 0.6494140625 0.6259765625 0.0859375 0.0859375
0 0.64501953125 0.740234375 0.0849609375 0.0859375
0 0.64404296875 0.8466796875 0.0849609375 0.0859375
0 0.64111328125 0.9521484375 0.0849609375 0.0859375
0 0.7373046875 0.359375 0.0859375 0.0859375
0 0.7412109375 0.4658203125 0.09765625 0.09765625
0 0.73828125 0.5751953125 0.0859375 0.0859375
0 0.734375 0.6845703125 0.0859375 0.0859375
0 0.7314453125 0.80029296875 0.09765625 0.0986328125
0 0.74609375 0.92236328125 0.09765625 0.0986328125
0 0.8330078125 0.416015625 0.0859375 0.0859375
0 0.8330078125 0.5205078125 0.0859375 0.0859375
0 0.833984375 0.64111328125 0.09765625 0.0986328125
0 0.830078125 0.748046875 0.0859375 0.0859375
0 0.82861328125 0.8525390625 0.0849609375 0.0859375
0 0.92431640625 0.9091796875 0.0849609375 0.0859375
0 0.9296875 0.791015625 0.0859375 0.0859375
0 0.92333984375 0.68701171875 0.0849609375 0.0869140625
0 0.9267578125 0.57666015625 0.09765625 0.0986328125
0 0.9287109375 0.46044921875 0.09765625 0.0986328125
0 0.9248046875 0.35400390625 0.09765625 0.0986328125
0 0.923828125 0.13916015625 0.109375 0.1103515625
0 0.92578125 0.2451171875 0.0859375 0.0859375
0 0.82568359375 0.3076171875 0.0849609375 0.0859375
0 0.8330078125 0.19189453125 0.09765625 0.0986328125
0 0.8388671875 0.08349609375 0.09765625 0.0986328125
0 0.73828125 0.14306640625 0.09765625 0.0986328125
0 0.73876953125 0.2412109375 0.0849609375 0.0859375
0 0.64453125 0.271484375 0.09765625 0.09765625
0 0.64453125 0.17236328125 0.109375 0.1103515625
0 0.64794921875 0.08154296875 0.1103515625 0.1103515625
0 0.556640625 0.1123046875 0.09765625 0.09765625
0 0.5458984375 0.24609375 0.0859375 0.0859375
0 0.4580078125 0.185546875 0.09765625 0.09765625
0 0.46484375 0.080078125 0.09765625 0.09765625
0 0.36767578125 0.138671875 0.0849609375 0.0859375
0 0.36865234375 0.244140625 0.0849609375 0.0859375
0 0.2705078125 0.076171875 0.09765625 0.09765625
0 0.2744140625 0.17333984375 0.109375 0.1103515625
0 0.2763671875 0.26025390625 0.09765625 0.0986328125
0 0.1728515625 0.24755859375 0.09765625 0.0986328125
0 0.1767578125 0.14599609375 0.09765625 0.0986328125
0 0.0810546875 0.08447265625 0.09765625 0.0986328125
0 0.08544921875 0.19775390625 0.1103515625 0.1103515625