0 0.40869140625 0.28076171875 0.0732421875 0.0732421875
0 0.6904296875 0.87841796875 0.0859375 0.0869140625
0 0.89306640625 0.1220703125 0.0732421875 0.07421875
0 0.12353515625 0.11767578125 0.0732421875 0.0732421875
0 0.12353515625 0.20751953125 0.0732421875 0.0732421875
0 0.1240234375 0.3271484375 0.0859375 0.0859375
0 0.125 0.4443359375 0.09765625 0.09765625
0 0.126953125 0.556640625 0.09765625 0.09765625
0 0.20556640625 0.07666015625 0.0732421875 0.0732421875
0 0.20947265625 0.15283203125 0.0732421875 0.0732421875
0 0.208984375 0.26318359375 0.060546875 0.0615234375
0 0.216796875 0.369140625 0.0859375 0.0859375
0 0.2158203125 0.50390625 0.09765625 0.09765625
0 0.21484375 0.58984375 0.09765625 0.09765625
0 0.30517578125 0.09130859375 0.0732421875 0.0732421875
0 0.30810546875 0.21826171875 0.0732421875 0.0732421875
0 0.31396484375 0.34521484375 0.0732421875 0.0732421875
0 0.314453125 0.44482421875 0.109375 0.1103515625
0 0.31640625 0.55712890625 0.109375 0.1103515625
0 0.40283203125 0.1611328125 0.1220703125 0.123046875
0 0.40869140625 0.3916015625 0.0849609375 0.0859375
0 0.40673828125 0.50341796875 0.1103515625 0.1103515625
0 0.40478515625 0.6162109375 0.1220703125 0.123046875
0 0.5048828125 0.11376953125 0.09765625 0.0986328125
0 0.50732421875 0.220703125 0.1220703125 0.123046875
0 0.509765625 0.33349609375 0.109375 0.1103515625
0 0.4970703125 0.44677734375 0.109375 0.1103515625
0 0.50048828125 0.55615234375 0.1103515625 0.1103515625
0 0.60107421875 0.0859375 0.0849609375 0.0859375
0 0.6015625 0.1689453125 0.09765625 0.09765625
0 0.60009765625 0.2890625 0.1220703125 0.123046875
0 0.6064453125 0.38525390625 0.109375 0.1103515625
0 0.611328125 0.50146484375 0.109375 0.1103515625
0 0.6044921875 0.60888671875 0.109375 0.1103515625
0 0.69287109375 0.111328125 0.0849609375 0.0859375
0 0.69482421875 0.2236328125 0.1220703125 0.123046875
0 0.70703125 0.4375 0.0859375 0.0859375
0 0.6904296875 0.55517578125 0.109375 0.1103515625
0 0.787109375 0.1748046875 0.09765625 0.09765625
0 0.79541015625 0.28125 0.1220703125 0.123046875
0 0.79541015625 0.390625 0.1103515625 0.111328125
0 0.79345703125 0.49267578125 0.1103515625 0.1103515625
0 0.78662109375 0.60791015625 0.1103515625 0.1103515625
0 0.8828125 0.21728515625 0.109375 0.1103515625
0 0.8876953125 0.330078125 0.109375 0.111328125
0 0.88720703125 0.4423828125 0.1220703125 0.123046875
0 0.88525390625 0.55712890625 0.1103515625 0.1103515625
0 0.88525390625 0.6689453125 0.1103515625 0.111328125
0 0.88525390625 0.77490234375 0.1103515625 0.1103515625
0 0.88916015625 0.87353515625 0.1103515625 0.1103515625
0 0.7919921875 0.71630859375 0.109375 0.1103515625
0 0.791015625 0.82763671875 0.109375 0.1103515625
0 0.6943359375 0.66845703125 0.109375 0.1103515625
0 0.697265625 0.78125 0.0859375 0.0859375
0 0.60009765625 0.71240234375 0.1103515625 0.1103515625
0 0.59619140625 0.82275390625 0.1103515625 0.1103515625
0 0.6005859375 0.93408203125 0.09765625 0.0986328125
0 0.49658203125 0.66552734375 0.1103515625 0.1103515625
0 0.5078125 0.89501953125 0.09765625 0.0986328125
0 0.4033203125 0.71728515625 0.109375 0.1103515625
0 0.40283203125 0.8330078125 0.1220703125 0.123046875
0 0.40771484375 0.9326171875 0.1220703125 0.123046875
0 0.314453125 0.67041015625 0.109375 0.1103515625
0 0.30908203125 0.7744140625 0.1220703125 0.123046875
0 0.30615234375 0.880859375 0.1220703125 0.123046875
0 0.20947265625 0.71875 0.1220703125 0.123046875
0 0.21435546875 0.826171875 0.1220703125 0.123046875
0 0.21435546875 0.93359375 0.1220703125 0.123046875
0 0.12353515625 0.669921875 0.1220703125 0.123046875
0 0.12060546875 0.775390625 0.1220703125 0.123046875
0 0.11865234375 0.8740234375 0.1220703125 0.123046875