0 0.42724609375 0.07080078125 0.0732421875 0.0732421875
0 0.52294921875 0.1220703125 0.0849609375 0.0859375
0 0.51953125 0.23828125 0.0859375 0.0859375
0 0.4248046875 0.1767578125 0.0859375 0.0859375
0 0.42578125 0.2880859375 0.09765625 0.09765625
0 0.328125 0.1220703125 0.0859375 0.0859375
0 0.328125 0.228515625 0.09765625 0.09765625
0 0.23486328125 0.0712890625 0.0849609375 0.0859375
0 0.23779296875 0.1796875 0.0849609375 0.0859375
0 0.236328125 0.2841796875 0.09765625 0.09765625
0 0.14013671875 0.1298828125 0.0849609375 0.0859375
0 0.138671875 0.232421875 0.09765625 0.09765625
0 0.05029296875 0.0712890625 0.0732421875 0.07421875
0 0.04833984375 0.1796875 0.0732421875 0.07421875
0 0.04052734375 0.29150390625 0.0732421875 0.0732421875
0 0.04541015625 0.3974609375 0.0732421875 0.07421875
0 0.04736328125 0.62109375 0.0849609375 0.0859375
0 0.1435546875 0.34033203125 0.09765625 0.0986328125
0 0.1396484375 0.4541015625 0.0859375 0.0859375
0 0.1376953125 0.556640625 0.09765625 0.09765625
0 0.138671875 0.6708984375 0.0859375 0.0859375
0 0.1416015625 0.787109375 0.0859375 0.0859375
0 0.236328125 0.39208984375 0.09765625 0.0986328125
0 0.2412109375 0.51025390625 0.09765625 0.0986328125
0 0.244140625 0.6162109375 0.09765625 0.09765625
0 0.2431640625 0.7333984375 0.09765625 0.09765625
0 0.330078125 0.34326171875 0.0859375 0.0869140625
0 0.330078125 0.45068359375 0.09765625 0.0986328125
0 0.3291015625 0.55908203125 0.09765625 0.0986328125
0 0.330078125 0.68896484375 0.09765625 0.0986328125
0 0.4296875 0.39697265625 0.09765625 0.0986328125
0 0.4228515625 0.50537109375 0.09765625 0.0986328125
0 0.421875 0.6201171875 0.0859375 0.0859375
0 0.42529296875 0.7294921875 0.0849609375 0.0859375
0 0.51904296875 0.3369140625 0.0849609375 0.0859375
0 0.51904296875 0.44921875 0.0849609375 0.0859375
0 0.51953125 0.56298828125 0.09765625 0.0986328125
0 0.521484375 0.6748046875 0.0859375 0.0859375
0 0.517578125 0.7861328125 0.0859375 0.0859375
0 0.33251953125 0.7998046875 0.0849609375 0.0859375
0 0.5185546875 0.8935546875 0.0859375 0.0859375
0 0.42236328125 0.837890625 0.0849609375 0.0859375
0 0.32861328125 0.89453125 0.0849609375 0.0859375
0 0.2392578125 0.841796875 0.0859375 0.0859375
0 0.14453125 0.89111328125 0.09765625 0.0986328125
0 0.04345703125 0.8447265625 0.0849609375 0.0859375