0 0.24072265625 0.4501953125 0.0732421875 0.07421875
0 0.32861328125 0.390625 0.0732421875 0.07421875
0 0.05224609375 0.95458984375 0.0732421875 0.0732421875
0 0.63134765625 0.83837890625 0.0732421875 0.0732421875
0 0.53662109375 0.7958984375 0.0732421875 0.07421875
0 0.904296875 0.17919921875 0.109375 0.1103515625
0 0.9091796875 0.28759765625 0.09765625 0.0986328125
0 0.91015625 0.39794921875 0.09765625 0.0986328125
0 0.91015625 0.50439453125 0.09765625 0.0986328125
0 0.91259765625 0.61669921875 0.0732421875 0.0732421875
0 0.9072265625 0.068359375 0.109375 0.111328125
0 0.810546875 0.12548828125 0.109375 0.1103515625
0 0.80712890625 0.2294921875 0.0849609375 0.0859375
0 0.8115234375 0.33154296875 0.09765625 0.0986328125
0 0.8134765625 0.45458984375 0.09765625 0.0986328125
0 0.8134765625 0.56396484375 0.09765625 0.0986328125
0 0.71435546875 0.06787109375 0.1103515625 0.1103515625
0 0.71337890625 0.17041015625 0.1103515625 0.1103515625
0 0.7216796875 0.28271484375 0.09765625 0.0986328125
0 0.7158203125 0.38818359375 0.09765625 0.0986328125
0 0.716796875 0.50732421875 0.09765625 0.0986328125
0 0.72119140625 0.609375 0.0732421875 0.07421875
0 0.61865234375 0.12060546875 0.1103515625 0.1103515625
0 0.6240234375 0.22509765625 0.109375 0.1103515625
0 0.625 0.33837890625 0.09765625 0.0986328125
0 0.6240234375 0.45263671875 0.09765625 0.0986328125
0 0.6240234375 0.5576171875 0.0859375 0.0859375
0 0.5224609375 0.06689453125 0.0859375 0.0869140625
0 0.5244140625 0.17529296875 0.109375 0.1103515625
0 0.525390625 0.28173828125 0.09765625 0.0986328125
0 0.5244140625 0.39501953125 0.09765625 0.0986328125
0 0.53076171875 0.4990234375 0.0849609375 0.0859375
0 0.52734375 0.6064453125 0.09765625 0.09765625
0 0.42578125 0.11572265625 0.109375 0.1103515625
0 0.4306640625 0.22705078125 0.09765625 0.0986328125
0 0.42724609375 0.333984375 0.0849609375 0.0859375
0 0.42919921875 0.443359375 0.0849609375 0.0859375
0 0.435546875 0.5576171875 0.09765625 0.09765625
0 0.330078125 0.05322265625 0.09765625 0.0986328125
0 0.32861328125 0.16796875 0.0849609375 0.0859375
0 0.33447265625 0.2841796875 0.0849609375 0.0859375
0 0.33544921875 0.4970703125 0.0732421875 0.07421875
0 0.3310546875 0.60107421875 0.060546875 0.0615234375
0 0.2421875 0.1142578125 0.09765625 0.09765625
0 0.240234375 0.22265625 0.09765625 0.09765625
0 0.2470703125 0.333984375 0.0859375 0.0859375
0 0.05615234375 0.1103515625 0.0849609375 0.0859375
0 0.05712890625 0.2255859375 0.0849609375 0.0859375
0 0.04833984375 0.3291015625 0.0849609375 0.0859375
0 0.154296875 0.05029296875 0.09765625 0.0986328125
0 0.154296875 0.17724609375 0.109375 0.1103515625
0 0.15234375 0.275390625 0.0859375 0.0859375
0 0.15234375 0.3759765625 0.09765625 0.09765625
0 0.24169921875 0.537109375 0.0732421875 0.07421875
0 0.1484375 0.4912109375 0.09765625 0.09765625
0 0.14208984375 0.5849609375 0.0732421875 0.07421875
0 0.05419921875 0.4453125 0.0849609375 0.0859375
0 0.05419921875 0.54443359375 0.0732421875 0.0732421875
0 0.1484375 0.78759765625 0.09765625 0.0986328125
0 0.15087890625 0.89453125 0.1220703125 0.123046875
0 0.24462890625 0.759765625 0.0849609375 0.0859375
0 0.2451171875 0.8427734375 0.09765625 0.09765625
0 0.33642578125 0.78515625 0.0849609375 0.0859375
0 0.33837890625 0.8974609375 0.1220703125 0.123046875
0 0.4306640625 0.8486328125 0.09765625 0.09765625
0 0.5263671875 0.89111328125 0.109375 0.1103515625
0 0.72412109375 0.78759765625 0.0615234375 0.0615234375
0 0.72265625 0.89404296875 0.09765625 0.0986328125
0 0.822265625 0.83642578125 0.09765625 0.0986328125
0 0.9189453125 0.78564453125 0.060546875 0.0615234375
0 0.9111328125 0.89208984375 0.09765625 0.0986328125