0 0.087890625 0.10009765625 0.109375 0.1103515625
0 0.171875 0.13818359375 0.09765625 0.0986328125
0 0.28271484375 0.09326171875 0.1103515625 0.1103515625
0 0.27783203125 0.20947265625 0.1103515625 0.1103515625
0 0.3701171875 0.14892578125 0.109375 0.1103515625
0 0.46630859375 0.0947265625 0.0849609375 0.0859375
0 0.466796875 0.2080078125 0.0859375 0.0859375
0 0.56494140625 0.14892578125 0.1103515625 0.1103515625
0 0.6591796875 0.0859375 0.109375 0.111328125
0 0.65478515625 0.20947265625 0.1103515625 0.1103515625
0 0.75390625 0.15234375 0.109375 0.111328125
0 0.84814453125 0.091796875 0.0849609375 0.0859375
0 0.8486328125 0.205078125 0.09765625 0.09765625
0 0.93701171875 0.14794921875 0.1103515625 0.1103515625
0 0.94189453125 0.26416015625 0.1103515625 0.1103515625
0 0.94384765625 0.380859375 0.1103515625 0.111328125
0 0.9345703125 0.490234375 0.09765625 0.09765625
0 0.9443359375 0.60791015625 0.109375 0.1103515625
0 0.845703125 0.3173828125 0.109375 0.111328125
0 0.8447265625 0.43701171875 0.060546875 0.0615234375
0 0.8408203125 0.54345703125 0.109375 0.1103515625
0 0.8427734375 0.65380859375 0.109375 0.1103515625
0 0.7509765625 0.26171875 0.109375 0.111328125
0 0.75390625 0.37158203125 0.109375 0.1103515625
0 0.74560546875 0.47998046875 0.1103515625 0.1103515625
0 0.74951171875 0.60009765625 0.1103515625 0.1103515625
0 0.65673828125 0.31787109375 0.1103515625 0.1103515625
0 0.65283203125 0.41748046875 0.0615234375 0.0615234375
0 0.65380859375 0.53857421875 0.1103515625 0.1103515625
0 0.6533203125 0.65478515625 0.109375 0.1103515625
0 0.56298828125 0.26708984375 0.0615234375 0.0615234375
0 0.55810546875 0.37548828125 0.0615234375 0.0615234375
0 0.5595703125 0.48583984375 0.109375 0.1103515625
0 0.55859375 0.60498046875 0.109375 0.1103515625
0 0.4697265625 0.31689453125 0.109375 0.1103515625
0 0.4638671875 0.4423828125 0.0859375 0.0859375
0 0.4638671875 0.54248046875 0.109375 0.1103515625
0 0.4658203125 0.65087890625 0.09765625 0.0986328125
0 0.3720703125 0.25927734375 0.109375 0.1103515625
0 0.36865234375 0.37158203125 0.1103515625 0.1103515625
0 0.37255859375 0.48193359375 0.1103515625 0.1103515625
0 0.37353515625 0.59423828125 0.1103515625 0.1103515625
0 0.27587890625 0.31103515625 0.1103515625 0.1103515625
0 0.27783203125 0.42822265625 0.1103515625 0.1103515625
0 0.2783203125 0.52783203125 0.109375 0.1103515625
0 0.2734375 0.642578125 0.109375 0.111328125
0 0.37646484375 0.701171875 0.1103515625 0.111328125
0 0.177734375 0.24462890625 0.09765625 0.0986328125
0 0.1865234375 0.36376953125 0.109375 0.1103515625
0 0.185546875 0.4775390625 0.109375 0.111328125
0 0.181640625 0.595703125 0.109375 0.111328125
0 0.0849609375 0.20166015625 0.109375 0.1103515625
0 0.0830078125 0.3017578125 0.09765625 0.09765625
0 0.083984375 0.4287109375 0.09765625 0.09765625
0 0.09130859375 0.5302734375 0.1103515625 0.111328125
0 0.08349609375 0.64794921875 0.1103515625 0.1103515625
0 0.08251953125 0.76025390625 0.1103515625 0.1103515625
0 0.08544921875 0.86376953125 0.1103515625 0.1103515625
0 0.1767578125 0.70751953125 0.109375 0.1103515625
0 0.181640625 0.80908203125 0.109375 0.1103515625
0 0.1826171875 0.92431640625 0.109375 0.1103515625
0 0.26416015625 0.751953125 0.1103515625 0.111328125
0 0.275390625 0.86669921875 0.109375 0.1103515625
0 0.36865234375 0.81640625 0.1103515625 0.111328125
0 0.36474609375 0.92626953125 0.1103515625 0.1103515625
0 0.46875 0.7529296875 0.09765625 0.09765625
0 0.46435546875 0.8681640625 0.1103515625 0.111328125
0 0.5634765625 0.70458984375 0.09765625 0.0986328125
0 0.564453125 0.81201171875 0.09765625 0.0986328125
0 0.5625 0.923828125 0.09765625 0.09765625
0 0.65380859375 0.76318359375 0.1103515625 0.1103515625
0 0.6513671875 0.87353515625 0.109375 0.1103515625
0 0.74462890625 0.70947265625 0.1103515625 0.1103515625
0 0.74755859375 0.82080078125 0.1103515625 0.1103515625
0 0.74853515625 0.92333984375 0.1103515625 0.1103515625
0 0.8369140625 0.76904296875 0.109375 0.1103515625
0 0.841796875 0.87841796875 0.09765625 0.0986328125
0 0.943359375 0.70458984375 0.09765625 0.0986328125
0 0.939453125 0.81298828125 0.09765625 0.0986328125