0 0.94091796875 0.85986328125 0.1103515625 0.1103515625
0 0.85302734375 0.916015625 0.0849609375 0.0859375
0 0.75732421875 0.8623046875 0.0849609375 0.0859375
0 0.65380859375 0.91162109375 0.1103515625 0.1103515625
0 0.556640625 0.8662109375 0.09765625 0.09765625
0 0.46142578125 0.91845703125 0.1103515625 0.1103515625
0 0.36572265625 0.86181640625 0.1103515625 0.1103515625
0 0.19287109375 0.84765625 0.1103515625 0.111328125
0 0.0751953125 0.90576171875 0.109375 0.1103515625
0 0.955078125 0.0859375 0.0859375 0.0859375
0 0.9443359375 0.1806640625 0.109375 0.111328125
0 0.94189453125 0.27978515625 0.1103515625 0.1103515625
0 0.85107421875 0.34228515625 0.1103515625 0.1103515625
0 0.8515625 0.25732421875 0.09765625 0.0986328125
0 0.85546875 0.14697265625 0.09765625 0.0986328125
0 0.75830078125 0.08935546875 0.1103515625 0.1103515625
0 0.75830078125 0.20556640625 0.1103515625 0.1103515625
0 0.75048828125 0.31689453125 0.1103515625 0.1103515625
0 0.94384765625 0.75830078125 0.1103515625 0.1103515625
0 0.9423828125 0.56982421875 0.09765625 0.0986328125
0 0.85107421875 0.60498046875 0.1103515625 0.1103515625
0 0.8525390625 0.70068359375 0.09765625 0.0986328125
0 0.853515625 0.79052734375 0.109375 0.1103515625
0 0.75 0.75439453125 0.109375 0.1103515625
0 0.65283203125 0.80224609375 0.1103515625 0.1103515625
0 0.5576171875 0.76025390625 0.109375 0.1103515625
0 0.4501953125 0.80322265625 0.109375 0.1103515625
0 0.4638671875 0.4716796875 0.09765625 0.09765625
0 0.65771484375 0.14794921875 0.1103515625 0.1103515625
0 0.66015625 0.25830078125 0.09765625 0.0986328125
0 0.65771484375 0.37158203125 0.0732421875 0.0732421875
0 0.564453125 0.0751953125 0.0859375 0.0859375
0 0.5595703125 0.19189453125 0.09765625 0.0986328125
0 0.55908203125 0.31298828125 0.1103515625 0.1103515625
0 0.560546875 0.42626953125 0.109375 0.1103515625
0 0.4677734375 0.150390625 0.09765625 0.09765625
0 0.4609375 0.2490234375 0.09765625 0.09765625
0 0.46875 0.3623046875 0.109375 0.111328125
0 0.3720703125 0.080078125 0.109375 0.111328125
0 0.373046875 0.1904296875 0.109375 0.111328125
0 0.373046875 0.28564453125 0.09765625 0.0986328125
0 0.369140625 0.41552734375 0.109375 0.1103515625
0 0.369140625 0.54296875 0.09765625 0.09765625
0 0.3662109375 0.7421875 0.109375 0.111328125
0 0.2822265625 0.59619140625 0.09765625 0.0986328125
0 0.27880859375 0.484375 0.1103515625 0.111328125
0 0.27978515625 0.36083984375 0.1103515625 0.1103515625
0 0.2763671875 0.25048828125 0.109375 0.1103515625
0 0.2802734375 0.13818359375 0.109375 0.1103515625
0 0.19140625 0.1982421875 0.09765625 0.09765625
0 0.1943359375 0.30322265625 0.09765625 0.0986328125
0 0.1982421875 0.39697265625 0.09765625 0.0986328125
0 0.1943359375 0.53662109375 0.109375 0.1103515625
0 0.1982421875 0.64794921875 0.109375 0.1103515625
0 0.18408203125 0.7548828125 0.1103515625 0.111328125
0 0.0830078125 0.7978515625 0.109375 0.111328125
0 0.08447265625 0.6923828125 0.1103515625 0.111328125
0 0.08447265625 0.576171875 0.0849609375 0.0859375
0 0.08984375 0.35400390625 0.09765625 0.0986328125
0 0.0927734375 0.25390625 0.109375 0.111328125
0 0.08642578125 0.14697265625 0.1103515625 0.1103515625