0 0.1962890625 0.45947265625 0.0859375 0.0869140625
0 0.95166015625 0.95068359375 0.0732421875 0.0732421875
0 0.86181640625 0.064453125 0.0849609375 0.0859375
0 0.8583984375 0.17138671875 0.09765625 0.0986328125
0 0.86328125 0.28173828125 0.09765625 0.0986328125
0 0.859375 0.396484375 0.0859375 0.0859375
0 0.7685546875 0.11279296875 0.09765625 0.0986328125
0 0.7666015625 0.22607421875 0.09765625 0.0986328125
0 0.7685546875 0.33349609375 0.09765625 0.0986328125
0 0.76708984375 0.4541015625 0.0849609375 0.0859375
0 0.6728515625 0.06201171875 0.109375 0.1103515625
0 0.67431640625 0.17724609375 0.1103515625 0.1103515625
0 0.6787109375 0.27880859375 0.09765625 0.0986328125
0 0.66796875 0.3876953125 0.09765625 0.09765625
0 0.47705078125 0.06201171875 0.1103515625 0.1103515625
0 0.57470703125 0.11279296875 0.1103515625 0.1103515625
0 0.57177734375 0.22802734375 0.1103515625 0.1103515625
0 0.57470703125 0.345703125 0.1103515625 0.111328125
0 0.572265625 0.453125 0.0859375 0.0859375
0 0.47607421875 0.1845703125 0.0732421875 0.07421875
0 0.4794921875 0.283203125 0.09765625 0.09765625
0 0.47265625 0.4013671875 0.09765625 0.09765625
0 0.3798828125 0.1181640625 0.109375 0.111328125
0 0.3837890625 0.21875 0.109375 0.111328125
0 0.376953125 0.33837890625 0.09765625 0.0986328125
0 0.37744140625 0.455078125 0.0849609375 0.0859375
0 0.29150390625 0.1630859375 0.0849609375 0.0859375
0 0.2880859375 0.28857421875 0.09765625 0.0986328125
0 0.2958984375 0.39794921875 0.09765625 0.0986328125
0 0.19384765625 0.130859375 0.0849609375 0.0859375
0 0.18701171875 0.25 0.0849609375 0.0859375
0 0.193359375 0.353515625 0.0859375 0.0859375
0 0.10888671875 0.07763671875 0.0244140625 0.0244140625
0 0.1025390625 0.1962890625 0.037109375 0.037109375
0 0.10498046875 0.30224609375 0.0244140625 0.0244140625
0 0.09912109375 0.41552734375 0.0244140625 0.0244140625
0 0.10009765625 0.50244140625 0.0244140625 0.0244140625
0 0.09326171875 0.60986328125 0.0244140625 0.0244140625
0 0.193359375 0.640625 0.037109375 0.037109375
0 0.1904296875 0.55810546875 0.109375 0.1103515625
0 0.2998046875 0.501953125 0.0859375 0.0859375
0 0.30029296875 0.61083984375 0.0732421875 0.0732421875
0 0.380859375 0.56103515625 0.09765625 0.0986328125
0 0.37158203125 0.67626953125 0.0615234375 0.0615234375
0 0.47265625 0.50732421875 0.09765625 0.0986328125
0 0.4775390625 0.61474609375 0.09765625 0.0986328125
0 0.5810546875 0.564453125 0.09765625 0.09765625
0 0.67236328125 0.5029296875 0.0849609375 0.0859375
0 0.6708984375 0.6142578125 0.09765625 0.09765625
0 0.7705078125 0.5615234375 0.09765625 0.09765625
0 0.76416015625 0.65625 0.0849609375 0.0859375
0 0.859375 0.5068359375 0.0859375 0.0859375
0 0.861328125 0.6103515625 0.0859375 0.0859375
0 0.955078125 0.5517578125 0.0859375 0.0859375
0 0.9521484375 0.6591796875 0.0859375 0.0859375
0 0.10107421875 0.81103515625 0.0615234375 0.0615234375
0 0.09765625 0.90478515625 0.09765625 0.0986328125
0 0.1953125 0.85400390625 0.09765625 0.0986328125
0 0.28515625 0.8212890625 0.048828125 0.048828125
0 0.2822265625 0.90673828125 0.09765625 0.0986328125
0 0.37060546875 0.85400390625 0.0732421875 0.0732421875
0 0.48095703125 0.90625 0.1220703125 0.123046875
0 0.57470703125 0.8515625 0.0732421875 0.07421875
0 0.67529296875 0.9072265625 0.1220703125 0.123046875
0 0.765625 0.8583984375 0.09765625 0.09765625
0 0.85595703125 0.91015625 0.0732421875 0.07421875
0 0.9501953125 0.85302734375 0.060546875 0.0615234375