0 0.91455078125 0.8115234375 0.1103515625 0.109375
0 0.59326171875 0.34130859375 0.0732421875 0.0732421875
0 0.6357421875 0.24658203125 0.07421875 0.0732421875
0 0.86474609375 0.8974609375 0.0986328125 0.09765625
0 0.80908203125 0.81396484375 0.0732421875 0.0732421875
0 0.86669921875 0.71484375 0.0986328125 0.09765625
0 0.92724609375 0.6201171875 0.0986328125 0.09765625
0 0.81494140625 0.62255859375 0.0732421875 0.0732421875
0 0.86767578125 0.5234375 0.0986328125 0.09765625
0 0.92431640625 0.4267578125 0.0986328125 0.09765625
0 0.822265625 0.43115234375 0.07421875 0.0732421875
0 0.8740234375 0.333984375 0.0859375 0.0859375
0 0.9326171875 0.24072265625 0.0859375 0.0849609375
0 0.8251953125 0.2373046875 0.09765625 0.09765625
0 0.8740234375 0.1455078125 0.09765625 0.09765625
0 0.9345703125 0.04541015625 0.07421875 0.0732421875
0 0.83056640625 0.041015625 0.0615234375 0.060546875
0 0.646484375 0.04638671875 0.0859375 0.0849609375
0 0.3203125 0.060546875 0.0859375 0.0859375
0 0.5830078125 0.140625 0.09765625 0.09765625
0 0.4765625 0.14892578125 0.123046875 0.1220703125
0 0.3671875 0.14892578125 0.111328125 0.1103515625
0 0.26513671875 0.14697265625 0.1103515625 0.1103515625
0 0.14990234375 0.14013671875 0.1103515625 0.1103515625
0 0.54052734375 0.236328125 0.1103515625 0.109375
0 0.427734375 0.2412109375 0.111328125 0.109375
0 0.3154296875 0.24072265625 0.123046875 0.1220703125
0 0.20068359375 0.23876953125 0.1103515625 0.1103515625
0 0.48291015625 0.33642578125 0.1103515625 0.1103515625
0 0.3720703125 0.33935546875 0.123046875 0.1220703125
0 0.259765625 0.33837890625 0.123046875 0.1220703125
0 0.1552734375 0.34375 0.111328125 0.109375
0 0.64404296875 0.43408203125 0.0615234375 0.0615234375
0 0.53759765625 0.4326171875 0.0986328125 0.09765625
0 0.42529296875 0.431640625 0.0986328125 0.09765625
0 0.33203125 0.4384765625 0.09765625 0.09765625
0 0.205078125 0.43212890625 0.123046875 0.1220703125
0 0.59521484375 0.5322265625 0.0986328125 0.09765625
0 0.47705078125 0.5263671875 0.0986328125 0.09765625
0 0.380859375 0.52587890625 0.123046875 0.1220703125
0 0.2646484375 0.52490234375 0.123046875 0.1220703125
0 0.1513671875 0.52490234375 0.123046875 0.1220703125
0 0.64599609375 0.62890625 0.0615234375 0.060546875
0 0.53955078125 0.62109375 0.0986328125 0.09765625
0 0.43017578125 0.62109375 0.0986328125 0.09765625
0 0.3134765625 0.62353515625 0.123046875 0.1220703125
0 0.1982421875 0.62158203125 0.123046875 0.1220703125
0 0.591796875 0.71826171875 0.0859375 0.0849609375
0 0.48388671875 0.7138671875 0.0986328125 0.09765625
0 0.36962890625 0.71728515625 0.1220703125 0.1220703125
0 0.26220703125 0.7216796875 0.0986328125 0.09765625
0 0.1513671875 0.71630859375 0.123046875 0.1220703125
0 0.64501953125 0.810546875 0.0615234375 0.060546875
0 0.53564453125 0.8134765625 0.0986328125 0.09765625
0 0.42333984375 0.80859375 0.0986328125 0.09765625
0 0.31201171875 0.8095703125 0.0986328125 0.09765625
0 0.21044921875 0.8134765625 0.0986328125 0.09765625
0 0.5888671875 0.90234375 0.0859375 0.0859375
0 0.48486328125 0.9033203125 0.0986328125 0.09765625
0 0.37158203125 0.9052734375 0.0986328125 0.09765625
0 0.25830078125 0.90234375 0.0986328125 0.09765625
0 0.14404296875 0.90283203125 0.1220703125 0.1220703125
0 0.09619140625 0.81201171875 0.1220703125 0.1220703125
0 0.0986328125 0.62158203125 0.123046875 0.1220703125
0 0.1064453125 0.4375 0.09765625 0.09765625
0 0.0888671875 0.23876953125 0.111328125 0.1103515625