0 0.2177734375 0.55712890625 0.09765625 0.0986328125
0 0.1240234375 0.50048828125 0.109375 0.1103515625
0 0.12353515625 0.935546875 0.0849609375 0.0859375
0 0.21923828125 0.87939453125 0.1103515625 0.1103515625
0 0.3173828125 0.94091796875 0.0859375 0.0869140625
0 0.3154296875 0.82763671875 0.09765625 0.0986328125
0 0.4111328125 0.88134765625 0.09765625 0.0986328125
0 0.49365234375 0.94482421875 0.0615234375 0.0615234375
0 0.5966796875 0.88232421875 0.109375 0.1103515625
0 0.78271484375 0.884765625 0.1103515625 0.111328125
0 0.88818359375 0.83251953125 0.1103515625 0.1103515625
0 0.8798828125 0.71630859375 0.109375 0.1103515625
0 0.87890625 0.60791015625 0.109375 0.1103515625
0 0.87890625 0.50537109375 0.09765625 0.0986328125
0 0.8740234375 0.38916015625 0.109375 0.1103515625
0 0.78759765625 0.77197265625 0.1103515625 0.1103515625
0 0.78369140625 0.66748046875 0.1103515625 0.1103515625
0 0.78662109375 0.55615234375 0.1103515625 0.1103515625
0 0.7880859375 0.44482421875 0.109375 0.1103515625
0 0.787109375 0.33544921875 0.109375 0.1103515625
0 0.6953125 0.837890625 0.109375 0.111328125
0 0.69140625 0.7255859375 0.109375 0.111328125
0 0.693359375 0.61572265625 0.09765625 0.0986328125
0 0.68603515625 0.50341796875 0.1103515625 0.1103515625
0 0.69384765625 0.39599609375 0.1103515625 0.1103515625
0 0.5986328125 0.7724609375 0.109375 0.111328125
0 0.6015625 0.6669921875 0.109375 0.111328125
0 0.599609375 0.560546875 0.09765625 0.09765625
0 0.6005859375 0.45166015625 0.109375 0.1103515625
0 0.6005859375 0.33154296875 0.09765625 0.0986328125
0 0.5029296875 0.82373046875 0.09765625 0.0986328125
0 0.50830078125 0.7255859375 0.1103515625 0.111328125
0 0.50390625 0.615234375 0.109375 0.111328125
0 0.5068359375 0.5029296875 0.109375 0.111328125
0 0.5048828125 0.38818359375 0.109375 0.1103515625
0 0.40673828125 0.5556640625 0.1103515625 0.111328125
0 0.40478515625 0.47265625 0.0732421875 0.07421875
0 0.4150390625 0.3330078125 0.09765625 0.09765625
0 0.3154296875 0.72119140625 0.109375 0.1103515625
0 0.3154296875 0.505859375 0.09765625 0.09765625
0 0.318359375 0.396484375 0.09765625 0.09765625
0 0.22607421875 0.77099609375 0.1103515625 0.1103515625
0 0.2216796875 0.66943359375 0.109375 0.1103515625
0 0.216796875 0.44384765625 0.109375 0.1103515625
0 0.21923828125 0.33984375 0.1103515625 0.111328125
0 0.13037109375 0.8310546875 0.0849609375 0.0859375
0 0.09619140625 0.7919921875 0.0849609375 0.0859375
0 0.12646484375 0.71044921875 0.1103515625 0.1103515625
0 0.1259765625 0.39501953125 0.09765625 0.0986328125
0 0.1240234375 0.2841796875 0.09765625 0.09765625
0 0.125 0.1689453125 0.0859375 0.0859375
0 0.12451171875 0.06396484375 0.0615234375 0.0615234375
0 0.220703125 0.2255859375 0.09765625 0.09765625
0 0.22119140625 0.1181640625 0.0849609375 0.0859375
0 0.31884765625 0.3017578125 0.1103515625 0.111328125
0 0.30859375 0.18115234375 0.09765625 0.0986328125
0 0.318359375 0.06103515625 0.060546875 0.0615234375
0 0.408203125 0.23095703125 0.09765625 0.0986328125
0 0.404296875 0.11474609375 0.09765625 0.0986328125
0 0.505859375 0.28466796875 0.09765625 0.0986328125
0 0.5048828125 0.17529296875 0.09765625 0.0986328125
0 0.50439453125 0.05908203125 0.0732421875 0.0732421875
0 0.59521484375 0.22509765625 0.1103515625 0.1103515625
0 0.6025390625 0.12744140625 0.09765625 0.0986328125
0 0.69189453125 0.27783203125 0.1103515625 0.1103515625
0 0.6904296875 0.16943359375 0.109375 0.1103515625
0 0.6904296875 0.05224609375 0.09765625 0.0986328125
0 0.78515625 0.22802734375 0.109375 0.1103515625
0 0.7890625 0.11865234375 0.109375 0.1103515625
0 0.87646484375 0.27880859375 0.1103515625 0.1103515625
0 0.88525390625 0.18212890625 0.1103515625 0.1103515625
0 0.8818359375 0.0703125 0.09765625 0.09765625