0 0.27587890625 0.41357421875 0.0732421875 0.0732421875
0 0.2080078125 0.50146484375 0.07421875 0.0732421875
0 0.2666015625 0.60498046875 0.07421875 0.0732421875
0 0.380859375 0.61083984375 0.07421875 0.0732421875
0 0.498046875 0.62158203125 0.07421875 0.0732421875
0 0.8232421875 0.626953125 0.0859375 0.0859375
0 0.7099609375 0.62158203125 0.0859375 0.0849609375
0 0.658203125 0.5029296875 0.0859375 0.0859375
0 0.333984375 0.70703125 0.048828125 0.048828125
0 0.75634765625 0.13330078125 0.1103515625 0.1103515625
0 0.65478515625 0.1357421875 0.1103515625 0.109375
0 0.55078125 0.12890625 0.09765625 0.09765625
0 0.43896484375 0.1240234375 0.1103515625 0.109375
0 0.32275390625 0.13037109375 0.1103515625 0.1103515625
0 0.81884765625 0.2275390625 0.1103515625 0.109375
0 0.70947265625 0.22900390625 0.1103515625 0.1103515625
0 0.6064453125 0.22509765625 0.111328125 0.1103515625
0 0.49755859375 0.21728515625 0.1103515625 0.1103515625
0 0.37744140625 0.220703125 0.1103515625 0.109375
0 0.77294921875 0.330078125 0.0986328125 0.09765625
0 0.65625 0.328125 0.0859375 0.0859375
0 0.5390625 0.3310546875 0.0859375 0.0859375
0 0.6064453125 0.41015625 0.09765625 0.09765625
0 0.7158203125 0.4189453125 0.0859375 0.0859375
0 0.814453125 0.41650390625 0.111328125 0.1103515625
0 0.7666015625 0.5068359375 0.0859375 0.0859375
0 0.10107421875 0.892578125 0.1103515625 0.109375
0 0.541015625 0.90185546875 0.0859375 0.0849609375
0 0.609375 0.79736328125 0.0859375 0.0849609375
0 0.544921875 0.70703125 0.09765625 0.09765625
0 0.4306640625 0.51025390625 0.0859375 0.0849609375
0 0.31494140625 0.5 0.0986328125 0.09765625
0 0.1572265625 0.41162109375 0.0859375 0.0849609375
0 0.15625 0.60302734375 0.0859375 0.0849609375
0 0.43408203125 0.88916015625 0.0869140625 0.0849609375
0 0.3212890625 0.8837890625 0.0859375 0.0859375
0 0.21826171875 0.892578125 0.0986328125 0.09765625
0 0.15185546875 0.7958984375 0.0986328125 0.09765625
0 0.0986328125 0.6962890625 0.09765625 0.09765625
0 0.2763671875 0.78271484375 0.0859375 0.0849609375
0 0.21875 0.701171875 0.0859375 0.0859375
0 0.3828125 0.40673828125 0.0859375 0.0849609375
0 0.3212890625 0.32666015625 0.0859375 0.0849609375
0 0.21484375 0.3203125 0.09765625 0.09765625
0 0.10302734375 0.3173828125 0.0986328125 0.09765625
0 0.0498046875 0.2216796875 0.09765625 0.09765625
0 0.16259765625 0.2177734375 0.0986328125 0.09765625
0 0.09912109375 0.1279296875 0.0986328125 0.09765625
0 0.09765625 0.50390625 0.09765625 0.09765625