0 0.6591796875 0.08642578125 0.109375 0.1103515625
0 0.18896484375 0.40771484375 0.0732421875 0.0732421875
0 0.09423828125 0.365234375 0.0732421875 0.07421875
0 0.83935546875 0.1865234375 0.0732421875 0.07421875
0 0.845703125 0.0791015625 0.09765625 0.09765625
0 0.7451171875 0.13623046875 0.09765625 0.0986328125
0 0.66162109375 0.19189453125 0.0732421875 0.0732421875
0 0.5625 0.13427734375 0.09765625 0.0986328125
0 0.4677734375 0.07373046875 0.09765625 0.0986328125
0 0.47021484375 0.18603515625 0.0732421875 0.0732421875
0 0.37109375 0.13330078125 0.09765625 0.0986328125
0 0.2744140625 0.07666015625 0.09765625 0.0986328125
0 0.27880859375 0.1787109375 0.0732421875 0.07421875
0 0.181640625 0.126953125 0.0859375 0.0859375
0 0.08837890625 0.068359375 0.0849609375 0.0859375
0 0.0849609375 0.17578125 0.09765625 0.09765625
0 0.083984375 0.46044921875 0.109375 0.1103515625
0 0.0888671875 0.5732421875 0.109375 0.111328125
0 0.08837890625 0.685546875 0.1220703125 0.123046875
0 0.08642578125 0.80029296875 0.1103515625 0.1103515625
0 0.18408203125 0.51806640625 0.1103515625 0.1103515625
0 0.18701171875 0.62890625 0.1220703125 0.123046875
0 0.18603515625 0.7412109375 0.1220703125 0.123046875
0 0.19140625 0.845703125 0.109375 0.111328125
0 0.28173828125 0.35693359375 0.0615234375 0.0615234375
0 0.2802734375 0.46337890625 0.09765625 0.0986328125
0 0.279296875 0.57568359375 0.09765625 0.0986328125
0 0.2861328125 0.6689453125 0.09765625 0.09765625
0 0.27978515625 0.7958984375 0.1220703125 0.123046875
0 0.3798828125 0.40576171875 0.09765625 0.0986328125
0 0.3740234375 0.52392578125 0.09765625 0.0986328125
0 0.37353515625 0.6201171875 0.1220703125 0.123046875
0 0.37255859375 0.736328125 0.1220703125 0.123046875
0 0.37255859375 0.849609375 0.1220703125 0.123046875
0 0.4765625 0.35498046875 0.060546875 0.0615234375
0 0.46875 0.46142578125 0.09765625 0.0986328125
0 0.46875 0.57080078125 0.09765625 0.0986328125
0 0.47119140625 0.6875 0.1220703125 0.123046875
0 0.46923828125 0.802734375 0.1220703125 0.123046875
0 0.56591796875 0.4091796875 0.0849609375 0.0859375
0 0.5615234375 0.51708984375 0.09765625 0.0986328125
0 0.56494140625 0.63134765625 0.1220703125 0.1220703125
0 0.5693359375 0.73876953125 0.09765625 0.0986328125
0 0.56396484375 0.849609375 0.1220703125 0.123046875
0 0.658203125 0.35595703125 0.060546875 0.0615234375
0 0.6611328125 0.46533203125 0.09765625 0.0986328125
0 0.65625 0.57763671875 0.09765625 0.0986328125
0 0.6572265625 0.68896484375 0.09765625 0.0986328125
0 0.6611328125 0.79052734375 0.09765625 0.0986328125
0 0.75 0.412109375 0.0859375 0.0859375
0 0.7509765625 0.51611328125 0.09765625 0.0986328125
0 0.7529296875 0.62939453125 0.09765625 0.0986328125
0 0.75 0.74267578125 0.09765625 0.0986328125
0 0.75048828125 0.85693359375 0.1220703125 0.1220703125
0 0.84814453125 0.36328125 0.0361328125 0.037109375
0 0.8486328125 0.4619140625 0.09765625 0.09765625
0 0.84765625 0.57080078125 0.109375 0.1103515625
0 0.84521484375 0.69140625 0.1220703125 0.123046875
0 0.8505859375 0.80126953125 0.109375 0.1103515625
0 0.8447265625 0.91064453125 0.09765625 0.0986328125
0 0.94384765625 0.4208984375 0.0849609375 0.0859375
0 0.94140625 0.5185546875 0.09765625 0.09765625
0 0.93994140625 0.634765625 0.1103515625 0.111328125
0 0.93603515625 0.7470703125 0.1220703125 0.123046875
0 0.9384765625 0.84912109375 0.109375 0.1103515625
0 0.65966796875 0.90478515625 0.1220703125 0.1220703125
0 0.46923828125 0.90234375 0.1220703125 0.123046875
0 0.28515625 0.89453125 0.09765625 0.09765625
0 0.08642578125 0.912109375 0.1103515625 0.111328125