0 0.2021484375 0.25927734375 0.109375 0.1103515625
0 0.876953125 0.09619140625 0.09765625 0.0986328125
0 0.8779296875 0.20361328125 0.09765625 0.0986328125
0 0.875 0.31494140625 0.09765625 0.0986328125
0 0.77490234375 0.14990234375 0.1103515625 0.1103515625
0 0.77099609375 0.25732421875 0.1103515625 0.1103515625
0 0.67333984375 0.09814453125 0.1103515625 0.1103515625
0 0.67919921875 0.21240234375 0.1103515625 0.1103515625
0 0.6787109375 0.3212890625 0.109375 0.111328125
0 0.58203125 0.1513671875 0.09765625 0.09765625
0 0.5859375 0.267578125 0.09765625 0.09765625
0 0.490234375 0.0927734375 0.109375 0.111328125
0 0.4921875 0.20703125 0.109375 0.111328125
0 0.48681640625 0.306640625 0.1103515625 0.111328125
0 0.38916015625 0.1513671875 0.1103515625 0.111328125
0 0.39404296875 0.25830078125 0.1103515625 0.1103515625
0 0.29833984375 0.10205078125 0.1103515625 0.1103515625
0 0.302734375 0.20654296875 0.109375 0.1103515625
0 0.2001953125 0.15185546875 0.109375 0.1103515625
0 0.1025390625 0.09912109375 0.109375 0.1103515625
0 0.1064453125 0.20361328125 0.109375 0.1103515625
0 0.109375 0.31689453125 0.048828125 0.0498046875
0 0.201171875 0.37158203125 0.048828125 0.0498046875
0 0.2958984375 0.3095703125 0.048828125 0.048828125
0 0.1064453125 0.42919921875 0.109375 0.1103515625
0 0.203125 0.478515625 0.109375 0.111328125
0 0.3056640625 0.537109375 0.0859375 0.0859375
0 0.29931640625 0.4248046875 0.0849609375 0.0859375
0 0.39599609375 0.3759765625 0.0849609375 0.0859375
0 0.39306640625 0.482421875 0.0849609375 0.0859375
0 0.400390625 0.58984375 0.09765625 0.09765625
0 0.3955078125 0.6943359375 0.09765625 0.09765625
0 0.390625 0.81103515625 0.09765625 0.0986328125
0 0.48974609375 0.42431640625 0.0732421875 0.0732421875
0 0.49267578125 0.5361328125 0.0849609375 0.0859375
0 0.49169921875 0.7529296875 0.0732421875 0.07421875
0 0.578125 0.37060546875 0.09765625 0.0986328125
0 0.583984375 0.47998046875 0.09765625 0.0986328125
0 0.5791015625 0.59521484375 0.09765625 0.0986328125
0 0.5888671875 0.7060546875 0.09765625 0.09765625
0 0.5908203125 0.81640625 0.09765625 0.09765625
0 0.68115234375 0.42529296875 0.1103515625 0.1103515625
0 0.68212890625 0.53955078125 0.1103515625 0.1103515625
0 0.6767578125 0.64599609375 0.109375 0.1103515625
0 0.67578125 0.76416015625 0.109375 0.1103515625
0 0.6767578125 0.8720703125 0.109375 0.111328125
0 0.77587890625 0.37451171875 0.1103515625 0.1103515625
0 0.77294921875 0.48583984375 0.1103515625 0.1103515625
0 0.76708984375 0.59423828125 0.1103515625 0.1103515625
0 0.77490234375 0.70654296875 0.1103515625 0.1103515625
0 0.7763671875 0.81494140625 0.109375 0.1103515625
0 0.876953125 0.42724609375 0.109375 0.1103515625
0 0.876953125 0.53564453125 0.09765625 0.0986328125
0 0.87255859375 0.64794921875 0.1103515625 0.1103515625
0 0.87548828125 0.75927734375 0.1103515625 0.1103515625
0 0.87451171875 0.87451171875 0.1103515625 0.1103515625
0 0.765625 0.92724609375 0.109375 0.1103515625
0 0.57958984375 0.9423828125 0.1103515625 0.111328125
0 0.49072265625 0.8837890625 0.0849609375 0.0859375
0 0.3984375 0.91943359375 0.09765625 0.0986328125