0 0.56884765625 0.0986328125 0.0732421875 0.07421875
0 0.67431640625 0.40283203125 0.0732421875 0.0732421875
0 0.37841796875 0.67578125 0.0732421875 0.07421875
0 0.38232421875 0.32568359375 0.0732421875 0.0732421875
0 0.57177734375 0.4521484375 0.0732421875 0.07421875
0 0.65966796875 0.59814453125 0.0732421875 0.0732421875
0 0.47802734375 0.50537109375 0.0732421875 0.0732421875
0 0.74560546875 0.68017578125 0.0732421875 0.0732421875
0 0.74267578125 0.783203125 0.0732421875 0.07421875
0 0.853515625 0.61376953125 0.09765625 0.0986328125
0 0.5693359375 0.65625 0.0859375 0.0859375
0 0.5576171875 0.76953125 0.0859375 0.0859375
0 0.6689453125 0.71142578125 0.0859375 0.0869140625
0 0.66748046875 0.8232421875 0.0849609375 0.0859375
0 0.7373046875 0.8740234375 0.0859375 0.0859375
0 0.56396484375 0.90283203125 0.1103515625 0.1103515625
0 0.3779296875 0.9091796875 0.0859375 0.0859375
0 0.2783203125 0.61572265625 0.09765625 0.0986328125
0 0.27587890625 0.73193359375 0.1103515625 0.1103515625
0 0.177734375 0.77880859375 0.09765625 0.0986328125
0 0.18701171875 0.67041015625 0.1103515625 0.1103515625
0 0.0888671875 0.71337890625 0.109375 0.1103515625
0 0.0869140625 0.939453125 0.0859375 0.0859375
0 0.08837890625 0.8251953125 0.0849609375 0.0859375
0 0.1826171875 0.8955078125 0.0859375 0.0859375
0 0.27685546875 0.953125 0.0849609375 0.0859375
0 0.28125 0.8427734375 0.0859375 0.0859375
0 0.46728515625 0.7177734375 0.0849609375 0.0859375
0 0.4658203125 0.84375 0.0859375 0.0859375
0 0.46435546875 0.9541015625 0.0849609375 0.0859375
0 0.38037109375 0.7890625 0.0849609375 0.0859375
0 0.67431640625 0.49658203125 0.0732421875 0.0732421875
0 0.56982421875 0.5615234375 0.0732421875 0.07421875
0 0.67578125 0.2001953125 0.0859375 0.0859375
0 0.091796875 0.16552734375 0.109375 0.1103515625
0 0.09423828125 0.2705078125 0.0849609375 0.0859375
0 0.0966796875 0.3603515625 0.0859375 0.0859375
0 0.091796875 0.49365234375 0.09765625 0.0986328125
0 0.1923828125 0.55859375 0.109375 0.111328125
0 0.0927734375 0.60546875 0.0859375 0.0859375
0 0.1884765625 0.43359375 0.0859375 0.0859375
0 0.1884765625 0.34130859375 0.09765625 0.0986328125
0 0.1875 0.22021484375 0.09765625 0.0986328125
0 0.19287109375 0.1162109375 0.0849609375 0.0859375
0 0.2841796875 0.0498046875 0.09765625 0.09765625
0 0.287109375 0.18505859375 0.09765625 0.0986328125
0 0.28515625 0.27392578125 0.09765625 0.0986328125
0 0.2763671875 0.39111328125 0.109375 0.1103515625
0 0.27734375 0.50244140625 0.109375 0.1103515625
0 0.376953125 0.5634765625 0.0859375 0.0859375
0 0.3837890625 0.4482421875 0.0859375 0.0859375
0 0.38134765625 0.220703125 0.0849609375 0.0859375
0 0.3759765625 0.08544921875 0.09765625 0.0986328125
0 0.47314453125 0.142578125 0.0849609375 0.0859375
0 0.47265625 0.27392578125 0.09765625 0.0986328125
0 0.4736328125 0.3896484375 0.09765625 0.09765625
0 0.5712890625 0.33251953125 0.109375 0.1103515625
0 0.5673828125 0.21435546875 0.09765625 0.0986328125
0 0.8544921875 0.287109375 0.048828125 0.048828125
0 0.85400390625 0.388671875 0.0849609375 0.0859375
0 0.8564453125 0.50439453125 0.0859375 0.0869140625
0 0.9384765625 0.11962890625 0.109375 0.1103515625
0 0.84814453125 0.06103515625 0.1103515625 0.1103515625
0 0.84521484375 0.17529296875 0.1103515625 0.1103515625
0 0.75390625 0.119140625 0.109375 0.111328125
0 0.66455078125 0.08935546875 0.1103515625 0.1103515625
0 0.7587890625 0.22607421875 0.109375 0.1103515625
0 0.7587890625 0.333984375 0.0859375 0.0859375
0 0.7529296875 0.5673828125 0.0859375 0.0859375