0 0.939453125 0.90234375 0.09765625 0.09765625
0 0.9423828125 0.7998046875 0.09765625 0.09765625
0 0.94140625 0.68896484375 0.09765625 0.0986328125
0 0.8466796875 0.74560546875 0.09765625 0.0986328125
0 0.83984375 0.853515625 0.109375 0.111328125
0 0.755859375 0.896484375 0.109375 0.111328125
0 0.75341796875 0.78857421875 0.1103515625 0.1103515625
0 0.75732421875 0.677734375 0.1103515625 0.111328125
0 0.65771484375 0.740234375 0.1103515625 0.111328125
0 0.65380859375 0.85107421875 0.1103515625 0.1103515625
0 0.5595703125 0.89990234375 0.109375 0.1103515625
0 0.56591796875 0.78955078125 0.1103515625 0.1103515625
0 0.5634765625 0.69287109375 0.109375 0.1103515625
0 0.4716796875 0.7294921875 0.109375 0.111328125
0 0.4677734375 0.83642578125 0.09765625 0.0986328125
0 0.466796875 0.9443359375 0.09765625 0.09765625
0 0.3681640625 0.89599609375 0.109375 0.1103515625
0 0.3720703125 0.77880859375 0.09765625 0.0986328125
0 0.37744140625 0.67333984375 0.1103515625 0.1103515625
0 0.27783203125 0.73291015625 0.1103515625 0.1103515625
0 0.2802734375 0.84521484375 0.109375 0.1103515625
0 0.18212890625 0.890625 0.1103515625 0.111328125
0 0.19140625 0.67041015625 0.109375 0.1103515625
0 0.1845703125 0.77880859375 0.109375 0.1103515625
0 0.08544921875 0.72900390625 0.1103515625 0.1103515625
0 0.08642578125 0.83056640625 0.1103515625 0.1103515625
0 0.95263671875 0.36767578125 0.0615234375 0.0615234375
0 0.94873046875 0.46044921875 0.0849609375 0.0869140625
0 0.85888671875 0.0986328125 0.0849609375 0.0859375
0 0.8544921875 0.2001953125 0.0859375 0.0859375
0 0.85205078125 0.3134765625 0.0849609375 0.0859375
0 0.859375 0.42626953125 0.09765625 0.0986328125
0 0.76025390625 0.0517578125 0.0849609375 0.0859375
0 0.765625 0.15234375 0.0859375 0.0859375
0 0.76171875 0.244140625 0.0859375 0.0859375
0 0.76123046875 0.3583984375 0.0849609375 0.0859375
0 0.755859375 0.46923828125 0.09765625 0.0986328125
0 0.67138671875 0.0869140625 0.1103515625 0.111328125
0 0.662109375 0.20263671875 0.109375 0.1103515625
0 0.669921875 0.31201171875 0.109375 0.1103515625
0 0.6591796875 0.419921875 0.109375 0.111328125
0 0.56640625 0.14794921875 0.109375 0.1103515625
0 0.5703125 0.248046875 0.09765625 0.09765625
0 0.5712890625 0.36279296875 0.09765625 0.0986328125
0 0.56640625 0.4765625 0.0859375 0.0859375
0 0.478515625 0.09423828125 0.09765625 0.0986328125
0 0.474609375 0.20263671875 0.09765625 0.0986328125
0 0.47998046875 0.30908203125 0.0849609375 0.0869140625
0 0.478515625 0.41552734375 0.109375 0.1103515625
0 0.380859375 0.14404296875 0.09765625 0.0986328125
0 0.3779296875 0.25048828125 0.09765625 0.0986328125
0 0.3828125 0.3701171875 0.09765625 0.09765625
0 0.37744140625 0.4765625 0.0849609375 0.0859375
0 0.28369140625 0.12109375 0.0849609375 0.0859375
0 0.28076171875 0.20703125 0.0849609375 0.0859375
0 0.2822265625 0.31005859375 0.109375 0.1103515625
0 0.28857421875 0.4248046875 0.1220703125 0.123046875
0 0.1982421875 0.14892578125 0.09765625 0.0986328125
0 0.18896484375 0.25927734375 0.1103515625 0.1103515625
0 0.18896484375 0.35791015625 0.1103515625 0.1103515625
0 0.18505859375 0.46240234375 0.1103515625 0.1103515625
0 0.0986328125 0.08349609375 0.09765625 0.0986328125
0 0.09619140625 0.2021484375 0.0849609375 0.0859375
0 0.0947265625 0.31005859375 0.09765625 0.0986328125
0 0.095703125 0.41162109375 0.109375 0.1103515625