0 0.74853515625 0.6103515625 0.0732421875 0.07421875
0 0.0927734375 0.12060546875 0.09765625 0.0986328125
0 0.08349609375 0.21826171875 0.1103515625 0.1103515625
0 0.08203125 0.33251953125 0.09765625 0.0986328125
0 0.08544921875 0.45458984375 0.1103515625 0.1103515625
0 0.08447265625 0.55224609375 0.1103515625 0.1103515625
0 0.1826171875 0.5966796875 0.0859375 0.0859375
0 0.1787109375 0.4873046875 0.0859375 0.0859375
0 0.17724609375 0.392578125 0.0849609375 0.0859375
0 0.17626953125 0.2763671875 0.0849609375 0.0859375
0 0.173828125 0.1689453125 0.0859375 0.0859375
0 0.1689453125 0.0517578125 0.0859375 0.0859375
0 0.2783203125 0.11279296875 0.09765625 0.0986328125
0 0.2783203125 0.22265625 0.0859375 0.0859375
0 0.27734375 0.330078125 0.09765625 0.09765625
0 0.2705078125 0.455078125 0.109375 0.111328125
0 0.265625 0.53564453125 0.09765625 0.0986328125
0 0.35546875 0.595703125 0.0859375 0.0859375
0 0.37109375 0.48876953125 0.09765625 0.0986328125
0 0.369140625 0.38134765625 0.09765625 0.0986328125
0 0.3662109375 0.2744140625 0.09765625 0.09765625
0 0.3662109375 0.1533203125 0.09765625 0.09765625
0 0.462890625 0.658203125 0.09765625 0.09765625
0 0.4599609375 0.544921875 0.09765625 0.09765625
0 0.4619140625 0.44384765625 0.09765625 0.0986328125
0 0.4658203125 0.3359375 0.0859375 0.0859375
0 0.458984375 0.2158203125 0.09765625 0.09765625
0 0.4619140625 0.09765625 0.109375 0.111328125
0 0.5595703125 0.05322265625 0.09765625 0.0986328125
0 0.55859375 0.171875 0.09765625 0.09765625
0 0.5625 0.7060546875 0.0859375 0.0859375
0 0.56103515625 0.607421875 0.0849609375 0.0859375
0 0.55859375 0.4931640625 0.0859375 0.0859375
0 0.5576171875 0.3837890625 0.0859375 0.0859375
0 0.5576171875 0.28125 0.0859375 0.0859375
0 0.65673828125 0.6650390625 0.0849609375 0.0859375
0 0.66064453125 0.5625 0.0849609375 0.0859375
0 0.66064453125 0.447265625 0.0849609375 0.0859375
0 0.662109375 0.33837890625 0.109375 0.1103515625
0 0.66357421875 0.2314453125 0.0849609375 0.0859375
0 0.6650390625 0.11181640625 0.09765625 0.0986328125
0 0.75537109375 0.06005859375 0.1103515625 0.1103515625
0 0.75537109375 0.16845703125 0.1103515625 0.1103515625
0 0.75634765625 0.28369140625 0.1103515625 0.1103515625
0 0.75537109375 0.39599609375 0.1103515625 0.1103515625
0 0.75390625 0.5078125 0.09765625 0.09765625
0 0.8427734375 0.5712890625 0.0859375 0.0859375
0 0.8583984375 0.44384765625 0.09765625 0.0986328125
0 0.8525390625 0.33447265625 0.09765625 0.0986328125
0 0.85595703125 0.22509765625 0.1103515625 0.1103515625
0 0.849609375 0.11376953125 0.109375 0.1103515625
0 0.94140625 0.0849609375 0.09765625 0.09765625
0 0.9443359375 0.18408203125 0.09765625 0.0986328125
0 0.9443359375 0.27392578125 0.09765625 0.0986328125
0 0.9384765625 0.39697265625 0.09765625 0.0986328125
0 0.087890625 0.7783203125 0.09765625 0.09765625
0 0.0849609375 0.673828125 0.0859375 0.0859375
0 0.17626953125 0.71875 0.0849609375 0.0859375
0 0.17919921875 0.8388671875 0.0849609375 0.0859375
0 0.26953125 0.88671875 0.09765625 0.09765625
0 0.26953125 0.7763671875 0.09765625 0.09765625
0 0.2705078125 0.6640625 0.09765625 0.09765625
0 0.36328125 0.71728515625 0.09765625 0.0986328125
0 0.359375 0.830078125 0.09765625 0.09765625
0 0.36474609375 0.9365234375 0.0849609375 0.0859375
0 0.4619140625 0.892578125 0.09765625 0.09765625
0 0.46875 0.77490234375 0.09765625 0.0986328125
0 0.56103515625 0.802734375 0.0849609375 0.0859375
0 0.75439453125 0.94287109375 0.1103515625 0.1103515625
0 0.849609375 0.88916015625 0.09765625 0.0986328125
0 0.92822265625 0.8486328125 0.0849609375 0.0859375