0 0.103515625 0.38232421875 0.09765625 0.0986328125
0 0.1103515625 0.2744140625 0.109375 0.111328125
0 0.10546875 0.16748046875 0.09765625 0.0986328125
0 0.11181640625 0.06884765625 0.1103515625 0.1103515625
0 0.20068359375 0.13037109375 0.1103515625 0.1103515625
0 0.1943359375 0.2314453125 0.109375 0.111328125
0 0.19677734375 0.33935546875 0.1103515625 0.1103515625
0 0.19287109375 0.4501953125 0.1103515625 0.111328125
0 0.29248046875 0.3876953125 0.1103515625 0.111328125
0 0.29638671875 0.27685546875 0.1103515625 0.1103515625
0 0.29248046875 0.18359375 0.1103515625 0.111328125
0 0.29931640625 0.06787109375 0.1103515625 0.1103515625
0 0.39111328125 0.125 0.1103515625 0.111328125
0 0.390625 0.22802734375 0.109375 0.1103515625
0 0.38427734375 0.33837890625 0.1103515625 0.1103515625
0 0.38671875 0.43505859375 0.109375 0.1103515625
0 0.478515625 0.3984375 0.109375 0.111328125
0 0.482421875 0.29150390625 0.09765625 0.0986328125
0 0.4833984375 0.18359375 0.09765625 0.09765625
0 0.48388671875 0.07080078125 0.1103515625 0.1103515625
0 0.5830078125 0.12255859375 0.09765625 0.0986328125
0 0.58203125 0.23193359375 0.109375 0.1103515625
0 0.578125 0.34912109375 0.09765625 0.0986328125
0 0.57275390625 0.45458984375 0.1103515625 0.1103515625
0 0.67236328125 0.39501953125 0.1103515625 0.1103515625
0 0.669921875 0.28271484375 0.109375 0.1103515625
0 0.66748046875 0.1826171875 0.1103515625 0.111328125
0 0.673828125 0.06787109375 0.109375 0.1103515625
0 0.76953125 0.126953125 0.09765625 0.09765625
0 0.76806640625 0.2373046875 0.1103515625 0.111328125
0 0.7587890625 0.45751953125 0.109375 0.1103515625
0 0.765625 0.34912109375 0.109375 0.1103515625
0 0.86474609375 0.39892578125 0.1103515625 0.1103515625
0 0.86376953125 0.29736328125 0.1103515625 0.1103515625
0 0.8701171875 0.17529296875 0.109375 0.1103515625
0 0.87060546875 0.07080078125 0.1103515625 0.1103515625
0 0.095703125 0.927734375 0.0859375 0.0859375
0 0.09814453125 0.814453125 0.0849609375 0.0859375
0 0.0908203125 0.70166015625 0.09765625 0.0986328125
0 0.1884765625 0.8837890625 0.0859375 0.0859375
0 0.18896484375 0.76953125 0.0849609375 0.0859375
0 0.1943359375 0.65869140625 0.09765625 0.0986328125
0 0.2880859375 0.92529296875 0.109375 0.1103515625
0 0.2802734375 0.81591796875 0.109375 0.1103515625
0 0.291015625 0.7080078125 0.109375 0.111328125
0 0.3798828125 0.8798828125 0.09765625 0.09765625
0 0.37890625 0.76513671875 0.09765625 0.0986328125
0 0.3837890625 0.6513671875 0.0859375 0.0859375
0 0.4755859375 0.92529296875 0.09765625 0.0986328125
0 0.47021484375 0.81884765625 0.0849609375 0.0869140625
0 0.4716796875 0.71240234375 0.109375 0.1103515625
0 0.572265625 0.87744140625 0.09765625 0.0986328125
0 0.5673828125 0.7578125 0.09765625 0.09765625
0 0.57275390625 0.6513671875 0.0849609375 0.0859375
0 0.66943359375 0.9208984375 0.0849609375 0.0859375
0 0.66796875 0.81787109375 0.109375 0.1103515625
0 0.66162109375 0.703125 0.1220703125 0.123046875
0 0.76123046875 0.86865234375 0.1103515625 0.1103515625
0 0.76123046875 0.77001953125 0.1103515625 0.1103515625
0 0.76513671875 0.66552734375 0.1103515625 0.1103515625
0 0.85400390625 0.92578125 0.0849609375 0.0859375
0 0.85546875 0.81787109375 0.09765625 0.0986328125
0 0.8544921875 0.71630859375 0.109375 0.1103515625