0 0.0966796875 0.12744140625 0.060546875 0.0615234375
0 0.099609375 0.23681640625 0.09765625 0.0986328125
0 0.0947265625 0.34912109375 0.09765625 0.0986328125
0 0.095703125 0.46044921875 0.09765625 0.0986328125
0 0.099609375 0.56201171875 0.09765625 0.0986328125
0 0.1884765625 0.18359375 0.0859375 0.0859375
0 0.189453125 0.28759765625 0.09765625 0.0986328125
0 0.19140625 0.40087890625 0.09765625 0.0986328125
0 0.1884765625 0.51416015625 0.09765625 0.0986328125
0 0.18896484375 0.62841796875 0.1220703125 0.1220703125
0 0.28662109375 0.134765625 0.0361328125 0.037109375
0 0.287109375 0.2333984375 0.09765625 0.09765625
0 0.2861328125 0.34228515625 0.109375 0.1103515625
0 0.28369140625 0.462890625 0.1220703125 0.123046875
0 0.2890625 0.57275390625 0.109375 0.1103515625
0 0.283203125 0.68212890625 0.09765625 0.0986328125
0 0.38232421875 0.1923828125 0.0849609375 0.0859375
0 0.3798828125 0.2900390625 0.09765625 0.09765625
0 0.37841796875 0.40625 0.1103515625 0.111328125
0 0.37451171875 0.5185546875 0.1220703125 0.123046875
0 0.376953125 0.62060546875 0.109375 0.1103515625
0 0.482421875 0.13916015625 0.060546875 0.0615234375
0 0.474609375 0.2373046875 0.0859375 0.0859375
0 0.47607421875 0.3486328125 0.1103515625 0.111328125
0 0.46826171875 0.4619140625 0.1220703125 0.123046875
0 0.46826171875 0.56982421875 0.1103515625 0.1103515625
0 0.5712890625 0.1875 0.0859375 0.0859375
0 0.5634765625 0.29736328125 0.09765625 0.0986328125
0 0.5732421875 0.40771484375 0.109375 0.1103515625
0 0.57080078125 0.51953125 0.1220703125 0.123046875
0 0.56982421875 0.63134765625 0.0615234375 0.0615234375
0 0.47314453125 0.68408203125 0.1103515625 0.1103515625
0 0.66845703125 0.14599609375 0.0615234375 0.0615234375
0 0.6650390625 0.23974609375 0.09765625 0.0986328125
0 0.66943359375 0.3544921875 0.1220703125 0.123046875
0 0.662109375 0.46337890625 0.109375 0.1103515625
0 0.66552734375 0.578125 0.1220703125 0.123046875
0 0.66796875 0.6845703125 0.109375 0.111328125
0 0.7626953125 0.18896484375 0.09765625 0.0986328125
0 0.75830078125 0.29833984375 0.1103515625 0.1103515625
0 0.75048828125 0.40234375 0.1220703125 0.123046875
0 0.75927734375 0.52490234375 0.1103515625 0.1103515625
0 0.76025390625 0.6279296875 0.1220703125 0.123046875
0 0.8525390625 0.15625 0.048828125 0.048828125
0 0.849609375 0.24169921875 0.09765625 0.0986328125
0 0.84912109375 0.35693359375 0.1220703125 0.1220703125
0 0.85302734375 0.462890625 0.1220703125 0.123046875
0 0.85205078125 0.57958984375 0.1103515625 0.1103515625
0 0.84814453125 0.6826171875 0.1220703125 0.123046875
0 0.93798828125 0.18896484375 0.0732421875 0.0732421875
0 0.9423828125 0.30126953125 0.109375 0.1103515625
0 0.943359375 0.41064453125 0.109375 0.1103515625
0 0.943359375 0.5185546875 0.0859375 0.0859375
0 0.93701171875 0.73779296875 0.1103515625 0.1103515625
0 0.9453125 0.84912109375 0.09765625 0.0986328125
0 0.8486328125 0.79443359375 0.09765625 0.0986328125
0 0.8505859375 0.900390625 0.09765625 0.09765625
0 0.75634765625 0.7392578125 0.1220703125 0.123046875
0 0.755859375 0.8505859375 0.09765625 0.09765625
0 0.658203125 0.7958984375 0.09765625 0.09765625
0 0.6650390625 0.90625 0.09765625 0.09765625
0 0.57275390625 0.734375 0.1103515625 0.111328125
0 0.568359375 0.849609375 0.09765625 0.09765625
0 0.56689453125 0.9501953125 0.0732421875 0.07421875
0 0.4716796875 0.79541015625 0.109375 0.1103515625
0 0.4716796875 0.90087890625 0.09765625 0.0986328125
0 0.37890625 0.73095703125 0.109375 0.1103515625
0 0.38330078125 0.84521484375 0.1103515625 0.1103515625
0 0.287109375 0.79345703125 0.09765625 0.0986328125
0 0.28125 0.90185546875 0.09765625 0.0986328125
0 0.197265625 0.73193359375 0.09765625 0.0986328125
0 0.1884765625 0.84326171875 0.0859375 0.0869140625
0 0.185546875 0.9521484375 0.0859375 0.0859375
0 0.09814453125 0.67626953125 0.1220703125 0.1220703125
0 0.09814453125 0.78662109375 0.1220703125 0.1220703125
0 0.0966796875 0.89599609375 0.09765625 0.0986328125