0 0.39306640625 0.171875 0.0732421875 0.07421875
0 0.48095703125 0.1123046875 0.0732421875 0.07421875
0 0.20458984375 0.67626953125 0.0732421875 0.0732421875
0 0.78369140625 0.56005859375 0.0732421875 0.0732421875
0 0.68896484375 0.517578125 0.0732421875 0.07421875
0 0.8681640625 0.10986328125 0.09765625 0.0986328125
0 0.869140625 0.22900390625 0.09765625 0.0986328125
0 0.87353515625 0.3310546875 0.0732421875 0.07421875
0 0.77734375 0.06005859375 0.09765625 0.0986328125
0 0.7763671875 0.17431640625 0.09765625 0.0986328125
0 0.7763671875 0.279296875 0.0859375 0.0859375
0 0.6767578125 0.11669921875 0.09765625 0.0986328125
0 0.68310546875 0.220703125 0.0849609375 0.0859375
0 0.6796875 0.328125 0.09765625 0.09765625
0 0.57958984375 0.0556640625 0.0849609375 0.0859375
0 0.58154296875 0.1650390625 0.0849609375 0.0859375
0 0.587890625 0.279296875 0.09765625 0.09765625
0 0.48779296875 0.21875 0.0732421875 0.07421875
0 0.4833984375 0.32275390625 0.060546875 0.0615234375
0 0.3994140625 0.0556640625 0.0859375 0.0859375
0 0.20068359375 0.05078125 0.0849609375 0.0859375
0 0.3046875 0.09765625 0.09765625 0.09765625
0 0.39404296875 0.2587890625 0.0732421875 0.07421875
0 0.30078125 0.212890625 0.09765625 0.09765625
0 0.29443359375 0.306640625 0.0732421875 0.07421875
0 0.20654296875 0.1669921875 0.0849609375 0.0859375
0 0.20654296875 0.26611328125 0.0732421875 0.0732421875
0 0.1044921875 0.22900390625 0.09765625 0.0986328125
0 0.1103515625 0.115234375 0.0859375 0.0859375
0 0.10107421875 0.48681640625 0.0732421875 0.0732421875
0 0.10400390625 0.61376953125 0.0732421875 0.0732421875
0 0.10986328125 0.74072265625 0.0732421875 0.0732421875
0 0.1103515625 0.84033203125 0.109375 0.1103515625
0 0.19873046875 0.556640625 0.1220703125 0.123046875
0 0.20458984375 0.787109375 0.0849609375 0.0859375
0 0.20263671875 0.89892578125 0.1103515625 0.1103515625
0 0.30078125 0.50927734375 0.09765625 0.0986328125
0 0.30322265625 0.6162109375 0.1220703125 0.123046875
0 0.3056640625 0.72900390625 0.109375 0.1103515625
0 0.29296875 0.84228515625 0.109375 0.1103515625
0 0.39697265625 0.4814453125 0.0849609375 0.0859375
0 0.3974609375 0.564453125 0.09765625 0.09765625
0 0.39599609375 0.6845703125 0.1220703125 0.123046875
0 0.40234375 0.78076171875 0.109375 0.1103515625
0 0.4072265625 0.89697265625 0.109375 0.1103515625
0 0.48876953125 0.5068359375 0.0849609375 0.0859375
0 0.49072265625 0.619140625 0.1220703125 0.123046875
0 0.5029296875 0.8330078125 0.0859375 0.0859375
0 0.5830078125 0.5703125 0.09765625 0.09765625
0 0.59130859375 0.6767578125 0.1220703125 0.123046875
0 0.59130859375 0.7861328125 0.1103515625 0.111328125
0 0.58935546875 0.88818359375 0.1103515625 0.1103515625
0 0.6787109375 0.61279296875 0.109375 0.1103515625
0 0.68359375 0.7255859375 0.109375 0.111328125
0 0.68310546875 0.837890625 0.1220703125 0.123046875
0 0.77880859375 0.67041015625 0.1103515625 0.1103515625
0 0.78173828125 0.78125 0.1220703125 0.123046875
0 0.78076171875 0.8935546875 0.1220703125 0.123046875
0 0.87646484375 0.50927734375 0.0615234375 0.0615234375
0 0.875 0.61572265625 0.09765625 0.0986328125
0 0.8740234375 0.72802734375 0.09765625 0.0986328125
0 0.880859375 0.8212890625 0.09765625 0.09765625