0 0.52783203125 0.583984375 0.0732421875 0.07421875
0 0.61572265625 0.5244140625 0.0732421875 0.07421875
0 0.82373046875 0.9296875 0.0732421875 0.07421875
0 0.90576171875 0.25439453125 0.1103515625 0.1103515625
0 0.9111328125 0.35888671875 0.109375 0.1103515625
0 0.912109375 0.47216796875 0.09765625 0.0986328125
0 0.9111328125 0.58642578125 0.09765625 0.0986328125
0 0.9111328125 0.69140625 0.0859375 0.0859375
0 0.8095703125 0.20068359375 0.0859375 0.0869140625
0 0.8115234375 0.30908203125 0.109375 0.1103515625
0 0.8125 0.41552734375 0.09765625 0.0986328125
0 0.8115234375 0.52880859375 0.09765625 0.0986328125
0 0.81787109375 0.6328125 0.0849609375 0.0859375
0 0.814453125 0.740234375 0.09765625 0.09765625
0 0.712890625 0.24951171875 0.109375 0.1103515625
0 0.7177734375 0.36083984375 0.09765625 0.0986328125
0 0.71435546875 0.4677734375 0.0849609375 0.0859375
0 0.71630859375 0.5771484375 0.0849609375 0.0859375
0 0.72265625 0.69140625 0.09765625 0.09765625
0 0.6171875 0.18701171875 0.09765625 0.0986328125
0 0.61572265625 0.3017578125 0.0849609375 0.0859375
0 0.62158203125 0.41796875 0.0849609375 0.0859375
0 0.62255859375 0.630859375 0.0732421875 0.07421875
0 0.6181640625 0.73486328125 0.060546875 0.0615234375
0 0.90771484375 0.14453125 0.0849609375 0.0859375
0 0.810546875 0.08154296875 0.109375 0.1103515625
0 0.716796875 0.13916015625 0.109375 0.1103515625
0 0.62158203125 0.08154296875 0.1103515625 0.1103515625
0 0.5302734375 0.13916015625 0.09765625 0.0986328125
0 0.529296875 0.248046875 0.09765625 0.09765625
0 0.52734375 0.3564453125 0.09765625 0.09765625
0 0.5341796875 0.4677734375 0.0859375 0.0859375
0 0.43359375 0.0810546875 0.0859375 0.0859375
0 0.14697265625 0.125 0.0849609375 0.0859375
0 0.0546875 0.06640625 0.09765625 0.09765625
0 0.0654296875 0.2060546875 0.109375 0.111328125
0 0.0654296875 0.31005859375 0.09765625 0.0986328125
0 0.0673828125 0.41064453125 0.09765625 0.0986328125
0 0.05712890625 0.52294921875 0.1103515625 0.1103515625
0 0.1484375 0.2392578125 0.109375 0.111328125
0 0.1435546875 0.353515625 0.0859375 0.0859375
0 0.1455078125 0.4677734375 0.0859375 0.0859375
0 0.23876953125 0.06884765625 0.1103515625 0.1103515625
0 0.23779296875 0.19140625 0.1103515625 0.111328125
0 0.23828125 0.296875 0.09765625 0.09765625
0 0.2421875 0.42578125 0.09765625 0.09765625
0 0.341796875 0.12548828125 0.09765625 0.0986328125
0 0.34326171875 0.244140625 0.0849609375 0.0859375
0 0.34423828125 0.359375 0.0849609375 0.0859375
0 0.33544921875 0.462890625 0.0849609375 0.0859375
0 0.44140625 0.18408203125 0.09765625 0.0986328125
0 0.44140625 0.31103515625 0.109375 0.1103515625
0 0.439453125 0.4091796875 0.0859375 0.0859375
0 0.439453125 0.509765625 0.09765625 0.09765625
0 0.52880859375 0.6708984375 0.0732421875 0.07421875
0 0.435546875 0.625 0.09765625 0.09765625
0 0.42919921875 0.71875 0.0732421875 0.07421875
0 0.34130859375 0.5791015625 0.0849609375 0.0859375
0 0.34130859375 0.67822265625 0.0732421875 0.0732421875
0 0.2392578125 0.64111328125 0.09765625 0.0986328125
0 0.2451171875 0.52734375 0.0859375 0.0859375
0 0.1484375 0.5771484375 0.0859375 0.0859375
0 0.1455078125 0.67626953125 0.0859375 0.0869140625
0 0.056640625 0.62744140625 0.09765625 0.0986328125
0 0.05419921875 0.92529296875 0.0732421875 0.0732421875
0 0.13623046875 0.88427734375 0.0732421875 0.0732421875
0 0.14013671875 0.96044921875 0.0732421875 0.0732421875
0 0.23583984375 0.89892578125 0.0732421875 0.0732421875
0 0.435546875 0.92138671875 0.09765625 0.0986328125
0 0.53173828125 0.8935546875 0.0849609375 0.0859375
0 0.62353515625 0.9189453125 0.0849609375 0.0859375