0 0.078125 0.41748046875 0.07421875 0.0732421875
0 0.19775390625 0.4189453125 0.0615234375 0.060546875
0 0.13427734375 0.13330078125 0.1103515625 0.1103515625
0 0.25 0.13623046875 0.111328125 0.1103515625
0 0.36083984375 0.13671875 0.0986328125 0.09765625
0 0.46337890625 0.13623046875 0.1103515625 0.1103515625
0 0.58154296875 0.1376953125 0.1103515625 0.109375
0 0.68994140625 0.140625 0.1103515625 0.109375
0 0.80126953125 0.13427734375 0.0615234375 0.0615234375
0 0.89404296875 0.13818359375 0.0869140625 0.0849609375
0 0.08447265625 0.234375 0.0986328125 0.09765625
0 0.20068359375 0.22900390625 0.1103515625 0.1103515625
0 0.30224609375 0.2216796875 0.0986328125 0.09765625
0 0.42041015625 0.23193359375 0.0869140625 0.0849609375
0 0.5322265625 0.22802734375 0.0859375 0.0849609375
0 0.6337890625 0.232421875 0.0859375 0.0859375
0 0.7470703125 0.23486328125 0.0859375 0.0849609375
0 0.85986328125 0.2275390625 0.0986328125 0.09765625
0 0.13671875 0.32470703125 0.111328125 0.1103515625
0 0.24462890625 0.318359375 0.0986328125 0.09765625
0 0.4853515625 0.32666015625 0.0859375 0.0849609375
0 0.5859375 0.3212890625 0.0859375 0.0859375
0 0.677734375 0.3251953125 0.0859375 0.0859375
0 0.7919921875 0.32568359375 0.0859375 0.0849609375
0 0.90283203125 0.3310546875 0.0986328125 0.09765625
0 0.3212890625 0.4052734375 0.0859375 0.0859375
0 0.40185546875 0.4130859375 0.1103515625 0.109375
0 0.5205078125 0.41552734375 0.111328125 0.1103515625
0 0.63623046875 0.4248046875 0.1103515625 0.109375
0 0.74560546875 0.4169921875 0.1103515625 0.109375
0 0.853515625 0.427734375 0.111328125 0.109375
0 0.16650390625 0.513671875 0.0986328125 0.09765625
0 0.23828125 0.5107421875 0.0859375 0.0859375
0 0.3525390625 0.51611328125 0.111328125 0.1103515625
0 0.47705078125 0.52294921875 0.1103515625 0.1103515625
0 0.58154296875 0.5205078125 0.1103515625 0.109375
0 0.681640625 0.5166015625 0.09765625 0.09765625
0 0.79638671875 0.515625 0.0986328125 0.09765625
0 0.91015625 0.5205078125 0.0859375 0.0859375
0 0.08154296875 0.6171875 0.0986328125 0.09765625
0 0.19482421875 0.6103515625 0.0986328125 0.09765625
0 0.30810546875 0.61328125 0.0869140625 0.0859375
0 0.41357421875 0.6103515625 0.0986328125 0.09765625
0 0.52783203125 0.6083984375 0.0986328125 0.09765625
0 0.63623046875 0.6123046875 0.0986328125 0.09765625
0 0.74267578125 0.60693359375 0.0869140625 0.0849609375
0 0.84912109375 0.6083984375 0.1103515625 0.109375
0 0.13623046875 0.7021484375 0.0986328125 0.09765625
0 0.248046875 0.7060546875 0.09765625 0.09765625
0 0.3505859375 0.7060546875 0.0859375 0.0859375
0 0.46142578125 0.705078125 0.0986328125 0.09765625
0 0.57763671875 0.7060546875 0.0986328125 0.09765625
0 0.68408203125 0.708984375 0.0986328125 0.09765625
0 0.8037109375 0.7041015625 0.09765625 0.09765625
0 0.91015625 0.70947265625 0.0859375 0.0849609375
0 0.19189453125 0.8017578125 0.1103515625 0.109375
0 0.30517578125 0.794921875 0.0986328125 0.09765625
0 0.4169921875 0.80322265625 0.0859375 0.0849609375
0 0.5546875 0.80322265625 0.0859375 0.0849609375
0 0.640625 0.80615234375 0.0859375 0.0849609375
0 0.74365234375 0.8046875 0.1103515625 0.109375
0 0.8583984375 0.79833984375 0.123046875 0.1220703125
0 0.13720703125 0.89208984375 0.1103515625 0.1103515625
0 0.251953125 0.8935546875 0.111328125 0.109375
0 0.35888671875 0.892578125 0.0986328125 0.09765625
0 0.4677734375 0.896484375 0.09765625 0.09765625
0 0.58251953125 0.888671875 0.0986328125 0.09765625
0 0.69287109375 0.89794921875 0.1103515625 0.1103515625
0 0.79150390625 0.89794921875 0.1103515625 0.1103515625
0 0.89599609375 0.90185546875 0.1103515625 0.1103515625
0 0.08544921875 0.79736328125 0.1103515625 0.1103515625