0 0.06494140625 0.12451171875 0.1103515625 0.1103515625
0 0.06640625 0.244140625 0.109375 0.111328125
0 0.06494140625 0.34814453125 0.1103515625 0.1103515625
0 0.1513671875 0.40966796875 0.09765625 0.0986328125
0 0.1513671875 0.30029296875 0.109375 0.1103515625
0 0.14892578125 0.18212890625 0.1103515625 0.1103515625
0 0.154296875 0.06982421875 0.109375 0.1103515625
0 0.25390625 0.24072265625 0.09765625 0.0986328125
0 0.25 0.361328125 0.09765625 0.09765625
0 0.34521484375 0.294921875 0.0849609375 0.0859375
0 0.341796875 0.18701171875 0.109375 0.1103515625
0 0.35205078125 0.0751953125 0.1103515625 0.111328125
0 0.44140625 0.1416015625 0.09765625 0.09765625
0 0.4423828125 0.27978515625 0.09765625 0.0986328125
0 0.4423828125 0.36962890625 0.109375 0.1103515625
0 0.5341796875 0.40966796875 0.09765625 0.0986328125
0 0.5302734375 0.29248046875 0.109375 0.1103515625
0 0.52783203125 0.1806640625 0.0849609375 0.0859375
0 0.8076171875 0.359375 0.048828125 0.048828125
0 0.63232421875 0.34619140625 0.0849609375 0.0869140625
0 0.63232421875 0.25 0.0849609375 0.0859375
0 0.61962890625 0.125 0.1103515625 0.111328125
0 0.71240234375 0.10302734375 0.1103515625 0.1103515625
0 0.81201171875 0.1484375 0.0849609375 0.0859375
0 0.72021484375 0.30078125 0.0849609375 0.0859375
0 0.71875 0.1943359375 0.048828125 0.048828125
0 0.90234375 0.2978515625 0.048828125 0.048828125
0 0.8994140625 0.19140625 0.09765625 0.09765625
0 0.90869140625 0.07958984375 0.1103515625 0.1103515625
0 0.814453125 0.25146484375 0.048828125 0.0498046875
0 0.052734375 0.8603515625 0.09765625 0.09765625
0 0.1494140625 0.68896484375 0.109375 0.1103515625
0 0.1484375 0.80322265625 0.09765625 0.0986328125
0 0.1376953125 0.9189453125 0.109375 0.111328125
0 0.3212890625 0.90234375 0.09765625 0.09765625
0 0.33935546875 0.80224609375 0.1103515625 0.1103515625
0 0.34228515625 0.71630859375 0.1103515625 0.1103515625
0 0.2373046875 0.70703125 0.109375 0.111328125
0 0.24609375 0.85107421875 0.09765625 0.0986328125
0 0.43798828125 0.89208984375 0.0732421875 0.0732421875
0 0.43359375 0.78662109375 0.09765625 0.0986328125
0 0.43798828125 0.67822265625 0.1103515625 0.1103515625
0 0.521484375 0.7177734375 0.09765625 0.09765625
0 0.5166015625 0.79541015625 0.09765625 0.0986328125
0 0.7099609375 0.91162109375 0.09765625 0.0986328125
0 0.61865234375 0.77099609375 0.0732421875 0.0732421875
0 0.6123046875 0.67236328125 0.09765625 0.0986328125
0 0.796875 0.86083984375 0.109375 0.1103515625
0 0.7998046875 0.74267578125 0.09765625 0.0986328125
0 0.9091796875 0.91162109375 0.09765625 0.0986328125
0 0.89794921875 0.802734375 0.0849609375 0.0859375