0 0.15576171875 0.40087890625 0.0732421875 0.0732421875
0 0.404296875 0.21142578125 0.07421875 0.0732421875
0 0.87451171875 0.8701171875 0.0986328125 0.09765625
0 0.23974609375 0.8740234375 0.0986328125 0.09765625
0 0.35546875 0.8720703125 0.0859375 0.0859375
0 0.45947265625 0.8759765625 0.0869140625 0.0859375
0 0.572265625 0.87841796875 0.0859375 0.0849609375
0 0.67529296875 0.87353515625 0.1103515625 0.1103515625
0 0.77978515625 0.8681640625 0.0986328125 0.09765625
0 0.17724609375 0.78759765625 0.0869140625 0.0849609375
0 0.30078125 0.78515625 0.0859375 0.0859375
0 0.4140625 0.78662109375 0.0859375 0.0849609375
0 0.51318359375 0.78515625 0.0986328125 0.09765625
0 0.61962890625 0.7802734375 0.0986328125 0.09765625
0 0.73388671875 0.7763671875 0.0986328125 0.09765625
0 0.84326171875 0.783203125 0.0986328125 0.09765625
0 0.28564453125 0.4013671875 0.0869140625 0.0859375
0 0.19580078125 0.67919921875 0.1103515625 0.1103515625
0 0.28564453125 0.681640625 0.0986328125 0.09765625
0 0.35400390625 0.681640625 0.0986328125 0.09765625
0 0.46337890625 0.6962890625 0.1103515625 0.109375
0 0.56396484375 0.68994140625 0.1103515625 0.1103515625
0 0.67431640625 0.69287109375 0.1103515625 0.1103515625
0 0.7822265625 0.6865234375 0.111328125 0.109375
0 0.90576171875 0.6943359375 0.0986328125 0.09765625
0 0.85498046875 0.6015625 0.0986328125 0.09765625
0 0.73291015625 0.59814453125 0.0869140625 0.0849609375
0 0.6298828125 0.595703125 0.0859375 0.0859375
0 0.5087890625 0.591796875 0.0859375 0.0859375
0 0.3974609375 0.5927734375 0.09765625 0.09765625
0 0.29052734375 0.595703125 0.0986328125 0.09765625
0 0.18505859375 0.5947265625 0.0986328125 0.09765625
0 0.2333984375 0.49853515625 0.0859375 0.0849609375
0 0.3466796875 0.5 0.09765625 0.09765625
0 0.455078125 0.5048828125 0.0859375 0.0859375
0 0.55859375 0.4970703125 0.09765625 0.09765625
0 0.671875 0.4990234375 0.09765625 0.09765625
0 0.7802734375 0.49755859375 0.0859375 0.0849609375
0 0.90478515625 0.5107421875 0.0986328125 0.09765625
0 0.9501953125 0.6015625 0.09765625 0.09765625
0 0.83203125 0.39697265625 0.111328125 0.1103515625
0 0.7265625 0.4033203125 0.09765625 0.09765625
0 0.6162109375 0.396484375 0.09765625 0.09765625
0 0.5107421875 0.3974609375 0.09765625 0.09765625
0 0.39599609375 0.400390625 0.0986328125 0.09765625
0 0.21533203125 0.3046875 0.1103515625 0.109375
0 0.34521484375 0.30712890625 0.1103515625 0.1103515625
0 0.4599609375 0.30712890625 0.111328125 0.1103515625
0 0.57080078125 0.3046875 0.0986328125 0.09765625
0 0.67724609375 0.302734375 0.0986328125 0.09765625
0 0.77490234375 0.30224609375 0.1103515625 0.1103515625
0 0.87890625 0.30517578125 0.111328125 0.1103515625
0 0.8349609375 0.20703125 0.09765625 0.09765625
0 0.7294921875 0.21728515625 0.0859375 0.0849609375
0 0.61376953125 0.20703125 0.0986328125 0.09765625
0 0.17529296875 0.2001953125 0.0986328125 0.09765625
0 0.291015625 0.20654296875 0.0859375 0.0849609375
0 0.5107421875 0.2080078125 0.09765625 0.09765625
0 0.1923828125 0.1142578125 0.09765625 0.09765625
0 0.29248046875 0.11181640625 0.0869140625 0.0849609375
0 0.439453125 0.109375 0.09765625 0.09765625
0 0.552734375 0.1162109375 0.09765625 0.09765625
0 0.65771484375 0.1201171875 0.0986328125 0.09765625
0 0.7685546875 0.1162109375 0.09765625 0.09765625
0 0.8701171875 0.119140625 0.0859375 0.0859375