0 0.47705078125 0.92626953125 0.0732421875 0.0732421875
0 0.1015625 0.47021484375 0.09765625 0.0986328125
0 0.0966796875 0.26806640625 0.09765625 0.0986328125
0 0.099609375 0.14599609375 0.09765625 0.0986328125
0 0.1904296875 0.08642578125 0.09765625 0.0986328125
0 0.19384765625 0.1787109375 0.1103515625 0.111328125
0 0.19775390625 0.3115234375 0.1103515625 0.111328125
0 0.19091796875 0.42041015625 0.1103515625 0.1103515625
0 0.2890625 0.4716796875 0.09765625 0.09765625
0 0.29296875 0.36083984375 0.09765625 0.0986328125
0 0.29296875 0.24658203125 0.09765625 0.0986328125
0 0.2880859375 0.13818359375 0.109375 0.1103515625
0 0.3837890625 0.08251953125 0.109375 0.1103515625
0 0.3798828125 0.19482421875 0.109375 0.1103515625
0 0.375 0.30908203125 0.09765625 0.0986328125
0 0.3798828125 0.41552734375 0.09765625 0.0986328125
0 0.47021484375 0.478515625 0.0849609375 0.0859375
0 0.4755859375 0.349609375 0.0859375 0.0859375
0 0.4755859375 0.2392578125 0.0859375 0.0859375
0 0.4755859375 0.13330078125 0.09765625 0.0986328125
0 0.568359375 0.416015625 0.0859375 0.0859375
0 0.5849609375 0.30517578125 0.09765625 0.0986328125
0 0.5791015625 0.19482421875 0.109375 0.1103515625
0 0.57666015625 0.0869140625 0.0849609375 0.0859375
0 0.6708984375 0.1416015625 0.09765625 0.09765625
0 0.6650390625 0.25341796875 0.09765625 0.0986328125
0 0.65771484375 0.36376953125 0.1103515625 0.1103515625
0 0.65625 0.47705078125 0.09765625 0.0986328125
0 0.7568359375 0.40966796875 0.09765625 0.0986328125
0 0.7666015625 0.31201171875 0.09765625 0.0986328125
0 0.763671875 0.19482421875 0.109375 0.1103515625
0 0.76123046875 0.095703125 0.0849609375 0.0859375
0 0.8583984375 0.14306640625 0.09765625 0.0986328125
0 0.85546875 0.25634765625 0.09765625 0.0986328125
0 0.8486328125 0.3603515625 0.09765625 0.09765625
0 0.8525390625 0.46044921875 0.109375 0.1103515625
0 0.662109375 0.900390625 0.0859375 0.0859375
0 0.56884765625 0.955078125 0.0732421875 0.07421875
0 0.091796875 0.9169921875 0.09765625 0.09765625
0 0.283203125 0.9208984375 0.09765625 0.09765625
0 0.849609375 0.9111328125 0.109375 0.111328125
0 0.943359375 0.7578125 0.09765625 0.09765625
0 0.94287109375 0.85888671875 0.1103515625 0.1103515625
0 0.8544921875 0.80810546875 0.09765625 0.0986328125
0 0.85205078125 0.69580078125 0.1103515625 0.1103515625
0 0.85205078125 0.5732421875 0.1103515625 0.111328125
0 0.7607421875 0.6376953125 0.0859375 0.0859375
0 0.7578125 0.50390625 0.09765625 0.09765625
0 0.6650390625 0.58154296875 0.109375 0.1103515625
0 0.6640625 0.70458984375 0.09765625 0.0986328125
0 0.66357421875 0.79931640625 0.0849609375 0.0869140625
0 0.57470703125 0.87109375 0.0849609375 0.0859375
0 0.56884765625 0.74755859375 0.1103515625 0.1103515625
0 0.56982421875 0.63818359375 0.1103515625 0.1103515625
0 0.5703125 0.52783203125 0.09765625 0.0986328125
0 0.470703125 0.58642578125 0.09765625 0.0986328125
0 0.47265625 0.69677734375 0.09765625 0.0986328125
0 0.4716796875 0.80078125 0.0859375 0.0859375
0 0.3740234375 0.85888671875 0.109375 0.1103515625
0 0.376953125 0.75439453125 0.09765625 0.0986328125
0 0.376953125 0.63671875 0.0859375 0.0859375
0 0.3759765625 0.5302734375 0.0859375 0.0859375
0 0.28515625 0.57666015625 0.09765625 0.0986328125
0 0.2822265625 0.68408203125 0.09765625 0.0986328125
0 0.2880859375 0.7900390625 0.09765625 0.09765625
0 0.1953125 0.841796875 0.109375 0.111328125
0 0.19384765625 0.7412109375 0.1103515625 0.111328125
0 0.18798828125 0.65087890625 0.1103515625 0.1103515625
0 0.19384765625 0.52490234375 0.1103515625 0.1103515625
0 0.103515625 0.5771484375 0.09765625 0.09765625
0 0.103515625 0.6884765625 0.09765625 0.09765625
0 0.0966796875 0.798828125 0.0859375 0.0859375
0 0.7607421875 0.76025390625 0.109375 0.1103515625
0 0.755859375 0.85107421875 0.109375 0.1103515625