0 0.2333984375 0.953125 0.0859375 0.0859375
0 0.08154296875 0.85498046875 0.1103515625 0.1103515625
0 0.193359375 0.857421875 0.111328125 0.109375
0 0.30517578125 0.85791015625 0.1103515625 0.1103515625
0 0.4130859375 0.87109375 0.09765625 0.09765625
0 0.52001953125 0.86181640625 0.1103515625 0.1103515625
0 0.62939453125 0.86572265625 0.1103515625 0.1103515625
0 0.6748046875 0.7685546875 0.09765625 0.09765625
0 0.57080078125 0.7626953125 0.0986328125 0.09765625
0 0.46142578125 0.7646484375 0.0986328125 0.09765625
0 0.35595703125 0.767578125 0.1103515625 0.109375
0 0.23779296875 0.76220703125 0.1103515625 0.1103515625
0 0.1337890625 0.76318359375 0.111328125 0.1103515625
0 0.62255859375 0.67333984375 0.1103515625 0.1103515625
0 0.51513671875 0.6728515625 0.0986328125 0.09765625
0 0.404296875 0.6650390625 0.09765625 0.09765625
0 0.29248046875 0.671875 0.0869140625 0.0859375
0 0.18310546875 0.66796875 0.0986328125 0.09765625
0 0.07763671875 0.66748046875 0.1103515625 0.1103515625
0 0.67919921875 0.57763671875 0.1103515625 0.1103515625
0 0.576171875 0.580078125 0.111328125 0.109375
0 0.46142578125 0.576171875 0.0986328125 0.09765625
0 0.3447265625 0.57470703125 0.111328125 0.1103515625
0 0.2353515625 0.578125 0.09765625 0.09765625
0 0.11572265625 0.57958984375 0.1103515625 0.1103515625
0 0.50341796875 0.4833984375 0.1103515625 0.109375
0 0.4150390625 0.48046875 0.09765625 0.09765625
0 0.3291015625 0.48583984375 0.111328125 0.1103515625
0 0.21435546875 0.49072265625 0.1103515625 0.1103515625
0 0.08447265625 0.47265625 0.1103515625 0.109375
0 0.1328125 0.3857421875 0.111328125 0.109375
0 0.23193359375 0.3916015625 0.0986328125 0.09765625
0 0.693359375 0.40478515625 0.111328125 0.1103515625
0 0.59326171875 0.396484375 0.1103515625 0.109375
0 0.44873046875 0.396484375 0.1103515625 0.109375
0 0.35888671875 0.392578125 0.0986328125 0.09765625
0 0.63525390625 0.287109375 0.1103515625 0.109375
0 0.4072265625 0.2958984375 0.09765625 0.09765625
0 0.30078125 0.296875 0.09765625 0.09765625
0 0.1875 0.296875 0.09765625 0.09765625
0 0.07421875 0.29296875 0.09765625 0.09765625
0 0.67822265625 0.1982421875 0.0986328125 0.09765625
0 0.44384765625 0.1328125 0.0498046875 0.048828125
0 0.58447265625 0.19775390625 0.1103515625 0.1103515625
0 0.2265625 0.201171875 0.09765625 0.09765625
0 0.13720703125 0.19873046875 0.1103515625 0.1103515625
0 0.0927734375 0.10546875 0.0859375 0.0859375
0 0.19189453125 0.10546875 0.1103515625 0.109375
0 0.73876953125 0.86474609375 0.1103515625 0.1103515625
0 0.78076171875 0.76953125 0.1103515625 0.109375
0 0.73779296875 0.662109375 0.1103515625 0.109375
0 0.798828125 0.578125 0.111328125 0.109375
0 0.94482421875 0.494140625 0.0986328125 0.09765625
0 0.89306640625 0.41015625 0.1103515625 0.109375
0 0.7861328125 0.39599609375 0.111328125 0.1103515625
0 0.7431640625 0.294921875 0.111328125 0.109375
0 0.8486328125 0.29638671875 0.111328125 0.1103515625
0 0.79541015625 0.216796875 0.0986328125 0.09765625