0 0.94384765625 0.77490234375 0.0732421875 0.0732421875
0 0.84521484375 0.60595703125 0.0615234375 0.0615234375
0 0.93994140625 0.65185546875 0.0615234375 0.0615234375
0 0.66650390625 0.60791015625 0.0615234375 0.0615234375
0 0.0830078125 0.607421875 0.0859375 0.0859375
0 0.09814453125 0.724609375 0.0849609375 0.0859375
0 0.09375 0.83203125 0.0859375 0.0859375
0 0.09716796875 0.93359375 0.0849609375 0.0859375
0 0.1796875 0.6669921875 0.09765625 0.09765625
0 0.1923828125 0.7744140625 0.09765625 0.09765625
0 0.1884765625 0.88623046875 0.109375 0.1103515625
0 0.28466796875 0.720703125 0.1103515625 0.111328125
0 0.28857421875 0.830078125 0.1103515625 0.111328125
0 0.2880859375 0.94189453125 0.109375 0.1103515625
0 0.27880859375 0.6103515625 0.0849609375 0.0859375
0 0.37890625 0.66748046875 0.09765625 0.0986328125
0 0.37890625 0.7734375 0.09765625 0.09765625
0 0.3818359375 0.8818359375 0.09765625 0.09765625
0 0.474609375 0.61962890625 0.109375 0.1103515625
0 0.4775390625 0.72509765625 0.09765625 0.0986328125
0 0.4794921875 0.82861328125 0.09765625 0.0986328125
0 0.470703125 0.94140625 0.109375 0.111328125
0 0.568359375 0.66455078125 0.09765625 0.0986328125
0 0.5703125 0.76806640625 0.09765625 0.0986328125
0 0.572265625 0.88330078125 0.109375 0.1103515625
0 0.662109375 0.72119140625 0.09765625 0.0986328125
0 0.6650390625 0.82666015625 0.09765625 0.0986328125
0 0.66357421875 0.93798828125 0.1103515625 0.1103515625
0 0.7568359375 0.66064453125 0.09765625 0.0986328125
0 0.7587890625 0.77587890625 0.0859375 0.0869140625
0 0.75537109375 0.88671875 0.0849609375 0.0859375
0 0.8505859375 0.7197265625 0.0859375 0.0859375
0 0.84765625 0.830078125 0.0859375 0.0859375
0 0.85009765625 0.93896484375 0.0732421875 0.0732421875
0 0.947265625 0.89453125 0.0859375 0.0859375