0 0.4326171875 0.35791015625 0.109375 0.1103515625
0 0.91259765625 0.08642578125 0.1103515625 0.1103515625
0 0.90380859375 0.19677734375 0.1103515625 0.1103515625
0 0.90966796875 0.31103515625 0.1103515625 0.1103515625
0 0.9091796875 0.419921875 0.109375 0.111328125
0 0.8232421875 0.13671875 0.0859375 0.0859375
0 0.8125 0.25 0.09765625 0.09765625
0 0.81640625 0.3662109375 0.09765625 0.09765625
0 0.71875 0.08740234375 0.109375 0.1103515625
0 0.720703125 0.19140625 0.109375 0.111328125
0 0.72265625 0.3056640625 0.109375 0.111328125
0 0.71728515625 0.4052734375 0.1103515625 0.111328125
0 0.62255859375 0.142578125 0.1103515625 0.111328125
0 0.61962890625 0.25 0.1103515625 0.111328125
0 0.62451171875 0.35693359375 0.1103515625 0.1103515625
0 0.52490234375 0.0830078125 0.1103515625 0.111328125
0 0.52880859375 0.20068359375 0.1103515625 0.1103515625
0 0.533203125 0.30517578125 0.109375 0.1103515625
0 0.43359375 0.14404296875 0.09765625 0.0986328125
0 0.4306640625 0.25048828125 0.109375 0.1103515625
0 0.337890625 0.08642578125 0.09765625 0.0986328125
0 0.3330078125 0.19775390625 0.109375 0.1103515625
0 0.3369140625 0.30224609375 0.109375 0.1103515625
0 0.33984375 0.41552734375 0.048828125 0.0498046875
0 0.431640625 0.47021484375 0.048828125 0.0498046875
0 0.5263671875 0.408203125 0.048828125 0.048828125
0 0.24365234375 0.14599609375 0.1103515625 0.1103515625
0 0.24365234375 0.25634765625 0.1103515625 0.1103515625
0 0.24658203125 0.36865234375 0.1103515625 0.1103515625
0 0.24560546875 0.474609375 0.0849609375 0.0859375
0 0.1484375 0.08349609375 0.09765625 0.0986328125
0 0.14404296875 0.19384765625 0.1103515625 0.1103515625
0 0.1494140625 0.30517578125 0.09765625 0.0986328125
0 0.056640625 0.25244140625 0.109375 0.1103515625
0 0.0556640625 0.35693359375 0.109375 0.1103515625
0 0.05712890625 0.478515625 0.0732421875 0.07421875
0 0.0546875 0.58251953125 0.0859375 0.0869140625
0 0.14111328125 0.52783203125 0.0732421875 0.0732421875
0 0.24658203125 0.57666015625 0.1103515625 0.1103515625
0 0.3369140625 0.52783203125 0.109375 0.1103515625
0 0.43359375 0.5771484375 0.109375 0.111328125
0 0.5361328125 0.6357421875 0.0859375 0.0859375
0 0.52978515625 0.5234375 0.0849609375 0.0859375
0 0.62646484375 0.474609375 0.0849609375 0.0859375
0 0.62353515625 0.5810546875 0.0849609375 0.0859375
0 0.630859375 0.6884765625 0.09765625 0.09765625
0 0.6259765625 0.79296875 0.09765625 0.09765625
0 0.62109375 0.90966796875 0.09765625 0.0986328125
0 0.72021484375 0.52294921875 0.0732421875 0.0732421875
0 0.72314453125 0.634765625 0.0849609375 0.0859375
0 0.72216796875 0.8515625 0.0732421875 0.07421875
0 0.80859375 0.46923828125 0.09765625 0.0986328125
0 0.814453125 0.57861328125 0.09765625 0.0986328125
0 0.8095703125 0.69384765625 0.09765625 0.0986328125
0 0.8193359375 0.8046875 0.09765625 0.09765625
0 0.8212890625 0.9150390625 0.09765625 0.09765625
0 0.91162109375 0.52392578125 0.1103515625 0.1103515625
0 0.91259765625 0.63818359375 0.1103515625 0.1103515625
0 0.9072265625 0.74462890625 0.109375 0.1103515625
0 0.90625 0.86279296875 0.109375 0.1103515625