0 0.91015625 0.63330078125 0.09765625 0.0986328125
0 0.90625 0.7451171875 0.09765625 0.09765625
0 0.90625 0.84765625 0.0859375 0.0859375
0 0.810546875 0.68896484375 0.109375 0.1103515625
0 0.8173828125 0.80224609375 0.09765625 0.0986328125
0 0.80908203125 0.9140625 0.0849609375 0.0859375
0 0.72021484375 0.63427734375 0.1103515625 0.1103515625
0 0.71875 0.7490234375 0.109375 0.111328125
0 0.7197265625 0.85595703125 0.09765625 0.0986328125
0 0.63232421875 0.6904296875 0.0849609375 0.0859375
0 0.626953125 0.79931640625 0.09765625 0.0986328125
0 0.619140625 0.91650390625 0.09765625 0.0986328125
0 0.53662109375 0.63671875 0.0849609375 0.0859375
0 0.5302734375 0.75 0.09765625 0.09765625
0 0.52734375 0.85302734375 0.09765625 0.0986328125
0 0.4384765625 0.90234375 0.09765625 0.09765625
0 0.42919921875 0.79541015625 0.1103515625 0.1103515625
0 0.43310546875 0.68603515625 0.1103515625 0.1103515625
0 0.3359375 0.640625 0.09765625 0.09765625
0 0.330078125 0.74462890625 0.09765625 0.0986328125
0 0.33203125 0.85400390625 0.09765625 0.0986328125
0 0.24072265625 0.69287109375 0.1103515625 0.1103515625
0 0.240234375 0.80029296875 0.09765625 0.0986328125
0 0.232421875 0.9111328125 0.09765625 0.09765625
0 0.14501953125 0.63623046875 0.1103515625 0.1103515625
0 0.1474609375 0.7392578125 0.109375 0.111328125
0 0.1435546875 0.85400390625 0.09765625 0.0986328125
0 0.91064453125 0.40185546875 0.0615234375 0.0615234375
0 0.9140625 0.08544921875 0.09765625 0.0986328125
0 0.916015625 0.19189453125 0.09765625 0.0986328125
0 0.916015625 0.275390625 0.09765625 0.09765625
0 0.8134765625 0.22998046875 0.09765625 0.0986328125
0 0.8232421875 0.12841796875 0.109375 0.1103515625
0 0.73388671875 0.16845703125 0.1103515625 0.1103515625
0 0.63037109375 0.11669921875 0.1103515625 0.1103515625
0 0.52978515625 0.09130859375 0.1103515625 0.1103515625
0 0.9091796875 0.52001953125 0.109375 0.1103515625
0 0.81494140625 0.58251953125 0.1103515625 0.1103515625
0 0.72314453125 0.53271484375 0.1103515625 0.1103515625
0 0.8203125 0.455078125 0.0859375 0.0859375
0 0.728515625 0.41845703125 0.109375 0.1103515625
0 0.7216796875 0.34423828125 0.09765625 0.0986328125
0 0.63037109375 0.37939453125 0.1103515625 0.1103515625
0 0.6318359375 0.47509765625 0.09765625 0.0986328125
0 0.6328125 0.56494140625 0.109375 0.1103515625
0 0.529296875 0.52880859375 0.109375 0.1103515625
0 0.43212890625 0.57666015625 0.1103515625 0.1103515625
0 0.3369140625 0.53466796875 0.109375 0.1103515625
0 0.2294921875 0.57763671875 0.109375 0.1103515625
0 0.2431640625 0.24609375 0.09765625 0.09765625
0 0.43701171875 0.14599609375 0.0732421875 0.0732421875
0 0.33837890625 0.08740234375 0.1103515625 0.1103515625
0 0.33984375 0.20068359375 0.109375 0.1103515625
0 0.248046875 0.13671875 0.109375 0.111328125
0 0.15234375 0.06005859375 0.09765625 0.0986328125
0 0.1484375 0.18994140625 0.109375 0.1103515625
0 0.1484375 0.3173828125 0.09765625 0.09765625
0 0.1455078125 0.5166015625 0.109375 0.111328125
0 0.0615234375 0.37060546875 0.09765625 0.0986328125
0 0.05810546875 0.2587890625 0.1103515625 0.111328125
0 0.05908203125 0.13525390625 0.1103515625 0.1103515625