0 0.927734375 0.92236328125 0.109375 0.1103515625
0 0.92529296875 0.81982421875 0.1103515625 0.1103515625
0 0.927734375 0.7080078125 0.109375 0.111328125
0 0.92822265625 0.59619140625 0.1103515625 0.1103515625
0 0.94140625 0.48828125 0.09765625 0.09765625
0 0.93212890625 0.38134765625 0.1103515625 0.1103515625
0 0.93603515625 0.27197265625 0.1103515625 0.1103515625
0 0.8388671875 0.2265625 0.09765625 0.09765625
0 0.8330078125 0.33056640625 0.09765625 0.0986328125
0 0.8349609375 0.43994140625 0.09765625 0.0986328125
0 0.837890625 0.54541015625 0.109375 0.1103515625
0 0.83251953125 0.66357421875 0.1103515625 0.1103515625
0 0.83349609375 0.767578125 0.1103515625 0.111328125
0 0.8388671875 0.88232421875 0.09765625 0.0986328125
0 0.74365234375 0.27880859375 0.1103515625 0.1103515625
0 0.7431640625 0.38623046875 0.09765625 0.0986328125
0 0.7353515625 0.4970703125 0.09765625 0.09765625
0 0.7421875 0.60888671875 0.0859375 0.0869140625
0 0.73828125 0.71826171875 0.09765625 0.0986328125
0 0.73779296875 0.82373046875 0.1103515625 0.1103515625
0 0.64794921875 0.22216796875 0.1103515625 0.1103515625
0 0.650390625 0.3251953125 0.109375 0.111328125
0 0.646484375 0.43994140625 0.09765625 0.0986328125
0 0.64501953125 0.556640625 0.1103515625 0.111328125
0 0.6484375 0.666015625 0.09765625 0.09765625
0 0.64990234375 0.78564453125 0.1103515625 0.1103515625
0 0.6513671875 0.88037109375 0.109375 0.1103515625
0 0.5537109375 0.39794921875 0.109375 0.1103515625
0 0.55078125 0.486328125 0.09765625 0.09765625
0 0.55615234375 0.572265625 0.1103515625 0.111328125
0 0.56103515625 0.68701171875 0.1103515625 0.1103515625
0 0.54296875 0.81689453125 0.109375 0.1103515625
0 0.55029296875 0.9404296875 0.1103515625 0.111328125
0 0.44970703125 0.8818359375 0.1103515625 0.111328125
0 0.4560546875 0.7685546875 0.109375 0.111328125
0 0.4619140625 0.66943359375 0.09765625 0.0986328125
0 0.47509765625 0.2080078125 0.1103515625 0.111328125
0 0.466796875 0.30810546875 0.109375 0.1103515625
0 0.466796875 0.45263671875 0.109375 0.1103515625
0 0.462890625 0.54248046875 0.09765625 0.0986328125
0 0.357421875 0.26611328125 0.109375 0.1103515625
0 0.3662109375 0.494140625 0.09765625 0.09765625
0 0.3671875 0.6005859375 0.09765625 0.09765625
0 0.3671875 0.7138671875 0.09765625 0.09765625
0 0.36328125 0.8271484375 0.09765625 0.09765625
0 0.2685546875 0.22314453125 0.09765625 0.0986328125
0 0.203125 0.45751953125 0.048828125 0.0498046875
0 0.26806640625 0.31689453125 0.1103515625 0.1103515625
0 0.271484375 0.6748046875 0.09765625 0.09765625
0 0.26904296875 0.76416015625 0.1103515625 0.1103515625
0 0.2685546875 0.88525390625 0.09765625 0.0986328125
0 0.35498046875 0.93359375 0.1103515625 0.111328125
0 0.171875 0.92822265625 0.09765625 0.0986328125
0 0.17578125 0.80859375 0.0859375 0.0859375
0 0.17578125 0.70947265625 0.109375 0.1103515625
0 0.087890625 0.64599609375 0.09765625 0.0986328125
0 0.1005859375 0.79052734375 0.109375 0.1103515625
0 0.087890625 0.88623046875 0.109375 0.1103515625
0 0.93505859375 0.16259765625 0.1103515625 0.1103515625
0 0.83984375 0.12060546875 0.109375 0.1103515625
0 0.732421875 0.16357421875 0.109375 0.1103515625
0 0.6484375 0.1025390625 0.109375 0.111328125
0 0.46630859375 0.115234375 0.1103515625 0.111328125
0 0.365234375 0.158203125 0.109375 0.111328125
0 0.0888671875 0.1943359375 0.0859375 0.0859375
0 0.08642578125 0.1044921875 0.0849609375 0.0859375
0 0.287109375 0.10595703125 0.09765625 0.0986328125