0 0.92724609375 0.0615234375 0.1103515625 0.109375
0 0.81689453125 0.0556640625 0.1103515625 0.109375
0 0.87255859375 0.146484375 0.0986328125 0.09765625
0 0.7626953125 0.14892578125 0.0859375 0.0849609375
0 0.6494140625 0.1494140625 0.09765625 0.09765625
0 0.92529296875 0.240234375 0.0986328125 0.09765625
0 0.81298828125 0.24560546875 0.1103515625 0.1103515625
0 0.70654296875 0.23779296875 0.1103515625 0.1103515625
0 0.86669921875 0.337890625 0.0986328125 0.09765625
0 0.75048828125 0.3427734375 0.1103515625 0.109375
0 0.91748046875 0.43017578125 0.1103515625 0.1103515625
0 0.80615234375 0.4287109375 0.1103515625 0.109375
0 0.69677734375 0.4296875 0.1103515625 0.109375
0 0.86474609375 0.53076171875 0.1103515625 0.1103515625
0 0.75732421875 0.52294921875 0.1103515625 0.1103515625
0 0.921875 0.6171875 0.09765625 0.09765625
0 0.81298828125 0.6162109375 0.1103515625 0.109375
0 0.69287109375 0.6162109375 0.0986328125 0.09765625
0 0.8642578125 0.7099609375 0.111328125 0.109375
0 0.74951171875 0.7119140625 0.1103515625 0.109375
0 0.9169921875 0.81005859375 0.111328125 0.1103515625
0 0.833984375 0.81201171875 0.07421875 0.0732421875
0 0.6943359375 0.8017578125 0.09765625 0.09765625
0 0.8671875 0.9013671875 0.09765625 0.09765625
0 0.7578125 0.8984375 0.09765625 0.09765625
0 0.6630859375 0.89794921875 0.111328125 0.1103515625
0 0.54248046875 0.908203125 0.0986328125 0.09765625
0 0.42236328125 0.8984375 0.0615234375 0.060546875
0 0.32373046875 0.900390625 0.1103515625 0.109375
0 0.20458984375 0.8984375 0.1103515625 0.109375
0 0.59228515625 0.80859375 0.0986328125 0.09765625
0 0.47607421875 0.8125 0.0986328125 0.09765625
0 0.37060546875 0.8046875 0.0986328125 0.09765625
0 0.26220703125 0.8046875 0.0986328125 0.09765625
0 0.64599609375 0.7109375 0.0986328125 0.09765625
0 0.53662109375 0.7119140625 0.0986328125 0.09765625
0 0.42041015625 0.71240234375 0.0732421875 0.0732421875
0 0.31591796875 0.7138671875 0.0986328125 0.09765625
0 0.20263671875 0.7119140625 0.0986328125 0.09765625
0 0.58642578125 0.62158203125 0.1103515625 0.1103515625
0 0.48876953125 0.6142578125 0.0986328125 0.09765625
0 0.35888671875 0.611328125 0.0986328125 0.09765625
0 0.25341796875 0.6171875 0.1103515625 0.109375
0 0.63916015625 0.52490234375 0.1103515625 0.1103515625
0 0.53076171875 0.5263671875 0.1103515625 0.109375
0 0.41357421875 0.5263671875 0.0986328125 0.09765625
0 0.31298828125 0.5263671875 0.0986328125 0.09765625
0 0.19921875 0.5205078125 0.111328125 0.109375
0 0.58935546875 0.431640625 0.1103515625 0.109375
0 0.47998046875 0.427734375 0.1103515625 0.109375
0 0.37060546875 0.4296875 0.1103515625 0.109375
0 0.2587890625 0.42822265625 0.111328125 0.1103515625
0 0.64013671875 0.34033203125 0.1103515625 0.1103515625
0 0.54345703125 0.33154296875 0.1103515625 0.1103515625
0 0.431640625 0.3349609375 0.09765625 0.09765625
0 0.3212890625 0.33642578125 0.111328125 0.1103515625
0 0.20263671875 0.33642578125 0.1103515625 0.1103515625
0 0.59033203125 0.24267578125 0.1103515625 0.1103515625
0 0.4736328125 0.24462890625 0.111328125 0.1103515625
0 0.3642578125 0.2353515625 0.09765625 0.09765625
0 0.24658203125 0.2451171875 0.1103515625 0.109375
0 0.537109375 0.146484375 0.111328125 0.109375
0 0.41748046875 0.1455078125 0.0615234375 0.060546875
0 0.31103515625 0.1416015625 0.1103515625 0.109375
0 0.20068359375 0.1435546875 0.1103515625 0.109375
0 0.08544921875 0.1376953125 0.1103515625 0.109375
0 0.14990234375 0.244140625 0.0986328125 0.09765625
0 0.09228515625 0.33740234375 0.1103515625 0.1103515625
0 0.1513671875 0.43505859375 0.111328125 0.1103515625
0 0.09375 0.5283203125 0.111328125 0.109375
0 0.15283203125 0.61962890625 0.1103515625 0.1103515625
0 0.09423828125 0.71435546875 0.1103515625 0.1103515625
0 0.15185546875 0.80859375 0.1103515625 0.109375
0 0.10009765625 0.896484375 0.1103515625 0.109375