0 0.17138671875 0.88232421875 0.0732421875 0.0732421875
0 0.05712890625 0.724609375 0.0732421875 0.07421875
0 0.91162109375 0.66845703125 0.1103515625 0.1103515625
0 0.72998046875 0.216796875 0.0849609375 0.0859375
0 0.72607421875 0.33935546875 0.1103515625 0.1103515625
0 0.72607421875 0.4521484375 0.1103515625 0.111328125
0 0.7255859375 0.5537109375 0.109375 0.111328125
0 0.72705078125 0.66552734375 0.1103515625 0.1103515625
0 0.71875 0.77490234375 0.09765625 0.0986328125
0 0.70849609375 0.8896484375 0.0849609375 0.0859375
0 0.615234375 0.94140625 0.0859375 0.0859375
0 0.6220703125 0.83056640625 0.09765625 0.0986328125
0 0.6298828125 0.71875 0.09765625 0.09765625
0 0.625 0.609375 0.09765625 0.09765625
0 0.62646484375 0.50537109375 0.1103515625 0.1103515625
0 0.625 0.3857421875 0.109375 0.111328125
0 0.62646484375 0.28173828125 0.1103515625 0.1103515625
0 0.5400390625 0.22021484375 0.09765625 0.0986328125
0 0.5400390625 0.32958984375 0.109375 0.1103515625
0 0.54248046875 0.44775390625 0.1103515625 0.1103515625
0 0.537109375 0.56005859375 0.109375 0.1103515625
0 0.53173828125 0.66552734375 0.1103515625 0.1103515625
0 0.53173828125 0.77734375 0.1103515625 0.111328125
0 0.52490234375 0.890625 0.0849609375 0.0859375
0 0.4365234375 0.59912109375 0.09765625 0.0986328125
0 0.4375 0.38916015625 0.09765625 0.0986328125
0 0.44140625 0.2685546875 0.09765625 0.09765625
0 0.34619140625 0.3349609375 0.0849609375 0.0859375
0 0.349609375 0.44287109375 0.109375 0.1103515625
0 0.33935546875 0.5546875 0.1103515625 0.111328125
0 0.25 0.48828125 0.09765625 0.09765625
0 0.2490234375 0.35009765625 0.09765625 0.0986328125
0 0.2490234375 0.26025390625 0.109375 0.1103515625
0 0.1572265625 0.22021484375 0.09765625 0.0986328125
0 0.1611328125 0.33740234375 0.109375 0.1103515625
0 0.16357421875 0.44921875 0.0849609375 0.0859375
0 0.0556640625 0.8173828125 0.048828125 0.048828125
0 0.05908203125 0.28369140625 0.0849609375 0.0869140625
0 0.05908203125 0.3798828125 0.0849609375 0.0859375
0 0.07177734375 0.5048828125 0.1103515625 0.111328125
0 0.17626953125 0.693359375 0.0849609375 0.0859375
0 0.8095703125 0.94677734375 0.09765625 0.0986328125
0 0.904296875 0.56005859375 0.109375 0.1103515625
0 0.9130859375 0.44580078125 0.09765625 0.0986328125
0 0.9091796875 0.345703125 0.09765625 0.09765625
0 0.916015625 0.224609375 0.09765625 0.09765625
0 0.8232421875 0.185546875 0.109375 0.111328125
0 0.8193359375 0.28857421875 0.09765625 0.0986328125
0 0.82275390625 0.3974609375 0.0849609375 0.0859375
0 0.8134765625 0.50830078125 0.109375 0.1103515625
0 0.81494140625 0.6123046875 0.1103515625 0.111328125
0 0.8134765625 0.7216796875 0.109375 0.111328125
0 0.806640625 0.83447265625 0.09765625 0.0986328125
0 0.90478515625 0.89697265625 0.1103515625 0.1103515625
0 0.9013671875 0.77490234375 0.09765625 0.0986328125