0 0.95361328125 0.65966796875 0.0615234375 0.0615234375
0 0.66552734375 0.59375 0.0732421875 0.07421875
0 0.94970703125 0.552734375 0.0732421875 0.07421875
0 0.28466796875 0.25537109375 0.0732421875 0.0732421875
0 0.19287109375 0.09912109375 0.0615234375 0.0615234375
0 0.1064453125 0.591796875 0.048828125 0.048828125
0 0.1962890625 0.63671875 0.048828125 0.048828125
0 0.201171875 0.5361328125 0.048828125 0.048828125
0 0.291015625 0.5830078125 0.037109375 0.037109375
0 0.30126953125 0.46728515625 0.0361328125 0.0361328125
0 0.47314453125 0.5986328125 0.0361328125 0.037109375
0 0.5703125 0.43115234375 0.048828125 0.0498046875
0 0.666015625 0.3896484375 0.048828125 0.048828125
0 0.6708984375 0.4794921875 0.048828125 0.048828125
0 0.7470703125 0.53564453125 0.060546875 0.0615234375
0 0.84912109375 0.50048828125 0.0361328125 0.0361328125
0 0.466796875 0.4912109375 0.0859375 0.0859375
0 0.57373046875 0.54150390625 0.0615234375 0.0615234375
0 0.39208984375 0.54296875 0.0244140625 0.025390625
0 0.103515625 0.4853515625 0.09765625 0.09765625
0 0.11279296875 0.37353515625 0.1103515625 0.1103515625
0 0.1025390625 0.25927734375 0.109375 0.1103515625
0 0.10009765625 0.14599609375 0.1103515625 0.1103515625
0 0.20166015625 0.43212890625 0.1103515625 0.1103515625
0 0.19677734375 0.30322265625 0.1103515625 0.1103515625
0 0.197265625 0.20458984375 0.09765625 0.0986328125
0 0.2861328125 0.1279296875 0.09765625 0.09765625
0 0.2841796875 0.34765625 0.09765625 0.09765625
0 0.3759765625 0.41552734375 0.09765625 0.0986328125
0 0.375 0.3115234375 0.09765625 0.09765625
0 0.3818359375 0.1943359375 0.09765625 0.09765625
0 0.37939453125 0.091796875 0.0849609375 0.0859375
0 0.47265625 0.05029296875 0.09765625 0.0986328125
0 0.4736328125 0.15234375 0.0859375 0.0859375
0 0.4755859375 0.26220703125 0.09765625 0.0986328125
0 0.474609375 0.3779296875 0.109375 0.111328125
0 0.56640625 0.314453125 0.0859375 0.0859375
0 0.56640625 0.2255859375 0.09765625 0.09765625
0 0.5673828125 0.11669921875 0.09765625 0.0986328125
0 0.6630859375 0.169921875 0.09765625 0.09765625
0 0.6669921875 0.275390625 0.09765625 0.09765625
0 0.75341796875 0.654296875 0.0849609375 0.0859375
0 0.8515625 0.611328125 0.0859375 0.0859375
0 0.75390625 0.326171875 0.09765625 0.09765625
0 0.74462890625 0.4443359375 0.0849609375 0.0859375
0 0.7587890625 0.1982421875 0.0859375 0.0859375
0 0.75390625 0.09716796875 0.09765625 0.0986328125
0 0.8544921875 0.162109375 0.09765625 0.09765625
0 0.845703125 0.27001953125 0.109375 0.1103515625
0 0.84521484375 0.400390625 0.1103515625 0.111328125
0 0.943359375 0.4482421875 0.0859375 0.0859375
0 0.94140625 0.32763671875 0.09765625 0.0986328125
0 0.9453125 0.2158203125 0.09765625 0.09765625