0 0.67041015625 0.0966796875 0.0849609375 0.0859375
0 0.67529296875 0.21337890625 0.0732421875 0.0732421875
0 0.76513671875 0.03857421875 0.0732421875 0.0732421875
0 0.77099609375 0.2646484375 0.0849609375 0.0859375
0 0.76416015625 0.15283203125 0.0615234375 0.0615234375
0 0.767578125 0.380859375 0.0859375 0.0859375
0 0.6728515625 0.3193359375 0.0859375 0.0859375
0 0.673828125 0.4306640625 0.09765625 0.09765625
0 0.5771484375 0.044921875 0.0859375 0.0859375
0 0.5732421875 0.15673828125 0.09765625 0.0986328125
0 0.576171875 0.2646484375 0.0859375 0.0859375
0 0.576171875 0.37109375 0.09765625 0.09765625
0 0.48046875 0.09912109375 0.09765625 0.0986328125
0 0.48291015625 0.2138671875 0.0849609375 0.0859375
0 0.48583984375 0.322265625 0.0849609375 0.0859375
0 0.484375 0.4267578125 0.09765625 0.09765625
0 0.3916015625 0.1533203125 0.09765625 0.09765625
0 0.38818359375 0.2724609375 0.0849609375 0.0859375
0 0.38671875 0.375 0.09765625 0.09765625
0 0.2958984375 0.10546875 0.0859375 0.0859375
0 0.29833984375 0.2138671875 0.0732421875 0.07421875
0 0.29638671875 0.322265625 0.0732421875 0.07421875
0 0.28857421875 0.43408203125 0.0732421875 0.0732421875
0 0.2041015625 0.1591796875 0.09765625 0.09765625
0 0.20458984375 0.2646484375 0.0849609375 0.0859375
0 0.2060546875 0.37353515625 0.09765625 0.0986328125
0 0.1064453125 0.09912109375 0.09765625 0.0986328125
0 0.10888671875 0.2099609375 0.0849609375 0.0859375
0 0.107421875 0.32177734375 0.09765625 0.0986328125
0 0.107421875 0.43603515625 0.09765625 0.0986328125
0 0.1083984375 0.537109375 0.09765625 0.09765625
0 0.10498046875 0.65283203125 0.1103515625 0.1103515625
0 0.111328125 0.76806640625 0.109375 0.1103515625
0 0.1064453125 0.87939453125 0.09765625 0.0986328125
0 0.20166015625 0.48828125 0.0732421875 0.07421875
0 0.2041015625 0.595703125 0.09765625 0.09765625
0 0.20068359375 0.70361328125 0.1103515625 0.1103515625
0 0.20361328125 0.82080078125 0.1103515625 0.1103515625
0 0.20263671875 0.935546875 0.0849609375 0.0859375
0 0.29345703125 0.5400390625 0.0732421875 0.07421875
0 0.2900390625 0.65234375 0.09765625 0.09765625
0 0.29541015625 0.763671875 0.0849609375 0.0859375
0 0.2939453125 0.87451171875 0.09765625 0.0986328125
0 0.3916015625 0.48291015625 0.09765625 0.0986328125
0 0.3876953125 0.5966796875 0.0859375 0.0859375
0 0.3857421875 0.69921875 0.09765625 0.09765625
0 0.38671875 0.8134765625 0.0859375 0.0859375
0 0.3896484375 0.9296875 0.0859375 0.0859375
0 0.484375 0.53466796875 0.09765625 0.0986328125
0 0.4892578125 0.65283203125 0.09765625 0.0986328125
0 0.4921875 0.7587890625 0.09765625 0.09765625
0 0.4912109375 0.8759765625 0.09765625 0.09765625
0 0.578125 0.48583984375 0.0859375 0.0869140625
0 0.578125 0.59326171875 0.09765625 0.0986328125
0 0.5771484375 0.70166015625 0.09765625 0.0986328125
0 0.578125 0.83154296875 0.09765625 0.0986328125
0 0.677734375 0.53955078125 0.09765625 0.0986328125
0 0.6708984375 0.64794921875 0.09765625 0.0986328125
0 0.669921875 0.7626953125 0.0859375 0.0859375
0 0.67333984375 0.8720703125 0.0849609375 0.0859375
0 0.76708984375 0.4794921875 0.0849609375 0.0859375
0 0.76708984375 0.591796875 0.0849609375 0.0859375
0 0.767578125 0.70556640625 0.09765625 0.0986328125
0 0.76953125 0.8173828125 0.0859375 0.0859375
0 0.765625 0.9287109375 0.0859375 0.0859375
0 0.58056640625 0.9423828125 0.0849609375 0.0859375