0 0.1142578125 0.73779296875 0.07421875 0.0732421875
0 0.19482421875 0.82958984375 0.0732421875 0.0732421875
0 0.4013671875 0.63720703125 0.07421875 0.0732421875
0 0.05908203125 0.06884765625 0.0732421875 0.0732421875
0 0.08056640625 0.83447265625 0.0615234375 0.0615234375
0 0.119140625 0.92724609375 0.0859375 0.0849609375
0 0.2490234375 0.9248046875 0.0859375 0.0859375
0 0.05712890625 0.6328125 0.1103515625 0.109375
0 0.29150390625 0.6337890625 0.0986328125 0.09765625
0 0.05859375 0.453125 0.0859375 0.0859375
0 0.1123046875 0.53857421875 0.0859375 0.0849609375
0 0.177734375 0.07080078125 0.0859375 0.0849609375
0 0.1201171875 0.162109375 0.09765625 0.09765625
0 0.23193359375 0.1650390625 0.0986328125 0.09765625
0 0.28515625 0.2607421875 0.09765625 0.09765625
0 0.17236328125 0.2646484375 0.0986328125 0.09765625
0 0.23583984375 0.3544921875 0.0986328125 0.09765625
0 0.28369140625 0.4521484375 0.0986328125 0.09765625
0 0.83740234375 0.0712890625 0.1103515625 0.109375
0 0.78662109375 0.17333984375 0.1103515625 0.1103515625
0 0.89599609375 0.16796875 0.1103515625 0.109375
0 0.78759765625 0.36181640625 0.1103515625 0.1103515625
0 0.83349609375 0.2626953125 0.1103515625 0.109375
0 0.89697265625 0.36328125 0.0986328125 0.09765625
0 0.93896484375 0.45361328125 0.1103515625 0.1103515625
0 0.84130859375 0.45263671875 0.1103515625 0.1103515625
0 0.796875 0.55078125 0.0859375 0.0859375
0 0.90625 0.546875 0.0859375 0.0859375
0 0.9384765625 0.638671875 0.111328125 0.109375
0 0.85791015625 0.6337890625 0.0986328125 0.09765625
0 0.7978515625 0.7236328125 0.0859375 0.0859375
0 0.90478515625 0.7392578125 0.0986328125 0.09765625
0 0.7353515625 0.8310546875 0.09765625 0.09765625
0 0.8486328125 0.828125 0.09765625 0.09765625
0 0.94970703125 0.830078125 0.0986328125 0.09765625
0 0.6875 0.9306640625 0.0859375 0.0859375
0 0.7861328125 0.92919921875 0.0859375 0.0849609375
0 0.900390625 0.9267578125 0.0859375 0.0859375
0 0.291015625 0.0693359375 0.09765625 0.09765625
0 0.38232421875 0.0791015625 0.0986328125 0.09765625
0 0.51220703125 0.0751953125 0.0986328125 0.09765625
0 0.61767578125 0.0732421875 0.1103515625 0.109375
0 0.73486328125 0.080078125 0.0986328125 0.09765625
0 0.69091796875 0.1689453125 0.0986328125 0.09765625
0 0.56396484375 0.1669921875 0.1103515625 0.109375
0 0.45654296875 0.1728515625 0.1103515625 0.109375
0 0.33935546875 0.166015625 0.1103515625 0.109375
0 0.51611328125 0.259765625 0.0986328125 0.09765625
0 0.61279296875 0.26318359375 0.1103515625 0.1103515625
0 0.72509765625 0.2666015625 0.0986328125 0.09765625
0 0.67431640625 0.3525390625 0.1103515625 0.109375
0 0.56298828125 0.3525390625 0.0986328125 0.09765625
0 0.4462890625 0.35595703125 0.0859375 0.0849609375
0 0.34326171875 0.349609375 0.0986328125 0.09765625
0 0.40185546875 0.451171875 0.0986328125 0.09765625
0 0.615234375 0.4560546875 0.09765625 0.09765625
0 0.7197265625 0.453125 0.0859375 0.0859375
0 0.6748046875 0.54443359375 0.0859375 0.0849609375
0 0.5546875 0.54736328125 0.0859375 0.0849609375
0 0.3388671875 0.541015625 0.0859375 0.0859375
0 0.5068359375 0.6376953125 0.09765625 0.09765625
0 0.6171875 0.6376953125 0.09765625 0.09765625
0 0.7294921875 0.638671875 0.09765625 0.09765625
0 0.67626953125 0.7314453125 0.0986328125 0.09765625
0 0.5634765625 0.7275390625 0.09765625 0.09765625
0 0.45703125 0.73291015625 0.0859375 0.0849609375
0 0.3486328125 0.72998046875 0.111328125 0.1103515625
0 0.3974609375 0.8212890625 0.09765625 0.09765625
0 0.5009765625 0.830078125 0.09765625 0.09765625
0 0.61865234375 0.8369140625 0.0986328125 0.09765625
0 0.5908203125 0.92919921875 0.0859375 0.0849609375