0 0.9515625 0.75546875 0.071875 0.0734375
0 0.8640625 0.2796875 0.109375 0.109375
0 0.77578125 0.22734375 0.0859375 0.0859375
0 0.76640625 0.33203125 0.0859375 0.0859375
0 0.76953125 0.45703125 0.0859375 0.0859375
0 0.76328125 0.55703125 0.0859375 0.0859375
0 0.76875 0.68828125 0.084375 0.0859375
0 0.875 0.70546875 0.084375 0.0859375
0 0.871875 0.62265625 0.084375 0.0859375
0 0.86171875 0.50546875 0.0859375 0.0859375
0 0.8625 0.39140625 0.084375 0.0859375
0 0.9546875 0.58359375 0.084375 0.0859375
0 0.95625 0.66640625 0.084375 0.0859375
0 0.7671875 0.8921875 0.096875 0.096875
0 0.6765625 0.17890625 0.096875 0.0984375
0 0.68046875 0.29453125 0.0859375 0.0859375
0 0.678125 0.40234375 0.096875 0.0984375
0 0.675 0.51015625 0.084375 0.0859375
0 0.6734375 0.62890625 0.096875 0.0984375
0 0.675 0.74140625 0.096875 0.0984375
0 0.5859375 0.2421875 0.096875 0.096875
0 0.5859375 0.3453125 0.096875 0.096875
0 0.5859375 0.45546875 0.084375 0.0859375
0 0.5859375 0.57421875 0.096875 0.0984375
0 0.58359375 0.68671875 0.0859375 0.0859375
0 0.5796875 0.7953125 0.096875 0.096875
0 0.57578125 0.89453125 0.0859375 0.0859375
0 0.4984375 0.19375 0.109375 0.109375
0 0.4921875 0.30859375 0.096875 0.0984375
0 0.4890625 0.41796875 0.096875 0.0984375
0 0.4890625 0.53046875 0.096875 0.0984375
0 0.490625 0.6421875 0.096875 0.096875
0 0.490625 0.74140625 0.109375 0.1109375
0 0.484375 0.8515625 0.109375 0.109375
0 0.39375 0.15703125 0.084375 0.0859375
0 0.390625 0.26328125 0.084375 0.0859375
0 0.39375 0.36015625 0.084375 0.0859375
0 0.390625 0.47421875 0.084375 0.0859375
0 0.39375 0.5875 0.096875 0.096875
0 0.390625 0.71328125 0.084375 0.0859375
0 0.396875 0.81484375 0.084375 0.0859375
0 0.3015625 0.86015625 0.096875 0.0984375
0 0.296875 0.75390625 0.109375 0.1109375
0 0.303125 0.6421875 0.096875 0.096875
0 0.309375 0.5265625 0.109375 0.109375
0 0.3078125 0.42265625 0.096875 0.0984375
0 0.303125 0.31484375 0.084375 0.0859375
0 0.303125 0.20234375 0.084375 0.0859375
0 0.20859375 0.14296875 0.0859375 0.0859375
0 0.21015625 0.25703125 0.0859375 0.0859375
0 0.2046875 0.365625 0.096875 0.096875
0 0.2140625 0.48359375 0.109375 0.1109375
0 0.209375 0.57890625 0.096875 0.0984375
0 0.215625 0.7 0.109375 0.109375
0 0.2109375 0.803125 0.109375 0.109375
0 0.1171875 0.8546875 0.109375 0.109375
0 0.21171875 0.91953125 0.0859375 0.0859375
0 0.121875 0.76171875 0.109375 0.1109375
0 0.109375 0.6375 0.109375 0.109375
0 0.109375 0.525 0.109375 0.109375
0 0.1140625 0.4140625 0.109375 0.109375
0 0.1171875 0.31171875 0.109375 0.1109375
0 0.1234375 0.18828125 0.096875 0.0984375
0 0.1171875 0.09296875 0.109375 0.1109375
0 0.303125 0.08984375 0.096875 0.0984375
0 0.496875 0.08515625 0.096875 0.0984375
0 0.5875 0.12734375 0.096875 0.0984375
0 0.68125 0.06171875 0.096875 0.0984375
0 0.7765625 0.1109375 0.109375 0.109375
0 0.8671875 0.06015625 0.096875 0.0984375
0 0.86796875 0.17265625 0.0859375 0.0859375
0 0.4 0.925 0.109375 0.109375