0 0.28173828125 0.888671875 0.1103515625 0.109375
0 0.93408203125 0.12744140625 0.1103515625 0.1103515625
0 0.83154296875 0.12841796875 0.1103515625 0.1103515625
0 0.71337890625 0.1240234375 0.0986328125 0.09765625
0 0.87646484375 0.2216796875 0.0986328125 0.09765625
0 0.77294921875 0.22021484375 0.1103515625 0.1103515625
0 0.94189453125 0.3193359375 0.0986328125 0.09765625
0 0.82666015625 0.326171875 0.1103515625 0.109375
0 0.71533203125 0.32763671875 0.1103515625 0.1103515625
0 0.88330078125 0.41796875 0.1103515625 0.109375
0 0.77978515625 0.416015625 0.1103515625 0.109375
0 0.93505859375 0.50927734375 0.1103515625 0.1103515625
0 0.83154296875 0.51123046875 0.1103515625 0.1103515625
0 0.71923828125 0.50537109375 0.1103515625 0.1103515625
0 0.88232421875 0.6044921875 0.1103515625 0.109375
0 0.77392578125 0.6025390625 0.0986328125 0.09765625
0 0.65771484375 0.6044921875 0.0986328125 0.09765625
0 0.931640625 0.697265625 0.0859375 0.0859375
0 0.8251953125 0.697265625 0.09765625 0.09765625
0 0.71435546875 0.7021484375 0.0986328125 0.09765625
0 0.8896484375 0.79248046875 0.111328125 0.1103515625
0 0.767578125 0.79296875 0.111328125 0.109375
0 0.66162109375 0.7890625 0.1103515625 0.109375
0 0.93505859375 0.88525390625 0.1103515625 0.1103515625
0 0.82861328125 0.88720703125 0.1103515625 0.1103515625
0 0.7177734375 0.88818359375 0.111328125 0.1103515625
0 0.6005859375 0.89111328125 0.111328125 0.1103515625
0 0.49560546875 0.8896484375 0.0986328125 0.09765625
0 0.38916015625 0.88671875 0.1103515625 0.109375
0 0.55322265625 0.7939453125 0.0986328125 0.09765625
0 0.44189453125 0.7890625 0.1103515625 0.109375
0 0.33740234375 0.79296875 0.1103515625 0.109375
0 0.22412109375 0.7958984375 0.0498046875 0.048828125
0 0.16943359375 0.8876953125 0.0498046875 0.048828125
0 0.60888671875 0.6943359375 0.1103515625 0.109375
0 0.49365234375 0.69970703125 0.1103515625 0.1103515625
0 0.38330078125 0.69970703125 0.1103515625 0.1103515625
0 0.27099609375 0.70263671875 0.1103515625 0.1103515625
0 0.1650390625 0.70166015625 0.0859375 0.0849609375
0 0.55615234375 0.6044921875 0.0986328125 0.09765625
0 0.44580078125 0.60009765625 0.1103515625 0.1103515625
0 0.33447265625 0.60546875 0.0986328125 0.09765625
0 0.60498046875 0.5107421875 0.1103515625 0.109375
0 0.49658203125 0.5078125 0.1103515625 0.109375
0 0.38720703125 0.5126953125 0.1103515625 0.109375
0 0.28271484375 0.51171875 0.1103515625 0.109375
0 0.1611328125 0.51318359375 0.07421875 0.0732421875
0 0.65869140625 0.419921875 0.1103515625 0.109375
0 0.55029296875 0.4189453125 0.0986328125 0.09765625
0 0.43505859375 0.42041015625 0.1103515625 0.1103515625
0 0.34228515625 0.41455078125 0.1103515625 0.1103515625
0 0.220703125 0.41650390625 0.111328125 0.1103515625
0 0.59619140625 0.32373046875 0.1103515625 0.1103515625
0 0.48291015625 0.32763671875 0.1103515625 0.1103515625
0 0.3759765625 0.32470703125 0.111328125 0.1103515625
0 0.2685546875 0.326171875 0.09765625 0.09765625
0 0.16455078125 0.328125 0.0615234375 0.060546875
0 0.65966796875 0.21728515625 0.1103515625 0.1103515625
0 0.54833984375 0.22216796875 0.1103515625 0.1103515625
0 0.4365234375 0.22265625 0.111328125 0.109375
0 0.3359375 0.2216796875 0.09765625 0.09765625
0 0.21630859375 0.224609375 0.1103515625 0.109375
0 0.59765625 0.125 0.09765625 0.09765625
0 0.486328125 0.1298828125 0.09765625 0.09765625
0 0.37548828125 0.1259765625 0.1103515625 0.109375
0 0.26806640625 0.1298828125 0.1103515625 0.109375
0 0.16162109375 0.1240234375 0.1103515625 0.109375
0 0.10400390625 0.2236328125 0.0986328125 0.09765625
0 0.05810546875 0.31689453125 0.1103515625 0.1103515625
0 0.10009765625 0.41064453125 0.1103515625 0.1103515625
0 0.05712890625 0.5107421875 0.0869140625 0.0859375
0 0.11181640625 0.59716796875 0.0732421875 0.0732421875
0 0.06298828125 0.70263671875 0.1103515625 0.1103515625
0 0.11181640625 0.79296875 0.1103515625 0.109375
0 0.0625 0.8896484375 0.111328125 0.109375