0 0.33544921875 0.1376953125 0.0732421875 0.07421875
0 0.42333984375 0.078125 0.0732421875 0.07421875
0 0.14697265625 0.64208984375 0.0732421875 0.0732421875
0 0.72607421875 0.52587890625 0.0732421875 0.0732421875
0 0.63134765625 0.4833984375 0.0732421875 0.07421875
0 0.908203125 0.14208984375 0.09765625 0.0986328125
0 0.908203125 0.25146484375 0.09765625 0.0986328125
0 0.810546875 0.07568359375 0.09765625 0.0986328125
0 0.8115234375 0.19482421875 0.09765625 0.0986328125
0 0.81591796875 0.296875 0.0732421875 0.07421875
0 0.71875 0.14013671875 0.09765625 0.0986328125
0 0.71875 0.2451171875 0.0859375 0.0859375
0 0.619140625 0.08251953125 0.09765625 0.0986328125
0 0.62548828125 0.1865234375 0.0849609375 0.0859375
0 0.6220703125 0.2939453125 0.09765625 0.09765625
0 0.52392578125 0.130859375 0.0849609375 0.0859375
0 0.5302734375 0.2451171875 0.09765625 0.09765625
0 0.43017578125 0.1845703125 0.0732421875 0.07421875
0 0.42578125 0.28857421875 0.060546875 0.0615234375
0 0.2470703125 0.0634765625 0.09765625 0.09765625
0 0.33642578125 0.224609375 0.0732421875 0.07421875
0 0.2431640625 0.1787109375 0.09765625 0.09765625
0 0.23681640625 0.2724609375 0.0732421875 0.07421875
0 0.14892578125 0.1328125 0.0849609375 0.0859375
0 0.14892578125 0.23193359375 0.0732421875 0.0732421875
0 0.052734375 0.0810546875 0.0859375 0.0859375
0 0.04345703125 0.45263671875 0.0732421875 0.0732421875
0 0.04638671875 0.57958984375 0.0732421875 0.0732421875
0 0.05224609375 0.70654296875 0.0732421875 0.0732421875
0 0.14111328125 0.5224609375 0.1220703125 0.123046875
0 0.14697265625 0.7529296875 0.0849609375 0.0859375
0 0.14501953125 0.86474609375 0.1103515625 0.1103515625
0 0.2431640625 0.47509765625 0.09765625 0.0986328125
0 0.24560546875 0.58203125 0.1220703125 0.123046875
0 0.248046875 0.69482421875 0.109375 0.1103515625
0 0.2353515625 0.80810546875 0.109375 0.1103515625
0 0.23876953125 0.91748046875 0.1103515625 0.1103515625
0 0.33935546875 0.447265625 0.0849609375 0.0859375
0 0.33984375 0.5302734375 0.09765625 0.09765625
0 0.33837890625 0.650390625 0.1220703125 0.123046875
0 0.3447265625 0.74658203125 0.109375 0.1103515625
0 0.349609375 0.86279296875 0.109375 0.1103515625
0 0.43115234375 0.47265625 0.0849609375 0.0859375
0 0.43310546875 0.5849609375 0.1220703125 0.123046875
0 0.4453125 0.798828125 0.0859375 0.0859375
0 0.4287109375 0.91650390625 0.109375 0.1103515625
0 0.525390625 0.5361328125 0.09765625 0.09765625
0 0.53369140625 0.642578125 0.1220703125 0.123046875
0 0.53369140625 0.751953125 0.1103515625 0.111328125
0 0.53173828125 0.85400390625 0.1103515625 0.1103515625
0 0.62109375 0.57861328125 0.109375 0.1103515625
0 0.6259765625 0.69140625 0.109375 0.111328125
0 0.62548828125 0.8037109375 0.1220703125 0.123046875
0 0.62353515625 0.91845703125 0.1103515625 0.1103515625
0 0.72119140625 0.63623046875 0.1103515625 0.1103515625
0 0.72412109375 0.7470703125 0.1220703125 0.123046875
0 0.72314453125 0.859375 0.1220703125 0.123046875
0 0.81884765625 0.47509765625 0.0615234375 0.0615234375
0 0.8173828125 0.58154296875 0.09765625 0.0986328125
0 0.81640625 0.69384765625 0.09765625 0.0986328125
0 0.8232421875 0.787109375 0.09765625 0.09765625
0 0.81689453125 0.9140625 0.1220703125 0.123046875
0 0.9169921875 0.52392578125 0.09765625 0.0986328125
0 0.9111328125 0.64208984375 0.09765625 0.0986328125
0 0.91064453125 0.73828125 0.1220703125 0.123046875
0 0.90966796875 0.8544921875 0.1220703125 0.123046875