0 0.31982421875 0.80810546875 0.0732421875 0.0732421875
0 0.1318359375 0.353515625 0.09765625 0.09765625
0 0.1357421875 0.24267578125 0.09765625 0.0986328125
0 0.1357421875 0.12841796875 0.09765625 0.0986328125
0 0.22265625 0.07666015625 0.109375 0.1103515625
0 0.2177734375 0.19091796875 0.09765625 0.0986328125
0 0.22265625 0.29736328125 0.09765625 0.0986328125
0 0.31298828125 0.3603515625 0.0849609375 0.0859375
0 0.318359375 0.2314453125 0.0859375 0.0859375
0 0.318359375 0.12109375 0.0859375 0.0859375
0 0.4111328125 0.2978515625 0.0859375 0.0859375
0 0.427734375 0.18701171875 0.09765625 0.0986328125
0 0.421875 0.07666015625 0.109375 0.1103515625
0 0.5078125 0.13525390625 0.09765625 0.0986328125
0 0.50048828125 0.24560546875 0.1103515625 0.1103515625
0 0.4990234375 0.35888671875 0.09765625 0.0986328125
0 0.599609375 0.29150390625 0.09765625 0.0986328125
0 0.609375 0.19384765625 0.09765625 0.0986328125
0 0.6064453125 0.07666015625 0.109375 0.1103515625
0 0.6982421875 0.13818359375 0.09765625 0.0986328125
0 0.69140625 0.2421875 0.09765625 0.09765625
0 0.6953125 0.34228515625 0.109375 0.1103515625
0 0.7939453125 0.29931640625 0.09765625 0.0986328125
0 0.7939453125 0.18896484375 0.109375 0.1103515625
0 0.79248046875 0.08740234375 0.1103515625 0.1103515625
0 0.892578125 0.13427734375 0.09765625 0.0986328125
0 0.8916015625 0.25634765625 0.09765625 0.0986328125
0 0.88818359375 0.3564453125 0.0849609375 0.0859375
0 0.5048828125 0.89306640625 0.0859375 0.0869140625
0 0.5048828125 0.7822265625 0.0859375 0.0859375
0 0.41162109375 0.8369140625 0.0732421875 0.07421875
0 0.41552734375 0.9423828125 0.0732421875 0.07421875
0 0.21923828125 0.84375 0.0849609375 0.0859375
0 0.1259765625 0.802734375 0.09765625 0.09765625
0 0.1171875 0.90576171875 0.109375 0.1103515625
0 0.31591796875 0.90625 0.0849609375 0.0859375
0 0.876953125 0.79931640625 0.09765625 0.0986328125
0 0.8837890625 0.90478515625 0.09765625 0.0986328125
0 0.79296875 0.94140625 0.09765625 0.09765625
0 0.7880859375 0.83984375 0.109375 0.111328125
0 0.6923828125 0.79296875 0.109375 0.111328125
0 0.69775390625 0.90087890625 0.1103515625 0.1103515625
0 0.59814453125 0.8486328125 0.0849609375 0.0859375
0 0.888671875 0.6796875 0.09765625 0.09765625
0 0.880859375 0.46484375 0.09765625 0.09765625
0 0.8857421875 0.578125 0.09765625 0.09765625
0 0.7939453125 0.4150390625 0.09765625 0.09765625
0 0.7939453125 0.529296875 0.09765625 0.09765625
0 0.7861328125 0.6396484375 0.09765625 0.09765625
0 0.78564453125 0.74072265625 0.1103515625 0.1103515625
0 0.697265625 0.68994140625 0.09765625 0.0986328125
0 0.69482421875 0.57763671875 0.1103515625 0.1103515625
0 0.69482421875 0.455078125 0.1103515625 0.111328125
0 0.603515625 0.51953125 0.0859375 0.0859375
0 0.6005859375 0.3857421875 0.09765625 0.09765625
0 0.5078125 0.46337890625 0.109375 0.1103515625
0 0.5068359375 0.58642578125 0.09765625 0.0986328125
0 0.50634765625 0.68115234375 0.0849609375 0.0869140625
0 0.41748046875 0.7529296875 0.0849609375 0.0859375
0 0.41162109375 0.62939453125 0.1103515625 0.1103515625
0 0.41259765625 0.52001953125 0.1103515625 0.1103515625
0 0.4130859375 0.40966796875 0.09765625 0.0986328125
0 0.3134765625 0.46826171875 0.09765625 0.0986328125
0 0.3154296875 0.57861328125 0.09765625 0.0986328125
0 0.314453125 0.6826171875 0.0859375 0.0859375
0 0.216796875 0.74072265625 0.109375 0.1103515625
0 0.2197265625 0.63623046875 0.09765625 0.0986328125
0 0.2197265625 0.5185546875 0.0859375 0.0859375
0 0.21875 0.412109375 0.0859375 0.0859375
0 0.1279296875 0.45849609375 0.09765625 0.0986328125
0 0.125 0.56591796875 0.09765625 0.0986328125
0 0.130859375 0.671875 0.09765625 0.09765625
0 0.603515625 0.64208984375 0.109375 0.1103515625
0 0.5986328125 0.73291015625 0.109375 0.1103515625