0 0.07275390625 0.88232421875 0.0732421875 0.0732421875
0 0.72607421875 0.384765625 0.0732421875 0.07421875
0 0.07421875 0.6796875 0.0859375 0.0859375
0 0.9150390625 0.94189453125 0.09765625 0.0986328125
0 0.916015625 0.8232421875 0.09765625 0.09765625
0 0.912109375 0.2890625 0.0859375 0.0859375
0 0.91357421875 0.3876953125 0.0849609375 0.0859375
0 0.916015625 0.501953125 0.0859375 0.0859375
0 0.9169921875 0.611328125 0.0859375 0.0859375
0 0.9169921875 0.7138671875 0.0859375 0.0859375
0 0.81787109375 0.330078125 0.0849609375 0.0859375
0 0.81396484375 0.4326171875 0.0849609375 0.0859375
0 0.2529296875 0.7666015625 0.048828125 0.048828125
0 0.25244140625 0.8681640625 0.0849609375 0.0859375
0 0.81396484375 0.5478515625 0.0849609375 0.0859375
0 0.8125 0.65673828125 0.109375 0.1103515625
0 0.81103515625 0.763671875 0.0849609375 0.0859375
0 0.8095703125 0.88330078125 0.09765625 0.0986328125
0 0.71923828125 0.93505859375 0.1103515625 0.1103515625
0 0.71923828125 0.82666015625 0.1103515625 0.1103515625
0 0.71826171875 0.71142578125 0.1103515625 0.1103515625
0 0.71923828125 0.59912109375 0.1103515625 0.1103515625
0 0.720703125 0.4873046875 0.09765625 0.09765625
0 0.6318359375 0.423828125 0.0859375 0.0859375
0 0.6162109375 0.55126953125 0.09765625 0.0986328125
0 0.6220703125 0.66064453125 0.09765625 0.0986328125
0 0.61865234375 0.77001953125 0.1103515625 0.1103515625
0 0.625 0.88134765625 0.109375 0.1103515625
0 0.533203125 0.91015625 0.09765625 0.09765625
0 0.5302734375 0.81103515625 0.09765625 0.0986328125
0 0.5302734375 0.72119140625 0.09765625 0.0986328125
0 0.5361328125 0.59814453125 0.09765625 0.0986328125
0 0.43505859375 0.87109375 0.0849609375 0.0859375
0 0.435546875 0.32861328125 0.09765625 0.0986328125
0 0.3427734375 0.2802734375 0.09765625 0.09765625
0 0.3447265625 0.37646484375 0.09765625 0.0986328125
0 0.33984375 0.49365234375 0.109375 0.1103515625
0 0.3369140625 0.59912109375 0.109375 0.1103515625
0 0.2451171875 0.32275390625 0.09765625 0.0986328125
0 0.251953125 0.42822265625 0.09765625 0.0986328125
0 0.24658203125 0.54052734375 0.1103515625 0.1103515625
0 0.24365234375 0.65478515625 0.1103515625 0.1103515625
0 0.15234375 0.5986328125 0.109375 0.111328125
0 0.1611328125 0.46484375 0.09765625 0.09765625
0 0.15625 0.36328125 0.109375 0.111328125
0 0.060546875 0.31640625 0.109375 0.111328125
0 0.06591796875 0.42431640625 0.1103515625 0.1103515625
0 0.06298828125 0.56884765625 0.1103515625 0.1103515625
0 0.1572265625 0.70556640625 0.109375 0.1103515625
0 0.1572265625 0.8134765625 0.0859375 0.0859375
0 0.91357421875 0.1923828125 0.0849609375 0.0859375
0 0.625 0.10595703125 0.09765625 0.0986328125
0 0.54638671875 0.146484375 0.0849609375 0.0859375
0 0.4443359375 0.19921875 0.09765625 0.09765625
0 0.4384765625 0.09228515625 0.09765625 0.0986328125
0 0.3427734375 0.1591796875 0.09765625 0.09765625
0 0.2568359375 0.203125 0.09765625 0.09765625
0 0.25390625 0.1015625 0.09765625 0.09765625
0 0.162109375 0.052734375 0.09765625 0.09765625
0 0.154296875 0.1630859375 0.09765625 0.09765625
0 0.15380859375 0.26416015625 0.1103515625 0.1103515625
0 0.0654296875 0.21337890625 0.09765625 0.0986328125
0 0.06298828125 0.10107421875 0.1103515625 0.1103515625