0 0.69384765625 0.3935546875 0.0732421875 0.07421875
0 0.60205078125 0.47412109375 0.0732421875 0.0732421875
0 0.79443359375 0.6806640625 0.0732421875 0.07421875
0 0.41357421875 0.5546875 0.0849609375 0.0859375
0 0.40869140625 0.4501953125 0.0849609375 0.0859375
0 0.40869140625 0.33203125 0.0849609375 0.0859375
0 0.3271484375 0.2890625 0.0859375 0.0859375
0 0.22021484375 0.3408203125 0.0849609375 0.0859375
0 0.2236328125 0.43212890625 0.0859375 0.0869140625
0 0.32080078125 0.390625 0.0849609375 0.0859375
0 0.31689453125 0.48828125 0.0849609375 0.0859375
0 0.59716796875 0.35986328125 0.0615234375 0.0615234375
0 0.140625 0.5048828125 0.09765625 0.09765625
0 0.14111328125 0.40234375 0.0849609375 0.0859375
0 0.130859375 0.28515625 0.109375 0.111328125
0 0.130859375 0.1953125 0.109375 0.111328125
0 0.130859375 0.0703125 0.09765625 0.09765625
0 0.2275390625 0.13037109375 0.09765625 0.0986328125
0 0.2255859375 0.22021484375 0.09765625 0.0986328125
0 0.224609375 0.5673828125 0.09765625 0.09765625
0 0.3251953125 0.06396484375 0.109375 0.1103515625
0 0.3212890625 0.17236328125 0.09765625 0.0986328125
0 0.42041015625 0.12109375 0.0849609375 0.0859375
0 0.4208984375 0.1982421875 0.09765625 0.09765625
0 0.517578125 0.080078125 0.0859375 0.0859375
0 0.517578125 0.17626953125 0.09765625 0.0986328125
0 0.509765625 0.294921875 0.0859375 0.0859375
0 0.50439453125 0.3984375 0.0849609375 0.0859375
0 0.5068359375 0.5283203125 0.0859375 0.0859375
0 0.6103515625 0.12451171875 0.109375 0.1103515625
0 0.609375 0.22412109375 0.109375 0.1103515625
0 0.7099609375 0.28564453125 0.109375 0.1103515625
0 0.71533203125 0.17919921875 0.1103515625 0.1103515625
0 0.7138671875 0.076171875 0.109375 0.111328125
0 0.80078125 0.12060546875 0.109375 0.1103515625
0 0.794921875 0.23486328125 0.09765625 0.0986328125
0 0.798828125 0.33642578125 0.109375 0.1103515625
0 0.7978515625 0.57080078125 0.09765625 0.0986328125
0 0.89501953125 0.0703125 0.0849609375 0.0859375
0 0.89111328125 0.1923828125 0.0849609375 0.0859375
0 0.890625 0.30029296875 0.09765625 0.0986328125
0 0.89306640625 0.3916015625 0.0849609375 0.0859375
0 0.88720703125 0.9541015625 0.0849609375 0.0859375
0 0.88427734375 0.833984375 0.0849609375 0.0859375
0 0.890625 0.6181640625 0.0859375 0.0859375
0 0.7939453125 0.7861328125 0.09765625 0.09765625
0 0.7939453125 0.896484375 0.09765625 0.09765625
0 0.7041015625 0.8427734375 0.09765625 0.09765625
0 0.69873046875 0.736328125 0.0849609375 0.0859375
0 0.70166015625 0.6279296875 0.1103515625 0.111328125
0 0.6103515625 0.6767578125 0.09765625 0.09765625
0 0.6015625 0.7802734375 0.09765625 0.09765625
0 0.5947265625 0.89794921875 0.09765625 0.0986328125
0 0.50244140625 0.8701171875 0.0849609375 0.0859375
0 0.32177734375 0.6220703125 0.0849609375 0.0859375
0 0.30908203125 0.72998046875 0.1103515625 0.1103515625
0 0.2138671875 0.66845703125 0.109375 0.1103515625
0 0.2138671875 0.78369140625 0.09765625 0.0986328125
0 0.1396484375 0.60400390625 0.0859375 0.0869140625
0 0.140625 0.70263671875 0.09765625 0.0986328125
0 0.13525390625 0.82421875 0.0849609375 0.0859375