0 0.2783203125 0.70166015625 0.109375 0.1103515625
0 0.08837890625 0.9169921875 0.1103515625 0.111328125
0 0.09130859375 0.8095703125 0.1103515625 0.111328125
0 0.08642578125 0.70263671875 0.1103515625 0.1103515625
0 0.18212890625 0.85888671875 0.1103515625 0.1103515625
0 0.177734375 0.75439453125 0.109375 0.1103515625
0 0.27734375 0.91552734375 0.09765625 0.0986328125
0 0.2802734375 0.80908203125 0.109375 0.1103515625
0 0.3779296875 0.86181640625 0.109375 0.1103515625
0 0.3740234375 0.75732421875 0.109375 0.1103515625
0 0.37109375 0.64404296875 0.048828125 0.0498046875
0 0.279296875 0.58935546875 0.048828125 0.0498046875
0 0.1845703125 0.6513671875 0.048828125 0.048828125
0 0.46728515625 0.91357421875 0.1103515625 0.1103515625
0 0.46728515625 0.80322265625 0.1103515625 0.1103515625
0 0.46435546875 0.69091796875 0.1103515625 0.1103515625
0 0.46533203125 0.5849609375 0.0849609375 0.0859375
0 0.56689453125 0.86572265625 0.1103515625 0.1103515625
0 0.5615234375 0.75439453125 0.09765625 0.0986328125
0 0.6591796875 0.91650390625 0.109375 0.1103515625
0 0.654296875 0.80712890625 0.109375 0.1103515625
0 0.6552734375 0.70263671875 0.109375 0.1103515625
0 0.65380859375 0.5810546875 0.0732421875 0.07421875
0 0.74658203125 0.85498046875 0.1103515625 0.1103515625
0 0.75244140625 0.76220703125 0.1103515625 0.1103515625
0 0.75048828125 0.640625 0.1103515625 0.111328125
0 0.83935546875 0.90283203125 0.1103515625 0.1103515625
0 0.84228515625 0.7958984375 0.1103515625 0.111328125
0 0.8408203125 0.6884765625 0.09765625 0.09765625
0 0.8388671875 0.58447265625 0.060546875 0.0615234375
0 0.9443359375 0.8564453125 0.109375 0.111328125
0 0.9453125 0.755859375 0.09765625 0.09765625
0 0.9423828125 0.63623046875 0.109375 0.1103515625
0 0.943359375 0.52392578125 0.09765625 0.0986328125
0 0.85009765625 0.47802734375 0.1103515625 0.1103515625
0 0.85302734375 0.35888671875 0.1103515625 0.1103515625
0 0.8505859375 0.248046875 0.09765625 0.09765625
0 0.84765625 0.130859375 0.109375 0.111328125
0 0.75634765625 0.52001953125 0.1103515625 0.1103515625
0 0.75244140625 0.41845703125 0.1103515625 0.1103515625
0 0.75244140625 0.29833984375 0.1103515625 0.1103515625
0 0.75732421875 0.18896484375 0.1103515625 0.1103515625
0 0.75390625 0.0791015625 0.09765625 0.09765625
0 0.65625 0.47705078125 0.0859375 0.0869140625
0 0.56982421875 0.53173828125 0.0732421875 0.0732421875
0 0.46435546875 0.48291015625 0.1103515625 0.1103515625
0 0.3740234375 0.53173828125 0.109375 0.1103515625
0 0.27734375 0.482421875 0.109375 0.111328125
0 0.1748046875 0.423828125 0.0859375 0.0859375
0 0.18115234375 0.5361328125 0.0849609375 0.0859375
0 0.08447265625 0.5849609375 0.0849609375 0.0859375
0 0.08740234375 0.478515625 0.0849609375 0.0859375
0 0.080078125 0.37109375 0.09765625 0.09765625
0 0.0849609375 0.2666015625 0.09765625 0.09765625
0 0.08984375 0.14990234375 0.09765625 0.0986328125