0 0.12646484375 0.1435546875 0.0732421875 0.07421875
0 0.40576171875 0.39013671875 0.0732421875 0.0732421875
0 0.8779296875 0.8984375 0.0859375 0.0859375
0 0.78125 0.84619140625 0.09765625 0.0986328125
0 0.69189453125 0.89599609375 0.1103515625 0.1103515625
0 0.59375 0.8447265625 0.09765625 0.09765625
0 0.5029296875 0.90087890625 0.09765625 0.0986328125
0 0.41259765625 0.837890625 0.0849609375 0.0859375
0 0.314453125 0.900390625 0.0859375 0.0859375
0 0.2265625 0.83935546875 0.09765625 0.0986328125
0 0.1259765625 0.90673828125 0.09765625 0.0986328125
0 0.220703125 0.30517578125 0.0859375 0.0869140625
0 0.220703125 0.416015625 0.0859375 0.0859375
0 0.31396484375 0.361328125 0.0732421875 0.07421875
0 0.31005859375 0.255859375 0.0732421875 0.07421875
0 0.50634765625 0.3544921875 0.0849609375 0.0859375
0 0.880859375 0.12353515625 0.09765625 0.0986328125
0 0.873046875 0.234375 0.09765625 0.09765625
0 0.8798828125 0.34228515625 0.09765625 0.0986328125
0 0.791015625 0.3994140625 0.09765625 0.09765625
0 0.78515625 0.29248046875 0.09765625 0.0986328125
0 0.787109375 0.18505859375 0.09765625 0.0986328125
0 0.7880859375 0.0703125 0.09765625 0.09765625
0 0.69384765625 0.12744140625 0.1103515625 0.1103515625
0 0.6962890625 0.24169921875 0.109375 0.1103515625
0 0.69775390625 0.3525390625 0.1103515625 0.111328125
0 0.599609375 0.3955078125 0.09765625 0.09765625
0 0.6083984375 0.29248046875 0.109375 0.1103515625
0 0.595703125 0.1884765625 0.109375 0.111328125
0 0.603515625 0.07666015625 0.109375 0.1103515625
0 0.50244140625 0.1259765625 0.0849609375 0.0859375
0 0.5078125 0.25244140625 0.109375 0.1103515625
0 0.40966796875 0.2919921875 0.0849609375 0.0859375
0 0.4111328125 0.1923828125 0.09765625 0.09765625
0 0.408203125 0.05712890625 0.09765625 0.0986328125
0 0.3193359375 0.15673828125 0.09765625 0.0986328125
0 0.22216796875 0.099609375 0.0849609375 0.0859375
0 0.12744140625 0.349609375 0.0849609375 0.0859375
0 0.1220703125 0.6787109375 0.0859375 0.0859375
0 0.125 0.8125 0.09765625 0.09765625
0 0.2177734375 0.73486328125 0.109375 0.1103515625
0 0.21875 0.61181640625 0.09765625 0.0986328125
0 0.21923828125 0.51708984375 0.0849609375 0.0869140625
0 0.30810546875 0.4453125 0.0849609375 0.0859375
0 0.31396484375 0.56884765625 0.1103515625 0.1103515625
0 0.31298828125 0.67822265625 0.1103515625 0.1103515625
0 0.3125 0.78857421875 0.09765625 0.0986328125
0 0.412109375 0.72998046875 0.09765625 0.0986328125
0 0.41015625 0.61962890625 0.09765625 0.0986328125
0 0.4111328125 0.515625 0.0859375 0.0859375
0 0.5087890625 0.45751953125 0.109375 0.1103515625
0 0.505859375 0.56201171875 0.09765625 0.0986328125
0 0.505859375 0.6796875 0.0859375 0.0859375
0 0.5068359375 0.7861328125 0.0859375 0.0859375
0 0.59765625 0.73974609375 0.09765625 0.0986328125
0 0.6005859375 0.63232421875 0.09765625 0.0986328125
0 0.5947265625 0.5263671875 0.09765625 0.09765625
0 0.6875 0.474609375 0.109375 0.111328125
0 0.68896484375 0.5751953125 0.1103515625 0.111328125
0 0.69482421875 0.66552734375 0.1103515625 0.1103515625
0 0.68896484375 0.79150390625 0.1103515625 0.1103515625
0 0.779296875 0.7392578125 0.09765625 0.09765625
0 0.779296875 0.6279296875 0.09765625 0.09765625
0 0.7861328125 0.517578125 0.0859375 0.0859375
0 0.8779296875 0.45166015625 0.09765625 0.0986328125
0 0.8818359375 0.5546875 0.0859375 0.0859375
0 0.8740234375 0.67578125 0.09765625 0.09765625
0 0.8818359375 0.7822265625 0.09765625 0.09765625
0 0.1220703125 0.55615234375 0.109375 0.1103515625
0 0.126953125 0.46533203125 0.109375 0.1103515625