0 0.697265625 0.24951171875 0.109375 0.1103515625
0 0.888671875 0.8994140625 0.0859375 0.0859375
0 0.888671875 0.79296875 0.09765625 0.09765625
0 0.8837890625 0.68212890625 0.09765625 0.0986328125
0 0.79345703125 0.857421875 0.1103515625 0.111328125
0 0.79296875 0.7353515625 0.109375 0.111328125
0 0.796875 0.62939453125 0.109375 0.1103515625
0 0.70068359375 0.90283203125 0.1103515625 0.1103515625
0 0.69873046875 0.79638671875 0.1103515625 0.1103515625
0 0.69775390625 0.685546875 0.1103515625 0.111328125
0 0.611328125 0.85498046875 0.109375 0.1103515625
0 0.603515625 0.74365234375 0.109375 0.1103515625
0 0.5107421875 0.90673828125 0.109375 0.1103515625
0 0.5078125 0.80029296875 0.09765625 0.0986328125
0 0.5068359375 0.68798828125 0.109375 0.1103515625
0 0.41650390625 0.85693359375 0.1103515625 0.1103515625
0 0.41259765625 0.73779296875 0.1103515625 0.1103515625
0 0.41015625 0.63232421875 0.109375 0.1103515625
0 0.30810546875 0.9140625 0.0849609375 0.0859375
0 0.31298828125 0.802734375 0.0849609375 0.0859375
0 0.31201171875 0.689453125 0.0849609375 0.0859375
0 0.21875 0.85595703125 0.109375 0.1103515625
0 0.216796875 0.74072265625 0.09765625 0.0986328125
0 0.21923828125 0.63232421875 0.1103515625 0.1103515625
0 0.1171875 0.90576171875 0.109375 0.1103515625
0 0.12109375 0.80322265625 0.09765625 0.0986328125
0 0.1181640625 0.68701171875 0.109375 0.1103515625
0 0.126953125 0.57373046875 0.109375 0.1103515625
0 0.1279296875 0.46142578125 0.109375 0.1103515625
0 0.12451171875 0.35888671875 0.1103515625 0.1103515625
0 0.12841796875 0.25146484375 0.1103515625 0.1103515625
0 0.21728515625 0.52099609375 0.1103515625 0.1103515625
0 0.22607421875 0.41064453125 0.1103515625 0.1103515625
0 0.22021484375 0.29638671875 0.1103515625 0.1103515625
0 0.220703125 0.1875 0.109375 0.111328125
0 0.3095703125 0.57861328125 0.09765625 0.0986328125
0 0.306640625 0.470703125 0.0859375 0.0859375
0 0.3173828125 0.357421875 0.09765625 0.09765625
0 0.3134765625 0.2412109375 0.09765625 0.09765625
0 0.4111328125 0.52001953125 0.109375 0.1103515625
0 0.4091796875 0.416015625 0.109375 0.111328125
0 0.4072265625 0.3017578125 0.109375 0.111328125
0 0.41259765625 0.2021484375 0.1103515625 0.111328125
0 0.5087890625 0.57568359375 0.109375 0.1103515625
0 0.50732421875 0.46484375 0.1103515625 0.111328125
0 0.51025390625 0.357421875 0.1103515625 0.111328125
0 0.50537109375 0.25048828125 0.1103515625 0.1103515625
0 0.60693359375 0.6318359375 0.1103515625 0.111328125
0 0.60498046875 0.5244140625 0.1103515625 0.111328125
0 0.60107421875 0.40673828125 0.1103515625 0.1103515625
0 0.5966796875 0.30224609375 0.109375 0.1103515625
0 0.69482421875 0.568359375 0.1103515625 0.111328125
0 0.6962890625 0.46337890625 0.09765625 0.0986328125
0 0.69921875 0.35693359375 0.109375 0.1103515625
0 0.7919921875 0.52099609375 0.09765625 0.0986328125
0 0.796875 0.40966796875 0.109375 0.1103515625
0 0.79296875 0.30517578125 0.109375 0.1103515625
0 0.7900390625 0.19189453125 0.048828125 0.0498046875
0 0.6982421875 0.13720703125 0.048828125 0.0498046875
0 0.603515625 0.19921875 0.048828125 0.048828125
0 0.8916015625 0.57666015625 0.109375 0.1103515625
0 0.88623046875 0.46142578125 0.1103515625 0.1103515625
0 0.88623046875 0.35107421875 0.1103515625 0.1103515625
0 0.88330078125 0.23876953125 0.1103515625 0.1103515625
0 0.88427734375 0.1328125 0.0849609375 0.0859375
0 0.79296875 0.07958984375 0.109375 0.1103515625
0 0.60009765625 0.083984375 0.0849609375 0.0859375
0 0.50341796875 0.1328125 0.0849609375 0.0859375
0 0.40966796875 0.08447265625 0.0732421875 0.0732421875
0 0.3212890625 0.13818359375 0.09765625 0.0986328125
0 0.21826171875 0.08349609375 0.1103515625 0.1103515625
0 0.12353515625 0.13427734375 0.1103515625 0.1103515625