0 0.20068359375 0.37939453125 0.0732421875 0.0732421875
0 0.4736328125 0.67529296875 0.07421875 0.0732421875
0 0.12353515625 0.67138671875 0.0732421875 0.0732421875
0 0.25 0.48193359375 0.07421875 0.0732421875
0 0.39599609375 0.39404296875 0.0732421875 0.0732421875
0 0.30322265625 0.57568359375 0.0732421875 0.0732421875
0 0.47802734375 0.30810546875 0.0732421875 0.0732421875
0 0.5810546875 0.31103515625 0.07421875 0.0732421875
0 0.7890625 0.20458984375 0.07421875 0.0732421875
0 0.41162109375 0.2001953125 0.0986328125 0.09765625
0 0.4541015625 0.484375 0.0859375 0.0859375
0 0.5673828125 0.49609375 0.0859375 0.0859375
0 0.50927734375 0.384765625 0.0869140625 0.0859375
0 0.62109375 0.38623046875 0.0859375 0.0849609375
0 0.671875 0.31640625 0.0859375 0.0859375
0 0.765625 0.39306640625 0.0859375 0.0849609375
0 0.8212890625 0.30615234375 0.0859375 0.0849609375
0 0.8662109375 0.20166015625 0.0859375 0.0849609375
0 0.876953125 0.3916015625 0.0859375 0.0859375
0 0.9140625 0.31005859375 0.0859375 0.0849609375
0 0.70068359375 0.48974609375 0.1103515625 0.1103515625
0 0.79150390625 0.4921875 0.1103515625 0.109375
0 0.9189453125 0.49658203125 0.111328125 0.1103515625
0 0.86279296875 0.5869140625 0.1103515625 0.109375
0 0.70703125 0.67578125 0.0859375 0.0859375
0 0.8056640625 0.67578125 0.0859375 0.0859375
0 0.92236328125 0.681640625 0.0986328125 0.09765625
0 0.41357421875 0.775390625 0.0986328125 0.09765625
0 0.52978515625 0.77783203125 0.1103515625 0.1103515625
0 0.57666015625 0.8759765625 0.0986328125 0.09765625
0 0.46826171875 0.86669921875 0.1103515625 0.1103515625
0 0.9365234375 0.95263671875 0.0859375 0.0849609375
0 0.853515625 0.95654296875 0.0859375 0.0849609375
0 0.693359375 0.87109375 0.0859375 0.0859375
0 0.8154296875 0.87353515625 0.0859375 0.0849609375
0 0.8974609375 0.87255859375 0.0859375 0.0849609375
0 0.9404296875 0.77685546875 0.0859375 0.0849609375
0 0.845703125 0.76904296875 0.0859375 0.0849609375
0 0.7509765625 0.77685546875 0.0859375 0.0849609375
0 0.640625 0.7724609375 0.0859375 0.0859375
0 0.515625 0.58642578125 0.0859375 0.0849609375
0 0.6416015625 0.587890625 0.0859375 0.0859375
0 0.751953125 0.58935546875 0.0859375 0.0849609375
0 0.5869140625 0.67333984375 0.0859375 0.0849609375
0 0.29443359375 0.37939453125 0.0732421875 0.0732421875
0 0.359375 0.48388671875 0.07421875 0.0732421875
0 0.3564453125 0.861328125 0.111328125 0.109375
0 0.2314453125 0.865234375 0.0859375 0.0859375
0 0.13916015625 0.865234375 0.0986328125 0.09765625
0 0.07177734375 0.7685546875 0.0986328125 0.09765625
0 0.18896484375 0.77734375 0.1103515625 0.109375
0 0.30029296875 0.7763671875 0.1103515625 0.109375
0 0.361328125 0.6767578125 0.0859375 0.0859375
0 0.24609375 0.669921875 0.0859375 0.0859375
0 0.07177734375 0.5810546875 0.0986328125 0.09765625
0 0.1875 0.580078125 0.09765625 0.09765625
0 0.13037109375 0.482421875 0.1103515625 0.109375
0 0.0849609375 0.19921875 0.048828125 0.048828125
0 0.1865234375 0.19970703125 0.0859375 0.0849609375
0 0.30224609375 0.197265625 0.0869140625 0.0859375
0 0.1318359375 0.294921875 0.0859375 0.0859375
0 0.365234375 0.30078125 0.0859375 0.0859375