0 0.759765625 0.62158203125 0.07421875 0.0732421875
0 0.0908203125 0.24267578125 0.07421875 0.0732421875
0 0.17138671875 0.33447265625 0.0732421875 0.0732421875
0 0.3779296875 0.14208984375 0.07421875 0.0732421875
0 0.251953125 0.52294921875 0.0859375 0.0849609375
0 0.1474609375 0.52783203125 0.0859375 0.0849609375
0 0.12939453125 0.712890625 0.0869140625 0.0859375
0 0.087890625 0.61572265625 0.0859375 0.0849609375
0 0.185546875 0.61962890625 0.0859375 0.0849609375
0 0.05712890625 0.33935546875 0.0615234375 0.0615234375
0 0.15673828125 0.90234375 0.0986328125 0.09765625
0 0.26220703125 0.9013671875 0.0986328125 0.09765625
0 0.2021484375 0.7958984375 0.09765625 0.09765625
0 0.099609375 0.79541015625 0.0859375 0.0849609375
0 0.2646484375 0.7119140625 0.09765625 0.09765625
0 0.095703125 0.43212890625 0.0859375 0.0849609375
0 0.2255859375 0.4296875 0.0859375 0.0859375
0 0.26806640625 0.138671875 0.0986328125 0.09765625
0 0.0888671875 0.04345703125 0.0859375 0.0849609375
0 0.7734375 0.0556640625 0.0859375 0.0859375
0 0.8828125 0.0517578125 0.0859375 0.0859375
0 0.9150390625 0.1435546875 0.111328125 0.109375
0 0.83447265625 0.138671875 0.0986328125 0.09765625
0 0.7744140625 0.228515625 0.0859375 0.0859375
0 0.88134765625 0.244140625 0.0986328125 0.09765625
0 0.7119140625 0.3359375 0.09765625 0.09765625
0 0.8251953125 0.3330078125 0.09765625 0.09765625
0 0.92626953125 0.3349609375 0.0986328125 0.09765625
0 0.6640625 0.435546875 0.0859375 0.0859375
0 0.7626953125 0.43408203125 0.0859375 0.0849609375
0 0.876953125 0.431640625 0.0859375 0.0859375
0 0.705078125 0.52978515625 0.0859375 0.0849609375
0 0.8076171875 0.53369140625 0.0859375 0.0849609375
0 0.9228515625 0.53369140625 0.0859375 0.0849609375
0 0.8623046875 0.626953125 0.09765625 0.09765625
0 0.798828125 0.7158203125 0.0859375 0.0859375
0 0.92626953125 0.7314453125 0.0986328125 0.09765625
0 0.70361328125 0.912109375 0.0986328125 0.09765625
0 0.6513671875 0.04931640625 0.0859375 0.0849609375
0 0.53125 0.05224609375 0.0859375 0.0849609375
0 0.3154296875 0.0458984375 0.0859375 0.0859375
0 0.4833984375 0.142578125 0.09765625 0.09765625
0 0.59375 0.142578125 0.09765625 0.09765625
0 0.7060546875 0.1435546875 0.09765625 0.09765625
0 0.65283203125 0.236328125 0.0986328125 0.09765625
0 0.5400390625 0.232421875 0.09765625 0.09765625
0 0.43359375 0.23779296875 0.0859375 0.0849609375
0 0.3251953125 0.23486328125 0.111328125 0.1103515625
0 0.3740234375 0.326171875 0.09765625 0.09765625
0 0.4775390625 0.3349609375 0.09765625 0.09765625
0 0.59521484375 0.341796875 0.0986328125 0.09765625
0 0.5673828125 0.43408203125 0.0859375 0.0849609375
0 0.3193359375 0.61474609375 0.0859375 0.0849609375
0 0.42724609375 0.62744140625 0.1103515625 0.1103515625
0 0.36572265625 0.72265625 0.1103515625 0.109375
0 0.48095703125 0.72265625 0.0986328125 0.09765625
0 0.30126953125 0.796875 0.0869140625 0.0859375
0 0.39990234375 0.7958984375 0.0986328125 0.09765625
0 0.521484375 0.80126953125 0.0859375 0.0849609375
0 0.57421875 0.9033203125 0.09765625 0.09765625
0 0.46728515625 0.9091796875 0.0986328125 0.09765625
0 0.38134765625 0.9091796875 0.0986328125 0.09765625