0 0.9326171875 0.06787109375 0.07421875 0.0732421875
0 0.95068359375 0.26904296875 0.0732421875 0.0732421875
0 0.83740234375 0.1806640625 0.0615234375 0.060546875
0 0.11669921875 0.64404296875 0.0732421875 0.0732421875
0 0.10009765625 0.27197265625 0.0732421875 0.0732421875
0 0.0439453125 0.71826171875 0.07421875 0.0732421875
0 0.2802734375 0.9111328125 0.09765625 0.09765625
0 0.41845703125 0.91015625 0.0986328125 0.09765625
0 0.50830078125 0.91015625 0.1103515625 0.109375
0 0.54833984375 0.818359375 0.0986328125 0.09765625
0 0.43115234375 0.822265625 0.1103515625 0.109375
0 0.3193359375 0.82470703125 0.0859375 0.0849609375
0 0.498046875 0.544921875 0.048828125 0.048828125
0 0.48486328125 0.72021484375 0.0869140625 0.0849609375
0 0.388671875 0.72021484375 0.0859375 0.0849609375
0 0.263671875 0.73291015625 0.111328125 0.1103515625
0 0.24169921875 0.64013671875 0.1103515625 0.1103515625
0 0.287109375 0.54052734375 0.0859375 0.0849609375
0 0.439453125 0.63232421875 0.0859375 0.0849609375
0 0.3330078125 0.6337890625 0.048828125 0.048828125
0 0.0751953125 0.83740234375 0.0859375 0.0849609375
0 0.4365234375 0.4501953125 0.048828125 0.048828125
0 0.4814453125 0.3603515625 0.048828125 0.048828125
0 0.380859375 0.35546875 0.048828125 0.048828125
0 0.427734375 0.265625 0.037109375 0.037109375
0 0.31201171875 0.25537109375 0.0361328125 0.0361328125
0 0.443359375 0.08349609375 0.037109375 0.0361328125
0 0.3359375 0.08984375 0.0859375 0.0859375
0 0.3876953125 0.16455078125 0.025390625 0.0244140625
0 0.330078125 0.453125 0.09765625 0.09765625
0 0.21826171875 0.44384765625 0.1103515625 0.1103515625
0 0.10400390625 0.4541015625 0.1103515625 0.109375
0 0.27685546875 0.35498046875 0.1103515625 0.1103515625
0 0.14794921875 0.35986328125 0.1103515625 0.1103515625
0 0.1923828125 0.2724609375 0.09765625 0.09765625
0 0.26025390625 0.1806640625 0.0986328125 0.09765625
0 0.15625 0.181640625 0.09765625 0.09765625
0 0.10693359375 0.0810546875 0.0986328125 0.09765625
0 0.22265625 0.08203125 0.111328125 0.109375
0 0.39013671875 0.5380859375 0.0498046875 0.048828125
0 0.92529296875 0.9189453125 0.0986328125 0.09765625
0 0.81689453125 0.91455078125 0.1103515625 0.1103515625
0 0.8564453125 0.8310546875 0.09765625 0.09765625
0 0.93408203125 0.8359375 0.0986328125 0.09765625
0 0.90966796875 0.73388671875 0.0732421875 0.0732421875
0 0.81103515625 0.740234375 0.0986328125 0.09765625
0 0.88134765625 0.552734375 0.0986328125 0.09765625
0 0.94140625 0.45458984375 0.0859375 0.0849609375
0 0.8935546875 0.35888671875 0.0859375 0.0849609375
0 0.9169921875 0.1767578125 0.0859375 0.0859375
0 0.83349609375 0.05126953125 0.0615234375 0.0615234375