0 0.71826171875 0.8798828125 0.1103515625 0.109375
0 0.916015625 0.87841796875 0.037109375 0.0361328125
0 0.8271484375 0.87451171875 0.037109375 0.0361328125
0 0.720703125 0.69384765625 0.111328125 0.1103515625
0 0.884765625 0.60791015625 0.111328125 0.1103515625
0 0.7802734375 0.60791015625 0.111328125 0.1103515625
0 0.9482421875 0.50341796875 0.0859375 0.0849609375
0 0.83544921875 0.505859375 0.1103515625 0.109375
0 0.72412109375 0.5126953125 0.1103515625 0.109375
0 0.89892578125 0.41015625 0.0986328125 0.09765625
0 0.787109375 0.40625 0.0859375 0.0859375
0 0.6728515625 0.4111328125 0.0859375 0.0859375
0 0.84375 0.310546875 0.0859375 0.0859375
0 0.72900390625 0.31689453125 0.0869140625 0.0849609375
0 0.89892578125 0.2197265625 0.0986328125 0.09765625
0 0.78759765625 0.21923828125 0.0869140625 0.0849609375
0 0.84326171875 0.126953125 0.0986328125 0.09765625
0 0.73291015625 0.1279296875 0.0986328125 0.09765625
0 0.6181640625 0.1240234375 0.0859375 0.0859375
0 0.505859375 0.123046875 0.09765625 0.09765625
0 0.396484375 0.12744140625 0.111328125 0.1103515625
0 0.2861328125 0.11962890625 0.111328125 0.1103515625
0 0.18017578125 0.12548828125 0.1103515625 0.1103515625
0 0.6748046875 0.21728515625 0.0859375 0.0849609375
0 0.5654296875 0.2197265625 0.0859375 0.0859375
0 0.4541015625 0.216796875 0.0859375 0.0859375
0 0.3525390625 0.22265625 0.111328125 0.109375
0 0.2431640625 0.2197265625 0.111328125 0.109375
0 0.11962890625 0.21533203125 0.1103515625 0.1103515625
0 0.61865234375 0.31201171875 0.1103515625 0.1103515625
0 0.50537109375 0.31298828125 0.1103515625 0.1103515625
0 0.40185546875 0.3212890625 0.1103515625 0.109375
0 0.29150390625 0.3154296875 0.1103515625 0.109375
0 0.1767578125 0.314453125 0.111328125 0.109375
0 0.57080078125 0.41357421875 0.1103515625 0.1103515625
0 0.45556640625 0.41162109375 0.1103515625 0.1103515625
0 0.34716796875 0.40625 0.0986328125 0.09765625
0 0.2373046875 0.40869140625 0.0859375 0.0849609375
0 0.1240234375 0.4091796875 0.09765625 0.09765625
0 0.61181640625 0.5078125 0.1103515625 0.109375
0 0.51220703125 0.509765625 0.1103515625 0.109375
0 0.39990234375 0.5 0.0986328125 0.09765625
0 0.28759765625 0.50537109375 0.1103515625 0.1103515625
0 0.18115234375 0.49755859375 0.1103515625 0.1103515625
0 0.66845703125 0.58837890625 0.1103515625 0.1103515625
0 0.55224609375 0.5966796875 0.1103515625 0.109375
0 0.44384765625 0.59765625 0.1103515625 0.109375
0 0.34130859375 0.59765625 0.0986328125 0.09765625
0 0.22509765625 0.6025390625 0.1103515625 0.109375
0 0.60791015625 0.68896484375 0.1103515625 0.1103515625
0 0.50341796875 0.69287109375 0.1103515625 0.1103515625
0 0.39208984375 0.68994140625 0.1103515625 0.1103515625
0 0.28076171875 0.6884765625 0.1103515625 0.109375
0 0.17138671875 0.689453125 0.1103515625 0.109375
0 0.673828125 0.78125 0.111328125 0.109375
0 0.5615234375 0.78515625 0.111328125 0.109375
0 0.45166015625 0.783203125 0.0986328125 0.09765625
0 0.33935546875 0.79052734375 0.1103515625 0.1103515625
0 0.23193359375 0.78271484375 0.1103515625 0.1103515625
0 0.6083984375 0.8779296875 0.111328125 0.109375
0 0.5029296875 0.875 0.111328125 0.109375
0 0.396484375 0.876953125 0.09765625 0.09765625
0 0.28759765625 0.8759765625 0.1103515625 0.109375
0 0.16748046875 0.8759765625 0.0986328125 0.09765625
0 0.06103515625 0.88134765625 0.1103515625 0.1103515625
0 0.11376953125 0.78466796875 0.1103515625 0.1103515625
0 0.06396484375 0.69140625 0.1103515625 0.109375
0 0.11474609375 0.60009765625 0.1103515625 0.1103515625
0 0.06494140625 0.50244140625 0.1103515625 0.1103515625
0 0.0673828125 0.3115234375 0.111328125 0.109375
0 0.06201171875 0.12353515625 0.0615234375 0.0615234375