0 0.564453125 0.75048828125 0.0859375 0.0869140625
0 0.07861328125 0.9140625 0.0732421875 0.07421875
0 0.375 0.0654296875 0.09765625 0.09765625
0 0.3701171875 0.18212890625 0.09765625 0.0986328125
0 0.47119140625 0.1240234375 0.0732421875 0.07421875
0 0.568359375 0.0771484375 0.09765625 0.09765625
0 0.5703125 0.1875 0.09765625 0.09765625
0 0.6552734375 0.13525390625 0.109375 0.1103515625
0 0.65625 0.2431640625 0.109375 0.111328125
0 0.75439453125 0.07763671875 0.1103515625 0.1103515625
0 0.755859375 0.18603515625 0.109375 0.1103515625
0 0.85498046875 0.13037109375 0.1103515625 0.1103515625
0 0.85400390625 0.24560546875 0.1103515625 0.1103515625
0 0.94091796875 0.30517578125 0.1103515625 0.1103515625
0 0.84521484375 0.35302734375 0.1103515625 0.1103515625
0 0.94287109375 0.40380859375 0.1103515625 0.1103515625
0 0.93994140625 0.51904296875 0.1103515625 0.1103515625
0 0.94287109375 0.63671875 0.1103515625 0.111328125
0 0.9404296875 0.744140625 0.0859375 0.0859375
0 0.84423828125 0.4755859375 0.0732421875 0.07421875
0 0.84765625 0.57421875 0.09765625 0.09765625
0 0.8408203125 0.6923828125 0.09765625 0.09765625
0 0.7451171875 0.29833984375 0.109375 0.1103515625
0 0.748046875 0.4091796875 0.109375 0.111328125
0 0.751953125 0.509765625 0.109375 0.111328125
0 0.7451171875 0.62939453125 0.09765625 0.0986328125
0 0.74560546875 0.74609375 0.0849609375 0.0859375
0 0.6591796875 0.3466796875 0.109375 0.111328125
0 0.65966796875 0.4541015625 0.0849609375 0.0859375
0 0.65625 0.57958984375 0.09765625 0.0986328125
0 0.6640625 0.68896484375 0.09765625 0.0986328125
0 0.55908203125 0.3134765625 0.1103515625 0.111328125
0 0.56201171875 0.421875 0.0849609375 0.0859375
0 0.55517578125 0.541015625 0.0849609375 0.0859375
0 0.5615234375 0.64453125 0.0859375 0.0859375
0 0.47021484375 0.2548828125 0.0849609375 0.0859375
0 0.47705078125 0.36865234375 0.0244140625 0.0244140625
0 0.470703125 0.4873046875 0.037109375 0.037109375
0 0.47314453125 0.59326171875 0.0244140625 0.0244140625
0 0.46728515625 0.70654296875 0.0244140625 0.0244140625
0 0.37548828125 0.51513671875 0.0244140625 0.0244140625
0 0.37548828125 0.62548828125 0.0244140625 0.0244140625
0 0.37158203125 0.74072265625 0.0244140625 0.0244140625
0 0.3779296875 0.29052734375 0.09765625 0.0986328125
0 0.3759765625 0.39599609375 0.09765625 0.0986328125
0 0.36767578125 0.85009765625 0.0244140625 0.0244140625
0 0.37060546875 0.93212890625 0.0244140625 0.0244140625
0 0.46826171875 0.79345703125 0.0244140625 0.0244140625
0 0.46142578125 0.90087890625 0.0244140625 0.0244140625
0 0.5615234375 0.931640625 0.037109375 0.037109375
0 0.55859375 0.84912109375 0.109375 0.1103515625
0 0.66796875 0.79296875 0.0859375 0.0859375
0 0.66845703125 0.90185546875 0.0732421875 0.0732421875
0 0.7490234375 0.85205078125 0.09765625 0.0986328125
0 0.73974609375 0.96728515625 0.0615234375 0.0615234375
0 0.8408203125 0.79833984375 0.09765625 0.0986328125
0 0.845703125 0.90576171875 0.09765625 0.0986328125
0 0.94921875 0.85546875 0.09765625 0.09765625
0 0.0849609375 0.48095703125 0.09765625 0.0986328125
0 0.0888671875 0.58447265625 0.109375 0.1103515625
0 0.080078125 0.6953125 0.09765625 0.09765625
0 0.0849609375 0.806640625 0.09765625 0.09765625