0 0.93798828125 0.20849609375 0.0732421875 0.0732421875
0 0.94091796875 0.10546875 0.0732421875 0.07421875
0 0.0751953125 0.26708984375 0.109375 0.1103515625
0 0.08154296875 0.15283203125 0.1103515625 0.1103515625
0 0.1748046875 0.2255859375 0.0859375 0.0859375
0 0.1796875 0.10888671875 0.09765625 0.0986328125
0 0.275390625 0.2705078125 0.0859375 0.0859375
0 0.271484375 0.150390625 0.09765625 0.09765625
0 0.2783203125 0.0517578125 0.09765625 0.09765625
0 0.3671875 0.220703125 0.109375 0.111328125
0 0.3662109375 0.1103515625 0.109375 0.111328125
0 0.458984375 0.16259765625 0.109375 0.1103515625
0 0.46923828125 0.25830078125 0.1103515625 0.1103515625
0 0.5478515625 0.1025390625 0.09765625 0.09765625
0 0.65283203125 0.15380859375 0.1103515625 0.1103515625
0 0.64892578125 0.2744140625 0.1103515625 0.111328125
0 0.830078125 0.27490234375 0.09765625 0.0986328125
0 0.0673828125 0.91796875 0.09765625 0.09765625
0 0.0693359375 0.81689453125 0.09765625 0.0986328125
0 0.0732421875 0.708984375 0.0859375 0.0859375
0 0.06640625 0.5888671875 0.09765625 0.09765625
0 0.0693359375 0.470703125 0.109375 0.111328125
0 0.0732421875 0.373046875 0.09765625 0.09765625
0 0.171875 0.326171875 0.0859375 0.0859375
0 0.1669921875 0.42626953125 0.09765625 0.0986328125
0 0.166015625 0.544921875 0.09765625 0.09765625
0 0.166015625 0.8662109375 0.0859375 0.0859375
0 0.1650390625 0.7568359375 0.0859375 0.0859375
0 0.1650390625 0.654296875 0.0859375 0.0859375
0 0.26806640625 0.935546875 0.0849609375 0.0859375
0 0.8291015625 0.6015625 0.048828125 0.048828125
0 0.82958984375 0.5 0.0849609375 0.0859375
0 0.8271484375 0.38427734375 0.0859375 0.0869140625
0 0.26806640625 0.8203125 0.0849609375 0.0859375
0 0.26953125 0.71142578125 0.109375 0.1103515625
0 0.27099609375 0.6044921875 0.0849609375 0.0859375
0 0.2724609375 0.48486328125 0.09765625 0.0986328125
0 0.267578125 0.36962890625 0.109375 0.1103515625
0 0.359375 0.3212890625 0.109375 0.111328125
0 0.36279296875 0.43310546875 0.1103515625 0.1103515625
0 0.36279296875 0.54150390625 0.1103515625 0.1103515625
0 0.36376953125 0.65673828125 0.1103515625 0.1103515625
0 0.36279296875 0.76904296875 0.1103515625 0.1103515625
0 0.361328125 0.880859375 0.09765625 0.09765625
0 0.4501953125 0.9443359375 0.0859375 0.0859375
0 0.4658203125 0.81689453125 0.09765625 0.0986328125
0 0.4599609375 0.70751953125 0.09765625 0.0986328125
0 0.46337890625 0.59814453125 0.1103515625 0.1103515625
0 0.45703125 0.48681640625 0.109375 0.1103515625
0 0.46142578125 0.37451171875 0.1103515625 0.1103515625
0 0.544921875 0.3203125 0.09765625 0.09765625
0 0.548828125 0.4580078125 0.09765625 0.09765625
0 0.5517578125 0.55712890625 0.09765625 0.0986328125
0 0.5517578125 0.64697265625 0.09765625 0.0986328125
0 0.5458984375 0.77001953125 0.09765625 0.0986328125
0 0.6474609375 0.38134765625 0.09765625 0.0986328125
0 0.64697265625 0.4970703125 0.0849609375 0.0859375
0 0.7421875 0.87451171875 0.109375 0.1103515625
0 0.7451171875 0.76904296875 0.109375 0.1103515625
0 0.830078125 0.93994140625 0.09765625 0.0986328125
0 0.83544921875 0.82763671875 0.1103515625 0.1103515625
0 0.83837890625 0.71337890625 0.1103515625 0.1103515625
0 0.9296875 0.76953125 0.109375 0.111328125
0 0.9208984375 0.9033203125 0.09765625 0.09765625
0 0.9248046875 0.66259765625 0.109375 0.1103515625
0 0.9248046875 0.5546875 0.0859375 0.0859375
0 0.9306640625 0.3212890625 0.0859375 0.0859375