0 0.88916015625 0.86962890625 0.0732421875 0.0732421875
0 0.79638671875 0.9423828125 0.0732421875 0.07421875
0 0.88671875 0.76806640625 0.09765625 0.0986328125
0 0.7998046875 0.7119140625 0.09765625 0.09765625
0 0.791015625 0.8203125 0.0859375 0.0859375
0 0.61328125 0.71142578125 0.09765625 0.0986328125
0 0.6064453125 0.826171875 0.0859375 0.0859375
0 0.60888671875 0.931640625 0.0849609375 0.0859375
0 0.517578125 0.677734375 0.09765625 0.09765625
0 0.5224609375 0.76904296875 0.09765625 0.0986328125
0 0.5078125 0.873046875 0.09765625 0.09765625
0 0.42431640625 0.724609375 0.1103515625 0.111328125
0 0.42822265625 0.849609375 0.1220703125 0.123046875
0 0.42138671875 0.955078125 0.0849609375 0.0859375
0 0.32861328125 0.67333984375 0.1103515625 0.1103515625
0 0.33251953125 0.78271484375 0.1103515625 0.1103515625
0 0.330078125 0.89501953125 0.09765625 0.0986328125
0 0.234375 0.73974609375 0.109375 0.1103515625
0 0.24169921875 0.83642578125 0.1103515625 0.1103515625
0 0.1435546875 0.6787109375 0.0859375 0.0859375
0 0.138671875 0.78955078125 0.109375 0.1103515625
0 0.14111328125 0.89599609375 0.1103515625 0.1103515625
0 0.04541015625 0.72802734375 0.0849609375 0.0869140625
0 0.0517578125 0.83203125 0.09765625 0.09765625
0 0.7998046875 0.1630859375 0.0859375 0.0859375
0 0.79296875 0.2626953125 0.0859375 0.0859375
0 0.79931640625 0.39453125 0.0849609375 0.0859375
0 0.90673828125 0.4111328125 0.0849609375 0.0859375
0 0.90283203125 0.328125 0.0849609375 0.0859375
0 0.892578125 0.2119140625 0.0859375 0.0859375
0 0.89404296875 0.09765625 0.0849609375 0.0859375
0 0.89208984375 0.66748046875 0.1103515625 0.1103515625
0 0.7978515625 0.599609375 0.09765625 0.09765625
0 0.708984375 0.10791015625 0.09765625 0.0986328125
0 0.70654296875 0.216796875 0.0849609375 0.0859375
0 0.705078125 0.33447265625 0.09765625 0.0986328125
0 0.7060546875 0.44775390625 0.09765625 0.0986328125
0 0.6171875 0.0517578125 0.09765625 0.09765625
0 0.61767578125 0.162109375 0.0849609375 0.0859375
0 0.6171875 0.27978515625 0.09765625 0.0986328125
0 0.61328125 0.392578125 0.0859375 0.0859375
0 0.6103515625 0.501953125 0.09765625 0.09765625
0 0.60546875 0.6005859375 0.0859375 0.0859375
0 0.51953125 0.12353515625 0.09765625 0.0986328125
0 0.51953125 0.23681640625 0.09765625 0.0986328125
0 0.521484375 0.349609375 0.09765625 0.09765625
0 0.521484375 0.447265625 0.109375 0.111328125
0 0.51611328125 0.55908203125 0.1103515625 0.1103515625
0 0.42529296875 0.06640625 0.0849609375 0.0859375
0 0.42236328125 0.1806640625 0.0849609375 0.0859375
0 0.4248046875 0.294921875 0.09765625 0.09765625
0 0.42236328125 0.4189453125 0.0849609375 0.0859375
0 0.42724609375 0.521484375 0.0849609375 0.0859375
0 0.3330078125 0.56689453125 0.09765625 0.0986328125
0 0.32763671875 0.4599609375 0.1103515625 0.111328125
0 0.333984375 0.349609375 0.09765625 0.09765625
0 0.33984375 0.23388671875 0.109375 0.1103515625
0 0.3388671875 0.12841796875 0.09765625 0.0986328125
0 0.2353515625 0.072265625 0.09765625 0.09765625
0 0.2451171875 0.189453125 0.109375 0.111328125
0 0.240234375 0.28564453125 0.09765625 0.0986328125
0 0.24658203125 0.40673828125 0.1103515625 0.1103515625
0 0.2412109375 0.50927734375 0.109375 0.1103515625
0 0.14794921875 0.56103515625 0.1103515625 0.1103515625
0 0.2412109375 0.625 0.0859375 0.0859375
0 0.1533203125 0.4677734375 0.109375 0.111328125
0 0.140625 0.34423828125 0.109375 0.1103515625
0 0.140625 0.23193359375 0.109375 0.1103515625
0 0.14453125 0.12158203125 0.109375 0.1103515625
0 0.0556640625 0.17236328125 0.09765625 0.0986328125
0 0.0517578125 0.05517578125 0.0859375 0.0869140625
0 0.048828125 0.38671875 0.0859375 0.0859375
0 0.0537109375 0.5068359375 0.0859375 0.0859375
0 0.05126953125 0.287109375 0.0849609375 0.0859375
0 0.05224609375 0.61328125 0.0849609375 0.0859375
0 0.43115234375 0.63232421875 0.1103515625 0.1103515625