0 0.16845703125 0.2529296875 0.1103515625 0.109375
0 0.48974609375 0.72314453125 0.0732421875 0.0732421875
0 0.447265625 0.81787109375 0.07421875 0.0732421875
0 0.2685546875 0.07275390625 0.07421875 0.0732421875
0 0.0498046875 0.0712890625 0.09765625 0.09765625
0 0.1611328125 0.06640625 0.09765625 0.09765625
0 0.10888671875 0.16748046875 0.1103515625 0.1103515625
0 0.21826171875 0.1669921875 0.0986328125 0.09765625
0 0.052734375 0.2548828125 0.09765625 0.09765625
0 0.27392578125 0.25048828125 0.0732421875 0.0732421875
0 0.11181640625 0.353515625 0.0986328125 0.09765625
0 0.21630859375 0.349609375 0.0986328125 0.09765625
0 0.15576171875 0.4443359375 0.0986328125 0.09765625
0 0.26806640625 0.44189453125 0.0732421875 0.0732421875
0 0.10595703125 0.541015625 0.0986328125 0.09765625
0 0.21533203125 0.541015625 0.0986328125 0.09765625
0 0.15869140625 0.6376953125 0.0986328125 0.09765625
0 0.2607421875 0.63330078125 0.07421875 0.0732421875
0 0.10400390625 0.73046875 0.0986328125 0.09765625
0 0.208984375 0.73046875 0.0859375 0.0859375
0 0.150390625 0.82373046875 0.0859375 0.0849609375
0 0.2578125 0.8271484375 0.09765625 0.09765625
0 0.0947265625 0.92529296875 0.0859375 0.0849609375
0 0.208984375 0.9189453125 0.09765625 0.09765625
0 0.5 0.923828125 0.09765625 0.09765625
0 0.6064453125 0.91552734375 0.123046875 0.1220703125
0 0.7158203125 0.91552734375 0.111328125 0.1103515625
0 0.81787109375 0.91748046875 0.1103515625 0.1103515625
0 0.93310546875 0.92431640625 0.1103515625 0.1103515625
0 0.54248046875 0.828125 0.1103515625 0.109375
0 0.6552734375 0.8232421875 0.111328125 0.109375
0 0.767578125 0.82373046875 0.123046875 0.1220703125
0 0.88232421875 0.82568359375 0.1103515625 0.1103515625
0 0.60009765625 0.72802734375 0.1103515625 0.1103515625
0 0.7109375 0.72509765625 0.123046875 0.1220703125
0 0.8232421875 0.72607421875 0.123046875 0.1220703125
0 0.927734375 0.720703125 0.111328125 0.109375
0 0.43896484375 0.63037109375 0.0615234375 0.0615234375
0 0.54541015625 0.6318359375 0.0986328125 0.09765625
0 0.65771484375 0.6328125 0.0986328125 0.09765625
0 0.7509765625 0.6259765625 0.09765625 0.09765625
0 0.8779296875 0.63232421875 0.123046875 0.1220703125
0 0.48779296875 0.5322265625 0.0986328125 0.09765625
0 0.60595703125 0.5380859375 0.0986328125 0.09765625
0 0.7021484375 0.53857421875 0.123046875 0.1220703125
0 0.818359375 0.53955078125 0.123046875 0.1220703125
0 0.931640625 0.53955078125 0.123046875 0.1220703125
0 0.43701171875 0.435546875 0.0615234375 0.060546875
0 0.54345703125 0.443359375 0.0986328125 0.09765625
0 0.65283203125 0.443359375 0.0986328125 0.09765625
0 0.76953125 0.44091796875 0.123046875 0.1220703125
0 0.884765625 0.44287109375 0.123046875 0.1220703125
0 0.4912109375 0.34619140625 0.0859375 0.0849609375
0 0.59912109375 0.3505859375 0.0986328125 0.09765625
0 0.71337890625 0.34716796875 0.1220703125 0.1220703125
0 0.82080078125 0.3427734375 0.0986328125 0.09765625
0 0.931640625 0.34814453125 0.123046875 0.1220703125
0 0.43798828125 0.25390625 0.0615234375 0.060546875
0 0.54736328125 0.2509765625 0.0986328125 0.09765625
0 0.65966796875 0.255859375 0.0986328125 0.09765625
0 0.77099609375 0.2548828125 0.0986328125 0.09765625
0 0.87255859375 0.2509765625 0.0986328125 0.09765625
0 0.494140625 0.162109375 0.0859375 0.0859375
0 0.59814453125 0.1611328125 0.0986328125 0.09765625
0 0.71142578125 0.1591796875 0.0986328125 0.09765625
0 0.82470703125 0.162109375 0.0986328125 0.09765625
0 0.4453125 0.06396484375 0.037109375 0.0361328125
0 0.5439453125 0.0634765625 0.09765625 0.09765625
0 0.65283203125 0.064453125 0.1103515625 0.109375
0 0.7734375 0.06689453125 0.123046875 0.1220703125
0 0.88330078125 0.0615234375 0.1103515625 0.109375