0 0.2509765625 0.1201171875 0.0859375 0.0859375
0 0.15625 0.05859375 0.0859375 0.0859375
0 0.1572265625 0.169921875 0.09765625 0.09765625
0 0.0595703125 0.1103515625 0.09765625 0.09765625
0 0.0615234375 0.22509765625 0.0859375 0.0869140625
0 0.0615234375 0.33251953125 0.09765625 0.0986328125
0 0.060546875 0.44091796875 0.09765625 0.0986328125
0 0.0615234375 0.57080078125 0.09765625 0.0986328125
0 0.1611328125 0.27880859375 0.09765625 0.0986328125
0 0.154296875 0.38720703125 0.09765625 0.0986328125
0 0.1533203125 0.501953125 0.0859375 0.0859375
0 0.15673828125 0.611328125 0.0849609375 0.0859375
0 0.25048828125 0.21875 0.0849609375 0.0859375
0 0.25048828125 0.3310546875 0.0849609375 0.0859375
0 0.2509765625 0.44482421875 0.09765625 0.0986328125
0 0.2529296875 0.556640625 0.0859375 0.0859375
0 0.2490234375 0.66796875 0.0859375 0.0859375
0 0.06396484375 0.681640625 0.0849609375 0.0859375
0 0.25 0.775390625 0.0859375 0.0859375
0 0.24609375 0.8837890625 0.09765625 0.09765625
0 0.15380859375 0.7197265625 0.0849609375 0.0859375
0 0.1533203125 0.8369140625 0.09765625 0.09765625
0 0.1552734375 0.9482421875 0.09765625 0.09765625
0 0.06005859375 0.7763671875 0.0849609375 0.0859375
0 0.060546875 0.8876953125 0.09765625 0.09765625