0 0.74853515625 0.37353515625 0.0732421875 0.0732421875
0 0.83837890625 0.51953125 0.0732421875 0.07421875
0 0.83935546875 0.41455078125 0.0732421875 0.0732421875
0 0.93505859375 0.45751953125 0.0732421875 0.0732421875
0 0.65478515625 0.4365234375 0.0849609375 0.0859375
0 0.75048828125 0.46875 0.0732421875 0.07421875
0 0.75537109375 0.5849609375 0.0732421875 0.07421875
0 0.47314453125 0.89013671875 0.0732421875 0.0732421875
0 0.9384765625 0.5625 0.0859375 0.0859375
0 0.84228515625 0.6396484375 0.0732421875 0.07421875
0 0.16845703125 0.09912109375 0.0615234375 0.0615234375
0 0.56103515625 0.0791015625 0.0849609375 0.0859375
0 0.7490234375 0.08203125 0.0859375 0.0859375
0 0.08203125 0.244140625 0.048828125 0.048828125
0 0.0791015625 0.32958984375 0.09765625 0.0986328125
0 0.07861328125 0.44482421875 0.1220703125 0.1220703125
0 0.08251953125 0.55078125 0.1220703125 0.123046875
0 0.08154296875 0.66748046875 0.1103515625 0.1103515625
0 0.07763671875 0.7705078125 0.1220703125 0.123046875
0 0.16748046875 0.27685546875 0.0732421875 0.0732421875
0 0.171875 0.38916015625 0.109375 0.1103515625
0 0.1728515625 0.49853515625 0.109375 0.1103515625
0 0.1728515625 0.6064453125 0.0859375 0.0859375
0 0.17822265625 0.72021484375 0.1103515625 0.1103515625
0 0.27783203125 0.3291015625 0.1220703125 0.123046875
0 0.26611328125 0.4375 0.1220703125 0.123046875
0 0.2734375 0.55810546875 0.09765625 0.0986328125
0 0.2744140625 0.65673828125 0.09765625 0.0986328125
0 0.27099609375 0.7763671875 0.1220703125 0.123046875
0 0.37158203125 0.2744140625 0.0732421875 0.07421875
0 0.376953125 0.38671875 0.09765625 0.09765625
0 0.38330078125 0.5 0.1220703125 0.123046875
0 0.37890625 0.61279296875 0.09765625 0.0986328125
0 0.3671875 0.71533203125 0.09765625 0.0986328125
0 0.47216796875 0.330078125 0.1220703125 0.123046875
0 0.46826171875 0.4501953125 0.1220703125 0.123046875
0 0.47021484375 0.55859375 0.0849609375 0.0859375
0 0.4677734375 0.67919921875 0.09765625 0.0986328125
0 0.5625 0.28125 0.09765625 0.09765625
0 0.56640625 0.39453125 0.09765625 0.09765625
0 0.56640625 0.4990234375 0.09765625 0.09765625
0 0.568359375 0.61328125 0.09765625 0.09765625
0 0.56787109375 0.7197265625 0.1220703125 0.123046875
0 0.46630859375 0.78955078125 0.0732421875 0.0732421875
0 0.56787109375 0.830078125 0.1220703125 0.123046875
0 0.65283203125 0.3330078125 0.0732421875 0.07421875
0 0.66015625 0.5546875 0.0859375 0.0859375
0 0.6572265625 0.66796875 0.09765625 0.09765625
0 0.65771484375 0.7783203125 0.1220703125 0.123046875
0 0.7470703125 0.27587890625 0.060546875 0.0615234375
0 0.7490234375 0.7177734375 0.09765625 0.09765625
0 0.8349609375 0.30810546875 0.060546875 0.0615234375
0 0.84912109375 0.7783203125 0.0849609375 0.0859375
0 0.92333984375 0.26025390625 0.0615234375 0.0615234375
0 0.92431640625 0.34716796875 0.0615234375 0.0615234375
0 0.9423828125 0.69921875 0.0859375 0.0859375
0 0.94189453125 0.8154296875 0.0849609375 0.0859375
0 0.94384765625 0.9111328125 0.0849609375 0.0859375
0 0.849609375 0.8896484375 0.09765625 0.09765625
0 0.755859375 0.8330078125 0.0859375 0.0859375
0 0.75 0.94140625 0.109375 0.111328125
0 0.6591796875 0.8818359375 0.09765625 0.09765625
0 0.56396484375 0.93798828125 0.1103515625 0.1103515625
0 0.36328125 0.82958984375 0.09765625 0.0986328125
0 0.365234375 0.93896484375 0.09765625 0.0986328125
0 0.26806640625 0.89111328125 0.1103515625 0.1103515625
0 0.16650390625 0.82568359375 0.1103515625 0.1103515625
0 0.1748046875 0.93701171875 0.09765625 0.0986328125
0 0.078125 0.88232421875 0.09765625 0.0986328125