0 0.90771484375 0.85400390625 0.0732421875 0.0732421875
0 0.90673828125 0.75244140625 0.0732421875 0.0732421875
0 0.04541015625 0.142578125 0.0849609375 0.0859375
0 0.1455078125 0.08935546875 0.060546875 0.0615234375
0 0.1376953125 0.1875 0.0859375 0.0859375
0 0.13916015625 0.298828125 0.1103515625 0.111328125
0 0.13134765625 0.412109375 0.1220703125 0.123046875
0 0.13134765625 0.52001953125 0.1103515625 0.1103515625
0 0.234375 0.1376953125 0.0859375 0.0859375
0 0.2265625 0.24755859375 0.09765625 0.0986328125
0 0.236328125 0.35791015625 0.109375 0.1103515625
0 0.23388671875 0.4697265625 0.1220703125 0.123046875
0 0.23291015625 0.58154296875 0.0615234375 0.0615234375
0 0.13623046875 0.63427734375 0.1103515625 0.1103515625
0 0.33154296875 0.09619140625 0.0615234375 0.0615234375
0 0.328125 0.18994140625 0.09765625 0.0986328125
0 0.33251953125 0.3046875 0.1220703125 0.123046875
0 0.3251953125 0.41357421875 0.109375 0.1103515625
0 0.32861328125 0.5283203125 0.1220703125 0.123046875
0 0.3310546875 0.634765625 0.109375 0.111328125
0 0.42578125 0.13916015625 0.09765625 0.0986328125
0 0.42138671875 0.24853515625 0.1103515625 0.1103515625
0 0.41357421875 0.3525390625 0.1220703125 0.123046875
0 0.42236328125 0.47509765625 0.1103515625 0.1103515625
0 0.42333984375 0.578125 0.1220703125 0.123046875
0 0.515625 0.1064453125 0.048828125 0.048828125
0 0.5126953125 0.19189453125 0.09765625 0.0986328125
0 0.51220703125 0.30712890625 0.1220703125 0.1220703125
0 0.51611328125 0.4130859375 0.1220703125 0.123046875
0 0.51513671875 0.52978515625 0.1103515625 0.1103515625
0 0.51123046875 0.6328125 0.1220703125 0.123046875
0 0.60107421875 0.13916015625 0.0732421875 0.0732421875
0 0.60546875 0.25146484375 0.109375 0.1103515625
0 0.6064453125 0.36083984375 0.109375 0.1103515625
0 0.6064453125 0.46875 0.0859375 0.0859375
0 0.61181640625 0.58251953125 0.1103515625 0.1103515625
0 0.71142578125 0.19140625 0.1220703125 0.123046875
0 0.69970703125 0.2998046875 0.1220703125 0.123046875
0 0.70703125 0.42041015625 0.09765625 0.0986328125
0 0.7080078125 0.51904296875 0.09765625 0.0986328125
0 0.70458984375 0.638671875 0.1220703125 0.123046875
0 0.80517578125 0.13671875 0.0732421875 0.07421875
0 0.810546875 0.2490234375 0.09765625 0.09765625
0 0.81689453125 0.3623046875 0.1220703125 0.123046875
0 0.8125 0.47509765625 0.09765625 0.0986328125
0 0.80078125 0.57763671875 0.09765625 0.0986328125
0 0.90576171875 0.1923828125 0.1220703125 0.123046875
0 0.90185546875 0.3125 0.1220703125 0.123046875
0 0.90380859375 0.4208984375 0.0849609375 0.0859375
0 0.9013671875 0.54150390625 0.09765625 0.0986328125
0 0.89990234375 0.65185546875 0.0732421875 0.0732421875
0 0.796875 0.69189453125 0.09765625 0.0986328125
0 0.798828125 0.80126953125 0.09765625 0.0986328125
0 0.806640625 0.91064453125 0.09765625 0.0986328125
0 0.70166015625 0.75341796875 0.1103515625 0.1103515625
0 0.7041015625 0.85693359375 0.09765625 0.0986328125
0 0.60009765625 0.68798828125 0.1103515625 0.1103515625
0 0.6083984375 0.79931640625 0.09765625 0.0986328125
0 0.6064453125 0.90771484375 0.09765625 0.0986328125
0 0.51171875 0.74462890625 0.09765625 0.0986328125
0 0.513671875 0.8505859375 0.09765625 0.09765625
0 0.41943359375 0.689453125 0.1220703125 0.123046875
0 0.4189453125 0.80078125 0.09765625 0.09765625
0 0.4189453125 0.908203125 0.09765625 0.09765625
0 0.3212890625 0.74609375 0.09765625 0.09765625
0 0.328125 0.8564453125 0.09765625 0.09765625
0 0.23583984375 0.6845703125 0.1103515625 0.111328125
0 0.2314453125 0.7998046875 0.09765625 0.09765625
0 0.22998046875 0.900390625 0.0732421875 0.07421875
0 0.134765625 0.74560546875 0.109375 0.1103515625
0 0.134765625 0.85107421875 0.09765625 0.0986328125