0 0.9365234375 0.12939453125 0.07421875 0.0732421875
0 0.177734375 0.69384765625 0.07421875 0.0732421875
0 0.06201171875 0.8759765625 0.1103515625 0.109375
0 0.16845703125 0.8720703125 0.1103515625 0.109375
0 0.26708984375 0.880859375 0.0986328125 0.09765625
0 0.38525390625 0.88134765625 0.1103515625 0.1103515625
0 0.49853515625 0.88671875 0.0986328125 0.09765625
0 0.55224609375 0.787109375 0.1103515625 0.109375
0 0.4365234375 0.78076171875 0.111328125 0.1103515625
0 0.32568359375 0.7880859375 0.1103515625 0.109375
0 0.22607421875 0.787109375 0.1103515625 0.109375
0 0.10986328125 0.7880859375 0.1103515625 0.109375
0 0.064453125 0.69091796875 0.0859375 0.0849609375
0 0.2919921875 0.70166015625 0.0859375 0.0849609375
0 0.38720703125 0.6962890625 0.0986328125 0.09765625
0 0.50048828125 0.6953125 0.1103515625 0.109375
0 0.55126953125 0.59326171875 0.1103515625 0.1103515625
0 0.44189453125 0.5986328125 0.1103515625 0.109375
0 0.32763671875 0.60205078125 0.1103515625 0.1103515625
0 0.224609375 0.5966796875 0.111328125 0.109375
0 0.11767578125 0.587890625 0.1103515625 0.109375
0 0.15087890625 0.49853515625 0.1103515625 0.1103515625
0 0.283203125 0.50537109375 0.111328125 0.1103515625
0 0.39111328125 0.50537109375 0.1103515625 0.1103515625
0 0.55029296875 0.40478515625 0.1103515625 0.1103515625
0 0.50439453125 0.50390625 0.1103515625 0.109375
0 0.44091796875 0.4033203125 0.0986328125 0.09765625
0 0.33935546875 0.4111328125 0.0986328125 0.09765625
0 0.22314453125 0.40673828125 0.1103515625 0.1103515625
0 0.10791015625 0.4072265625 0.0986328125 0.09765625
0 0.06494140625 0.3056640625 0.0986328125 0.09765625
0 0.16259765625 0.31494140625 0.1103515625 0.1103515625
0 0.27685546875 0.31640625 0.0986328125 0.09765625
0 0.39892578125 0.31298828125 0.1103515625 0.1103515625
0 0.49658203125 0.31396484375 0.1103515625 0.1103515625
0 0.541015625 0.2158203125 0.0859375 0.0859375
0 0.431640625 0.2197265625 0.0859375 0.0859375
0 0.3369140625 0.22119140625 0.0859375 0.0849609375
0 0.220703125 0.22216796875 0.0859375 0.0849609375
0 0.11328125 0.224609375 0.0859375 0.0859375
0 0.05712890625 0.1201171875 0.0986328125 0.09765625
0 0.1669921875 0.1201171875 0.0859375 0.0859375
0 0.2744140625 0.12109375 0.09765625 0.09765625
0 0.3994140625 0.1279296875 0.111328125 0.109375
0 0.47998046875 0.1328125 0.0986328125 0.09765625
0 0.9423828125 0.880859375 0.111328125 0.109375
0 0.8271484375 0.880859375 0.09765625 0.09765625
0 0.72607421875 0.87646484375 0.1103515625 0.1103515625
0 0.61376953125 0.8759765625 0.0986328125 0.09765625
0 0.66357421875 0.787109375 0.0986328125 0.09765625
0 0.76806640625 0.78564453125 0.1103515625 0.1103515625
0 0.88720703125 0.7861328125 0.0986328125 0.09765625
0 0.82568359375 0.69140625 0.0986328125 0.09765625
0 0.72021484375 0.693359375 0.1103515625 0.109375
0 0.60302734375 0.6865234375 0.0986328125 0.09765625
0 0.64697265625 0.59765625 0.0986328125 0.09765625
0 0.77392578125 0.599609375 0.1103515625 0.109375
0 0.88134765625 0.59375 0.1103515625 0.109375
0 0.82177734375 0.5068359375 0.0986328125 0.09765625
0 0.72509765625 0.50341796875 0.1103515625 0.1103515625
0 0.61279296875 0.5 0.0986328125 0.09765625
0 0.66357421875 0.4140625 0.1103515625 0.109375
0 0.77490234375 0.4140625 0.0986328125 0.09765625
0 0.8916015625 0.41064453125 0.0859375 0.0849609375
0 0.93603515625 0.3154296875 0.0986328125 0.09765625
0 0.72265625 0.310546875 0.09765625 0.09765625
0 0.6181640625 0.3134765625 0.0859375 0.0859375
0 0.6630859375 0.22216796875 0.0859375 0.0849609375
0 0.783203125 0.21923828125 0.0859375 0.0849609375
0 0.8310546875 0.12890625 0.09765625 0.09765625
0 0.720703125 0.12890625 0.09765625 0.09765625
0 0.6083984375 0.1279296875 0.09765625 0.09765625