0 0.89404296875 0.0947265625 0.0732421875 0.07421875
0 0.71923828125 0.6748046875 0.0732421875 0.07421875
0 0.71728515625 0.5888671875 0.0732421875 0.07421875
0 0.51611328125 0.60693359375 0.0732421875 0.0732421875
0 0.52294921875 0.8232421875 0.0732421875 0.07421875
0 0.79736328125 0.62158203125 0.0732421875 0.0732421875
0 0.6044921875 0.49365234375 0.060546875 0.0615234375
0 0.79931640625 0.52392578125 0.0732421875 0.0732421875
0 0.240234375 0.154296875 0.048828125 0.048828125
0 0.06494140625 0.14111328125 0.0849609375 0.0869140625
0 0.06494140625 0.044921875 0.0849609375 0.0859375
0 0.15283203125 0.095703125 0.0849609375 0.0859375
0 0.3349609375 0.0927734375 0.048828125 0.048828125
0 0.4248046875 0.1376953125 0.048828125 0.048828125
0 0.4296875 0.037109375 0.048828125 0.048828125
0 0.51953125 0.083984375 0.037109375 0.037109375
0 0.70166015625 0.099609375 0.0361328125 0.037109375
0 0.80224609375 0.04248046875 0.0615234375 0.0615234375
0 0.62060546875 0.0439453125 0.0244140625 0.025390625
0 0.2470703125 0.04638671875 0.048828125 0.0498046875
0 0.1376953125 0.9111328125 0.0859375 0.0859375
0 0.13525390625 0.81884765625 0.1103515625 0.1103515625
0 0.142578125 0.70654296875 0.09765625 0.0986328125
0 0.05126953125 0.56591796875 0.0732421875 0.0732421875
0 0.23193359375 0.87353515625 0.1103515625 0.1103515625
0 0.22802734375 0.76513671875 0.1103515625 0.1103515625
0 0.2294921875 0.65576171875 0.109375 0.1103515625
0 0.232421875 0.53759765625 0.09765625 0.0986328125
0 0.3330078125 0.92138671875 0.09765625 0.0986328125
0 0.337890625 0.81201171875 0.09765625 0.0986328125
0 0.341796875 0.70654296875 0.09765625 0.0986328125
0 0.33056640625 0.59765625 0.0849609375 0.0859375
0 0.42626953125 0.5498046875 0.0849609375 0.0859375
0 0.4375 0.849609375 0.0859375 0.0859375
0 0.43505859375 0.76416015625 0.0849609375 0.0869140625
0 0.4287109375 0.65625 0.09765625 0.09765625
0 0.509765625 0.92822265625 0.09765625 0.0986328125
0 0.6015625 0.84130859375 0.060546875 0.0615234375
0 0.60205078125 0.73828125 0.0732421875 0.07421875
0 0.59912109375 0.65234375 0.0849609375 0.0859375
0 0.6083984375 0.5732421875 0.0859375 0.0859375
0 0.73388671875 0.48974609375 0.0615234375 0.0615234375
0 0.701171875 0.92578125 0.109375 0.111328125
0 0.712890625 0.78369140625 0.09765625 0.0986328125
0 0.796875 0.73583984375 0.09765625 0.0986328125
0 0.7822265625 0.8505859375 0.0859375 0.0859375
0 0.8857421875 0.92041015625 0.109375 0.1103515625
0 0.87548828125 0.783203125 0.0849609375 0.0859375
0 0.884765625 0.68896484375 0.09765625 0.0986328125
0 0.89794921875 0.568359375 0.0849609375 0.0859375
0 0.5185546875 0.71923828125 0.09765625 0.0986328125