0 0.43994140625 0.10986328125 0.0732421875 0.0732421875
0 0.51318359375 0.2607421875 0.0732421875 0.07421875
0 0.69189453125 0.953125 0.0732421875 0.07421875
0 0.88818359375 0.8046875 0.0732421875 0.07421875
0 0.89794921875 0.37939453125 0.1103515625 0.1103515625
0 0.90185546875 0.48876953125 0.1103515625 0.1103515625
0 0.8994140625 0.60107421875 0.09765625 0.0986328125
0 0.9013671875 0.69970703125 0.09765625 0.0986328125
0 0.8095703125 0.78662109375 0.060546875 0.0615234375
0 0.80908203125 0.8896484375 0.0732421875 0.07421875
0 0.8037109375 0.44580078125 0.109375 0.1103515625
0 0.81103515625 0.54248046875 0.1103515625 0.1103515625
0 0.80859375 0.65771484375 0.109375 0.1103515625
0 0.712890625 0.384765625 0.0859375 0.0859375
0 0.7080078125 0.49560546875 0.109375 0.1103515625
0 0.71044921875 0.60205078125 0.1103515625 0.1103515625
0 0.7099609375 0.7021484375 0.109375 0.111328125
0 0.6982421875 0.84423828125 0.09765625 0.0986328125
0 0.6142578125 0.89208984375 0.09765625 0.0986328125
0 0.62890625 0.77734375 0.0859375 0.0859375
0 0.61474609375 0.43408203125 0.0849609375 0.0869140625
0 0.62109375 0.5380859375 0.09765625 0.09765625
0 0.6142578125 0.66943359375 0.09765625 0.0986328125
0 0.5126953125 0.3779296875 0.0859375 0.0859375
0 0.51416015625 0.4912109375 0.0849609375 0.0859375
0 0.521484375 0.6044921875 0.09765625 0.09765625
0 0.525390625 0.70751953125 0.109375 0.1103515625
0 0.53564453125 0.8447265625 0.0849609375 0.0859375
0 0.5263671875 0.93896484375 0.09765625 0.0986328125
0 0.42822265625 0.89306640625 0.1103515625 0.1103515625
0 0.43115234375 0.765625 0.1103515625 0.111328125
0 0.43359375 0.6640625 0.109375 0.111328125
0 0.431640625 0.54833984375 0.09765625 0.0986328125
0 0.43212890625 0.4365234375 0.0732421875 0.07421875
0 0.33447265625 0.3740234375 0.0849609375 0.0859375
0 0.33154296875 0.4951171875 0.0849609375 0.0859375
0 0.333984375 0.60400390625 0.109375 0.1103515625
0 0.3369140625 0.71240234375 0.09765625 0.0986328125
0 0.3427734375 0.8359375 0.0859375 0.0859375
0 0.337890625 0.9345703125 0.109375 0.111328125
0 0.24755859375 0.880859375 0.0849609375 0.0859375
0 0.25634765625 0.771484375 0.0849609375 0.0859375
0 0.25927734375 0.6591796875 0.0849609375 0.0859375
0 0.259765625 0.55322265625 0.09765625 0.0986328125
0 0.2451171875 0.4482421875 0.0859375 0.0859375
0 0.1513671875 0.37744140625 0.09765625 0.0986328125
0 0.14697265625 0.50146484375 0.1103515625 0.1103515625
0 0.14794921875 0.60791015625 0.1103515625 0.1103515625
0 0.15185546875 0.71728515625 0.0966796875 0.0986328125
0 0.15283203125 0.8212890625 0.0849609375 0.0859375
0 0.1455078125 0.93701171875 0.09765625 0.0986328125
0 0.06005859375 0.87841796875 0.0849609375 0.0869140625
0 0.060546875 0.44677734375 0.109375 0.1103515625
0 0.060546875 0.55322265625 0.09765625 0.0986328125
0 0.06005859375 0.66357421875 0.1103515625 0.1103515625
0 0.0576171875 0.77685546875 0.109375 0.1103515625
0 0.43701171875 0.3125 0.0732421875 0.07421875
0 0.43212890625 0.20458984375 0.0732421875 0.0732421875
0 0.3388671875 0.1630859375 0.0859375 0.0859375
0 0.3388671875 0.2783203125 0.0859375 0.0859375
0 0.52783203125 0.1669921875 0.0732421875 0.07421875
0 0.52783203125 0.04736328125 0.0732421875 0.0732421875
0 0.90234375 0.27294921875 0.09765625 0.0986328125
0 0.89697265625 0.166015625 0.1103515625 0.111328125
0 0.9033203125 0.0556640625 0.09765625 0.09765625
0 0.81591796875 0.11279296875 0.1103515625 0.1103515625
0 0.810546875 0.21533203125 0.109375 0.1103515625
0 0.71728515625 0.26708984375 0.1103515625 0.1103515625
0 0.810546875 0.3310546875 0.0859375 0.0859375
0 0.72265625 0.173828125 0.109375 0.111328125
0 0.6181640625 0.0927734375 0.0859375 0.0859375
0 0.623046875 0.212890625 0.0859375 0.0859375
0 0.62158203125 0.3193359375 0.0849609375 0.0859375
0 0.34130859375 0.06298828125 0.1103515625 0.1103515625
0 0.2509765625 0.1201171875 0.0859375 0.0859375
0 0.251953125 0.2099609375 0.0859375 0.0859375
0 0.1474609375 0.07666015625 0.09765625 0.0986328125
0 0.15234375 0.15771484375 0.09765625 0.0986328125
0 0.05322265625 0.2314453125 0.0849609375 0.0859375
0 0.0546875 0.32666015625 0.09765625 0.0986328125
0 0.1513671875 0.27197265625 0.09765625 0.0986328125
0 0.255859375 0.32275390625 0.09765625 0.0986328125
0 0.056640625 0.12353515625 0.09765625 0.0986328125
0 0.892578125 0.90869140625 0.09765625 0.0986328125