0 0.912109375 0.0947265625 0.0859375 0.0859375
0 0.84619140625 0.1748046875 0.1103515625 0.109375
0 0.73291015625 0.1904296875 0.0986328125 0.09765625
0 0.63671875 0.1953125 0.0859375 0.0859375
0 0.5263671875 0.18603515625 0.0859375 0.0849609375
0 0.41552734375 0.18212890625 0.1103515625 0.1103515625
0 0.3671875 0.2763671875 0.111328125 0.109375
0 0.4765625 0.2734375 0.09765625 0.09765625
0 0.5859375 0.28515625 0.09765625 0.09765625
0 0.68994140625 0.2841796875 0.0986328125 0.09765625
0 0.80029296875 0.2822265625 0.0986328125 0.09765625
0 0.90087890625 0.2900390625 0.0986328125 0.09765625
0 0.84619140625 0.3857421875 0.0986328125 0.09765625
0 0.74169921875 0.37890625 0.0986328125 0.09765625
0 0.6376953125 0.3720703125 0.09765625 0.09765625
0 0.5244140625 0.375 0.09765625 0.09765625
0 0.421875 0.3720703125 0.09765625 0.09765625
0 0.31103515625 0.373046875 0.0986328125 0.09765625
0 0.37255859375 0.0849609375 0.1103515625 0.109375
0 0.47119140625 0.09814453125 0.1103515625 0.1103515625
0 0.57958984375 0.0966796875 0.0986328125 0.09765625
0 0.70068359375 0.09716796875 0.1103515625 0.1103515625
0 0.80615234375 0.0947265625 0.0986328125 0.09765625
0 0.36767578125 0.4677734375 0.0986328125 0.09765625
0 0.4755859375 0.474609375 0.111328125 0.109375
0 0.58251953125 0.4697265625 0.0986328125 0.09765625
0 0.68115234375 0.47607421875 0.1103515625 0.1103515625
0 0.796875 0.4765625 0.09765625 0.09765625
0 0.90380859375 0.4775390625 0.0986328125 0.09765625
0 0.82421875 0.56640625 0.09765625 0.09765625
0 0.73583984375 0.5703125 0.0986328125 0.09765625
0 0.61962890625 0.56494140625 0.1103515625 0.1103515625
0 0.5185546875 0.55859375 0.111328125 0.109375
0 0.41064453125 0.56103515625 0.1103515625 0.1103515625
0 0.2998046875 0.55712890625 0.111328125 0.1103515625
0 0.3623046875 0.65673828125 0.111328125 0.1103515625
0 0.47314453125 0.66064453125 0.1103515625 0.1103515625
0 0.56640625 0.65673828125 0.111328125 0.1103515625
0 0.68212890625 0.66357421875 0.1103515625 0.1103515625
0 0.74169921875 0.7490234375 0.1103515625 0.109375
0 0.625 0.75537109375 0.111328125 0.1103515625
0 0.52197265625 0.7548828125 0.1103515625 0.109375
0 0.41162109375 0.74853515625 0.1103515625 0.1103515625
0 0.31494140625 0.7509765625 0.1103515625 0.109375
0 0.3515625 0.8427734375 0.111328125 0.109375
0 0.45849609375 0.8466796875 0.0986328125 0.09765625
0 0.56640625 0.84765625 0.09765625 0.09765625
0 0.67919921875 0.84814453125 0.1103515625 0.1103515625
0 0.79638671875 0.8466796875 0.0986328125 0.09765625
0 0.90478515625 0.8505859375 0.0986328125 0.09765625
0 0.84228515625 0.7607421875 0.1103515625 0.109375
0 0.83056640625 0.94140625 0.0986328125 0.09765625
0 0.7314453125 0.9423828125 0.09765625 0.09765625
0 0.62744140625 0.947265625 0.0986328125 0.09765625
0 0.40087890625 0.9423828125 0.0986328125 0.09765625
0 0.29541015625 0.93701171875 0.1103515625 0.1103515625
0 0.123046875 0.0771484375 0.09765625 0.09765625
0 0.06689453125 0.17822265625 0.1103515625 0.1103515625
0 0.08251953125 0.36572265625 0.0869140625 0.0849609375
0 0.09130859375 0.55859375 0.0986328125 0.09765625
0 0.0986328125 0.748046875 0.0859375 0.0859375
0 0.0986328125 0.93701171875 0.0859375 0.0849609375