0 0.8818359375 0.2158203125 0.0859375 0.0859375
0 0.77490234375 0.267578125 0.0849609375 0.0859375
0 0.7783203125 0.35888671875 0.0859375 0.0869140625
0 0.87548828125 0.3173828125 0.0849609375 0.0859375
0 0.87158203125 0.4150390625 0.0849609375 0.0859375
0 0.111328125 0.41943359375 0.09765625 0.0986328125
0 0.12109375 0.32177734375 0.09765625 0.0986328125
0 0.1181640625 0.20458984375 0.109375 0.1103515625
0 0.11572265625 0.10546875 0.0849609375 0.0859375
0 0.212890625 0.15283203125 0.09765625 0.0986328125
0 0.2099609375 0.26611328125 0.09765625 0.0986328125
0 0.203125 0.3701171875 0.09765625 0.09765625
0 0.20703125 0.47021484375 0.109375 0.1103515625
0 0.3056640625 0.42724609375 0.09765625 0.0986328125
0 0.3056640625 0.31689453125 0.109375 0.1103515625
0 0.30419921875 0.21533203125 0.1103515625 0.1103515625
0 0.306640625 0.10107421875 0.09765625 0.0986328125
0 0.3984375 0.15673828125 0.09765625 0.0986328125
0 0.404296875 0.26220703125 0.09765625 0.0986328125
0 0.4033203125 0.38427734375 0.09765625 0.0986328125
0 0.39990234375 0.484375 0.0849609375 0.0859375
0 0.494140625 0.43505859375 0.09765625 0.0986328125
0 0.49169921875 0.31982421875 0.1103515625 0.1103515625
0 0.4970703125 0.212890625 0.109375 0.111328125
0 0.5009765625 0.10205078125 0.09765625 0.0986328125
0 0.59765625 0.16259765625 0.109375 0.1103515625
0 0.5849609375 0.27392578125 0.09765625 0.0986328125
0 0.5888671875 0.38623046875 0.09765625 0.0986328125
0 0.58984375 0.49169921875 0.09765625 0.0986328125
0 0.6953125 0.431640625 0.09765625 0.09765625
0 0.69580078125 0.3291015625 0.0849609375 0.0859375
0 0.685546875 0.2119140625 0.109375 0.111328125
0 0.685546875 0.1220703125 0.109375 0.111328125
0 0.7822265625 0.05712890625 0.09765625 0.0986328125
0 0.7802734375 0.14697265625 0.09765625 0.0986328125
0 0.779296875 0.494140625 0.09765625 0.09765625
0 0.8759765625 0.09912109375 0.09765625 0.0986328125
0 0.5791015625 0.93310546875 0.09765625 0.0986328125
0 0.486328125 0.884765625 0.09765625 0.09765625
0 0.388671875 0.92724609375 0.09765625 0.0986328125
0 0.2041015625 0.9208984375 0.109375 0.111328125
0 0.87646484375 0.548828125 0.0849609375 0.0859375
0 0.86376953125 0.65673828125 0.1103515625 0.1103515625
0 0.7685546875 0.59521484375 0.109375 0.1103515625
0 0.7685546875 0.71044921875 0.09765625 0.0986328125
0 0.6943359375 0.53076171875 0.0859375 0.0869140625
0 0.6953125 0.62939453125 0.09765625 0.0986328125
0 0.68994140625 0.7509765625 0.0849609375 0.0859375
0 0.587890625 0.8037109375 0.09765625 0.09765625
0 0.58203125 0.69677734375 0.09765625 0.0986328125
0 0.58203125 0.61083984375 0.09765625 0.0986328125
0 0.48828125 0.54443359375 0.09765625 0.0986328125
0 0.4873046875 0.65185546875 0.109375 0.1103515625
0 0.486328125 0.763671875 0.09765625 0.09765625
0 0.400390625 0.8076171875 0.09765625 0.09765625
0 0.392578125 0.5927734375 0.09765625 0.09765625
0 0.3974609375 0.7060546875 0.09765625 0.09765625
0 0.3056640625 0.54296875 0.09765625 0.09765625
0 0.3056640625 0.6572265625 0.09765625 0.09765625
0 0.2978515625 0.767578125 0.09765625 0.09765625
0 0.29736328125 0.86865234375 0.1103515625 0.1103515625
0 0.208984375 0.81787109375 0.09765625 0.0986328125
0 0.20654296875 0.70556640625 0.1103515625 0.1103515625
0 0.20654296875 0.5830078125 0.1103515625 0.111328125
0 0.115234375 0.6474609375 0.0859375 0.0859375
0 0.1123046875 0.513671875 0.09765625 0.09765625
0 0.115234375 0.77001953125 0.109375 0.1103515625
0 0.1103515625 0.86083984375 0.109375 0.1103515625