0 0.58056640625 0.1982421875 0.0732421875 0.07421875
0 0.861328125 0.91455078125 0.109375 0.1103515625
0 0.76171875 0.9560546875 0.0859375 0.0859375
0 0.6611328125 0.9111328125 0.0859375 0.0859375
0 0.46728515625 0.92333984375 0.1103515625 0.1103515625
0 0.28759765625 0.9072265625 0.1103515625 0.111328125
0 0.1064453125 0.90673828125 0.09765625 0.0986328125
0 0.8662109375 0.150390625 0.09765625 0.09765625
0 0.869140625 0.263671875 0.09765625 0.09765625
0 0.8671875 0.36474609375 0.09765625 0.0986328125
0 0.86328125 0.47265625 0.0859375 0.0859375
0 0.8701171875 0.5927734375 0.09765625 0.09765625
0 0.8671875 0.7109375 0.109375 0.111328125
0 0.86328125 0.80859375 0.09765625 0.09765625
0 0.7646484375 0.85546875 0.0859375 0.0859375
0 0.76953125 0.75537109375 0.09765625 0.0986328125
0 0.7705078125 0.63671875 0.09765625 0.09765625
0 0.7666015625 0.1025390625 0.0859375 0.0859375
0 0.76806640625 0.201171875 0.0849609375 0.0859375
0 0.7705078125 0.3154296875 0.0859375 0.0859375
0 0.771484375 0.4248046875 0.0859375 0.0859375
0 0.771484375 0.52734375 0.0859375 0.0859375
0 0.67236328125 0.1435546875 0.0849609375 0.0859375
0 0.66845703125 0.24609375 0.0849609375 0.0859375
0 0.107421875 0.580078125 0.048828125 0.048828125
0 0.10693359375 0.681640625 0.0849609375 0.0859375
0 0.109375 0.79736328125 0.0859375 0.0869140625
0 0.66845703125 0.361328125 0.0849609375 0.0859375
0 0.6669921875 0.47021484375 0.109375 0.1103515625
0 0.66552734375 0.5771484375 0.0849609375 0.0859375
0 0.6640625 0.69677734375 0.09765625 0.0986328125
0 0.6689453125 0.81201171875 0.109375 0.1103515625
0 0.5771484375 0.8603515625 0.109375 0.111328125
0 0.57373046875 0.74853515625 0.1103515625 0.1103515625
0 0.57373046875 0.64013671875 0.1103515625 0.1103515625
0 0.57275390625 0.52490234375 0.1103515625 0.1103515625
0 0.57373046875 0.41259765625 0.1103515625 0.1103515625
0 0.5751953125 0.30078125 0.09765625 0.09765625
0 0.486328125 0.2373046875 0.0859375 0.0859375
0 0.470703125 0.36474609375 0.09765625 0.0986328125
0 0.4765625 0.47412109375 0.09765625 0.0986328125
0 0.47314453125 0.58349609375 0.1103515625 0.1103515625
0 0.4794921875 0.69482421875 0.109375 0.1103515625
0 0.47509765625 0.80712890625 0.1103515625 0.1103515625
0 0.3916015625 0.861328125 0.09765625 0.09765625
0 0.3876953125 0.7236328125 0.09765625 0.09765625
0 0.384765625 0.62451171875 0.09765625 0.0986328125
0 0.384765625 0.53466796875 0.09765625 0.0986328125
0 0.390625 0.41162109375 0.09765625 0.0986328125
0 0.2890625 0.80029296875 0.09765625 0.0986328125
0 0.28955078125 0.6845703125 0.0849609375 0.0859375
0 0.2900390625 0.14208984375 0.09765625 0.0986328125
0 0.197265625 0.09375 0.09765625 0.09765625
0 0.19921875 0.18994140625 0.09765625 0.0986328125
0 0.1943359375 0.30712890625 0.109375 0.1103515625
0 0.19140625 0.41259765625 0.109375 0.1103515625
0 0.099609375 0.13623046875 0.09765625 0.0986328125
0 0.1064453125 0.24169921875 0.09765625 0.0986328125
0 0.10107421875 0.35400390625 0.1103515625 0.1103515625
0 0.09814453125 0.46826171875 0.1103515625 0.1103515625