0 0.80224609375 0.3525390625 0.0732421875 0.07421875
0 0.80078125 0.47216796875 0.060546875 0.0615234375
0 0.89501953125 0.4111328125 0.1103515625 0.111328125
0 0.9013671875 0.51904296875 0.09765625 0.0986328125
0 0.89306640625 0.759765625 0.0849609375 0.0859375
0 0.8984375 0.8603515625 0.0859375 0.0859375
0 0.89453125 0.9521484375 0.0859375 0.0859375
0 0.814453125 0.595703125 0.0859375 0.0859375
0 0.806640625 0.67626953125 0.109375 0.1103515625
0 0.80419921875 0.794921875 0.1103515625 0.111328125
0 0.794921875 0.91064453125 0.109375 0.1103515625
0 0.7060546875 0.44091796875 0.09765625 0.0986328125
0 0.708984375 0.5126953125 0.0859375 0.0859375
0 0.70361328125 0.626953125 0.1103515625 0.111328125
0 0.69677734375 0.75146484375 0.1103515625 0.1103515625
0 0.69921875 0.85595703125 0.109375 0.1103515625
0 0.6025390625 0.35595703125 0.09765625 0.0986328125
0 0.609375 0.46923828125 0.09765625 0.0986328125
0 0.6064453125 0.58251953125 0.0859375 0.0869140625
0 0.609375 0.68798828125 0.09765625 0.0986328125
0 0.611328125 0.80224609375 0.09765625 0.0986328125
0 0.607421875 0.91064453125 0.09765625 0.0986328125
0 0.517578125 0.41064453125 0.09765625 0.0986328125
0 0.513671875 0.5224609375 0.09765625 0.09765625
0 0.513671875 0.625 0.0859375 0.0859375
0 0.5146484375 0.73583984375 0.09765625 0.0986328125
0 0.513671875 0.85205078125 0.09765625 0.0986328125
0 0.41796875 0.46630859375 0.109375 0.1103515625
0 0.4248046875 0.57958984375 0.09765625 0.0986328125
0 0.41650390625 0.69140625 0.0849609375 0.0859375
0 0.41650390625 0.8291015625 0.0849609375 0.0859375
0 0.41357421875 0.9150390625 0.0849609375 0.0859375
0 0.32763671875 0.41162109375 0.1103515625 0.1103515625
0 0.326171875 0.5263671875 0.109375 0.111328125
0 0.3271484375 0.63330078125 0.09765625 0.0986328125
0 0.3232421875 0.7421875 0.09765625 0.09765625
0 0.3310546875 0.85693359375 0.09765625 0.0986328125
0 0.23974609375 0.4677734375 0.0849609375 0.0859375
0 0.234375 0.57666015625 0.09765625 0.0986328125
0 0.2265625 0.69384765625 0.09765625 0.0986328125
0 0.2314453125 0.79150390625 0.09765625 0.0986328125
0 0.22900390625 0.91015625 0.0849609375 0.0859375
0 0.14404296875 0.4140625 0.0849609375 0.0859375
0 0.1376953125 0.52734375 0.09765625 0.09765625
0 0.134765625 0.63037109375 0.09765625 0.0986328125
0 0.1318359375 0.74365234375 0.09765625 0.0986328125
0 0.1279296875 0.859375 0.0859375 0.0859375
0 0.51806640625 0.17919921875 0.0615234375 0.0615234375
0 0.61083984375 0.2490234375 0.0849609375 0.0859375
0 0.7080078125 0.2080078125 0.0859375 0.0859375
0 0.7080078125 0.2978515625 0.0859375 0.0859375
0 0.8037109375 0.2392578125 0.0859375 0.0859375
0 0.8115234375 0.15234375 0.0859375 0.0859375
0 0.89404296875 0.2978515625 0.0849609375 0.0859375
0 0.8916015625 0.08544921875 0.09765625 0.0986328125
0 0.890625 0.19091796875 0.09765625 0.0986328125
0 0.5234375 0.052734375 0.09765625 0.09765625
0 0.5166015625 0.29736328125 0.109375 0.1103515625
0 0.42236328125 0.35986328125 0.1103515625 0.1103515625
0 0.33056640625 0.31005859375 0.1103515625 0.1103515625
0 0.427734375 0.232421875 0.0859375 0.0859375
0 0.3359375 0.19580078125 0.109375 0.1103515625
0 0.3291015625 0.12158203125 0.09765625 0.0986328125
0 0.23779296875 0.15673828125 0.1103515625 0.1103515625
0 0.2392578125 0.25244140625 0.09765625 0.0986328125
0 0.240234375 0.34228515625 0.109375 0.1103515625
0 0.13671875 0.30615234375 0.109375 0.1103515625