0 0.10693359375 0.4345703125 0.0732421875 0.07421875
0 0.8798828125 0.56103515625 0.109375 0.1103515625
0 0.40966796875 0.88232421875 0.0732421875 0.0732421875
0 0.31494140625 0.83984375 0.0732421875 0.07421875
0 0.88037109375 0.2197265625 0.1103515625 0.111328125
0 0.87841796875 0.3330078125 0.1103515625 0.111328125
0 0.8779296875 0.4453125 0.09765625 0.09765625
0 0.88232421875 0.66650390625 0.0732421875 0.0732421875
0 0.78076171875 0.171875 0.1103515625 0.111328125
0 0.7802734375 0.275390625 0.109375 0.111328125
0 0.77734375 0.39697265625 0.109375 0.1103515625
0 0.779296875 0.50439453125 0.09765625 0.0986328125
0 0.783203125 0.60888671875 0.09765625 0.0986328125
0 0.6826171875 0.22314453125 0.109375 0.1103515625
0 0.6875 0.33154296875 0.09765625 0.0986328125
0 0.6884765625 0.44189453125 0.09765625 0.0986328125
0 0.6884765625 0.54833984375 0.09765625 0.0986328125
0 0.69091796875 0.66064453125 0.0732421875 0.0732421875
0 0.685546875 0.1123046875 0.109375 0.111328125
0 0.5888671875 0.16943359375 0.109375 0.1103515625
0 0.58544921875 0.2734375 0.0849609375 0.0859375
0 0.58984375 0.37548828125 0.09765625 0.0986328125
0 0.591796875 0.49853515625 0.09765625 0.0986328125
0 0.591796875 0.60791015625 0.09765625 0.0986328125
0 0.49267578125 0.11181640625 0.1103515625 0.1103515625
0 0.49169921875 0.21435546875 0.1103515625 0.1103515625
0 0.5 0.32666015625 0.09765625 0.0986328125
0 0.494140625 0.43212890625 0.09765625 0.0986328125
0 0.4951171875 0.55126953125 0.09765625 0.0986328125
0 0.49951171875 0.6533203125 0.0732421875 0.07421875
0 0.39697265625 0.16455078125 0.1103515625 0.1103515625
0 0.40234375 0.26904296875 0.109375 0.1103515625
0 0.4033203125 0.38232421875 0.09765625 0.0986328125
0 0.40234375 0.49658203125 0.09765625 0.0986328125
0 0.40234375 0.6015625 0.0859375 0.0859375
0 0.30078125 0.11083984375 0.0859375 0.0869140625
0 0.302734375 0.21923828125 0.109375 0.1103515625
0 0.3037109375 0.32568359375 0.09765625 0.0986328125
0 0.302734375 0.43896484375 0.09765625 0.0986328125
0 0.30908203125 0.54296875 0.0849609375 0.0859375
0 0.3056640625 0.650390625 0.09765625 0.09765625
0 0.2041015625 0.15966796875 0.109375 0.1103515625
0 0.208984375 0.27099609375 0.09765625 0.0986328125
0 0.20556640625 0.3779296875 0.0849609375 0.0859375
0 0.20751953125 0.4873046875 0.0849609375 0.0859375
0 0.2138671875 0.6015625 0.09765625 0.09765625
0 0.1083984375 0.09716796875 0.09765625 0.0986328125
0 0.10693359375 0.2119140625 0.0849609375 0.0859375
0 0.11279296875 0.328125 0.0849609375 0.0859375
0 0.11376953125 0.541015625 0.0732421875 0.07421875
0 0.109375 0.64501953125 0.060546875 0.0615234375
0 0.5908203125 0.05712890625 0.109375 0.1103515625
0 0.39892578125 0.0546875 0.0849609375 0.0859375
0 0.11474609375 0.8291015625 0.0849609375 0.0859375
0 0.208984375 0.892578125 0.09765625 0.09765625
0 0.3046875 0.93505859375 0.109375 0.1103515625
0 0.50244140625 0.83154296875 0.0615234375 0.0615234375
0 0.5009765625 0.93798828125 0.09765625 0.0986328125
0 0.6005859375 0.88037109375 0.09765625 0.0986328125
0 0.697265625 0.82958984375 0.060546875 0.0615234375
0 0.689453125 0.93603515625 0.09765625 0.0986328125
0 0.78662109375 0.8837890625 0.0849609375 0.0859375
0 0.87890625 0.83056640625 0.060546875 0.0615234375
0 0.8818359375 0.93994140625 0.09765625 0.0986328125