0 0.6787109375 0.27001953125 0.07421875 0.0732421875
0 0.63525390625 0.16748046875 0.0732421875 0.0732421875
0 0.8359375 0.94921875 0.0859375 0.0859375
0 0.7216796875 0.9541015625 0.0859375 0.0859375
0 0.892578125 0.853515625 0.0859375 0.0859375
0 0.77783203125 0.85986328125 0.0869140625 0.0849609375
0 0.94775390625 0.7626953125 0.0986328125 0.09765625
0 0.83642578125 0.76220703125 0.0869140625 0.0849609375
0 0.89208984375 0.669921875 0.0986328125 0.09765625
0 0.78173828125 0.6708984375 0.0986328125 0.09765625
0 0.94091796875 0.5732421875 0.0986328125 0.09765625
0 0.83642578125 0.5771484375 0.1103515625 0.109375
0 0.89111328125 0.478515625 0.0986328125 0.09765625
0 0.7802734375 0.47705078125 0.0859375 0.0849609375
0 0.845703125 0.384765625 0.09765625 0.09765625
0 0.7265625 0.384765625 0.09765625 0.09765625
0 0.7265625 0.57470703125 0.0859375 0.0849609375
0 0.8896484375 0.2587890625 0.09765625 0.09765625
0 0.7783203125 0.2626953125 0.09765625 0.09765625
0 0.8623046875 0.1611328125 0.09765625 0.09765625
0 0.75439453125 0.1630859375 0.0986328125 0.09765625
0 0.91748046875 0.09228515625 0.1103515625 0.1103515625
0 0.79248046875 0.0947265625 0.0986328125 0.09765625
0 0.67236328125 0.0947265625 0.0986328125 0.09765625
0 0.56494140625 0.09326171875 0.1103515625 0.1103515625
0 0.44384765625 0.0927734375 0.1103515625 0.109375
0 0.33935546875 0.09375 0.0986328125 0.09765625
0 0.23095703125 0.08984375 0.1103515625 0.109375
0 0.49072265625 0.1806640625 0.0986328125 0.09765625
0 0.39599609375 0.1787109375 0.0986328125 0.09765625
0 0.27783203125 0.19140625 0.1103515625 0.109375
0 0.55029296875 0.2685546875 0.0986328125 0.09765625
0 0.451171875 0.27490234375 0.0859375 0.0849609375
0 0.34033203125 0.27197265625 0.0869140625 0.0849609375
0 0.23974609375 0.275390625 0.0986328125 0.09765625
0 0.62109375 0.3896484375 0.09765625 0.09765625
0 0.51025390625 0.3818359375 0.0986328125 0.09765625
0 0.40283203125 0.3857421875 0.1103515625 0.109375
0 0.28466796875 0.38623046875 0.1103515625 0.1103515625
0 0.16845703125 0.38134765625 0.1103515625 0.1103515625
0 0.671875 0.4794921875 0.09765625 0.09765625
0 0.55859375 0.47802734375 0.111328125 0.1103515625
0 0.45458984375 0.4765625 0.1103515625 0.109375
0 0.34326171875 0.4765625 0.0986328125 0.09765625
0 0.22900390625 0.4736328125 0.1103515625 0.109375
0 0.611328125 0.57568359375 0.111328125 0.1103515625
0 0.501953125 0.5712890625 0.09765625 0.09765625
0 0.390625 0.5712890625 0.09765625 0.09765625
0 0.283203125 0.56982421875 0.0859375 0.0849609375
0 0.169921875 0.5703125 0.0859375 0.0859375
0 0.6669921875 0.6669921875 0.0859375 0.0859375
0 0.5546875 0.666015625 0.09765625 0.09765625
0 0.4453125 0.67041015625 0.111328125 0.1103515625
0 0.3349609375 0.66259765625 0.111328125 0.1103515625
0 0.22900390625 0.66845703125 0.1103515625 0.1103515625
0 0.7236328125 0.76025390625 0.0859375 0.0849609375
0 0.6142578125 0.7626953125 0.0859375 0.0859375
0 0.5029296875 0.759765625 0.0859375 0.0859375
0 0.4013671875 0.765625 0.111328125 0.109375
0 0.2919921875 0.7626953125 0.111328125 0.109375
0 0.16845703125 0.75830078125 0.1103515625 0.1103515625
0 0.66748046875 0.85498046875 0.1103515625 0.1103515625
0 0.55419921875 0.85595703125 0.1103515625 0.1103515625
0 0.45068359375 0.8642578125 0.1103515625 0.109375
0 0.34033203125 0.8583984375 0.1103515625 0.109375
0 0.2255859375 0.857421875 0.111328125 0.109375
0 0.39599609375 0.94921875 0.0986328125 0.09765625
0 0.2861328125 0.95166015625 0.0859375 0.0849609375
0 0.1162109375 0.8544921875 0.111328125 0.109375
0 0.06005859375 0.76025390625 0.1103515625 0.1103515625
0 0.11083984375 0.66650390625 0.0615234375 0.0615234375
0 0.06103515625 0.5732421875 0.1103515625 0.109375
0 0.11865234375 0.4755859375 0.1103515625 0.109375
0 0.06689453125 0.37939453125 0.1103515625 0.1103515625
0 0.13330078125 0.28125 0.0986328125 0.09765625
0 0.17626953125 0.1884765625 0.1103515625 0.109375
0 0.076171875 0.1865234375 0.09765625 0.09765625
0 0.1103515625 0.08984375 0.111328125 0.109375