0 0.34912109375 0.07666015625 0.0732421875 0.0732421875
0 0.42236328125 0.2275390625 0.0732421875 0.07421875
0 0.60107421875 0.919921875 0.0732421875 0.07421875
0 0.79736328125 0.771484375 0.0732421875 0.07421875
0 0.90283203125 0.3974609375 0.1103515625 0.111328125
0 0.90673828125 0.5224609375 0.1220703125 0.123046875
0 0.89990234375 0.6279296875 0.0849609375 0.0859375
0 0.8828125 0.7451171875 0.0859375 0.0859375
0 0.88525390625 0.83056640625 0.0849609375 0.0869140625
0 0.8916015625 0.9384765625 0.09765625 0.09765625
0 0.80712890625 0.34619140625 0.1103515625 0.1103515625
0 0.81103515625 0.45556640625 0.1103515625 0.1103515625
0 0.80859375 0.56787109375 0.09765625 0.0986328125
0 0.810546875 0.66650390625 0.09765625 0.0986328125
0 0.71875 0.75341796875 0.060546875 0.0615234375
0 0.71826171875 0.8564453125 0.0732421875 0.07421875
0 0.72119140625 0.9423828125 0.0849609375 0.0859375
0 0.712890625 0.41259765625 0.109375 0.1103515625
0 0.72021484375 0.50927734375 0.1103515625 0.1103515625
0 0.7177734375 0.62451171875 0.109375 0.1103515625
0 0.6220703125 0.3515625 0.0859375 0.0859375
0 0.6171875 0.46240234375 0.109375 0.1103515625
0 0.61962890625 0.56884765625 0.1103515625 0.1103515625
0 0.619140625 0.6689453125 0.109375 0.111328125
0 0.607421875 0.81103515625 0.09765625 0.0986328125
0 0.5234375 0.85888671875 0.09765625 0.0986328125
0 0.5380859375 0.744140625 0.0859375 0.0859375
0 0.52392578125 0.40087890625 0.0849609375 0.0869140625
0 0.5302734375 0.5048828125 0.09765625 0.09765625
0 0.5234375 0.63623046875 0.09765625 0.0986328125
0 0.421875 0.3447265625 0.0859375 0.0859375
0 0.42333984375 0.4580078125 0.0849609375 0.0859375
0 0.4306640625 0.5712890625 0.09765625 0.09765625
0 0.4345703125 0.67431640625 0.109375 0.1103515625
0 0.44482421875 0.8115234375 0.0849609375 0.0859375
0 0.435546875 0.90576171875 0.09765625 0.0986328125
0 0.33740234375 0.85986328125 0.1103515625 0.1103515625
0 0.34033203125 0.732421875 0.1103515625 0.111328125
0 0.3427734375 0.630859375 0.109375 0.111328125
0 0.3408203125 0.51513671875 0.09765625 0.0986328125
0 0.34130859375 0.4033203125 0.0732421875 0.07421875
0 0.24365234375 0.3408203125 0.0849609375 0.0859375
0 0.24072265625 0.4619140625 0.0849609375 0.0859375
0 0.2431640625 0.57080078125 0.109375 0.1103515625
0 0.24609375 0.67919921875 0.09765625 0.0986328125
0 0.251953125 0.802734375 0.0859375 0.0859375
0 0.2470703125 0.9013671875 0.109375 0.111328125
0 0.15673828125 0.84765625 0.0849609375 0.0859375
0 0.16552734375 0.73828125 0.0849609375 0.0859375
0 0.16845703125 0.6259765625 0.0849609375 0.0859375
0 0.1689453125 0.52001953125 0.09765625 0.0986328125
0 0.154296875 0.4150390625 0.0859375 0.0859375
0 0.060546875 0.34423828125 0.09765625 0.0986328125
0 0.05615234375 0.46826171875 0.1103515625 0.1103515625
0 0.05712890625 0.57470703125 0.1103515625 0.1103515625
0 0.06103515625 0.68408203125 0.0966796875 0.0986328125
0 0.06201171875 0.7880859375 0.0849609375 0.0859375
0 0.0546875 0.90380859375 0.09765625 0.0986328125
0 0.34619140625 0.279296875 0.0732421875 0.07421875
0 0.34130859375 0.17138671875 0.0732421875 0.0732421875
0 0.248046875 0.1298828125 0.0859375 0.0859375
0 0.248046875 0.2451171875 0.0859375 0.0859375
0 0.43701171875 0.1337890625 0.0732421875 0.07421875
0 0.90087890625 0.091796875 0.0849609375 0.0859375
0 0.90576171875 0.1943359375 0.0849609375 0.0859375
0 0.8115234375 0.23974609375 0.09765625 0.0986328125
0 0.80615234375 0.1328125 0.1103515625 0.111328125
0 0.72509765625 0.07958984375 0.1103515625 0.1103515625
0 0.7197265625 0.18212890625 0.109375 0.1103515625
0 0.62646484375 0.23388671875 0.1103515625 0.1103515625
0 0.7197265625 0.2978515625 0.0859375 0.0859375
0 0.6318359375 0.140625 0.109375 0.111328125
0 0.52734375 0.0595703125 0.0859375 0.0859375
0 0.5322265625 0.1796875 0.0859375 0.0859375
0 0.53076171875 0.2861328125 0.0849609375 0.0859375
0 0.16015625 0.0869140625 0.0859375 0.0859375
0 0.1611328125 0.1767578125 0.0859375 0.0859375
0 0.0615234375 0.12451171875 0.09765625 0.0986328125
0 0.060546875 0.23876953125 0.09765625 0.0986328125
0 0.1650390625 0.28955078125 0.09765625 0.0986328125
0 0.90966796875 0.30517578125 0.1103515625 0.1103515625
0 0.8017578125 0.87548828125 0.09765625 0.0986328125