0 0.30517578125 0.42431640625 0.0732421875 0.0732421875
0 0.20654296875 0.25537109375 0.0615234375 0.0615234375
0 0.30126953125 0.30126953125 0.0615234375 0.0615234375
0 0.39453125 0.2626953125 0.060546875 0.060546875
0 0.306640625 0.748046875 0.0859375 0.0859375
0 0.50048828125 0.75244140625 0.0732421875 0.0732421875
0 0.58837890625 0.91162109375 0.0732421875 0.0732421875
0 0.59521484375 0.80615234375 0.0732421875 0.0732421875
0 0.1181640625 0.31005859375 0.09765625 0.0986328125
0 0.1201171875 0.42529296875 0.0859375 0.0869140625
0 0.11669921875 0.5361328125 0.0849609375 0.0859375
0 0.11962890625 0.6435546875 0.0849609375 0.0859375
0 0.11962890625 0.751953125 0.0732421875 0.07421875
0 0.2119140625 0.369140625 0.0859375 0.0859375
0 0.208984375 0.4794921875 0.0859375 0.0859375
0 0.21142578125 0.58837890625 0.0732421875 0.0732421875
0 0.21337890625 0.69970703125 0.0732421875 0.0732421875
0 0.30859375 0.5439453125 0.0859375 0.0859375
0 0.3056640625 0.64404296875 0.0859375 0.0869140625
0 0.4033203125 0.3662109375 0.09765625 0.09765625
0 0.40185546875 0.474609375 0.0849609375 0.0859375
0 0.40087890625 0.587890625 0.0849609375 0.0859375
0 0.40185546875 0.6953125 0.0849609375 0.0859375
0 0.49462890625 0.30859375 0.0732421875 0.07421875
0 0.587890625 0.3623046875 0.0859375 0.0859375
0 0.59326171875 0.474609375 0.0732421875 0.07421875
0 0.5 0.4189453125 0.09765625 0.09765625
0 0.5 0.5302734375 0.09765625 0.09765625
0 0.49658203125 0.64404296875 0.0615234375 0.0615234375
0 0.4052734375 0.80712890625 0.0859375 0.0869140625
0 0.2177734375 0.80126953125 0.09765625 0.0986328125
0 0.58984375 0.5869140625 0.0859375 0.0859375
0 0.5908203125 0.6953125 0.0859375 0.0859375
0 0.49267578125 0.86083984375 0.0732421875 0.0732421875
0 0.400390625 0.91796875 0.0859375 0.0859375
0 0.3037109375 0.86474609375 0.09765625 0.0986328125
0 0.2119140625 0.91357421875 0.09765625 0.0986328125
0 0.1220703125 0.8583984375 0.09765625 0.09765625