0 0.22021484375 0.81005859375 0.0732421875 0.0732421875
0 0.29296875 0.90283203125 0.07421875 0.0732421875
0 0.45068359375 0.60693359375 0.0732421875 0.0732421875
0 0.30810546875 0.0283203125 0.0498046875 0.048828125
0 0.49462890625 0.72509765625 0.0615234375 0.0615234375
0 0.77880859375 0.0595703125 0.0986328125 0.09765625
0 0.6591796875 0.0556640625 0.0859375 0.0859375
0 0.56005859375 0.0556640625 0.1103515625 0.109375
0 0.49658203125 0.1435546875 0.0986328125 0.09765625
0 0.64111328125 0.130859375 0.1103515625 0.109375
0 0.73681640625 0.1435546875 0.1103515625 0.109375
0 0.83984375 0.158203125 0.09765625 0.09765625
0 0.79052734375 0.2392578125 0.1103515625 0.109375
0 0.67236328125 0.2431640625 0.1103515625 0.109375
0 0.57421875 0.24169921875 0.0859375 0.0849609375
0 0.1083984375 0.2373046875 0.0859375 0.0859375
0 0.205078125 0.2353515625 0.09765625 0.09765625
0 0.06298828125 0.3369140625 0.1103515625 0.109375
0 0.4521484375 0.244140625 0.09765625 0.09765625
0 0.408203125 0.33740234375 0.0859375 0.0849609375
0 0.51611328125 0.3427734375 0.0986328125 0.09765625
0 0.6171875 0.3427734375 0.09765625 0.09765625
0 0.73291015625 0.3427734375 0.1103515625 0.109375
0 0.83056640625 0.34130859375 0.1103515625 0.1103515625
0 0.78857421875 0.439453125 0.1103515625 0.109375
0 0.67431640625 0.4384765625 0.0986328125 0.09765625
0 0.55859375 0.427734375 0.111328125 0.109375
0 0.45751953125 0.4365234375 0.1103515625 0.109375
0 0.33251953125 0.42626953125 0.1103515625 0.1103515625
0 0.1279296875 0.43359375 0.09765625 0.09765625
0 0.06298828125 0.521484375 0.1103515625 0.109375
0 0.40380859375 0.52978515625 0.1103515625 0.1103515625
0 0.5166015625 0.51953125 0.0859375 0.0859375
0 0.1201171875 0.61865234375 0.111328125 0.1103515625
0 0.09521484375 0.708984375 0.1103515625 0.109375
0 0.19140625 0.716796875 0.09765625 0.09765625
0 0.11865234375 0.8125 0.0986328125 0.09765625
0 0.34765625 0.8046875 0.09765625 0.09765625
0 0.3291015625 0.6123046875 0.0859375 0.0859375
0 0.5751953125 0.611328125 0.09765625 0.09765625
0 0.67529296875 0.62939453125 0.1103515625 0.1103515625
0 0.76123046875 0.63232421875 0.1103515625 0.1103515625
0 0.7705078125 0.52734375 0.111328125 0.109375
0 0.62646484375 0.5361328125 0.0986328125 0.09765625
0 0.58544921875 0.72802734375 0.0732421875 0.0732421875
0 0.69091796875 0.7236328125 0.0986328125 0.09765625
0 0.79931640625 0.72802734375 0.1103515625 0.1103515625
0 0.759765625 0.8115234375 0.09765625 0.09765625
0 0.68212890625 0.806640625 0.0986328125 0.09765625
0 0.0625 0.8994140625 0.09765625 0.09765625
0 0.1708984375 0.908203125 0.0859375 0.0859375
0 0.3994140625 0.896484375 0.09765625 0.09765625
0 0.70654296875 0.90869140625 0.0732421875 0.0732421875
0 0.80517578125 0.90234375 0.0986328125 0.09765625
0 0.044921875 0.142578125 0.0859375 0.0859375