0 0.9619140625 0.32861328125 0.07421875 0.0732421875
0 0.41064453125 0.13671875 0.1103515625 0.109375
0 0.5341796875 0.14306640625 0.111328125 0.1103515625
0 0.6396484375 0.13671875 0.09765625 0.09765625
0 0.75 0.1435546875 0.09765625 0.09765625
0 0.85546875 0.142578125 0.09765625 0.09765625
0 0.90625 0.23291015625 0.111328125 0.1103515625
0 0.79541015625 0.2353515625 0.0986328125 0.09765625
0 0.68896484375 0.2373046875 0.0986328125 0.09765625
0 0.59130859375 0.23779296875 0.1103515625 0.1103515625
0 0.4873046875 0.23486328125 0.111328125 0.1103515625
0 0.53125 0.3330078125 0.09765625 0.09765625
0 0.63671875 0.32275390625 0.0859375 0.0849609375
0 0.75244140625 0.3330078125 0.0986328125 0.09765625
0 0.85546875 0.33203125 0.09765625 0.09765625
0 0.9267578125 0.4306640625 0.09765625 0.09765625
0 0.8134765625 0.423828125 0.09765625 0.09765625
0 0.70849609375 0.419921875 0.0986328125 0.09765625
0 0.59765625 0.423828125 0.09765625 0.09765625
0 0.49609375 0.4208984375 0.0859375 0.0859375
0 0.4130859375 0.3251953125 0.09765625 0.09765625
0 0.44384765625 0.517578125 0.0986328125 0.09765625
0 0.64599609375 0.5126953125 0.0986328125 0.09765625
0 0.76806640625 0.515625 0.0986328125 0.09765625
0 0.87353515625 0.5234375 0.0986328125 0.09765625
0 0.92822265625 0.60888671875 0.1103515625 0.1103515625
0 0.82763671875 0.6064453125 0.0986328125 0.09765625
0 0.7353515625 0.60986328125 0.111328125 0.1103515625
0 0.6025390625 0.61376953125 0.111328125 0.1103515625
0 0.49365234375 0.60693359375 0.1103515625 0.1103515625
0 0.4423828125 0.705078125 0.09765625 0.09765625
0 0.55322265625 0.708984375 0.0986328125 0.09765625
0 0.66748046875 0.708984375 0.0986328125 0.09765625
0 0.77587890625 0.7041015625 0.1103515625 0.109375
0 0.88330078125 0.70458984375 0.1103515625 0.1103515625
0 0.94091796875 0.7958984375 0.0986328125 0.09765625
0 0.83154296875 0.7998046875 0.1103515625 0.109375
0 0.71923828125 0.7958984375 0.1103515625 0.109375
0 0.60498046875 0.791015625 0.0986328125 0.09765625
0 0.49853515625 0.7958984375 0.0986328125 0.09765625
0 0.435546875 0.88623046875 0.0859375 0.0849609375
0 0.564453125 0.8916015625 0.0859375 0.0859375
0 0.6748046875 0.8916015625 0.0859375 0.0859375
0 0.880859375 0.8935546875 0.09765625 0.09765625
0 0.78076171875 0.8916015625 0.0986328125 0.09765625
0 0.32763671875 0.88671875 0.0986328125 0.09765625
0 0.21728515625 0.888671875 0.0986328125 0.09765625
0 0.11328125 0.8876953125 0.0859375 0.0859375
0 0.15966796875 0.79296875 0.0986328125 0.09765625
0 0.27734375 0.79296875 0.0859375 0.0859375
0 0.3837890625 0.7919921875 0.0859375 0.0859375
0 0.33740234375 0.701171875 0.0986328125 0.09765625
0 0.22998046875 0.6982421875 0.0986328125 0.09765625
0 0.1240234375 0.7041015625 0.09765625 0.09765625
0 0.072265625 0.611328125 0.111328125 0.109375
0 0.1728515625 0.60986328125 0.111328125 0.1103515625
0 0.26318359375 0.60400390625 0.1103515625 0.1103515625
0 0.38916015625 0.60986328125 0.1103515625 0.1103515625
0 0.3369140625 0.51953125 0.09765625 0.09765625
0 0.2255859375 0.51953125 0.09765625 0.09765625
0 0.115234375 0.5126953125 0.0859375 0.0859375
0 0.15234375 0.4169921875 0.0859375 0.0859375
0 0.2734375 0.4248046875 0.09765625 0.09765625
0 0.3798828125 0.4169921875 0.09765625 0.09765625
0 0.30859375 0.328125 0.09765625 0.09765625
0 0.21240234375 0.322265625 0.0986328125 0.09765625
0 0.08935546875 0.3203125 0.0986328125 0.09765625
0 0.14599609375 0.22705078125 0.1103515625 0.1103515625
0 0.25927734375 0.23974609375 0.1103515625 0.1103515625
0 0.37060546875 0.23095703125 0.1103515625 0.1103515625
0 0.30419921875 0.14453125 0.0986328125 0.09765625
0 0.19287109375 0.1298828125 0.1103515625 0.109375
0 0.0869140625 0.1318359375 0.0859375 0.0859375