0 0.7666015625 0.046875 0.0859375 0.0859375
0 0.91845703125 0.14501953125 0.1103515625 0.1103515625
0 0.806640625 0.142578125 0.111328125 0.109375
0 0.69482421875 0.14208984375 0.1103515625 0.1103515625
0 0.5869140625 0.12890625 0.09765625 0.09765625
0 0.47998046875 0.13818359375 0.1103515625 0.1103515625
0 0.37060546875 0.13427734375 0.1103515625 0.1103515625
0 0.3251953125 0.2314453125 0.09765625 0.09765625
0 0.42919921875 0.2373046875 0.0986328125 0.09765625
0 0.53857421875 0.2353515625 0.0986328125 0.09765625
0 0.64404296875 0.232421875 0.1103515625 0.109375
0 0.76220703125 0.23779296875 0.1103515625 0.1103515625
0 0.8662109375 0.23681640625 0.111328125 0.1103515625
0 0.37744140625 0.32666015625 0.1103515625 0.1103515625
0 0.48486328125 0.3271484375 0.0986328125 0.09765625
0 0.595703125 0.3349609375 0.09765625 0.09765625
0 0.70751953125 0.328125 0.0869140625 0.0859375
0 0.81689453125 0.33203125 0.0986328125 0.09765625
0 0.92236328125 0.33251953125 0.1103515625 0.1103515625
0 0.32080078125 0.42236328125 0.1103515625 0.1103515625
0 0.423828125 0.419921875 0.111328125 0.109375
0 0.53857421875 0.423828125 0.0986328125 0.09765625
0 0.6552734375 0.42529296875 0.111328125 0.1103515625
0 0.7646484375 0.421875 0.09765625 0.09765625
0 0.88427734375 0.42041015625 0.1103515625 0.1103515625
0 0.49658203125 0.5166015625 0.1103515625 0.109375
0 0.5849609375 0.51953125 0.09765625 0.09765625
0 0.6708984375 0.51416015625 0.111328125 0.1103515625
0 0.78564453125 0.50927734375 0.1103515625 0.1103515625
0 0.91552734375 0.52734375 0.1103515625 0.109375
0 0.8671875 0.6142578125 0.111328125 0.109375
0 0.76806640625 0.6083984375 0.0986328125 0.09765625
0 0.306640625 0.59521484375 0.111328125 0.1103515625
0 0.40673828125 0.603515625 0.1103515625 0.109375
0 0.55126953125 0.603515625 0.1103515625 0.109375
0 0.64111328125 0.607421875 0.0986328125 0.09765625
0 0.36474609375 0.712890625 0.1103515625 0.109375
0 0.5927734375 0.7041015625 0.09765625 0.09765625
0 0.69921875 0.703125 0.09765625 0.09765625
0 0.8125 0.703125 0.09765625 0.09765625
0 0.92578125 0.70703125 0.09765625 0.09765625
0 0.32177734375 0.8017578125 0.0986328125 0.09765625
0 0.55615234375 0.8671875 0.0498046875 0.048828125
0 0.41552734375 0.80224609375 0.1103515625 0.1103515625
0 0.7734375 0.798828125 0.09765625 0.09765625
0 0.86279296875 0.80126953125 0.1103515625 0.1103515625
0 0.9072265625 0.89453125 0.0859375 0.0859375
0 0.80810546875 0.89453125 0.1103515625 0.109375
0 0.26123046875 0.13525390625 0.1103515625 0.1103515625
0 0.21923828125 0.23046875 0.1103515625 0.109375
0 0.26220703125 0.337890625 0.1103515625 0.109375
0 0.201171875 0.421875 0.111328125 0.109375
0 0.05517578125 0.505859375 0.0986328125 0.09765625
0 0.10693359375 0.58984375 0.1103515625 0.109375
0 0.2138671875 0.60400390625 0.111328125 0.1103515625
0 0.2568359375 0.705078125 0.111328125 0.109375
0 0.1513671875 0.70361328125 0.111328125 0.1103515625
0 0.20458984375 0.783203125 0.0986328125 0.09765625