0 0.7978515625 0.74072265625 0.109375 0.1103515625
0 0.123046875 0.90380859375 0.09765625 0.0986328125
0 0.1220703125 0.79638671875 0.09765625 0.0986328125
0 0.125 0.68505859375 0.09765625 0.0986328125
0 0.22509765625 0.85009765625 0.1103515625 0.1103515625
0 0.22900390625 0.74267578125 0.1103515625 0.1103515625
0 0.32666015625 0.90185546875 0.1103515625 0.1103515625
0 0.32080078125 0.78759765625 0.1103515625 0.1103515625
0 0.3212890625 0.6787109375 0.109375 0.111328125
0 0.41796875 0.8486328125 0.09765625 0.09765625
0 0.4140625 0.732421875 0.09765625 0.09765625
0 0.509765625 0.9072265625 0.109375 0.111328125
0 0.5078125 0.79296875 0.109375 0.111328125
0 0.51318359375 0.693359375 0.1103515625 0.111328125
0 0.61083984375 0.8486328125 0.1103515625 0.111328125
0 0.60595703125 0.74169921875 0.1103515625 0.1103515625
0 0.70166015625 0.89794921875 0.1103515625 0.1103515625
0 0.697265625 0.79345703125 0.109375 0.1103515625
0 0.7998046875 0.84814453125 0.109375 0.1103515625
0 0.8974609375 0.90087890625 0.109375 0.1103515625
0 0.8935546875 0.79638671875 0.109375 0.1103515625
0 0.890625 0.68310546875 0.048828125 0.0498046875
0 0.798828125 0.62841796875 0.048828125 0.0498046875
0 0.7041015625 0.6904296875 0.048828125 0.048828125
0 0.8935546875 0.57080078125 0.109375 0.1103515625
0 0.796875 0.521484375 0.109375 0.111328125
0 0.6943359375 0.462890625 0.0859375 0.0859375
0 0.70068359375 0.5751953125 0.0849609375 0.0859375
0 0.60400390625 0.6240234375 0.0849609375 0.0859375
0 0.60693359375 0.517578125 0.0849609375 0.0859375
0 0.599609375 0.41015625 0.09765625 0.09765625
0 0.6044921875 0.3056640625 0.09765625 0.09765625
0 0.609375 0.18896484375 0.09765625 0.0986328125
0 0.51025390625 0.57568359375 0.0732421875 0.0732421875
0 0.50732421875 0.4638671875 0.0849609375 0.0859375
0 0.50830078125 0.2470703125 0.0732421875 0.07421875
0 0.421875 0.62939453125 0.09765625 0.0986328125
0 0.416015625 0.52001953125 0.09765625 0.0986328125
0 0.4208984375 0.40478515625 0.09765625 0.0986328125
0 0.4111328125 0.2939453125 0.09765625 0.09765625
0 0.4091796875 0.18359375 0.09765625 0.09765625
0 0.31884765625 0.57470703125 0.1103515625 0.1103515625
0 0.31787109375 0.46044921875 0.1103515625 0.1103515625
0 0.3232421875 0.35400390625 0.109375 0.1103515625
0 0.32421875 0.23583984375 0.109375 0.1103515625
0 0.3232421875 0.1279296875 0.109375 0.111328125
0 0.22412109375 0.62548828125 0.1103515625 0.1103515625
0 0.22705078125 0.51416015625 0.1103515625 0.1103515625
0 0.23291015625 0.40576171875 0.1103515625 0.1103515625
0 0.22509765625 0.29345703125 0.1103515625 0.1103515625
0 0.2236328125 0.18505859375 0.109375 0.1103515625
0 0.123046875 0.57275390625 0.109375 0.1103515625
0 0.123046875 0.46435546875 0.09765625 0.0986328125
0 0.12744140625 0.35205078125 0.1103515625 0.1103515625
0 0.12451171875 0.24072265625 0.1103515625 0.1103515625
0 0.12548828125 0.12548828125 0.1103515625 0.1103515625
0 0.234375 0.07275390625 0.109375 0.1103515625
0 0.42041015625 0.0576171875 0.1103515625 0.111328125
0 0.50927734375 0.1162109375 0.0849609375 0.0859375
0 0.6015625 0.08056640625 0.09765625 0.0986328125