0 0.1611328125 0.51416015625 0.109375 0.1103515625
0 0.8271484375 0.45068359375 0.0859375 0.0869140625
0 0.34130859375 0.6142578125 0.0732421875 0.07421875
0 0.92236328125 0.154296875 0.0849609375 0.0859375
0 0.9189453125 0.27978515625 0.09765625 0.0986328125
0 0.9267578125 0.38916015625 0.09765625 0.0986328125
0 0.82470703125 0.1220703125 0.0849609375 0.0859375
0 0.81787109375 0.2412109375 0.0849609375 0.0859375
0 0.82421875 0.3447265625 0.0859375 0.0859375
0 0.73974609375 0.06884765625 0.0244140625 0.0244140625
0 0.7333984375 0.1875 0.037109375 0.037109375
0 0.73583984375 0.29345703125 0.0244140625 0.0244140625
0 0.72998046875 0.40673828125 0.0244140625 0.0244140625
0 0.63818359375 0.21533203125 0.0244140625 0.0244140625
0 0.63818359375 0.32568359375 0.0244140625 0.0244140625
0 0.63427734375 0.44091796875 0.0244140625 0.0244140625
0 0.638671875 0.09619140625 0.09765625 0.0986328125
0 0.63037109375 0.55029296875 0.0244140625 0.0244140625
0 0.63330078125 0.63232421875 0.0244140625 0.0244140625
0 0.73095703125 0.49365234375 0.0244140625 0.0244140625
0 0.72412109375 0.60107421875 0.0244140625 0.0244140625
0 0.82421875 0.6318359375 0.037109375 0.037109375
0 0.8212890625 0.54931640625 0.109375 0.1103515625
0 0.9306640625 0.4931640625 0.0859375 0.0859375
0 0.93115234375 0.60205078125 0.0732421875 0.0732421875
0 0.34765625 0.18115234375 0.09765625 0.0986328125
0 0.3515625 0.28466796875 0.109375 0.1103515625
0 0.3427734375 0.3955078125 0.09765625 0.09765625
0 0.34765625 0.5068359375 0.09765625 0.09765625
0 0.25 0.236328125 0.0859375 0.0859375
0 0.2509765625 0.349609375 0.09765625 0.09765625
0 0.24658203125 0.45458984375 0.1103515625 0.1103515625
0 0.2470703125 0.56396484375 0.09765625 0.0986328125
0 0.16162109375 0.1728515625 0.1103515625 0.111328125
0 0.15966796875 0.2861328125 0.1103515625 0.111328125
0 0.1591796875 0.3984375 0.09765625 0.09765625
0 0.16357421875 0.61962890625 0.0732421875 0.0732421875
0 0.06201171875 0.125 0.1103515625 0.111328125
0 0.0615234375 0.228515625 0.109375 0.111328125
0 0.05859375 0.35009765625 0.109375 0.1103515625
0 0.060546875 0.45751953125 0.09765625 0.0986328125
0 0.064453125 0.56201171875 0.09765625 0.0986328125
0 0.06787109375 0.8369140625 0.0849609375 0.0859375
0 0.0634765625 0.94482421875 0.09765625 0.0986328125
0 0.16015625 0.78369140625 0.060546875 0.0615234375
0 0.1630859375 0.89306640625 0.09765625 0.0986328125
0 0.251953125 0.83984375 0.0859375 0.0859375
0 0.2529296875 0.94384765625 0.09765625 0.0986328125
0 0.35009765625 0.791015625 0.0361328125 0.037109375
0 0.3505859375 0.8896484375 0.09765625 0.09765625
0 0.44580078125 0.8486328125 0.0849609375 0.0859375
0 0.443359375 0.9462890625 0.09765625 0.09765625
0 0.5458984375 0.79541015625 0.060546875 0.0615234375
0 0.5380859375 0.8935546875 0.0859375 0.0859375
0 0.634765625 0.84375 0.0859375 0.0859375
0 0.73193359375 0.80224609375 0.0615234375 0.0615234375
0 0.728515625 0.89599609375 0.09765625 0.0986328125
0 0.826171875 0.84521484375 0.09765625 0.0986328125
0 0.916015625 0.8125 0.048828125 0.048828125
0 0.9130859375 0.89794921875 0.09765625 0.0986328125