0 0.68212890625 0.599609375 0.1103515625 0.109375
0 0.8486328125 0.8876953125 0.111328125 0.109375
0 0.734375 0.8896484375 0.111328125 0.109375
0 0.634765625 0.88427734375 0.111328125 0.1103515625
0 0.8974609375 0.78955078125 0.111328125 0.1103515625
0 0.7900390625 0.78662109375 0.111328125 0.1103515625
0 0.68310546875 0.79150390625 0.1103515625 0.1103515625
0 0.83935546875 0.69580078125 0.1103515625 0.1103515625
0 0.73486328125 0.7001953125 0.1103515625 0.109375
0 0.89599609375 0.6005859375 0.0986328125 0.09765625
0 0.78955078125 0.59765625 0.1103515625 0.109375
0 0.84228515625 0.5 0.1103515625 0.109375
0 0.73779296875 0.50390625 0.1103515625 0.109375
0 0.62451171875 0.5068359375 0.0498046875 0.048828125
0 0.56982421875 0.5986328125 0.0498046875 0.048828125
0 0.6318359375 0.693359375 0.048828125 0.048828125
0 0.89404296875 0.41064453125 0.1103515625 0.1103515625
0 0.78369140625 0.41064453125 0.1103515625 0.1103515625
0 0.67138671875 0.41357421875 0.1103515625 0.1103515625
0 0.5654296875 0.41259765625 0.0859375 0.0849609375
0 0.84619140625 0.31103515625 0.1103515625 0.1103515625
0 0.73486328125 0.31640625 0.0986328125 0.09765625
0 0.89697265625 0.21875 0.1103515625 0.109375
0 0.78759765625 0.2236328125 0.1103515625 0.109375
0 0.68310546875 0.22265625 0.1103515625 0.109375
0 0.5615234375 0.22412109375 0.07421875 0.0732421875
0 0.83544921875 0.13134765625 0.1103515625 0.1103515625
0 0.74267578125 0.12548828125 0.1103515625 0.1103515625
0 0.62109375 0.12744140625 0.111328125 0.1103515625
0 0.56494140625 0.0390625 0.0615234375 0.060546875
0 0.50048828125 0.12158203125 0.1103515625 0.1103515625
0 0.39892578125 0.12548828125 0.1103515625 0.1103515625
0 0.27880859375 0.12548828125 0.1103515625 0.1103515625
0 0.16943359375 0.12060546875 0.1103515625 0.1103515625
0 0.0595703125 0.1240234375 0.09765625 0.09765625
0 0.45751953125 0.2216796875 0.0869140625 0.0859375
0 0.51220703125 0.30810546875 0.0732421875 0.0732421875
0 0.46337890625 0.41357421875 0.1103515625 0.1103515625
0 0.51220703125 0.50390625 0.1103515625 0.109375
0 0.462890625 0.6005859375 0.111328125 0.109375
0 0.404296875 0.703125 0.0859375 0.0859375
0 0.5166015625 0.69677734375 0.0859375 0.0849609375
0 0.5654296875 0.79345703125 0.0859375 0.0849609375
0 0.458984375 0.79052734375 0.0859375 0.0849609375
0 0.3515625 0.7978515625 0.09765625 0.09765625
0 0.2470703125 0.79296875 0.09765625 0.09765625
0 0.13037109375 0.7880859375 0.0986328125 0.09765625
0 0.51708984375 0.88720703125 0.0732421875 0.0732421875
0 0.4052734375 0.89013671875 0.0859375 0.0849609375
0 0.1884765625 0.88916015625 0.07421875 0.0732421875
0 0.0576171875 0.88818359375 0.0859375 0.0849609375