0 0.232421875 0.59814453125 0.109375 0.1103515625
0 0.13671875 0.1123046875 0.109375 0.111328125
0 0.1328125 0.21826171875 0.109375 0.1103515625
0 0.23193359375 0.162109375 0.1103515625 0.111328125
0 0.326171875 0.10400390625 0.109375 0.1103515625
0 0.4228515625 0.15966796875 0.109375 0.1103515625
0 0.51708984375 0.10986328125 0.1103515625 0.1103515625
0 0.51953125 0.21533203125 0.109375 0.1103515625
0 0.61669921875 0.044921875 0.0849609375 0.0859375
0 0.61767578125 0.158203125 0.0849609375 0.0859375
0 0.712890625 0.10693359375 0.09765625 0.0986328125
0 0.71044921875 0.21533203125 0.1103515625 0.1103515625
0 0.8115234375 0.16064453125 0.109375 0.1103515625
0 0.908203125 0.10009765625 0.09765625 0.0986328125
0 0.9013671875 0.21240234375 0.09765625 0.0986328125
0 0.8984375 0.32177734375 0.09765625 0.0986328125
0 0.9072265625 0.43505859375 0.09765625 0.0986328125
0 0.908203125 0.54248046875 0.09765625 0.0986328125
0 0.9052734375 0.65380859375 0.09765625 0.0986328125
0 0.802734375 0.27392578125 0.109375 0.1103515625
0 0.8017578125 0.38623046875 0.109375 0.1103515625
0 0.80517578125 0.48876953125 0.1103515625 0.1103515625
0 0.80126953125 0.59619140625 0.1103515625 0.1103515625
0 0.71240234375 0.32666015625 0.1103515625 0.1103515625
0 0.70361328125 0.43701171875 0.1103515625 0.1103515625
0 0.70947265625 0.55126953125 0.1103515625 0.1103515625
0 0.708984375 0.66015625 0.109375 0.111328125
0 0.6201171875 0.26904296875 0.09765625 0.0986328125
0 0.623046875 0.376953125 0.0859375 0.0859375
0 0.6123046875 0.490234375 0.09765625 0.09765625
0 0.6162109375 0.6064453125 0.09765625 0.09765625
0 0.5185546875 0.32763671875 0.109375 0.1103515625
0 0.5205078125 0.431640625 0.109375 0.111328125
0 0.5224609375 0.5458984375 0.109375 0.111328125
0 0.51708984375 0.6455078125 0.1103515625 0.111328125
0 0.4208984375 0.27197265625 0.109375 0.1103515625
0 0.42236328125 0.3828125 0.1103515625 0.111328125
0 0.41943359375 0.490234375 0.1103515625 0.111328125
0 0.42431640625 0.59716796875 0.1103515625 0.1103515625
0 0.32275390625 0.2158203125 0.1103515625 0.111328125
0 0.32470703125 0.3232421875 0.1103515625 0.111328125
0 0.32861328125 0.44091796875 0.1103515625 0.1103515625
0 0.3330078125 0.54541015625 0.109375 0.1103515625
0 0.23486328125 0.279296875 0.1103515625 0.111328125
0 0.2333984375 0.38427734375 0.09765625 0.0986328125
0 0.23046875 0.49072265625 0.109375 0.1103515625
0 0.1376953125 0.32666015625 0.09765625 0.0986328125
0 0.1328125 0.43798828125 0.109375 0.1103515625
0 0.13671875 0.54248046875 0.109375 0.1103515625
0 0.1396484375 0.65576171875 0.048828125 0.0498046875
0 0.2314453125 0.71044921875 0.048828125 0.0498046875
0 0.326171875 0.6484375 0.048828125 0.048828125
0 0.04541015625 0.71484375 0.0849609375 0.0859375
0 0.13671875 0.76806640625 0.109375 0.1103515625
0 0.2333984375 0.8173828125 0.109375 0.111328125
0 0.3359375 0.8759765625 0.0859375 0.0859375
0 0.32958984375 0.763671875 0.0849609375 0.0859375
0 0.42626953125 0.71484375 0.0849609375 0.0859375
0 0.42333984375 0.8212890625 0.0849609375 0.0859375
0 0.4306640625 0.9287109375 0.09765625 0.09765625
0 0.52001953125 0.76318359375 0.0732421875 0.0732421875
0 0.52294921875 0.875 0.0849609375 0.0859375
0 0.6083984375 0.70947265625 0.09765625 0.0986328125
0 0.6142578125 0.81884765625 0.09765625 0.0986328125
0 0.609375 0.93408203125 0.09765625 0.0986328125
0 0.71142578125 0.76416015625 0.1103515625 0.1103515625
0 0.71240234375 0.87841796875 0.1103515625 0.1103515625
0 0.80615234375 0.71337890625 0.1103515625 0.1103515625
0 0.80322265625 0.82470703125 0.1103515625 0.1103515625
0 0.79736328125 0.93310546875 0.1103515625 0.1103515625
0 0.9072265625 0.76611328125 0.109375 0.1103515625
0 0.9072265625 0.87451171875 0.09765625 0.0986328125