0 0.12353515625 0.11767578125 0.1103515625 0.1103515625
0 0.1259765625 0.22314453125 0.109375 0.1103515625
0 0.22314453125 0.052734375 0.0849609375 0.0859375
0 0.22412109375 0.166015625 0.0849609375 0.0859375
0 0.3193359375 0.11474609375 0.09765625 0.0986328125
0 0.31689453125 0.22314453125 0.1103515625 0.1103515625
0 0.4150390625 0.05224609375 0.09765625 0.0986328125
0 0.41796875 0.16845703125 0.109375 0.1103515625
0 0.5146484375 0.10791015625 0.09765625 0.0986328125
0 0.61181640625 0.150390625 0.1103515625 0.111328125
0 0.7021484375 0.1123046875 0.09765625 0.09765625
0 0.7939453125 0.05322265625 0.09765625 0.0986328125
0 0.88916015625 0.1103515625 0.0732421875 0.07421875
0 0.8916015625 0.216796875 0.09765625 0.09765625
0 0.888671875 0.3369140625 0.0859375 0.0859375
0 0.89111328125 0.4453125 0.0732421875 0.07421875
0 0.88916015625 0.5537109375 0.0732421875 0.07421875
0 0.88134765625 0.66552734375 0.0732421875 0.0732421875
0 0.7939453125 0.166015625 0.109375 0.111328125
0 0.79296875 0.27734375 0.09765625 0.09765625
0 0.796875 0.390625 0.09765625 0.09765625
0 0.79736328125 0.49609375 0.0849609375 0.0859375
0 0.798828125 0.60498046875 0.09765625 0.0986328125
0 0.69921875 0.2197265625 0.09765625 0.09765625
0 0.69921875 0.33056640625 0.09765625 0.0986328125
0 0.70166015625 0.44140625 0.0849609375 0.0859375
0 0.7001953125 0.55322265625 0.09765625 0.0986328125
0 0.7001953125 0.66748046875 0.09765625 0.0986328125
0 0.60595703125 0.27880859375 0.1103515625 0.1103515625
0 0.60791015625 0.38623046875 0.1103515625 0.1103515625
0 0.6044921875 0.4970703125 0.0859375 0.0859375
0 0.6064453125 0.60595703125 0.09765625 0.0986328125
0 0.5078125 0.22021484375 0.09765625 0.0986328125
0 0.5048828125 0.32958984375 0.09765625 0.0986328125
0 0.513671875 0.44287109375 0.09765625 0.0986328125
0 0.5146484375 0.55029296875 0.09765625 0.0986328125
0 0.51171875 0.66162109375 0.09765625 0.0986328125
0 0.4091796875 0.28173828125 0.109375 0.1103515625
0 0.408203125 0.39404296875 0.109375 0.1103515625
0 0.41162109375 0.49658203125 0.1103515625 0.1103515625
0 0.40771484375 0.60400390625 0.1103515625 0.1103515625
0 0.31884765625 0.33447265625 0.1103515625 0.1103515625
0 0.31005859375 0.44482421875 0.1103515625 0.1103515625
0 0.31591796875 0.55908203125 0.1103515625 0.1103515625
0 0.3154296875 0.66796875 0.109375 0.111328125
0 0.2265625 0.27685546875 0.09765625 0.0986328125
0 0.2294921875 0.384765625 0.0859375 0.0859375
0 0.21875 0.498046875 0.09765625 0.09765625
0 0.22265625 0.6142578125 0.09765625 0.09765625
0 0.125 0.33544921875 0.109375 0.1103515625
0 0.126953125 0.439453125 0.109375 0.111328125
0 0.12890625 0.5537109375 0.109375 0.111328125
0 0.12353515625 0.6533203125 0.1103515625 0.111328125
0 0.12646484375 0.77099609375 0.0732421875 0.0732421875
0 0.12939453125 0.8828125 0.0849609375 0.0859375
0 0.21484375 0.71728515625 0.09765625 0.0986328125
0 0.220703125 0.82666015625 0.09765625 0.0986328125
0 0.2158203125 0.94189453125 0.09765625 0.0986328125
0 0.31787109375 0.77197265625 0.1103515625 0.1103515625
0 0.31884765625 0.88623046875 0.1103515625 0.1103515625
0 0.41259765625 0.72119140625 0.1103515625 0.1103515625
0 0.40966796875 0.83251953125 0.1103515625 0.1103515625
0 0.40380859375 0.94091796875 0.1103515625 0.1103515625
0 0.513671875 0.77392578125 0.109375 0.1103515625
0 0.513671875 0.88232421875 0.09765625 0.0986328125
0 0.6064453125 0.71435546875 0.109375 0.1103515625
0 0.61328125 0.83837890625 0.109375 0.1103515625
0 0.6064453125 0.94189453125 0.109375 0.1103515625
0 0.701171875 0.7685546875 0.09765625 0.09765625
0 0.69775390625 0.88427734375 0.1103515625 0.1103515625
0 0.79443359375 0.7197265625 0.0732421875 0.07421875
0 0.796875 0.8271484375 0.09765625 0.09765625
0 0.79345703125 0.93505859375 0.1103515625 0.1103515625
0 0.88623046875 0.771484375 0.0732421875 0.07421875
0 0.8828125 0.8837890625 0.09765625 0.09765625