0 0.291015625 0.51708984375 0.09765625 0.0986328125
0 0.197265625 0.46044921875 0.109375 0.1103515625
0 0.19677734375 0.8955078125 0.0849609375 0.0859375
0 0.29248046875 0.83935546875 0.1103515625 0.1103515625
0 0.390625 0.90087890625 0.0859375 0.0869140625
0 0.388671875 0.78759765625 0.09765625 0.0986328125
0 0.484375 0.84130859375 0.09765625 0.0986328125
0 0.56689453125 0.90478515625 0.0615234375 0.0615234375
0 0.669921875 0.84228515625 0.109375 0.1103515625
0 0.67529296875 0.951171875 0.0361328125 0.037109375
0 0.85595703125 0.8447265625 0.1103515625 0.111328125
0 0.94189453125 0.904296875 0.1103515625 0.111328125
0 0.86083984375 0.73193359375 0.1103515625 0.1103515625
0 0.85693359375 0.62744140625 0.1103515625 0.1103515625
0 0.85986328125 0.51611328125 0.1103515625 0.1103515625
0 0.861328125 0.40478515625 0.109375 0.1103515625
0 0.8603515625 0.29541015625 0.109375 0.1103515625
0 0.7685546875 0.7978515625 0.109375 0.111328125
0 0.7646484375 0.685546875 0.109375 0.111328125
0 0.7666015625 0.57568359375 0.09765625 0.0986328125
0 0.75927734375 0.46337890625 0.1103515625 0.1103515625
0 0.76708984375 0.35595703125 0.1103515625 0.1103515625
0 0.671875 0.732421875 0.109375 0.111328125
0 0.6748046875 0.626953125 0.109375 0.111328125
0 0.6728515625 0.5205078125 0.09765625 0.09765625
0 0.673828125 0.41162109375 0.109375 0.1103515625
0 0.673828125 0.29150390625 0.09765625 0.0986328125
0 0.576171875 0.78369140625 0.09765625 0.0986328125
0 0.58154296875 0.685546875 0.1103515625 0.111328125
0 0.5771484375 0.5751953125 0.109375 0.111328125
0 0.580078125 0.462890625 0.109375 0.111328125
0 0.578125 0.34814453125 0.109375 0.1103515625
0 0.47998046875 0.515625 0.1103515625 0.111328125
0 0.47802734375 0.4326171875 0.0732421875 0.07421875
0 0.48828125 0.29296875 0.09765625 0.09765625
0 0.388671875 0.68115234375 0.109375 0.1103515625
0 0.388671875 0.4658203125 0.09765625 0.09765625
0 0.3916015625 0.3564453125 0.09765625 0.09765625
0 0.29931640625 0.73095703125 0.1103515625 0.1103515625
0 0.294921875 0.62939453125 0.109375 0.1103515625
0 0.2900390625 0.40380859375 0.109375 0.1103515625
0 0.29248046875 0.2998046875 0.1103515625 0.111328125
0 0.20361328125 0.791015625 0.0849609375 0.0859375
0 0.16943359375 0.751953125 0.0849609375 0.0859375
0 0.19970703125 0.67041015625 0.1103515625 0.1103515625
0 0.19921875 0.35498046875 0.09765625 0.0986328125
0 0.197265625 0.244140625 0.09765625 0.09765625
0 0.1982421875 0.12890625 0.0859375 0.0859375
0 0.2939453125 0.185546875 0.09765625 0.09765625
0 0.29443359375 0.078125 0.0849609375 0.0859375
0 0.39208984375 0.26171875 0.1103515625 0.111328125
0 0.3818359375 0.14111328125 0.09765625 0.0986328125
0 0.4814453125 0.19091796875 0.09765625 0.0986328125
0 0.4775390625 0.07470703125 0.09765625 0.0986328125
0 0.5791015625 0.24462890625 0.09765625 0.0986328125
0 0.578125 0.13525390625 0.09765625 0.0986328125
0 0.66845703125 0.18505859375 0.1103515625 0.1103515625
0 0.67578125 0.08740234375 0.09765625 0.0986328125
0 0.76513671875 0.23779296875 0.1103515625 0.1103515625
0 0.763671875 0.12939453125 0.109375 0.1103515625
0 0.8583984375 0.18798828125 0.109375 0.1103515625
0 0.8623046875 0.07861328125 0.109375 0.1103515625