0 0.5791015625 0.091796875 0.0859375 0.0859375
0 0.19970703125 0.0869140625 0.0849609375 0.0859375
0 0.1044921875 0.1416015625 0.09765625 0.09765625
0 0.10302734375 0.2548828125 0.1103515625 0.111328125
0 0.1015625 0.35888671875 0.109375 0.1103515625
0 0.1015625 0.47021484375 0.09765625 0.0986328125
0 0.0986328125 0.58447265625 0.109375 0.1103515625
0 0.20068359375 0.2021484375 0.1103515625 0.111328125
0 0.1962890625 0.3115234375 0.09765625 0.09765625
0 0.1962890625 0.4228515625 0.09765625 0.09765625
0 0.19482421875 0.5302734375 0.0849609375 0.0859375
0 0.1953125 0.6435546875 0.0859375 0.0859375
0 0.2919921875 0.146484375 0.0859375 0.0859375
0 0.291015625 0.2587890625 0.09765625 0.09765625
0 0.29541015625 0.3681640625 0.1103515625 0.111328125
0 0.28759765625 0.478515625 0.1103515625 0.111328125
0 0.29345703125 0.58447265625 0.1103515625 0.1103515625
0 0.38525390625 0.08984375 0.0849609375 0.0859375
0 0.3876953125 0.19921875 0.0859375 0.0859375
0 0.384765625 0.310546875 0.0859375 0.0859375
0 0.390625 0.412109375 0.109375 0.111328125
0 0.3876953125 0.521484375 0.109375 0.111328125
0 0.38330078125 0.64501953125 0.1103515625 0.1103515625
0 0.47998046875 0.14599609375 0.1103515625 0.1103515625
0 0.48095703125 0.25927734375 0.1103515625 0.1103515625
0 0.4892578125 0.36279296875 0.109375 0.1103515625
0 0.4833984375 0.47314453125 0.109375 0.1103515625
0 0.482421875 0.587890625 0.109375 0.111328125
0 0.58154296875 0.19384765625 0.1103515625 0.1103515625
0 0.57958984375 0.30908203125 0.1103515625 0.1103515625
0 0.57421875 0.41748046875 0.09765625 0.0986328125
0 0.57666015625 0.52734375 0.0849609375 0.0859375
0 0.5771484375 0.640625 0.09765625 0.09765625
0 0.67578125 0.15283203125 0.109375 0.1103515625
0 0.677734375 0.25244140625 0.109375 0.1103515625
0 0.66796875 0.36474609375 0.09765625 0.0986328125
0 0.67333984375 0.47705078125 0.1103515625 0.1103515625
0 0.66552734375 0.58349609375 0.1103515625 0.1103515625
0 0.75634765625 0.09619140625 0.1103515625 0.1103515625
0 0.7646484375 0.21240234375 0.109375 0.1103515625
0 0.765625 0.32080078125 0.109375 0.1103515625
0 0.765625 0.42333984375 0.09765625 0.0986328125
0 0.7705078125 0.53955078125 0.109375 0.1103515625
0 0.85693359375 0.15673828125 0.1103515625 0.1103515625
0 0.86083984375 0.26123046875 0.1103515625 0.1103515625
0 0.85791015625 0.37255859375 0.1103515625 0.1103515625
0 0.8564453125 0.48388671875 0.109375 0.1103515625
0 0.857421875 0.59326171875 0.109375 0.1103515625
0 0.859375 0.70068359375 0.109375 0.1103515625
0 0.85546875 0.81005859375 0.109375 0.1103515625
0 0.857421875 0.91943359375 0.109375 0.1103515625
0 0.76806640625 0.64990234375 0.1103515625 0.1103515625
0 0.75927734375 0.74658203125 0.1103515625 0.1103515625
0 0.7626953125 0.8583984375 0.09765625 0.09765625
0 0.67041015625 0.69970703125 0.1103515625 0.1103515625
0 0.67236328125 0.81640625 0.1103515625 0.111328125
0 0.6630859375 0.92578125 0.09765625 0.09765625
0 0.57421875 0.7529296875 0.109375 0.111328125
0 0.5732421875 0.87255859375 0.060546875 0.0615234375
0 0.4794921875 0.697265625 0.109375 0.111328125
0 0.482421875 0.80712890625 0.109375 0.1103515625
0 0.47412109375 0.91552734375 0.1103515625 0.1103515625
0 0.38525390625 0.75341796875 0.1103515625 0.1103515625
0 0.38134765625 0.85302734375 0.0615234375 0.0615234375
0 0.29150390625 0.70263671875 0.0615234375 0.0615234375
0 0.28662109375 0.81103515625 0.0615234375 0.0615234375
0 0.2880859375 0.92138671875 0.109375 0.1103515625
0 0.1982421875 0.75244140625 0.109375 0.1103515625
0 0.1923828125 0.8779296875 0.0859375 0.0859375
0 0.1005859375 0.69482421875 0.109375 0.1103515625
0 0.09716796875 0.80712890625 0.1103515625 0.1103515625
0 0.10107421875 0.91748046875 0.1103515625 0.1103515625