0 0.7216796875 0.29833984375 0.109375 0.1103515625
0 0.91162109375 0.0830078125 0.1103515625 0.111328125
0 0.90869140625 0.1904296875 0.1103515625 0.111328125
0 0.91357421875 0.29736328125 0.1103515625 0.1103515625
0 0.81787109375 0.14111328125 0.1103515625 0.1103515625
0 0.822265625 0.24560546875 0.109375 0.1103515625
0 0.72265625 0.08447265625 0.09765625 0.0986328125
0 0.7197265625 0.19091796875 0.109375 0.1103515625
0 0.6220703125 0.13818359375 0.109375 0.1103515625
0 0.6259765625 0.24267578125 0.109375 0.1103515625
0 0.62890625 0.35595703125 0.048828125 0.0498046875
0 0.720703125 0.41064453125 0.048828125 0.0498046875
0 0.8154296875 0.3486328125 0.048828125 0.048828125
0 0.53271484375 0.08642578125 0.1103515625 0.1103515625
0 0.53271484375 0.19677734375 0.1103515625 0.1103515625
0 0.53564453125 0.30908203125 0.1103515625 0.1103515625
0 0.53466796875 0.4150390625 0.0849609375 0.0859375
0 0.43310546875 0.13427734375 0.1103515625 0.1103515625
0 0.4384765625 0.24560546875 0.09765625 0.0986328125
0 0.3408203125 0.08349609375 0.109375 0.1103515625
0 0.345703125 0.19287109375 0.109375 0.1103515625
0 0.3447265625 0.29736328125 0.109375 0.1103515625
0 0.34619140625 0.4189453125 0.0732421875 0.07421875
0 0.25341796875 0.14501953125 0.1103515625 0.1103515625
0 0.24755859375 0.23779296875 0.1103515625 0.1103515625
0 0.24951171875 0.359375 0.1103515625 0.111328125
0 0.16064453125 0.09716796875 0.1103515625 0.1103515625
0 0.15771484375 0.2041015625 0.1103515625 0.111328125
0 0.1591796875 0.3115234375 0.09765625 0.09765625
0 0.1611328125 0.41552734375 0.060546875 0.0615234375
0 0.0556640625 0.1435546875 0.109375 0.111328125
0 0.0546875 0.244140625 0.09765625 0.09765625
0 0.0576171875 0.36376953125 0.109375 0.1103515625
0 0.056640625 0.47607421875 0.09765625 0.0986328125
0 0.14990234375 0.52197265625 0.1103515625 0.1103515625
0 0.14697265625 0.64111328125 0.1103515625 0.1103515625
0 0.1494140625 0.751953125 0.09765625 0.09765625
0 0.15234375 0.869140625 0.109375 0.111328125
0 0.24365234375 0.47998046875 0.1103515625 0.1103515625
0 0.24755859375 0.58154296875 0.1103515625 0.1103515625
0 0.24755859375 0.70166015625 0.1103515625 0.1103515625
0 0.24267578125 0.81103515625 0.1103515625 0.1103515625
0 0.24609375 0.9208984375 0.09765625 0.09765625
0 0.34375 0.52294921875 0.0859375 0.0869140625
0 0.43017578125 0.46826171875 0.0732421875 0.0732421875
0 0.53564453125 0.51708984375 0.1103515625 0.1103515625
0 0.6259765625 0.46826171875 0.109375 0.1103515625
0 0.72265625 0.517578125 0.109375 0.111328125
0 0.8251953125 0.576171875 0.0859375 0.0859375
0 0.81884765625 0.4638671875 0.0849609375 0.0859375
0 0.91552734375 0.4150390625 0.0849609375 0.0859375
0 0.91259765625 0.521484375 0.0849609375 0.0859375
0 0.919921875 0.62890625 0.09765625 0.09765625
0 0.9150390625 0.7333984375 0.09765625 0.09765625
0 0.91015625 0.85009765625 0.09765625 0.0986328125