0 0.76611328125 0.54296875 0.0732421875 0.07421875
0 0.85400390625 0.4833984375 0.0732421875 0.07421875
0 0.95263671875 0.4267578125 0.0849609375 0.0859375
0 0.95458984375 0.5361328125 0.0849609375 0.0859375
0 0.85546875 0.14599609375 0.09765625 0.0986328125
0 0.85400390625 0.2607421875 0.0849609375 0.0859375
0 0.85986328125 0.376953125 0.0849609375 0.0859375
0 0.86083984375 0.58984375 0.0732421875 0.07421875
0 0.8564453125 0.69384765625 0.060546875 0.0615234375
0 0.7685546875 0.09814453125 0.09765625 0.0986328125
0 0.767578125 0.20703125 0.09765625 0.09765625
0 0.765625 0.3154296875 0.09765625 0.09765625
0 0.7724609375 0.4267578125 0.0859375 0.0859375
0 0.38525390625 0.083984375 0.0849609375 0.0859375
0 0.09326171875 0.06103515625 0.1103515625 0.1103515625
0 0.09326171875 0.17236328125 0.1103515625 0.1103515625
0 0.09033203125 0.28466796875 0.1103515625 0.1103515625
0 0.09130859375 0.39892578125 0.1103515625 0.1103515625
0 0.1826171875 0.12158203125 0.109375 0.1103515625
0 0.177734375 0.21923828125 0.09765625 0.0986328125
0 0.18359375 0.33056640625 0.09765625 0.0986328125
0 0.3037109375 0.1650390625 0.109375 0.111328125
0 0.3037109375 0.26904296875 0.09765625 0.0986328125
0 0.3056640625 0.36962890625 0.09765625 0.0986328125
0 0.29541015625 0.48193359375 0.1103515625 0.1103515625
0 0.38671875 0.1982421875 0.109375 0.111328125
0 0.3818359375 0.3125 0.0859375 0.0859375
0 0.3837890625 0.4267578125 0.0859375 0.0859375
0 0.47607421875 0.150390625 0.1103515625 0.111328125
0 0.4765625 0.255859375 0.09765625 0.09765625
0 0.48046875 0.384765625 0.09765625 0.09765625
0 0.580078125 0.08447265625 0.09765625 0.0986328125
0 0.58154296875 0.203125 0.0849609375 0.0859375
0 0.58251953125 0.318359375 0.0849609375 0.0859375
0 0.57373046875 0.421875 0.0849609375 0.0859375
0 0.6796875 0.14306640625 0.09765625 0.0986328125
0 0.6796875 0.27001953125 0.109375 0.1103515625
0 0.677734375 0.3681640625 0.0859375 0.0859375
0 0.677734375 0.46875 0.09765625 0.09765625
0 0.76708984375 0.6298828125 0.0732421875 0.07421875
0 0.673828125 0.583984375 0.09765625 0.09765625
0 0.66748046875 0.677734375 0.0732421875 0.07421875
0 0.57958984375 0.5380859375 0.0849609375 0.0859375
0 0.57958984375 0.63720703125 0.0732421875 0.0732421875
0 0.4775390625 0.60009765625 0.09765625 0.0986328125
0 0.4833984375 0.486328125 0.0859375 0.0859375
0 0.38671875 0.5361328125 0.0859375 0.0859375
0 0.3837890625 0.63525390625 0.0859375 0.0869140625
0 0.294921875 0.58642578125 0.09765625 0.0986328125
0 0.1826171875 0.54443359375 0.09765625 0.0986328125
0 0.0927734375 0.50244140625 0.09765625 0.0986328125
0 0.091796875 0.6083984375 0.0859375 0.0859375
0 0.09814453125 0.87890625 0.0849609375 0.0859375
0 0.29248046875 0.88427734375 0.0732421875 0.0732421875
0 0.37451171875 0.84326171875 0.0732421875 0.0732421875
0 0.37841796875 0.91943359375 0.0732421875 0.0732421875
0 0.47412109375 0.85791015625 0.0732421875 0.0732421875
0 0.57177734375 0.927734375 0.1220703125 0.123046875
0 0.673828125 0.88037109375 0.09765625 0.0986328125
0 0.77001953125 0.8525390625 0.0849609375 0.0859375
0 0.7705078125 0.935546875 0.09765625 0.09765625
0 0.86181640625 0.8779296875 0.0849609375 0.0859375