0 0.2431640625 0.89697265625 0.07421875 0.0732421875
0 0.17236328125 0.81298828125 0.0615234375 0.0615234375
0 0.14599609375 0.89111328125 0.0615234375 0.0615234375
0 0.353515625 0.89453125 0.111328125 0.109375
0 0.08935546875 0.8115234375 0.0986328125 0.09765625
0 0.3125 0.80126953125 0.111328125 0.1103515625
0 0.41796875 0.80517578125 0.111328125 0.1103515625
0 0.13623046875 0.716796875 0.1103515625 0.109375
0 0.24853515625 0.7158203125 0.1103515625 0.109375
0 0.3603515625 0.7138671875 0.09765625 0.09765625
0 0.07568359375 0.61279296875 0.1103515625 0.1103515625
0 0.19677734375 0.61328125 0.1103515625 0.109375
0 0.30126953125 0.6123046875 0.0986328125 0.09765625
0 0.40966796875 0.6162109375 0.1103515625 0.109375
0 0.14990234375 0.525390625 0.0986328125 0.09765625
0 0.24462890625 0.52734375 0.0986328125 0.09765625
0 0.36279296875 0.5146484375 0.1103515625 0.109375
0 0.09033203125 0.4375 0.0986328125 0.09765625
0 0.189453125 0.43115234375 0.0859375 0.0849609375
0 0.30029296875 0.43408203125 0.0869140625 0.0849609375
0 0.40087890625 0.4306640625 0.0986328125 0.09765625
0 0.13037109375 0.32421875 0.0986328125 0.09765625
0 0.23779296875 0.3203125 0.1103515625 0.109375
0 0.35595703125 0.31982421875 0.1103515625 0.1103515625
0 0.47216796875 0.32470703125 0.1103515625 0.1103515625
0 0.08203125 0.22802734375 0.111328125 0.1103515625
0 0.18603515625 0.2294921875 0.1103515625 0.109375
0 0.29736328125 0.2294921875 0.0986328125 0.09765625
0 0.41162109375 0.232421875 0.1103515625 0.109375
0 0.138671875 0.134765625 0.09765625 0.09765625
0 0.25 0.134765625 0.09765625 0.09765625
0 0.357421875 0.13623046875 0.0859375 0.0849609375
0 0.470703125 0.1357421875 0.0859375 0.0859375
0 0.52978515625 0.03955078125 0.0615234375 0.0615234375
0 0.63818359375 0.04443359375 0.0615234375 0.0615234375
0 0.57958984375 0.1328125 0.1103515625 0.109375
0 0.705078125 0.138671875 0.0859375 0.0859375
0 0.80517578125 0.138671875 0.1103515625 0.109375
0 0.91357421875 0.13671875 0.0986328125 0.09765625
0 0.52197265625 0.23046875 0.1103515625 0.109375
0 0.63427734375 0.23388671875 0.1103515625 0.1103515625
0 0.74462890625 0.22998046875 0.1103515625 0.1103515625
0 0.85693359375 0.22900390625 0.1103515625 0.1103515625
0 0.57373046875 0.32666015625 0.1103515625 0.1103515625
0 0.69091796875 0.32470703125 0.1103515625 0.1103515625
0 0.79052734375 0.32421875 0.1103515625 0.109375
0 0.9052734375 0.3291015625 0.111328125 0.109375
0 0.50732421875 0.4248046875 0.0986328125 0.09765625
0 0.62646484375 0.416015625 0.1103515625 0.109375
0 0.740234375 0.4169921875 0.111328125 0.109375
0 0.8583984375 0.4208984375 0.111328125 0.109375
0 0.46435546875 0.517578125 0.1103515625 0.109375
0 0.564453125 0.51953125 0.09765625 0.09765625
0 0.69140625 0.5185546875 0.09765625 0.09765625
0 0.79296875 0.51123046875 0.111328125 0.1103515625
0 0.91064453125 0.51904296875 0.1103515625 0.1103515625
0 0.5302734375 0.6162109375 0.111328125 0.109375
0 0.6376953125 0.62158203125 0.0859375 0.0849609375
0 0.7333984375 0.6171875 0.09765625 0.09765625
0 0.8515625 0.61474609375 0.0859375 0.0849609375
0 0.4677734375 0.71142578125 0.111328125 0.1103515625
0 0.5791015625 0.7177734375 0.09765625 0.09765625
0 0.68359375 0.72119140625 0.0859375 0.0849609375
0 0.79931640625 0.71630859375 0.1103515625 0.1103515625
0 0.90966796875 0.7138671875 0.1103515625 0.109375
0 0.533203125 0.80859375 0.09765625 0.09765625
0 0.64453125 0.806640625 0.0859375 0.0859375
0 0.75732421875 0.8076171875 0.1103515625 0.109375
0 0.85693359375 0.8115234375 0.0986328125 0.09765625
0 0.46533203125 0.900390625 0.0986328125 0.09765625
0 0.57861328125 0.8994140625 0.0986328125 0.09765625
0 0.69140625 0.90234375 0.0859375 0.0859375
0 0.79150390625 0.9033203125 0.0986328125 0.09765625
0 0.91552734375 0.90283203125 0.1103515625 0.1103515625