0 0.93115234375 0.4697265625 0.0732421875 0.07421875
0 0.65185546875 0.22314453125 0.0732421875 0.0732421875
0 0.74462890625 0.69677734375 0.0732421875 0.0732421875
0 0.93408203125 0.8232421875 0.0732421875 0.07421875
0 0.84033203125 0.87646484375 0.0732421875 0.0732421875
0 0.93212890625 0.9326171875 0.0732421875 0.07421875
0 0.8369140625 0.30810546875 0.0859375 0.0869140625
0 0.8369140625 0.197265625 0.0859375 0.0859375
0 0.74365234375 0.251953125 0.0732421875 0.07421875
0 0.74755859375 0.357421875 0.0732421875 0.07421875
0 0.55126953125 0.2587890625 0.0849609375 0.0859375
0 0.0810546875 0.22802734375 0.09765625 0.0986328125
0 0.0859375 0.34375 0.09765625 0.09765625
0 0.07958984375 0.4462890625 0.0849609375 0.0859375
0 0.0771484375 0.5556640625 0.09765625 0.09765625
0 0.0869140625 0.67138671875 0.09765625 0.0986328125
0 0.080078125 0.78369140625 0.09765625 0.0986328125
0 0.083984375 0.89013671875 0.09765625 0.0986328125
0 0.17578125 0.93212890625 0.09765625 0.0986328125
0 0.1826171875 0.8212890625 0.09765625 0.09765625
0 0.1748046875 0.71337890625 0.09765625 0.0986328125
0 0.177734375 0.6025390625 0.09765625 0.09765625
0 0.1767578125 0.48974609375 0.09765625 0.0986328125
0 0.1845703125 0.37890625 0.09765625 0.09765625
0 0.177734375 0.27099609375 0.09765625 0.0986328125
0 0.2666015625 0.2138671875 0.09765625 0.09765625
0 0.2724609375 0.32080078125 0.09765625 0.0986328125
0 0.2705078125 0.42822265625 0.09765625 0.0986328125
0 0.26953125 0.54296875 0.09765625 0.09765625
0 0.265625 0.65869140625 0.09765625 0.0986328125
0 0.26904296875 0.763671875 0.0849609375 0.0859375
0 0.2685546875 0.86572265625 0.09765625 0.0986328125
0 0.36474609375 0.91650390625 0.1103515625 0.1103515625
0 0.36328125 0.80810546875 0.109375 0.1103515625
0 0.3583984375 0.70068359375 0.109375 0.1103515625
0 0.36474609375 0.59912109375 0.1103515625 0.1103515625
0 0.36376953125 0.48583984375 0.1103515625 0.1103515625
0 0.361328125 0.37158203125 0.109375 0.1103515625
0 0.35986328125 0.2607421875 0.1103515625 0.111328125
0 0.4580078125 0.2177734375 0.09765625 0.09765625
0 0.44921875 0.32080078125 0.109375 0.1103515625
0 0.4619140625 0.4248046875 0.109375 0.111328125
0 0.4541015625 0.53662109375 0.109375 0.1103515625
0 0.45654296875 0.6416015625 0.0849609375 0.0859375
0 0.458984375 0.7314453125 0.0859375 0.0859375
0 0.4541015625 0.86474609375 0.09765625 0.0986328125
0 0.5546875 0.9296875 0.109375 0.111328125
0 0.55078125 0.8046875 0.0859375 0.0859375
0 0.55078125 0.71240234375 0.09765625 0.0986328125
0 0.5498046875 0.59130859375 0.09765625 0.0986328125
0 0.55517578125 0.4873046875 0.0849609375 0.0859375
0 0.5498046875 0.36083984375 0.109375 0.1103515625
0 0.64794921875 0.3212890625 0.0849609375 0.0859375
0 0.646484375 0.4208984375 0.09765625 0.09765625
0 0.6494140625 0.55615234375 0.09765625 0.0986328125
0 0.6474609375 0.64501953125 0.09765625 0.0986328125
0 0.638671875 0.76220703125 0.109375 0.1103515625
0 0.6396484375 0.87353515625 0.109375 0.1103515625
0 0.7392578125 0.9345703125 0.0859375 0.0859375
0 0.74609375 0.8193359375 0.0859375 0.0859375
0 0.74365234375 0.591796875 0.0849609375 0.0859375
0 0.73828125 0.45654296875 0.09765625 0.0986328125
0 0.83544921875 0.513671875 0.0849609375 0.0859375
0 0.8349609375 0.64501953125 0.09765625 0.0986328125
0 0.8359375 0.7607421875 0.09765625 0.09765625
0 0.93359375 0.70361328125 0.109375 0.1103515625
0 0.9296875 0.58544921875 0.09765625 0.0986328125
0 0.93017578125 0.263671875 0.0849609375 0.0859375
0 0.83837890625 0.09619140625 0.0849609375 0.0869140625
0 0.74951171875 0.16796875 0.0849609375 0.0859375
0 0.646484375 0.09765625 0.0859375 0.0859375
0 0.548828125 0.15576171875 0.109375 0.1103515625
0 0.5517578125 0.05126953125 0.09765625 0.0986328125
0 0.462890625 0.0869140625 0.09765625 0.09765625
0 0.3701171875 0.138671875 0.109375 0.111328125
0 0.271484375 0.095703125 0.0859375 0.0859375
0 0.1796875 0.16162109375 0.09765625 0.0986328125
0 0.17578125 0.05859375 0.0859375 0.0859375
0 0.0791015625 0.12158203125 0.09765625 0.0986328125
0 0.935546875 0.05712890625 0.109375 0.1103515625
0 0.9306640625 0.14794921875 0.109375 0.1103515625