0 0.5712890625 0.81982421875 0.07421875 0.0732421875
0 0.81787109375 0.54052734375 0.0732421875 0.0732421875
0 0.26708984375 0.92529296875 0.0732421875 0.0732421875
0 0.34423828125 0.63330078125 0.0732421875 0.0732421875
0 0.2177734375 0.82275390625 0.07421875 0.0732421875
0 0.07177734375 0.91064453125 0.0732421875 0.0732421875
0 0.16455078125 0.72900390625 0.0732421875 0.0732421875
0 0.05419921875 0.529296875 0.0986328125 0.09765625
0 0.05810546875 0.15234375 0.0986328125 0.09765625
0 0.17333984375 0.92529296875 0.0732421875 0.0732421875
0 0.1083984375 0.82080078125 0.07421875 0.0732421875
0 0.4697265625 0.9267578125 0.0859375 0.0859375
0 0.73291015625 0.7255859375 0.0869140625 0.0859375
0 0.84375 0.7255859375 0.0859375 0.0859375
0 0.7890625 0.63232421875 0.07421875 0.0732421875
0 0.68359375 0.63623046875 0.07421875 0.0732421875
0 0.7822265625 0.43994140625 0.0859375 0.0849609375
0 0.10888671875 0.064453125 0.0986328125 0.09765625
0 0.2197265625 0.0712890625 0.09765625 0.09765625
0 0.32763671875 0.0634765625 0.0986328125 0.09765625
0 0.4384765625 0.06640625 0.09765625 0.09765625
0 0.55126953125 0.0654296875 0.0986328125 0.09765625
0 0.662109375 0.0732421875 0.09765625 0.09765625
0 0.77001953125 0.06640625 0.0986328125 0.09765625
0 0.8271484375 0.1552734375 0.09765625 0.09765625
0 0.72021484375 0.1611328125 0.0986328125 0.09765625
0 0.61279296875 0.1591796875 0.0986328125 0.09765625
0 0.498046875 0.158203125 0.09765625 0.09765625
0 0.38232421875 0.154296875 0.0986328125 0.09765625
0 0.27734375 0.15771484375 0.0859375 0.0849609375
0 0.17529296875 0.1572265625 0.0986328125 0.09765625
0 0.12451171875 0.25341796875 0.1103515625 0.1103515625
0 0.23291015625 0.251953125 0.1103515625 0.109375
0 0.34033203125 0.2470703125 0.1103515625 0.109375
0 0.44189453125 0.25341796875 0.1103515625 0.1103515625
0 0.55517578125 0.25244140625 0.1103515625 0.1103515625
0 0.66943359375 0.25 0.1103515625 0.109375
0 0.7802734375 0.24853515625 0.111328125 0.1103515625
0 0.8232421875 0.3466796875 0.09765625 0.09765625
0 0.72021484375 0.337890625 0.1103515625 0.109375
0 0.6162109375 0.3505859375 0.111328125 0.109375
0 0.50439453125 0.3427734375 0.1103515625 0.109375
0 0.3994140625 0.34521484375 0.0859375 0.0849609375
0 0.3095703125 0.34765625 0.0859375 0.0859375
0 0.17626953125 0.3427734375 0.0986328125 0.09765625
0 0.111328125 0.443359375 0.111328125 0.109375
0 0.064453125 0.34375 0.0859375 0.0859375
0 0.236328125 0.439453125 0.0859375 0.0859375
0 0.32861328125 0.439453125 0.0986328125 0.09765625
0 0.44970703125 0.4384765625 0.0986328125 0.09765625
0 0.5537109375 0.44384765625 0.0859375 0.0849609375
0 0.68017578125 0.4384765625 0.1103515625 0.109375
0 0.7197265625 0.53662109375 0.0859375 0.0849609375
0 0.6201171875 0.53515625 0.09765625 0.09765625
0 0.48486328125 0.5380859375 0.0986328125 0.09765625
0 0.39599609375 0.5361328125 0.0986328125 0.09765625
0 0.27880859375 0.52734375 0.1103515625 0.109375
0 0.16748046875 0.5283203125 0.1103515625 0.109375
0 0.1064453125 0.6279296875 0.0859375 0.0859375
0 0.2216796875 0.634765625 0.0859375 0.0859375
0 0.44921875 0.63232421875 0.0859375 0.0849609375
0 0.58447265625 0.626953125 0.0986328125 0.09765625
0 0.52734375 0.72412109375 0.0859375 0.0849609375
0 0.39599609375 0.7236328125 0.0986328125 0.09765625
0 0.2802734375 0.724609375 0.09765625 0.09765625
0 0.33740234375 0.822265625 0.1103515625 0.109375
0 0.45556640625 0.818359375 0.0986328125 0.09765625
0 0.8330078125 0.9130859375 0.111328125 0.109375
0 0.72509765625 0.91845703125 0.1103515625 0.1103515625
0 0.58056640625 0.91552734375 0.1103515625 0.1103515625
0 0.77734375 0.81884765625 0.0859375 0.0849609375
0 0.93603515625 0.91796875 0.0986328125 0.09765625
0 0.94482421875 0.72705078125 0.0869140625 0.0849609375
0 0.873046875 0.63818359375 0.0859375 0.0849609375
0 0.943359375 0.53515625 0.0859375 0.0859375
0 0.88525390625 0.4375 0.1103515625 0.109375
0 0.90234375 0.2587890625 0.111328125 0.109375
0 0.9453125 0.16015625 0.0859375 0.0859375
0 0.87939453125 0.068359375 0.0986328125 0.09765625
0 0.89306640625 0.8193359375 0.1103515625 0.109375