0 0.93994140625 0.3271484375 0.0849609375 0.0859375
0 0.94384765625 0.20458984375 0.1103515625 0.1103515625
0 0.94384765625 0.091796875 0.1103515625 0.111328125
0 0.091796875 0.3515625 0.109375 0.111328125
0 0.08935546875 0.24462890625 0.1103515625 0.1103515625
0 0.08984375 0.13037109375 0.09765625 0.0986328125
0 0.19384765625 0.30712890625 0.1103515625 0.1103515625
0 0.19287109375 0.18896484375 0.1103515625 0.1103515625
0 0.1787109375 0.07958984375 0.109375 0.1103515625
0 0.27783203125 0.35693359375 0.1103515625 0.1103515625
0 0.28466796875 0.24267578125 0.1103515625 0.1103515625
0 0.283203125 0.13427734375 0.109375 0.1103515625
0 0.373046875 0.31201171875 0.09765625 0.0986328125
0 0.3740234375 0.18603515625 0.09765625 0.0986328125
0 0.3701171875 0.08447265625 0.109375 0.1103515625
0 0.4697265625 0.13916015625 0.09765625 0.0986328125
0 0.4765625 0.25 0.09765625 0.09765625
0 0.4658203125 0.3642578125 0.09765625 0.09765625
0 0.5654296875 0.30859375 0.109375 0.111328125
0 0.56640625 0.19677734375 0.109375 0.1103515625
0 0.57080078125 0.08642578125 0.1103515625 0.1103515625
0 0.658203125 0.3740234375 0.0859375 0.0859375
0 0.66748046875 0.25537109375 0.1103515625 0.1103515625
0 0.6650390625 0.1513671875 0.0859375 0.0859375
0 0.7568359375 0.09814453125 0.09765625 0.0986328125
0 0.7607421875 0.1982421875 0.09765625 0.09765625
0 0.75390625 0.3193359375 0.09765625 0.09765625
0 0.8466796875 0.3583984375 0.109375 0.111328125
0 0.8505859375 0.25537109375 0.09765625 0.0986328125
0 0.84716796875 0.146484375 0.0849609375 0.0859375
0 0.08740234375 0.87744140625 0.1103515625 0.1103515625
0 0.08642578125 0.7734375 0.1103515625 0.111328125
0 0.0810546875 0.65869140625 0.09765625 0.0986328125
0 0.083984375 0.55224609375 0.09765625 0.0986328125
0 0.177734375 0.93212890625 0.0859375 0.0869140625
0 0.181640625 0.82275390625 0.09765625 0.0986328125
0 0.18212890625 0.71728515625 0.1103515625 0.1103515625
0 0.1806640625 0.58349609375 0.109375 0.1103515625
0 0.271484375 0.875 0.09765625 0.09765625
0 0.27001953125 0.75537109375 0.1103515625 0.1103515625
0 0.2685546875 0.66064453125 0.109375 0.1103515625
0 0.27294921875 0.53515625 0.0849609375 0.0859375
0 0.35888671875 0.85400390625 0.1103515625 0.1103515625
0 0.376953125 0.72412109375 0.109375 0.1103515625
0 0.36962890625 0.6005859375 0.1103515625 0.111328125
0 0.458984375 0.55126953125 0.109375 0.1103515625
0 0.47021484375 0.6591796875 0.1103515625 0.111328125
0 0.4638671875 0.7724609375 0.109375 0.111328125
0 0.4580078125 0.87158203125 0.09765625 0.0986328125
0 0.552734375 0.9404296875 0.09765625 0.09765625
0 0.552734375 0.8271484375 0.09765625 0.09765625
0 0.556640625 0.7138671875 0.09765625 0.09765625
0 0.6484375 0.8662109375 0.09765625 0.09765625
0 0.65087890625 0.77685546875 0.1103515625 0.1103515625
0 0.6513671875 0.65576171875 0.09765625 0.0986328125
0 0.64990234375 0.560546875 0.1103515625 0.111328125
0 0.56494140625 0.607421875 0.1103515625 0.111328125
0 0.748046875 0.61279296875 0.09765625 0.0986328125
0 0.744140625 0.732421875 0.0859375 0.0859375
0 0.744140625 0.83154296875 0.109375 0.1103515625
0 0.83203125 0.89501953125 0.09765625 0.0986328125
0 0.8193359375 0.75048828125 0.109375 0.1103515625
0 0.83203125 0.65478515625 0.109375 0.1103515625
0 0.8466796875 0.5517578125 0.09765625 0.09765625
0 0.927734375 0.60107421875 0.109375 0.1103515625
0 0.931640625 0.71923828125 0.109375 0.1103515625
0 0.93017578125 0.8173828125 0.0849609375 0.0859375
0 0.9326171875 0.939453125 0.09765625 0.09765625