0 0.79443359375 0.751953125 0.0869140625 0.0859375
0 0.08056640625 0.45458984375 0.0732421875 0.0732421875
0 0.0380859375 0.54931640625 0.07421875 0.0732421875
0 0.13671875 0.93505859375 0.123046875 0.1220703125
0 0.24951171875 0.9326171875 0.1103515625 0.109375
0 0.47216796875 0.94189453125 0.1103515625 0.1103515625
0 0.0849609375 0.8408203125 0.09765625 0.09765625
0 0.205078125 0.84228515625 0.123046875 0.1220703125
0 0.30126953125 0.8359375 0.1103515625 0.109375
0 0.41748046875 0.8310546875 0.1103515625 0.109375
0 0.52490234375 0.837890625 0.1103515625 0.109375
0 0.1396484375 0.74755859375 0.123046875 0.1220703125
0 0.353515625 0.7353515625 0.0859375 0.0859375
0 0.47119140625 0.751953125 0.1103515625 0.109375
0 0.0908203125 0.6552734375 0.09765625 0.09765625
0 0.197265625 0.64697265625 0.123046875 0.1220703125
0 0.306640625 0.64697265625 0.111328125 0.1103515625
0 0.40869140625 0.64892578125 0.1103515625 0.1103515625
0 0.52392578125 0.65576171875 0.1103515625 0.1103515625
0 0.13330078125 0.5595703125 0.1103515625 0.109375
0 0.24609375 0.5546875 0.111328125 0.109375
0 0.3583984375 0.55517578125 0.123046875 0.1220703125
0 0.47314453125 0.55712890625 0.1103515625 0.1103515625
0 0.19091796875 0.45947265625 0.1103515625 0.1103515625
0 0.3017578125 0.45654296875 0.123046875 0.1220703125
0 0.4140625 0.45751953125 0.123046875 0.1220703125
0 0.5185546875 0.4521484375 0.111328125 0.109375
0 0.13623046875 0.36328125 0.0986328125 0.09765625
0 0.24853515625 0.3642578125 0.0986328125 0.09765625
0 0.341796875 0.357421875 0.09765625 0.09765625
0 0.46875 0.36376953125 0.123046875 0.1220703125
0 0.07861328125 0.263671875 0.0986328125 0.09765625
0 0.19677734375 0.26953125 0.0986328125 0.09765625
0 0.29296875 0.27001953125 0.123046875 0.1220703125
0 0.4091796875 0.27099609375 0.123046875 0.1220703125
0 0.5224609375 0.27099609375 0.123046875 0.1220703125
0 0.13427734375 0.1748046875 0.0986328125 0.09765625
0 0.24365234375 0.1748046875 0.0986328125 0.09765625
0 0.3603515625 0.17236328125 0.123046875 0.1220703125
0 0.4755859375 0.17431640625 0.123046875 0.1220703125
0 0.08203125 0.07763671875 0.0859375 0.0849609375
0 0.18994140625 0.08203125 0.0986328125 0.09765625
0 0.30419921875 0.07861328125 0.1220703125 0.1220703125
0 0.41162109375 0.07421875 0.0986328125 0.09765625
0 0.5224609375 0.07958984375 0.123046875 0.1220703125
0 0.6337890625 0.08349609375 0.123046875 0.1220703125
0 0.73974609375 0.080078125 0.0986328125 0.09765625
0 0.84423828125 0.08251953125 0.1103515625 0.1103515625
0 0.5751953125 0.17431640625 0.123046875 0.1220703125
0 0.68408203125 0.1689453125 0.0986328125 0.09765625
0 0.7958984375 0.17431640625 0.0859375 0.0849609375
0 0.8955078125 0.1748046875 0.111328125 0.109375
0 0.630859375 0.26904296875 0.123046875 0.1220703125
0 0.7529296875 0.2705078125 0.111328125 0.109375
0 0.857421875 0.26953125 0.111328125 0.109375
0 0.5673828125 0.3583984375 0.09765625 0.09765625
0 0.685546875 0.3671875 0.09765625 0.09765625
0 0.78515625 0.35498046875 0.111328125 0.1103515625
0 0.90625 0.35400390625 0.123046875 0.1220703125
0 0.6328125 0.4580078125 0.09765625 0.09765625
0 0.74072265625 0.44970703125 0.1103515625 0.1103515625
0 0.5849609375 0.55712890625 0.111328125 0.1103515625
0 0.69091796875 0.55712890625 0.1103515625 0.1103515625
0 0.78955078125 0.55322265625 0.1103515625 0.1103515625
0 0.89404296875 0.55615234375 0.0732421875 0.0732421875
0 0.63232421875 0.650390625 0.1103515625 0.109375
0 0.74365234375 0.6513671875 0.1103515625 0.109375
0 0.58447265625 0.748046875 0.1103515625 0.109375
0 0.697265625 0.7451171875 0.0859375 0.0859375
0 0.62841796875 0.84228515625 0.1103515625 0.1103515625
0 0.73876953125 0.84619140625 0.1103515625 0.1103515625
0 0.85009765625 0.841796875 0.0986328125 0.09765625
0 0.81103515625 0.9345703125 0.0986328125 0.09765625
0 0.9072265625 0.943359375 0.09765625 0.09765625