0 0.072265625 0.09033203125 0.0859375 0.0869140625
0 0.26416015625 0.08447265625 0.1103515625 0.1103515625
0 0.451171875 0.0849609375 0.109375 0.111328125
0 0.5537109375 0.1435546875 0.0859375 0.0859375
0 0.64111328125 0.0888671875 0.0849609375 0.0859375
0 0.6484375 0.1962890625 0.09765625 0.09765625
0 0.6435546875 0.30078125 0.09765625 0.09765625
0 0.638671875 0.41748046875 0.09765625 0.0986328125
0 0.74072265625 0.142578125 0.0849609375 0.0859375
0 0.73974609375 0.359375 0.0732421875 0.07421875
0 0.83203125 0.08642578125 0.09765625 0.0986328125
0 0.8271484375 0.20166015625 0.09765625 0.0986328125
0 0.8369140625 0.3125 0.09765625 0.09765625
0 0.8388671875 0.4228515625 0.09765625 0.09765625
0 0.93017578125 0.14599609375 0.1103515625 0.1103515625
0 0.9248046875 0.25244140625 0.109375 0.1103515625
0 0.923828125 0.37060546875 0.109375 0.1103515625
0 0.9248046875 0.478515625 0.109375 0.111328125
0 0.927734375 0.58203125 0.109375 0.111328125
0 0.92822265625 0.689453125 0.0849609375 0.0859375
0 0.9248046875 0.81494140625 0.09765625 0.0986328125
0 0.9326171875 0.92431640625 0.09765625 0.0986328125
0 0.82763671875 0.548828125 0.1103515625 0.111328125
0 0.83056640625 0.6572265625 0.0849609375 0.0859375
0 0.82373046875 0.7763671875 0.0849609375 0.0859375
0 0.830078125 0.8798828125 0.0859375 0.0859375
0 0.73876953125 0.490234375 0.0849609375 0.0859375
0 0.74560546875 0.60400390625 0.0244140625 0.0244140625
0 0.7392578125 0.72265625 0.037109375 0.037109375
0 0.74169921875 0.82861328125 0.0244140625 0.0244140625
0 0.73583984375 0.94189453125 0.0244140625 0.0244140625
0 0.64404296875 0.75048828125 0.0244140625 0.0244140625
0 0.64404296875 0.86083984375 0.0244140625 0.0244140625
0 0.64013671875 0.97607421875 0.0244140625 0.0244140625
0 0.646484375 0.52587890625 0.09765625 0.0986328125
0 0.64453125 0.63134765625 0.09765625 0.0986328125
0 0.353515625 0.71630859375 0.09765625 0.0986328125
0 0.357421875 0.81982421875 0.109375 0.1103515625
0 0.3486328125 0.9306640625 0.09765625 0.09765625
0 0.255859375 0.771484375 0.0859375 0.0859375
0 0.2568359375 0.884765625 0.09765625 0.09765625
0 0.16748046875 0.7080078125 0.1103515625 0.111328125
0 0.16552734375 0.8212890625 0.1103515625 0.111328125
0 0.1650390625 0.93359375 0.09765625 0.09765625
0 0.06787109375 0.66015625 0.1103515625 0.111328125
0 0.0673828125 0.763671875 0.109375 0.111328125
0 0.064453125 0.88525390625 0.109375 0.1103515625