0 0.77099609375 0.56396484375 0.0732421875 0.0732421875
0 0.77197265625 0.4560546875 0.0849609375 0.0859375
0 0.39794921875 0.6787109375 0.0732421875 0.07421875
0 0.38232421875 0.5712890625 0.0732421875 0.07421875
0 0.20068359375 0.88916015625 0.0732421875 0.0732421875
0 0.69677734375 0.9501953125 0.0849609375 0.0859375
0 0.39697265625 0.88037109375 0.0732421875 0.0732421875
0 0.49951171875 0.95068359375 0.0732421875 0.0732421875
0 0.50146484375 0.82568359375 0.0732421875 0.0732421875
0 0.119140625 0.935546875 0.0859375 0.0859375
0 0.39794921875 0.76708984375 0.0732421875 0.0732421875
0 0.49365234375 0.728515625 0.0732421875 0.07421875
0 0.11279296875 0.81689453125 0.0732421875 0.0732421875
0 0.21826171875 0.05078125 0.0849609375 0.0859375
0 0.1220703125 0.09765625 0.0859375 0.0859375
0 0.126953125 0.20751953125 0.09765625 0.0986328125
0 0.224609375 0.1591796875 0.0859375 0.0859375
0 0.1171875 0.50537109375 0.048828125 0.0498046875
0 0.1162109375 0.60888671875 0.048828125 0.0498046875
0 0.11962890625 0.71826171875 0.0732421875 0.0732421875
0 0.19140625 0.46826171875 0.060546875 0.0615234375
0 0.1953125 0.56591796875 0.060546875 0.0615234375
0 0.1953125 0.65087890625 0.060546875 0.0615234375
0 0.20458984375 0.75927734375 0.0615234375 0.0615234375
0 0.27978515625 0.52001953125 0.0615234375 0.0615234375
0 0.28759765625 0.62548828125 0.0732421875 0.0732421875
0 0.30126953125 0.71337890625 0.0732421875 0.0732421875
0 0.29931640625 0.82470703125 0.0732421875 0.0732421875
0 0.30224609375 0.94580078125 0.0732421875 0.0732421875
0 0.36962890625 0.45947265625 0.0615234375 0.0615234375
0 0.48876953125 0.611328125 0.0732421875 0.07421875
0 0.599609375 0.45361328125 0.09765625 0.0986328125
0 0.60498046875 0.5703125 0.1103515625 0.111328125
0 0.61083984375 0.6748046875 0.1103515625 0.111328125
0 0.60595703125 0.7802734375 0.0732421875 0.07421875
0 0.60400390625 0.8916015625 0.0732421875 0.07421875
0 0.6953125 0.50341796875 0.09765625 0.0986328125
0 0.6953125 0.6201171875 0.09765625 0.09765625
0 0.69580078125 0.734375 0.0732421875 0.07421875
0 0.69091796875 0.8359375 0.0732421875 0.07421875
0 0.79541015625 0.6689453125 0.0732421875 0.07421875
0 0.7900390625 0.783203125 0.09765625 0.09765625
0 0.79296875 0.89453125 0.09765625 0.09765625
0 0.88134765625 0.50244140625 0.0849609375 0.0869140625
0 0.88525390625 0.61572265625 0.1103515625 0.1103515625
0 0.89013671875 0.73193359375 0.1103515625 0.1103515625
0 0.88427734375 0.83837890625 0.1103515625 0.1103515625