0 0.435546875 0.24951171875 0.0859375 0.0869140625
0 0.92138671875 0.0859375 0.0732421875 0.07421875
0 0.625 0.9345703125 0.09765625 0.09765625
0 0.6298828125 0.81787109375 0.09765625 0.0986328125
0 0.52880859375 0.8759765625 0.0732421875 0.07421875
0 0.431640625 0.9228515625 0.09765625 0.09765625
0 0.4296875 0.8125 0.09765625 0.09765625
0 0.3447265625 0.86474609375 0.109375 0.1103515625
0 0.34375 0.7568359375 0.109375 0.111328125
0 0.24560546875 0.92236328125 0.1103515625 0.1103515625
0 0.244140625 0.81396484375 0.109375 0.1103515625
0 0.14501953125 0.86962890625 0.1103515625 0.1103515625
0 0.14599609375 0.75439453125 0.1103515625 0.1103515625
0 0.05908203125 0.69482421875 0.1103515625 0.1103515625
0 0.15478515625 0.64697265625 0.1103515625 0.1103515625
0 0.05712890625 0.59619140625 0.1103515625 0.1103515625
0 0.06005859375 0.48095703125 0.1103515625 0.1103515625
0 0.05712890625 0.36328125 0.1103515625 0.111328125
0 0.0595703125 0.255859375 0.0859375 0.0859375
0 0.15576171875 0.5244140625 0.0732421875 0.07421875
0 0.15234375 0.42578125 0.09765625 0.09765625
0 0.1591796875 0.3076171875 0.09765625 0.09765625
0 0.2548828125 0.70166015625 0.109375 0.1103515625
0 0.251953125 0.5908203125 0.109375 0.111328125
0 0.248046875 0.490234375 0.109375 0.111328125
0 0.2548828125 0.37060546875 0.09765625 0.0986328125
0 0.25439453125 0.25390625 0.0849609375 0.0859375
0 0.3408203125 0.6533203125 0.109375 0.111328125
0 0.34033203125 0.5458984375 0.0849609375 0.0859375
0 0.34375 0.42041015625 0.09765625 0.0986328125
0 0.3359375 0.31103515625 0.09765625 0.0986328125
0 0.44091796875 0.6865234375 0.1103515625 0.111328125
0 0.43798828125 0.578125 0.0849609375 0.0859375
0 0.44482421875 0.458984375 0.0849609375 0.0859375
0 0.4384765625 0.35546875 0.0859375 0.0859375
0 0.52978515625 0.7451171875 0.0849609375 0.0859375
0 0.52294921875 0.63134765625 0.0244140625 0.0244140625
0 0.529296875 0.5126953125 0.037109375 0.037109375
0 0.52685546875 0.40673828125 0.0244140625 0.0244140625
0 0.53271484375 0.29345703125 0.0244140625 0.0244140625
0 0.62451171875 0.48486328125 0.0244140625 0.0244140625
0 0.62451171875 0.37451171875 0.0244140625 0.0244140625
0 0.62841796875 0.25927734375 0.0244140625 0.0244140625
0 0.6220703125 0.70947265625 0.09765625 0.0986328125
0 0.6240234375 0.60400390625 0.09765625 0.0986328125
0 0.63232421875 0.14990234375 0.0244140625 0.0244140625
0 0.62939453125 0.06787109375 0.0244140625 0.0244140625
0 0.53173828125 0.20654296875 0.0244140625 0.0244140625
0 0.53857421875 0.09912109375 0.0244140625 0.0244140625
0 0.4384765625 0.068359375 0.037109375 0.037109375
0 0.44140625 0.15087890625 0.109375 0.1103515625
0 0.33203125 0.20703125 0.0859375 0.0859375
0 0.33154296875 0.09814453125 0.0732421875 0.0732421875
0 0.2509765625 0.14794921875 0.09765625 0.0986328125
0 0.26025390625 0.03271484375 0.0615234375 0.0615234375
0 0.1591796875 0.20166015625 0.09765625 0.0986328125
0 0.154296875 0.09423828125 0.09765625 0.0986328125
0 0.05078125 0.14453125 0.09765625 0.09765625
0 0.9150390625 0.51904296875 0.09765625 0.0986328125
0 0.9111328125 0.41552734375 0.109375 0.1103515625
0 0.919921875 0.3046875 0.09765625 0.09765625
0 0.9150390625 0.193359375 0.09765625 0.09765625