0 0.0625 0.93408203125 0.109375 0.1103515625
0 0.0654296875 0.82568359375 0.109375 0.1103515625
0 0.060546875 0.71630859375 0.109375 0.1103515625
0 0.0615234375 0.61181640625 0.109375 0.1103515625
0 0.06005859375 0.490234375 0.0732421875 0.07421875
0 0.154296875 0.87939453125 0.09765625 0.0986328125
0 0.15283203125 0.76416015625 0.1103515625 0.1103515625
0 0.15869140625 0.67138671875 0.1103515625 0.1103515625
0 0.15673828125 0.5498046875 0.1103515625 0.111328125
0 0.24951171875 0.92529296875 0.1103515625 0.1103515625
0 0.24560546875 0.81201171875 0.1103515625 0.1103515625
0 0.24853515625 0.705078125 0.1103515625 0.111328125
0 0.2470703125 0.59765625 0.09765625 0.09765625
0 0.2451171875 0.49365234375 0.060546875 0.0615234375
0 0.35107421875 0.87744140625 0.1103515625 0.1103515625
0 0.3505859375 0.765625 0.109375 0.111328125
0 0.3515625 0.6650390625 0.09765625 0.09765625
0 0.3486328125 0.54541015625 0.109375 0.1103515625
0 0.4482421875 0.9267578125 0.09765625 0.09765625
0 0.443359375 0.8154296875 0.09765625 0.09765625
0 0.447265625 0.70458984375 0.109375 0.1103515625
0 0.443359375 0.59716796875 0.109375 0.1103515625
0 0.54296875 0.8818359375 0.109375 0.111328125
0 0.5380859375 0.7724609375 0.09765625 0.09765625
0 0.53955078125 0.66357421875 0.1103515625 0.1103515625
0 0.54248046875 0.55419921875 0.1103515625 0.1103515625
0 0.63330078125 0.939453125 0.1103515625 0.111328125
0 0.63623046875 0.82958984375 0.1103515625 0.1103515625
0 0.63134765625 0.71337890625 0.1103515625 0.1103515625
0 0.63818359375 0.60400390625 0.1103515625 0.1103515625
0 0.73193359375 0.87548828125 0.1103515625 0.1103515625
0 0.7314453125 0.77197265625 0.109375 0.1103515625
0 0.7333984375 0.66162109375 0.109375 0.1103515625
0 0.736328125 0.55126953125 0.09765625 0.0986328125
0 0.82421875 0.93701171875 0.109375 0.1103515625
0 0.8271484375 0.82861328125 0.109375 0.1103515625
0 0.826171875 0.71533203125 0.09765625 0.0986328125
0 0.8212890625 0.61181640625 0.09765625 0.0986328125
0 0.9189453125 0.87939453125 0.109375 0.1103515625
0 0.92236328125 0.77587890625 0.1103515625 0.1103515625
0 0.92236328125 0.66259765625 0.1103515625 0.1103515625
0 0.92431640625 0.55322265625 0.1103515625 0.1103515625
0 0.92333984375 0.44287109375 0.1103515625 0.1103515625
0 0.91748046875 0.33251953125 0.1103515625 0.1103515625
0 0.91748046875 0.22119140625 0.1103515625 0.1103515625
0 0.9169921875 0.10205078125 0.109375 0.1103515625
0 0.833984375 0.49560546875 0.109375 0.1103515625
0 0.8310546875 0.38232421875 0.109375 0.1103515625
0 0.82958984375 0.27880859375 0.1103515625 0.1103515625
0 0.82763671875 0.15576171875 0.1103515625 0.1103515625
0 0.734375 0.43701171875 0.109375 0.1103515625
0 0.728515625 0.32763671875 0.109375 0.1103515625
0 0.734375 0.21826171875 0.109375 0.1103515625
0 0.7392578125 0.10791015625 0.109375 0.1103515625
0 0.64404296875 0.494140625 0.1103515625 0.111328125
0 0.6396484375 0.376953125 0.09765625 0.09765625
0 0.6376953125 0.27392578125 0.109375 0.1103515625
0 0.634765625 0.15966796875 0.09765625 0.0986328125
0 0.54150390625 0.4375 0.1103515625 0.111328125
0 0.54150390625 0.322265625 0.1103515625 0.111328125
0 0.54541015625 0.21240234375 0.1103515625 0.1103515625
0 0.53857421875 0.09716796875 0.1103515625 0.1103515625
0 0.44921875 0.49072265625 0.109375 0.1103515625
0 0.443359375 0.375 0.109375 0.111328125
0 0.44482421875 0.267578125 0.1103515625 0.111328125
0 0.44384765625 0.1552734375 0.1103515625 0.111328125
0 0.349609375 0.43310546875 0.09765625 0.0986328125
0 0.353515625 0.31884765625 0.109375 0.1103515625
0 0.353515625 0.2138671875 0.109375 0.111328125
0 0.3544921875 0.099609375 0.109375 0.111328125
0 0.25634765625 0.38720703125 0.1103515625 0.1103515625
0 0.25927734375 0.26806640625 0.1103515625 0.1103515625
0 0.2568359375 0.1572265625 0.09765625 0.09765625
0 0.16259765625 0.42919921875 0.1103515625 0.1103515625
0 0.15869140625 0.32763671875 0.1103515625 0.1103515625
0 0.15869140625 0.20751953125 0.1103515625 0.1103515625
0 0.16357421875 0.09814453125 0.1103515625 0.1103515625
0 0.0625 0.38623046875 0.0859375 0.0869140625