0 0.3984375 0.19677734375 0.07421875 0.0732421875
0 0.3125 0.19873046875 0.07421875 0.0732421875
0 0.33056640625 0.39990234375 0.0732421875 0.0732421875
0 0.546875 0.39306640625 0.07421875 0.0732421875
0 0.34521484375 0.11865234375 0.0732421875 0.0732421875
0 0.21728515625 0.3115234375 0.0615234375 0.060546875
0 0.24755859375 0.11669921875 0.0732421875 0.0732421875
0 0.703125 0.87060546875 0.07421875 0.0732421875
0 0.93359375 0.8740234375 0.09765625 0.09765625
0 0.8251953125 0.865234375 0.0859375 0.0859375
0 0.5966796875 0.876953125 0.09765625 0.09765625
0 0.634765625 0.7783203125 0.0859375 0.0859375
0 0.54248046875 0.78076171875 0.1103515625 0.1103515625
0 0.43017578125 0.7734375 0.0986328125 0.09765625
0 0.28955078125 0.86474609375 0.0732421875 0.0732421875
0 0.19091796875 0.87109375 0.0986328125 0.09765625
0 0.93408203125 0.6875 0.0986328125 0.09765625
0 0.8193359375 0.6806640625 0.0859375 0.0859375
0 0.7138671875 0.68310546875 0.0859375 0.0849609375
0 0.59716796875 0.68408203125 0.1103515625 0.1103515625
0 0.48876953125 0.68798828125 0.1103515625 0.1103515625
0 0.37939453125 0.6865234375 0.1103515625 0.109375
0 0.26123046875 0.68359375 0.0986328125 0.09765625
0 0.87646484375 0.5966796875 0.0986328125 0.09765625
0 0.7724609375 0.58203125 0.09765625 0.09765625
0 0.64501953125 0.5830078125 0.0986328125 0.09765625
0 0.53564453125 0.578125 0.0986328125 0.09765625
0 0.43017578125 0.57421875 0.0986328125 0.09765625
0 0.3212890625 0.58544921875 0.0859375 0.0849609375
0 0.2734375 0.48974609375 0.0859375 0.0849609375
0 0.9208984375 0.49853515625 0.111328125 0.1103515625
0 0.7958984375 0.50244140625 0.123046875 0.1220703125
0 0.6904296875 0.49560546875 0.0859375 0.0849609375
0 0.5732421875 0.478515625 0.0859375 0.0859375
0 0.48779296875 0.48095703125 0.0869140625 0.0849609375
0 0.3798828125 0.4873046875 0.09765625 0.09765625
0 0.86279296875 0.40673828125 0.1103515625 0.1103515625
0 0.75048828125 0.404296875 0.0986328125 0.09765625
0 0.65185546875 0.40625 0.0986328125 0.09765625
0 0.56494140625 0.314453125 0.0615234375 0.060546875
0 0.4619140625 0.31396484375 0.07421875 0.0732421875
0 0.3759765625 0.31689453125 0.0859375 0.0849609375
0 0.296875 0.3076171875 0.0859375 0.0859375
0 0.21337890625 0.18212890625 0.0615234375 0.0615234375
0 0.90576171875 0.30859375 0.1103515625 0.109375
0 0.80908203125 0.31591796875 0.1103515625 0.1103515625
0 0.69384765625 0.3134765625 0.1103515625 0.109375
0 0.85595703125 0.212890625 0.1103515625 0.109375
0 0.74951171875 0.21533203125 0.1103515625 0.1103515625
0 0.6494140625 0.21484375 0.111328125 0.109375
0 0.50732421875 0.203125 0.0986328125 0.09765625
0 0.45947265625 0.119140625 0.0986328125 0.09765625
0 0.57421875 0.1337890625 0.0859375 0.0859375
0 0.91748046875 0.11962890625 0.0869140625 0.0849609375
0 0.8134765625 0.1259765625 0.09765625 0.09765625
0 0.68212890625 0.119140625 0.0986328125 0.09765625
0 0.44287109375 0.3974609375 0.0986328125 0.09765625