0 0.14208984375 0.9501953125 0.0986328125 0.09765625
0 0.25341796875 0.9443359375 0.0986328125 0.09765625
0 0.73193359375 0.8623046875 0.0986328125 0.09765625
0 0.6240234375 0.85546875 0.111328125 0.109375
0 0.51708984375 0.8603515625 0.0986328125 0.09765625
0 0.41845703125 0.85400390625 0.1103515625 0.1103515625
0 0.302734375 0.853515625 0.09765625 0.09765625
0 0.19580078125 0.8525390625 0.0986328125 0.09765625
0 0.13232421875 0.7646484375 0.0986328125 0.09765625
0 0.0947265625 0.66259765625 0.111328125 0.1103515625
0 0.275390625 0.763671875 0.09765625 0.09765625
0 0.36376953125 0.759765625 0.0986328125 0.09765625
0 0.47998046875 0.76513671875 0.1103515625 0.1103515625
0 0.5810546875 0.771484375 0.111328125 0.109375
0 0.68896484375 0.76904296875 0.1103515625 0.1103515625
0 0.7998046875 0.77294921875 0.111328125 0.1103515625
0 0.7373046875 0.67333984375 0.111328125 0.1103515625
0 0.62646484375 0.66943359375 0.1103515625 0.1103515625
0 0.533203125 0.67333984375 0.111328125 0.1103515625
0 0.41748046875 0.66650390625 0.1103515625 0.1103515625
0 0.35791015625 0.5810546875 0.1103515625 0.109375
0 0.474609375 0.57470703125 0.111328125 0.1103515625
0 0.57763671875 0.5751953125 0.1103515625 0.109375
0 0.68798828125 0.58154296875 0.1103515625 0.1103515625
0 0.78466796875 0.5791015625 0.1103515625 0.109375
0 0.748046875 0.4873046875 0.111328125 0.109375
0 0.64111328125 0.4833984375 0.0986328125 0.09765625
0 0.533203125 0.482421875 0.09765625 0.09765625
0 0.42041015625 0.48193359375 0.1103515625 0.1103515625
0 0.30322265625 0.4833984375 0.0986328125 0.09765625
0 0.19482421875 0.4794921875 0.0986328125 0.09765625
0 0.13134765625 0.57177734375 0.1103515625 0.1103515625
0 0.25732421875 0.5693359375 0.1103515625 0.109375
0 0.09765625 0.46728515625 0.0859375 0.0849609375
0 0.1484375 0.3818359375 0.09765625 0.09765625
0 0.26904296875 0.388671875 0.0986328125 0.09765625
0 0.3681640625 0.3876953125 0.09765625 0.09765625
0 0.47216796875 0.3828125 0.0986328125 0.09765625
0 0.58154296875 0.3837890625 0.1103515625 0.109375
0 0.69873046875 0.3876953125 0.0986328125 0.09765625
0 0.80419921875 0.39306640625 0.1103515625 0.1103515625
0 0.74462890625 0.29345703125 0.1103515625 0.1103515625
0 0.63232421875 0.2958984375 0.1103515625 0.109375
0 0.5322265625 0.29833984375 0.111328125 0.1103515625
0 0.41748046875 0.2919921875 0.1103515625 0.109375
0 0.30859375 0.29296875 0.111328125 0.109375
0 0.20556640625 0.2890625 0.1103515625 0.109375
0 0.08447265625 0.27880859375 0.1103515625 0.1103515625
0 0.15087890625 0.18798828125 0.1103515625 0.1103515625
0 0.26416015625 0.19482421875 0.1103515625 0.1103515625
0 0.37255859375 0.18701171875 0.1103515625 0.1103515625
0 0.4765625 0.1962890625 0.09765625 0.09765625
0 0.5869140625 0.19775390625 0.111328125 0.1103515625
0 0.80712890625 0.20703125 0.1103515625 0.109375
0 0.69873046875 0.2001953125 0.1103515625 0.109375
0 0.74853515625 0.10107421875 0.1103515625 0.1103515625
0 0.64697265625 0.10205078125 0.1103515625 0.1103515625
0 0.52490234375 0.095703125 0.1103515625 0.109375
0 0.42041015625 0.09521484375 0.1103515625 0.1103515625
0 0.31494140625 0.09033203125 0.1103515625 0.1103515625
0 0.18408203125 0.08740234375 0.1103515625 0.1103515625
0 0.09521484375 0.0966796875 0.0986328125 0.09765625