0 0.19482421875 0.1474609375 0.0849609375 0.0859375
0 0.19482421875 0.265625 0.0849609375 0.0859375
0 0.2763671875 0.30859375 0.0859375 0.0859375
0 0.38330078125 0.2568359375 0.0849609375 0.0859375
0 0.3798828125 0.16552734375 0.0859375 0.0869140625
0 0.28271484375 0.20703125 0.0849609375 0.0859375
0 0.28662109375 0.109375 0.0849609375 0.0859375
0 0.9384765625 0.80615234375 0.109375 0.1103515625
0 0.9443359375 0.4873046875 0.109375 0.111328125
0 0.9453125 0.37158203125 0.09765625 0.0986328125
0 0.9482421875 0.25830078125 0.09765625 0.0986328125
0 0.8525390625 0.09716796875 0.09765625 0.0986328125
0 0.8525390625 0.20751953125 0.109375 0.1103515625
0 0.85400390625 0.30908203125 0.1103515625 0.1103515625
0 0.85205078125 0.74365234375 0.1103515625 0.1103515625
0 0.849609375 0.64208984375 0.109375 0.1103515625
0 0.8505859375 0.52490234375 0.09765625 0.0986328125
0 0.8515625 0.42333984375 0.09765625 0.0986328125
0 0.76171875 0.77978515625 0.109375 0.1103515625
0 0.76025390625 0.68896484375 0.1103515625 0.1103515625
0 0.7568359375 0.58447265625 0.09765625 0.0986328125
0 0.759765625 0.4873046875 0.09765625 0.09765625
0 0.759765625 0.36767578125 0.09765625 0.0986328125
0 0.75390625 0.26220703125 0.09765625 0.0986328125
0 0.7548828125 0.14013671875 0.09765625 0.0986328125
0 0.6640625 0.08935546875 0.09765625 0.0986328125
0 0.66650390625 0.20458984375 0.1103515625 0.1103515625
0 0.6611328125 0.3115234375 0.109375 0.111328125
0 0.6572265625 0.42236328125 0.09765625 0.0986328125
0 0.6572265625 0.52490234375 0.109375 0.1103515625
0 0.6611328125 0.6416015625 0.0859375 0.0859375
0 0.66357421875 0.7470703125 0.0849609375 0.0859375
0 0.55859375 0.794921875 0.0859375 0.0859375
0 0.5654296875 0.69384765625 0.09765625 0.0986328125
0 0.56640625 0.58203125 0.09765625 0.09765625
0 0.568359375 0.47509765625 0.09765625 0.0986328125
0 0.560546875 0.36181640625 0.109375 0.1103515625
0 0.5732421875 0.25048828125 0.09765625 0.0986328125
0 0.5693359375 0.13818359375 0.09765625 0.0986328125
0 0.462890625 0.0927734375 0.09765625 0.09765625
0 0.46240234375 0.1953125 0.0849609375 0.0859375
0 0.47265625 0.3125 0.109375 0.111328125
0 0.47265625 0.40234375 0.109375 0.111328125
0 0.470703125 0.76806640625 0.09765625 0.0986328125
0 0.4736328125 0.62353515625 0.09765625 0.0986328125
0 0.47265625 0.52734375 0.09765625 0.09765625
0 0.3720703125 0.80419921875 0.09765625 0.0986328125
0 0.375 0.6884765625 0.09765625 0.09765625
0 0.37109375 0.58056640625 0.09765625 0.0986328125
0 0.3759765625 0.46728515625 0.09765625 0.0986328125
0 0.3779296875 0.37744140625 0.09765625 0.0986328125
0 0.283203125 0.74951171875 0.109375 0.1103515625
0 0.2861328125 0.64404296875 0.109375 0.1103515625
0 0.2783203125 0.53369140625 0.109375 0.1103515625
0 0.2822265625 0.42529296875 0.09765625 0.0986328125
0 0.1748046875 0.798828125 0.109375 0.111328125
0 0.18408203125 0.6884765625 0.0849609375 0.0859375
0 0.19189453125 0.58447265625 0.1103515625 0.1103515625
0 0.18310546875 0.4765625 0.0849609375 0.0859375
0 0.1826171875 0.3994140625 0.09765625 0.09765625
0 0.09765625 0.83056640625 0.09765625 0.0986328125
0 0.0947265625 0.72705078125 0.09765625 0.0986328125
0 0.09375 0.6357421875 0.0859375 0.0859375
0 0.0859375 0.517578125 0.0859375 0.0859375
0 0.0859375 0.42138671875 0.09765625 0.0986328125
0 0.09375 0.302734375 0.0859375 0.0859375
0 0.09912109375 0.19921875 0.0849609375 0.0859375
0 0.0966796875 0.0693359375 0.0859375 0.0859375