0 0.78662109375 0.345703125 0.0869140625 0.0859375
0 0.91259765625 0.91796875 0.0986328125 0.09765625
0 0.7919921875 0.91650390625 0.0859375 0.0849609375
0 0.8583984375 0.8173828125 0.09765625 0.09765625
0 0.900390625 0.72412109375 0.111328125 0.1103515625
0 0.79296875 0.7216796875 0.0859375 0.0859375
0 0.8447265625 0.6220703125 0.09765625 0.09765625
0 0.90771484375 0.5263671875 0.0986328125 0.09765625
0 0.791015625 0.52685546875 0.0859375 0.0849609375
0 0.84814453125 0.4453125 0.0986328125 0.09765625
0 0.892578125 0.3427734375 0.0859375 0.0859375
0 0.94384765625 0.25439453125 0.0244140625 0.0244140625
0 0.83056640625 0.24853515625 0.0244140625 0.0244140625
0 0.91162109375 0.15673828125 0.0244140625 0.0244140625
0 0.79638671875 0.15283203125 0.0244140625 0.0244140625
0 0.68701171875 0.14892578125 0.0244140625 0.0244140625
0 0.60498046875 0.15185546875 0.0244140625 0.0244140625
0 0.74365234375 0.24951171875 0.0244140625 0.0244140625
0 0.63623046875 0.24267578125 0.0244140625 0.0244140625
0 0.60546875 0.3427734375 0.037109375 0.037109375
0 0.68798828125 0.33984375 0.1103515625 0.109375
0 0.744140625 0.44921875 0.0859375 0.0859375
0 0.63525390625 0.44970703125 0.0732421875 0.0732421875
0 0.68505859375 0.5302734375 0.0986328125 0.09765625
0 0.56982421875 0.52099609375 0.0615234375 0.0615234375
0 0.73876953125 0.6220703125 0.0986328125 0.09765625
0 0.63134765625 0.626953125 0.0986328125 0.09765625
0 0.681640625 0.73046875 0.09765625 0.09765625
0 0.7431640625 0.82177734375 0.0859375 0.0849609375
0 0.6318359375 0.8203125 0.09765625 0.09765625
0 0.6845703125 0.919921875 0.09765625 0.09765625
0 0.58984375 0.91357421875 0.0859375 0.0849609375
0 0.44189453125 0.064453125 0.0615234375 0.060546875
0 0.34375 0.056640625 0.0859375 0.0859375
0 0.232421875 0.05810546875 0.111328125 0.1103515625
0 0.3935546875 0.1533203125 0.0859375 0.0859375
0 0.28369140625 0.1455078125 0.0986328125 0.09765625
0 0.17333984375 0.1552734375 0.1103515625 0.109375
0 0.43505859375 0.25048828125 0.0615234375 0.0615234375
0 0.34130859375 0.2470703125 0.0986328125 0.09765625
0 0.2265625 0.25146484375 0.123046875 0.1220703125
0 0.11767578125 0.244140625 0.1103515625 0.109375
0 0.39208984375 0.3447265625 0.0986328125 0.09765625
0 0.28271484375 0.34033203125 0.1103515625 0.1103515625
0 0.1787109375 0.33251953125 0.123046875 0.1220703125
0 0.05615234375 0.34130859375 0.1103515625 0.1103515625
0 0.4248046875 0.4345703125 0.048828125 0.048828125
0 0.33935546875 0.431640625 0.0986328125 0.09765625
0 0.22412109375 0.43115234375 0.1220703125 0.1220703125
0 0.1181640625 0.43505859375 0.123046875 0.1220703125
0 0.39208984375 0.52001953125 0.0732421875 0.0732421875
0 0.27978515625 0.5244140625 0.1103515625 0.109375
0 0.17041015625 0.525390625 0.1103515625 0.109375
0 0.0625 0.525390625 0.0859375 0.0859375
0 0.33984375 0.63037109375 0.123046875 0.1220703125
0 0.2314453125 0.61865234375 0.123046875 0.1220703125
0 0.11083984375 0.6259765625 0.0986328125 0.09765625
0 0.39453125 0.72412109375 0.07421875 0.0732421875
0 0.2822265625 0.7294921875 0.09765625 0.09765625
0 0.1689453125 0.73583984375 0.123046875 0.1220703125
0 0.05615234375 0.7314453125 0.0986328125 0.09765625
0 0.3388671875 0.82470703125 0.123046875 0.1220703125
0 0.21875 0.82080078125 0.123046875 0.1220703125
0 0.1103515625 0.82275390625 0.0859375 0.0849609375
0 0.3876953125 0.9150390625 0.09765625 0.09765625
0 0.2744140625 0.9189453125 0.09765625 0.09765625
0 0.169921875 0.9189453125 0.09765625 0.09765625
0 0.0556640625 0.9208984375 0.09765625 0.09765625