0 0.63330078125 0.5712890625 0.0732421875 0.07421875
0 0.0576171875 0.9013671875 0.109375 0.111328125
0 0.052734375 0.7919921875 0.09765625 0.09765625
0 0.05712890625 0.57373046875 0.1103515625 0.1103515625
0 0.15087890625 0.84912109375 0.1103515625 0.1103515625
0 0.14599609375 0.73291015625 0.1103515625 0.1103515625
0 0.15283203125 0.62353515625 0.1103515625 0.1103515625
0 0.24658203125 0.89501953125 0.1103515625 0.1103515625
0 0.24609375 0.79150390625 0.109375 0.1103515625
0 0.248046875 0.68115234375 0.109375 0.1103515625
0 0.2509765625 0.57080078125 0.09765625 0.0986328125
0 0.341796875 0.84814453125 0.109375 0.1103515625
0 0.3408203125 0.73486328125 0.09765625 0.0986328125
0 0.3359375 0.63134765625 0.09765625 0.0986328125
0 0.43359375 0.89892578125 0.109375 0.1103515625
0 0.43701171875 0.79541015625 0.1103515625 0.1103515625
0 0.43701171875 0.68212890625 0.1103515625 0.1103515625
0 0.43896484375 0.57275390625 0.1103515625 0.1103515625
0 0.5361328125 0.84912109375 0.09765625 0.0986328125
0 0.5341796875 0.73876953125 0.09765625 0.0986328125
0 0.533203125 0.6259765625 0.09765625 0.09765625
0 0.533203125 0.5244140625 0.09765625 0.09765625
0 0.626953125 0.89892578125 0.109375 0.1103515625
0 0.630859375 0.79052734375 0.09765625 0.0986328125
0 0.6328125 0.6884765625 0.09765625 0.09765625
0 0.7314453125 0.85400390625 0.09765625 0.0986328125
0 0.7255859375 0.74267578125 0.09765625 0.0986328125
0 0.72412109375 0.6298828125 0.0849609375 0.0859375
0 0.82568359375 0.90478515625 0.1103515625 0.1103515625
0 0.81982421875 0.79248046875 0.1103515625 0.1103515625
0 0.8271484375 0.67919921875 0.109375 0.1103515625
0 0.8359375 0.5712890625 0.109375 0.111328125
0 0.9130859375 0.9501953125 0.0859375 0.0859375
0 0.91015625 0.8466796875 0.0859375 0.0859375
0 0.9140625 0.74560546875 0.09765625 0.0986328125
0 0.9169921875 0.6201171875 0.109375 0.111328125
0 0.93359375 0.52734375 0.09765625 0.09765625
0 0.919921875 0.384765625 0.109375 0.111328125
0 0.923828125 0.283203125 0.109375 0.111328125
0 0.9248046875 0.17236328125 0.09765625 0.0986328125
0 0.9296875 0.06201171875 0.09765625 0.0986328125
0 0.814453125 0.46533203125 0.09765625 0.0986328125
0 0.82080078125 0.3486328125 0.1103515625 0.111328125
0 0.81591796875 0.24609375 0.1103515625 0.111328125
0 0.8134765625 0.1357421875 0.109375 0.111328125
0 0.72265625 0.50830078125 0.109375 0.1103515625
0 0.7255859375 0.404296875 0.0859375 0.0859375
0 0.72607421875 0.3017578125 0.0849609375 0.0859375
0 0.72607421875 0.193359375 0.1103515625 0.111328125
0 0.72021484375 0.0703125 0.1103515625 0.111328125
0 0.626953125 0.462890625 0.0859375 0.0859375
0 0.62890625 0.35205078125 0.09765625 0.0986328125
0 0.6337890625 0.22998046875 0.09765625 0.0986328125
0 0.63037109375 0.1240234375 0.1103515625 0.111328125
0 0.5302734375 0.40087890625 0.09765625 0.0986328125
0 0.5390625 0.291015625 0.0859375 0.0859375
0 0.537109375 0.18310546875 0.09765625 0.0986328125
0 0.537109375 0.0703125 0.09765625 0.09765625
0 0.43798828125 0.46240234375 0.1103515625 0.1103515625
0 0.43212890625 0.35205078125 0.1103515625 0.1103515625
0 0.43212890625 0.24072265625 0.1103515625 0.1103515625
0 0.431640625 0.12158203125 0.109375 0.1103515625
0 0.3486328125 0.51513671875 0.109375 0.1103515625
0 0.345703125 0.40185546875 0.109375 0.1103515625
0 0.34423828125 0.29833984375 0.1103515625 0.1103515625
0 0.34228515625 0.17529296875 0.1103515625 0.1103515625
0 0.33935546875 0.06787109375 0.1103515625 0.1103515625
0 0.2490234375 0.45654296875 0.109375 0.1103515625
0 0.2431640625 0.34716796875 0.109375 0.1103515625
0 0.2490234375 0.23779296875 0.109375 0.1103515625
0 0.25390625 0.12744140625 0.109375 0.1103515625
0 0.15869140625 0.513671875 0.1103515625 0.111328125
0 0.154296875 0.396484375 0.09765625 0.09765625
0 0.15234375 0.29345703125 0.109375 0.1103515625
0 0.1494140625 0.17919921875 0.09765625 0.0986328125
0 0.1552734375 0.06884765625 0.109375 0.1103515625
0 0.05615234375 0.45703125 0.1103515625 0.111328125
0 0.05615234375 0.341796875 0.1103515625 0.111328125
0 0.06005859375 0.23193359375 0.1103515625 0.1103515625