0 0.9501953125 0.15234375 0.09765625 0.09765625
0 0.9501953125 0.2548828125 0.0859375 0.0859375
0 0.9501953125 0.48193359375 0.09765625 0.0986328125
0 0.947265625 0.58837890625 0.09765625 0.0986328125
0 0.94677734375 0.814453125 0.0849609375 0.0859375
0 0.8544921875 0.09619140625 0.109375 0.1103515625
0 0.861328125 0.20947265625 0.09765625 0.0986328125
0 0.85302734375 0.3212890625 0.0849609375 0.0859375
0 0.85302734375 0.458984375 0.0849609375 0.0859375
0 0.85009765625 0.544921875 0.0849609375 0.0859375
0 0.8515625 0.64794921875 0.109375 0.1103515625
0 0.85791015625 0.7626953125 0.1220703125 0.123046875
0 0.7626953125 0.15625 0.109375 0.111328125
0 0.763671875 0.26318359375 0.09765625 0.0986328125
0 0.759765625 0.3720703125 0.09765625 0.09765625
0 0.767578125 0.48681640625 0.09765625 0.0986328125
0 0.75830078125 0.59716796875 0.1103515625 0.1103515625
0 0.75830078125 0.69580078125 0.1103515625 0.1103515625
0 0.75439453125 0.80029296875 0.1103515625 0.1103515625
0 0.67626953125 0.09765625 0.0849609375 0.0859375
0 0.6708984375 0.20654296875 0.09765625 0.0986328125
0 0.6630859375 0.32373046875 0.09765625 0.0986328125
0 0.66796875 0.42138671875 0.09765625 0.0986328125
0 0.66552734375 0.5400390625 0.0849609375 0.0859375
0 0.6640625 0.64794921875 0.09765625 0.0986328125
0 0.6650390625 0.74951171875 0.109375 0.1103515625
0 0.58056640625 0.0439453125 0.0849609375 0.0859375
0 0.57421875 0.1572265625 0.09765625 0.09765625
0 0.5712890625 0.26025390625 0.09765625 0.0986328125
0 0.568359375 0.37353515625 0.09765625 0.0986328125
0 0.564453125 0.4892578125 0.0859375 0.0859375
0 0.5673828125 0.59423828125 0.09765625 0.0986328125
0 0.568359375 0.693359375 0.09765625 0.09765625
0 0.5615234375 0.79443359375 0.109375 0.1103515625
0 0.46875 0.74365234375 0.109375 0.1103515625
0 0.46630859375 0.64111328125 0.1103515625 0.1103515625
0 0.46875 0.529296875 0.109375 0.111328125
0 0.46923828125 0.41748046875 0.1103515625 0.1103515625
0 0.482421875 0.3095703125 0.09765625 0.09765625
0 0.47314453125 0.20263671875 0.1103515625 0.1103515625
0 0.47705078125 0.09326171875 0.1103515625 0.1103515625
0 0.3740234375 0.15185546875 0.09765625 0.0986328125
0 0.3759765625 0.26123046875 0.09765625 0.0986328125
0 0.37890625 0.36669921875 0.109375 0.1103515625
0 0.37353515625 0.48486328125 0.1103515625 0.1103515625
0 0.37451171875 0.5888671875 0.1103515625 0.111328125
0 0.3798828125 0.70361328125 0.09765625 0.0986328125
0 0.376953125 0.81005859375 0.09765625 0.0986328125
0 0.28466796875 0.10009765625 0.1103515625 0.1103515625
0 0.2841796875 0.20751953125 0.09765625 0.0986328125
0 0.2763671875 0.318359375 0.09765625 0.09765625
0 0.283203125 0.43017578125 0.0859375 0.0869140625
0 0.279296875 0.53955078125 0.09765625 0.0986328125
0 0.27880859375 0.64501953125 0.1103515625 0.1103515625
0 0.2802734375 0.77880859375 0.109375 0.1103515625
0 0.19140625 0.146484375 0.109375 0.111328125
0 0.1875 0.26123046875 0.09765625 0.0986328125
0 0.18603515625 0.3779296875 0.1103515625 0.111328125
0 0.189453125 0.4873046875 0.09765625 0.09765625
0 0.19091796875 0.60693359375 0.1103515625 0.1103515625
0 0.1923828125 0.70166015625 0.109375 0.1103515625
0 0.18798828125 0.8271484375 0.0849609375 0.0859375
0 0.0947265625 0.21923828125 0.109375 0.1103515625
0 0.091796875 0.3076171875 0.09765625 0.09765625
0 0.09716796875 0.3935546875 0.1103515625 0.111328125
0 0.10205078125 0.50830078125 0.1103515625 0.1103515625
0 0.083984375 0.63818359375 0.109375 0.1103515625
0 0.09130859375 0.76171875 0.1103515625 0.111328125