0 0.23095703125 0.0693359375 0.0986328125 0.09765625
0 0.3388671875 0.076171875 0.111328125 0.109375
0 0.44580078125 0.0712890625 0.0986328125 0.09765625
0 0.54443359375 0.07763671875 0.1103515625 0.1103515625
0 0.66015625 0.078125 0.09765625 0.09765625
0 0.76708984375 0.0791015625 0.0986328125 0.09765625
0 0.83056640625 0.1669921875 0.0986328125 0.09765625
0 0.92138671875 0.169921875 0.0986328125 0.09765625
0 0.8681640625 0.26904296875 0.111328125 0.1103515625
0 0.6875 0.16796875 0.09765625 0.09765625
0 0.59912109375 0.171875 0.0986328125 0.09765625
0 0.48291015625 0.16650390625 0.1103515625 0.1103515625
0 0.3818359375 0.16015625 0.111328125 0.109375
0 0.27392578125 0.16259765625 0.1103515625 0.1103515625
0 0.1630859375 0.15869140625 0.111328125 0.1103515625
0 0.2255859375 0.25830078125 0.111328125 0.1103515625
0 0.33642578125 0.26220703125 0.1103515625 0.1103515625
0 0.4296875 0.25830078125 0.111328125 0.1103515625
0 0.54541015625 0.26513671875 0.1103515625 0.1103515625
0 0.60498046875 0.3505859375 0.1103515625 0.109375
0 0.48828125 0.35693359375 0.111328125 0.1103515625
0 0.38525390625 0.3564453125 0.1103515625 0.109375
0 0.27490234375 0.35009765625 0.1103515625 0.1103515625
0 0.17822265625 0.3525390625 0.1103515625 0.109375
0 0.21484375 0.4443359375 0.111328125 0.109375
0 0.32177734375 0.4482421875 0.0986328125 0.09765625
0 0.4296875 0.44921875 0.09765625 0.09765625
0 0.54248046875 0.44970703125 0.1103515625 0.1103515625
0 0.65966796875 0.4482421875 0.0986328125 0.09765625
0 0.76806640625 0.4521484375 0.0986328125 0.09765625
0 0.83154296875 0.35986328125 0.1103515625 0.1103515625
0 0.70556640625 0.3623046875 0.1103515625 0.109375
0 0.865234375 0.46435546875 0.0859375 0.0849609375
0 0.935546875 0.3623046875 0.09765625 0.09765625
0 0.919921875 0.5576171875 0.0859375 0.0859375
0 0.814453125 0.5498046875 0.09765625 0.09765625
0 0.69384765625 0.54296875 0.0986328125 0.09765625
0 0.5947265625 0.5439453125 0.09765625 0.09765625
0 0.49072265625 0.548828125 0.0986328125 0.09765625
0 0.38134765625 0.5478515625 0.1103515625 0.109375
0 0.26416015625 0.5439453125 0.0986328125 0.09765625
0 0.15869140625 0.53857421875 0.1103515625 0.1103515625
0 0.21826171875 0.63818359375 0.1103515625 0.1103515625
0 0.33056640625 0.6357421875 0.1103515625 0.109375
0 0.4306640625 0.63330078125 0.111328125 0.1103515625
0 0.54541015625 0.6396484375 0.1103515625 0.109375
0 0.654296875 0.638671875 0.111328125 0.109375
0 0.75732421875 0.642578125 0.1103515625 0.109375
0 0.87841796875 0.65283203125 0.1103515625 0.1103515625
0 0.93408203125 0.75390625 0.1103515625 0.109375
0 0.81201171875 0.74365234375 0.1103515625 0.1103515625
0 0.69873046875 0.73681640625 0.1103515625 0.1103515625
0 0.59033203125 0.74462890625 0.1103515625 0.1103515625
0 0.486328125 0.7353515625 0.09765625 0.09765625
0 0.3759765625 0.73388671875 0.111328125 0.1103515625
0 0.15576171875 0.724609375 0.1103515625 0.109375
0 0.26416015625 0.7314453125 0.1103515625 0.109375
0 0.21435546875 0.83056640625 0.1103515625 0.1103515625
0 0.31591796875 0.82958984375 0.1103515625 0.1103515625
0 0.43798828125 0.8359375 0.1103515625 0.109375
0 0.54248046875 0.83642578125 0.1103515625 0.1103515625
0 0.64794921875 0.84130859375 0.1103515625 0.1103515625
0 0.77880859375 0.84423828125 0.1103515625 0.1103515625
0 0.86767578125 0.8349609375 0.0986328125 0.09765625
0 0.91943359375 0.9296875 0.1103515625 0.109375
0 0.80517578125 0.93359375 0.0986328125 0.09765625
0 0.70458984375 0.94091796875 0.1103515625 0.1103515625
0 0.59521484375 0.9306640625 0.1103515625 0.109375
0 0.486328125 0.923828125 0.111328125 0.109375
0 0.380859375 0.92138671875 0.111328125 0.1103515625
0 0.27197265625 0.93017578125 0.1103515625 0.1103515625
0 0.16259765625 0.9267578125 0.0986328125 0.09765625