0 0.23291015625 0.9365234375 0.0732421875 0.07421875
0 0.40771484375 0.3564453125 0.0732421875 0.07421875
0 0.40966796875 0.4423828125 0.0732421875 0.07421875
0 0.61083984375 0.42431640625 0.0732421875 0.0732421875
0 0.60400390625 0.2080078125 0.0732421875 0.07421875
0 0.32958984375 0.40966796875 0.0732421875 0.0732421875
0 0.5224609375 0.53759765625 0.060546875 0.0615234375
0 0.32763671875 0.50732421875 0.0732421875 0.0732421875
0 0.88671875 0.876953125 0.048828125 0.048828125
0 0.7919921875 0.9384765625 0.048828125 0.048828125
0 0.7021484375 0.8935546875 0.048828125 0.048828125
0 0.607421875 0.947265625 0.037109375 0.037109375
0 0.42529296875 0.931640625 0.0361328125 0.037109375
0 0.14501953125 0.8759765625 0.0849609375 0.0859375
0 0.046875 0.9189453125 0.0859375 0.0859375
0 0.89501953125 0.15771484375 0.1103515625 0.1103515625
0 0.89892578125 0.26611328125 0.1103515625 0.1103515625
0 0.8974609375 0.37548828125 0.109375 0.1103515625
0 0.89453125 0.49365234375 0.09765625 0.0986328125
0 0.7939453125 0.10986328125 0.09765625 0.0986328125
0 0.7890625 0.21923828125 0.09765625 0.0986328125
0 0.78515625 0.32470703125 0.09765625 0.0986328125
0 0.79638671875 0.43359375 0.0849609375 0.0859375
0 0.70068359375 0.4814453125 0.0849609375 0.0859375
0 0.70654296875 0.064453125 0.0849609375 0.0859375
0 0.689453125 0.181640625 0.0859375 0.0859375
0 0.69189453125 0.26708984375 0.0849609375 0.0869140625
0 0.6982421875 0.375 0.09765625 0.09765625
0 0.6171875 0.10302734375 0.09765625 0.0986328125
0 0.525390625 0.18994140625 0.060546875 0.0615234375
0 0.52490234375 0.29296875 0.0732421875 0.07421875
0 0.52783203125 0.37890625 0.0849609375 0.0859375
0 0.5185546875 0.4580078125 0.0859375 0.0859375
0 0.39306640625 0.54150390625 0.0615234375 0.0615234375
0 0.146484375 0.4951171875 0.0859375 0.0859375
0 0.5244140625 0.06103515625 0.109375 0.1103515625
0 0.42578125 0.10546875 0.109375 0.111328125
0 0.4140625 0.24755859375 0.09765625 0.0986328125
0 0.330078125 0.29541015625 0.09765625 0.0986328125
0 0.3447265625 0.1806640625 0.0859375 0.0859375
0 0.330078125 0.07275390625 0.09765625 0.0986328125
0 0.2412109375 0.11083984375 0.109375 0.1103515625
0 0.25146484375 0.248046875 0.0849609375 0.0859375
0 0.2421875 0.34228515625 0.09765625 0.0986328125
0 0.22900390625 0.462890625 0.0849609375 0.0859375
0 0.15185546875 0.39013671875 0.1103515625 0.1103515625
0 0.14404296875 0.29638671875 0.1103515625 0.1103515625
0 0.14697265625 0.1689453125 0.1103515625 0.111328125
0 0.1494140625 0.0673828125 0.109375 0.111328125
0 0.052734375 0.11572265625 0.09765625 0.0986328125
0 0.05859375 0.2392578125 0.0859375 0.0859375
0 0.0546875 0.44482421875 0.09765625 0.0986328125
0 0.04931640625 0.552734375 0.0849609375 0.0859375
0 0.6083984375 0.31201171875 0.09765625 0.0986328125