0 0.6474609375 0.80224609375 0.07421875 0.0732421875
0 0.52783203125 0.80078125 0.0615234375 0.060546875
0 0.5888671875 0.89501953125 0.111328125 0.1103515625
0 0.48095703125 0.9013671875 0.0986328125 0.09765625
0 0.240234375 0.89306640625 0.0859375 0.0849609375
0 0.1396484375 0.8984375 0.0859375 0.0859375
0 0.0478515625 0.89453125 0.0859375 0.0859375
0 0.404296875 0.814453125 0.0859375 0.0859375
0 0.32373046875 0.806640625 0.1103515625 0.109375
0 0.205078125 0.80419921875 0.111328125 0.1103515625
0 0.08935546875 0.794921875 0.1103515625 0.109375
0 0.55908203125 0.7060546875 0.0986328125 0.09765625
0 0.4873046875 0.708984375 0.0859375 0.0859375
0 0.373046875 0.70361328125 0.111328125 0.1103515625
0 0.24853515625 0.69677734375 0.1103515625 0.1103515625
0 0.14404296875 0.69921875 0.1103515625 0.109375
0 0.64404296875 0.6025390625 0.0986328125 0.09765625
0 0.53076171875 0.609375 0.0986328125 0.09765625
0 0.41748046875 0.6064453125 0.0869140625 0.0859375
0 0.31201171875 0.609375 0.0986328125 0.09765625
0 0.19775390625 0.611328125 0.0986328125 0.09765625
0 0.08935546875 0.607421875 0.0986328125 0.09765625
0 0.58935546875 0.517578125 0.0986328125 0.09765625
0 0.4775390625 0.513671875 0.09765625 0.09765625
0 0.375 0.513671875 0.0859375 0.0859375
0 0.26416015625 0.5146484375 0.0986328125 0.09765625
0 0.14794921875 0.513671875 0.0986328125 0.09765625
0 0.53369140625 0.41796875 0.1103515625 0.109375
0 0.42041015625 0.4248046875 0.0986328125 0.09765625
0 0.30859375 0.41650390625 0.0859375 0.0849609375
0 0.1708984375 0.41650390625 0.0859375 0.0849609375
0 0.0849609375 0.41357421875 0.0859375 0.0849609375
0 0.58837890625 0.32763671875 0.1103515625 0.1103515625
0 0.4736328125 0.326171875 0.111328125 0.109375
0 0.36669921875 0.3271484375 0.0986328125 0.09765625
0 0.2578125 0.3232421875 0.09765625 0.09765625
0 0.14306640625 0.3310546875 0.0986328125 0.09765625
0 0.5322265625 0.23974609375 0.0859375 0.0849609375
0 0.42333984375 0.234375 0.0986328125 0.09765625
0 0.30615234375 0.2265625 0.0986328125 0.09765625
0 0.20849609375 0.2314453125 0.0986328125 0.09765625
0 0.08984375 0.22900390625 0.0859375 0.0849609375
0 0.5859375 0.14404296875 0.0859375 0.0849609375
0 0.47265625 0.1376953125 0.09765625 0.09765625
0 0.36962890625 0.134765625 0.0986328125 0.09765625
0 0.25634765625 0.1318359375 0.0986328125 0.09765625
0 0.140625 0.1279296875 0.0859375 0.0859375
0 0.82080078125 0.51806640625 0.0615234375 0.0615234375
0 0.7509765625 0.61083984375 0.0859375 0.0849609375
0 0.7919921875 0.7080078125 0.0859375 0.0859375
0 0.7021484375 0.7080078125 0.0859375 0.0859375
0 0.7607421875 0.8037109375 0.0859375 0.0859375
0 0.84765625 0.8115234375 0.0859375 0.0859375
0 0.7021484375 0.89404296875 0.0859375 0.0849609375
0 0.91455078125 0.8916015625 0.0986328125 0.09765625
0 0.80908203125 0.890625 0.0986328125 0.09765625
0 0.947265625 0.5234375 0.09765625 0.09765625
0 0.70263671875 0.5166015625 0.1103515625 0.109375
0 0.64013671875 0.42236328125 0.1103515625 0.1103515625
0 0.68994140625 0.33056640625 0.1103515625 0.1103515625
0 0.767578125 0.427734375 0.0859375 0.0859375
0 0.80419921875 0.3359375 0.1103515625 0.109375
0 0.87841796875 0.3291015625 0.0986328125 0.09765625
0 0.84326171875 0.23779296875 0.1103515625 0.1103515625
0 0.74755859375 0.2392578125 0.0986328125 0.09765625
0 0.65771484375 0.240234375 0.1103515625 0.109375
0 0.69384765625 0.13671875 0.1103515625 0.109375