0 0.77490234375 0.05615234375 0.0732421875 0.0732421875
0 0.60595703125 0.15478515625 0.0615234375 0.0615234375
0 0.65185546875 0.06005859375 0.0615234375 0.0615234375
0 0.60791015625 0.33349609375 0.0615234375 0.0615234375
0 0.607421875 0.9169921875 0.0859375 0.0859375
0 0.724609375 0.90185546875 0.0859375 0.0849609375
0 0.83203125 0.90625 0.0859375 0.0859375
0 0.93359375 0.90283203125 0.0859375 0.0849609375
0 0.6669921875 0.8203125 0.09765625 0.09765625
0 0.7744140625 0.8076171875 0.09765625 0.09765625
0 0.88623046875 0.8115234375 0.1103515625 0.109375
0 0.720703125 0.71533203125 0.111328125 0.1103515625
0 0.830078125 0.71142578125 0.111328125 0.1103515625
0 0.94189453125 0.7119140625 0.1103515625 0.109375
0 0.6103515625 0.72119140625 0.0859375 0.0849609375
0 0.66748046875 0.62109375 0.0986328125 0.09765625
0 0.7734375 0.62109375 0.09765625 0.09765625
0 0.8818359375 0.6181640625 0.09765625 0.09765625
0 0.61962890625 0.525390625 0.1103515625 0.109375
0 0.72509765625 0.5224609375 0.0986328125 0.09765625
0 0.82861328125 0.5205078125 0.0986328125 0.09765625
0 0.94140625 0.529296875 0.111328125 0.109375
0 0.66455078125 0.431640625 0.0986328125 0.09765625
0 0.76806640625 0.4296875 0.0986328125 0.09765625
0 0.88330078125 0.427734375 0.1103515625 0.109375
0 0.72119140625 0.337890625 0.0986328125 0.09765625
0 0.82666015625 0.3349609375 0.0986328125 0.09765625
0 0.93798828125 0.33642578125 0.1103515625 0.1103515625
0 0.66064453125 0.2431640625 0.0986328125 0.09765625
0 0.77587890625 0.2412109375 0.0869140625 0.0859375
0 0.88671875 0.24462890625 0.0859375 0.0849609375
0 0.7197265625 0.1494140625 0.0859375 0.0859375
0 0.830078125 0.15234375 0.0859375 0.0859375
0 0.93896484375 0.14990234375 0.0732421875 0.0732421875
0 0.89453125 0.052734375 0.0859375 0.0859375