0 0.78271484375 0.37744140625 0.0732421875 0.0732421875
0 0.6318359375 0.45068359375 0.07421875 0.0732421875
0 0.087890625 0.82568359375 0.07421875 0.0732421875
0 0.4619140625 0.93115234375 0.111328125 0.1103515625
0 0.3369140625 0.93505859375 0.123046875 0.1220703125
0 0.2314453125 0.92822265625 0.0859375 0.0849609375
0 0.1142578125 0.9111328125 0.0859375 0.0859375
0 0.51318359375 0.83544921875 0.1103515625 0.1103515625
0 0.40380859375 0.83935546875 0.1103515625 0.1103515625
0 0.29150390625 0.8369140625 0.0986328125 0.09765625
0 0.19287109375 0.8388671875 0.0986328125 0.09765625
0 0.10595703125 0.7470703125 0.0615234375 0.060546875
0 0.44677734375 0.7412109375 0.1103515625 0.109375
0 0.35009765625 0.74853515625 0.1103515625 0.1103515625
0 0.23486328125 0.74609375 0.1103515625 0.109375
0 0.5078125 0.650390625 0.0859375 0.0859375
0 0.39697265625 0.6455078125 0.1103515625 0.109375
0 0.29052734375 0.64794921875 0.1103515625 0.1103515625
0 0.1904296875 0.6474609375 0.111328125 0.109375
0 0.115234375 0.56640625 0.0859375 0.0859375
0 0.45849609375 0.55224609375 0.0869140625 0.0849609375
0 0.3544921875 0.55859375 0.09765625 0.09765625
0 0.22314453125 0.5517578125 0.0986328125 0.09765625
0 0.5146484375 0.4501953125 0.0859375 0.0859375
0 0.4013671875 0.45166015625 0.0859375 0.0849609375
0 0.2880859375 0.458984375 0.09765625 0.09765625
0 0.18505859375 0.462890625 0.1103515625 0.109375
0 0.0478515625 0.47314453125 0.0859375 0.0849609375
0 0.126953125 0.36865234375 0.111328125 0.1103515625
0 0.228515625 0.37109375 0.111328125 0.109375
0 0.34423828125 0.369140625 0.0986328125 0.09765625
0 0.4560546875 0.36962890625 0.07421875 0.0732421875
0 0.5185546875 0.27197265625 0.0859375 0.0849609375
0 0.3974609375 0.26904296875 0.0859375 0.0849609375
0 0.28857421875 0.271484375 0.1103515625 0.109375
0 0.18017578125 0.2744140625 0.0986328125 0.09765625
0 0.056640625 0.2802734375 0.0859375 0.0859375
0 0.12109375 0.19384765625 0.0859375 0.0849609375
0 0.2333984375 0.19677734375 0.0859375 0.0849609375
0 0.33935546875 0.197265625 0.0986328125 0.09765625
0 0.4443359375 0.1826171875 0.0859375 0.0859375
0 0.51513671875 0.0888671875 0.0986328125 0.09765625
0 0.39111328125 0.08447265625 0.1103515625 0.1103515625
0 0.28466796875 0.08544921875 0.1103515625 0.1103515625
0 0.17529296875 0.08935546875 0.0986328125 0.0966796875
0 0.0712890625 0.09033203125 0.0859375 0.0849609375
0 0.580078125 0.37451171875 0.07421875 0.0732421875
0 0.68798828125 0.36962890625 0.0732421875 0.0732421875
0 0.7294921875 0.2763671875 0.0859375 0.0859375
0 0.6142578125 0.2763671875 0.0859375 0.0859375
0 0.7255859375 0.46533203125 0.07421875 0.0732421875
0 0.84521484375 0.46533203125 0.0732421875 0.0732421875
0 0.8916015625 0.931640625 0.09765625 0.09765625
0 0.767578125 0.92919921875 0.0859375 0.0849609375
0 0.6650390625 0.93408203125 0.0859375 0.0849609375
0 0.61962890625 0.83984375 0.0986328125 0.09765625
0 0.7265625 0.83447265625 0.111328125 0.1103515625
0 0.8369140625 0.8408203125 0.09765625 0.09765625
0 0.90087890625 0.7470703125 0.0986328125 0.09765625
0 0.77978515625 0.75341796875 0.1103515625 0.1103515625
0 0.67724609375 0.748046875 0.1103515625 0.109375
0 0.62548828125 0.65478515625 0.1103515625 0.1103515625
0 0.5615234375 0.748046875 0.0859375 0.0859375
0 0.71875 0.66015625 0.111328125 0.109375
0 0.84228515625 0.6474609375 0.1103515625 0.109375
0 0.7998046875 0.5556640625 0.0859375 0.0859375
0 0.6796875 0.560546875 0.0859375 0.0859375
0 0.8994140625 0.55810546875 0.0859375 0.0849609375
0 0.5732421875 0.55908203125 0.0859375 0.0849609375
0 0.8896484375 0.37744140625 0.0859375 0.0849609375
0 0.82958984375 0.27880859375 0.1103515625 0.1103515625
0 0.7724609375 0.1884765625 0.0859375 0.0859375
0 0.6826171875 0.189453125 0.0859375 0.0859375
0 0.880859375 0.19384765625 0.0859375 0.0849609375
0 0.92333984375 0.08251953125 0.1103515625 0.1103515625
0 0.81591796875 0.0849609375 0.0986328125 0.09765625
0 0.73486328125 0.08984375 0.0986328125 0.09765625
0 0.62060546875 0.0888671875 0.0986328125 0.09765625
0 0.56982421875 0.193359375 0.0986328125 0.09765625
0 0.55419921875 0.93798828125 0.1103515625 0.1103515625