0 0.87255859375 0.19921875 0.1103515625 0.111328125
0 0.78662109375 0.1396484375 0.1103515625 0.111328125
0 0.6845703125 0.08447265625 0.109375 0.1103515625
0 0.69140625 0.19580078125 0.109375 0.1103515625
0 0.5849609375 0.1328125 0.0859375 0.0859375
0 0.58984375 0.2470703125 0.0859375 0.0859375
0 0.4892578125 0.076171875 0.0859375 0.0859375
0 0.49560546875 0.19091796875 0.0849609375 0.0869140625
0 0.39794921875 0.13232421875 0.0849609375 0.0869140625
0 0.3056640625 0.07666015625 0.09765625 0.0986328125
0 0.306640625 0.18701171875 0.09765625 0.0986328125
0 0.212890625 0.13232421875 0.109375 0.1103515625
0 0.1142578125 0.07763671875 0.09765625 0.0986328125
0 0.11279296875 0.1884765625 0.0849609375 0.0859375
0 0.21044921875 0.2421875 0.0849609375 0.0859375
0 0.115234375 0.296875 0.09765625 0.09765625
0 0.11376953125 0.41015625 0.1103515625 0.111328125
0 0.1123046875 0.51416015625 0.109375 0.1103515625
0 0.1123046875 0.62548828125 0.09765625 0.0986328125
0 0.109375 0.73974609375 0.109375 0.1103515625
0 0.21142578125 0.357421875 0.1103515625 0.111328125
0 0.20703125 0.466796875 0.09765625 0.09765625
0 0.20703125 0.578125 0.09765625 0.09765625
0 0.20556640625 0.685546875 0.0849609375 0.0859375
0 0.2060546875 0.798828125 0.0859375 0.0859375
0 0.302734375 0.3017578125 0.0859375 0.0859375
0 0.3017578125 0.4140625 0.09765625 0.09765625
0 0.30615234375 0.5234375 0.1103515625 0.111328125
0 0.29833984375 0.6337890625 0.1103515625 0.111328125
0 0.30419921875 0.73974609375 0.1103515625 0.1103515625
0 0.39599609375 0.2451171875 0.0849609375 0.0859375
0 0.3984375 0.3544921875 0.0859375 0.0859375
0 0.3955078125 0.4658203125 0.0859375 0.0859375
0 0.4013671875 0.5673828125 0.109375 0.111328125
0 0.3984375 0.6767578125 0.109375 0.111328125
0 0.39404296875 0.80029296875 0.1103515625 0.1103515625
0 0.49072265625 0.30126953125 0.1103515625 0.1103515625
0 0.49169921875 0.41455078125 0.1103515625 0.1103515625
0 0.5 0.51806640625 0.109375 0.1103515625
0 0.494140625 0.62841796875 0.109375 0.1103515625
0 0.4931640625 0.7431640625 0.109375 0.111328125
0 0.59228515625 0.34912109375 0.1103515625 0.1103515625
0 0.59033203125 0.46435546875 0.1103515625 0.1103515625
0 0.5849609375 0.57275390625 0.09765625 0.0986328125
0 0.58740234375 0.6826171875 0.0849609375 0.0859375
0 0.587890625 0.7958984375 0.09765625 0.09765625
0 0.6865234375 0.30810546875 0.109375 0.1103515625
0 0.6884765625 0.40771484375 0.109375 0.1103515625
0 0.6787109375 0.52001953125 0.09765625 0.0986328125
0 0.68408203125 0.63232421875 0.1103515625 0.1103515625
0 0.67626953125 0.73876953125 0.1103515625 0.1103515625
0 0.76708984375 0.25146484375 0.1103515625 0.1103515625
0 0.775390625 0.36767578125 0.109375 0.1103515625
0 0.7763671875 0.47607421875 0.109375 0.1103515625
0 0.7763671875 0.57861328125 0.09765625 0.0986328125
0 0.78125 0.69482421875 0.109375 0.1103515625
0 0.86767578125 0.31201171875 0.1103515625 0.1103515625
0 0.87158203125 0.41650390625 0.1103515625 0.1103515625
0 0.86865234375 0.52783203125 0.1103515625 0.1103515625
0 0.8671875 0.63916015625 0.109375 0.1103515625
0 0.8681640625 0.74853515625 0.109375 0.1103515625
0 0.8701171875 0.85595703125 0.109375 0.1103515625
0 0.77880859375 0.80517578125 0.1103515625 0.1103515625
0 0.77001953125 0.90185546875 0.1103515625 0.1103515625
0 0.68115234375 0.85498046875 0.1103515625 0.1103515625
0 0.5849609375 0.908203125 0.109375 0.111328125
0 0.490234375 0.8525390625 0.109375 0.111328125
0 0.39599609375 0.90869140625 0.1103515625 0.1103515625
0 0.30224609375 0.85791015625 0.0615234375 0.0615234375
0 0.29736328125 0.96630859375 0.0615234375 0.0615234375
0 0.208984375 0.90771484375 0.109375 0.1103515625
0 0.111328125 0.85009765625 0.109375 0.1103515625