0 0.90576171875 0.93310546875 0.1103515625 0.1103515625
0 0.90625 0.81201171875 0.109375 0.1103515625
0 0.9052734375 0.70751953125 0.09765625 0.0986328125
0 0.9091796875 0.59912109375 0.109375 0.1103515625
0 0.818359375 0.85888671875 0.09765625 0.0986328125
0 0.8203125 0.76416015625 0.09765625 0.0986328125
0 0.8076171875 0.64599609375 0.109375 0.1103515625
0 0.73046875 0.91845703125 0.09765625 0.0986328125
0 0.72412109375 0.8193359375 0.0849609375 0.0859375
0 0.72705078125 0.70849609375 0.0849609375 0.0869140625
0 0.7236328125 0.60791015625 0.09765625 0.0986328125
0 0.6171875 0.87841796875 0.09765625 0.0986328125
0 0.61328125 0.77099609375 0.109375 0.1103515625
0 0.61279296875 0.65283203125 0.1103515625 0.1103515625
0 0.61767578125 0.53662109375 0.1103515625 0.1103515625
0 0.52099609375 0.9267578125 0.1103515625 0.111328125
0 0.5224609375 0.82275390625 0.109375 0.1103515625
0 0.5224609375 0.71142578125 0.09765625 0.0986328125
0 0.525390625 0.59716796875 0.109375 0.1103515625
0 0.427734375 0.8701171875 0.09765625 0.09765625
0 0.427734375 0.7587890625 0.09765625 0.09765625
0 0.42919921875 0.6513671875 0.0849609375 0.0859375
0 0.4287109375 0.5380859375 0.0859375 0.0859375
0 0.3330078125 0.9228515625 0.09765625 0.09765625
0 0.32861328125 0.8134765625 0.1103515625 0.111328125
0 0.33642578125 0.703125 0.1103515625 0.111328125
0 0.33056640625 0.59716796875 0.1103515625 0.1103515625
0 0.2392578125 0.87109375 0.0859375 0.0859375
0 0.2333984375 0.76953125 0.109375 0.111328125
0 0.236328125 0.66015625 0.109375 0.111328125
0 0.24072265625 0.53662109375 0.1103515625 0.1103515625
0 0.14306640625 0.92236328125 0.1103515625 0.1103515625
0 0.134765625 0.81884765625 0.109375 0.1103515625
0 0.140625 0.70849609375 0.109375 0.1103515625
0 0.1416015625 0.59375 0.109375 0.111328125
0 0.0498046875 0.76416015625 0.09765625 0.0986328125
0 0.04736328125 0.654296875 0.0849609375 0.0859375
0 0.05078125 0.30908203125 0.060546875 0.0615234375
0 0.14453125 0.484375 0.109375 0.111328125
0 0.1416015625 0.37451171875 0.109375 0.1103515625
0 0.14990234375 0.26611328125 0.1103515625 0.1103515625
0 0.14599609375 0.14599609375 0.1103515625 0.1103515625
0 0.23876953125 0.42822265625 0.1103515625 0.1103515625
0 0.24267578125 0.32861328125 0.0615234375 0.0615234375
0 0.24169921875 0.20751953125 0.1103515625 0.1103515625
0 0.2421875 0.09130859375 0.109375 0.1103515625
0 0.33251953125 0.47900390625 0.0615234375 0.0615234375
0 0.33740234375 0.37060546875 0.0615234375 0.0615234375
0 0.3359375 0.26025390625 0.109375 0.1103515625
0 0.3369140625 0.14111328125 0.109375 0.1103515625
0 0.42578125 0.42919921875 0.109375 0.1103515625
0 0.431640625 0.3037109375 0.0859375 0.0859375
0 0.431640625 0.20361328125 0.109375 0.1103515625
0 0.4296875 0.09521484375 0.09765625 0.0986328125
0 0.5234375 0.48681640625 0.109375 0.1103515625
0 0.52685546875 0.37451171875 0.1103515625 0.1103515625
0 0.52294921875 0.26416015625 0.1103515625 0.1103515625
0 0.52197265625 0.15185546875 0.1103515625 0.1103515625
0 0.61962890625 0.43505859375 0.1103515625 0.1103515625
0 0.61767578125 0.31787109375 0.1103515625 0.1103515625
0 0.6171875 0.21826171875 0.109375 0.1103515625
0 0.6220703125 0.103515625 0.109375 0.111328125
0 0.7177734375 0.50146484375 0.09765625 0.0986328125
0 0.708984375 0.38232421875 0.109375 0.1103515625
0 0.7099609375 0.2685546875 0.109375 0.111328125
0 0.7138671875 0.150390625 0.109375 0.111328125
0 0.810546875 0.54443359375 0.109375 0.1103515625
0 0.8125 0.4443359375 0.09765625 0.09765625
0 0.8115234375 0.3173828125 0.09765625 0.09765625
0 0.80419921875 0.2158203125 0.1103515625 0.111328125
0 0.81201171875 0.09814453125 0.1103515625 0.1103515625
0 0.9091796875 0.478515625 0.109375 0.111328125
0 0.91455078125 0.37109375 0.0849609375 0.0859375
0 0.91015625 0.275390625 0.09765625 0.09765625
0 0.90771484375 0.1572265625 0.0849609375 0.0859375