0 0.134765625 0.0615234375 0.09765625 0.09765625
0 0.23388671875 0.1181640625 0.1103515625 0.111328125
0 0.3271484375 0.06298828125 0.09765625 0.0986328125
0 0.3291015625 0.173828125 0.09765625 0.09765625
0 0.328125 0.2890625 0.0859375 0.0859375
0 0.32861328125 0.39404296875 0.0615234375 0.0615234375
0 0.3291015625 0.50830078125 0.09765625 0.0986328125
0 0.32763671875 0.61474609375 0.1103515625 0.1103515625
0 0.4208984375 0.447265625 0.0859375 0.0859375
0 0.43603515625 0.564453125 0.0849609375 0.0859375
0 0.232421875 0.232421875 0.09765625 0.09765625
0 0.23193359375 0.33984375 0.0849609375 0.0859375
0 0.23291015625 0.45947265625 0.1103515625 0.1103515625
0 0.2333984375 0.56494140625 0.109375 0.1103515625
0 0.13427734375 0.15625 0.1103515625 0.111328125
0 0.14453125 0.27685546875 0.09765625 0.0986328125
0 0.134765625 0.39697265625 0.060546875 0.0615234375
0 0.13671875 0.49560546875 0.109375 0.1103515625
0 0.134765625 0.61474609375 0.109375 0.1103515625
0 0.1328125 0.71923828125 0.109375 0.1103515625
0 0.1318359375 0.83251953125 0.109375 0.1103515625
0 0.1396484375 0.94384765625 0.109375 0.1103515625
0 0.232421875 0.66943359375 0.09765625 0.0986328125
0 0.232421875 0.78076171875 0.109375 0.1103515625
0 0.2353515625 0.88720703125 0.09765625 0.0986328125
0 0.33154296875 0.71630859375 0.1103515625 0.1103515625
0 0.32666015625 0.83056640625 0.1103515625 0.1103515625
0 0.431640625 0.671875 0.0859375 0.0859375
0 0.43505859375 0.7734375 0.0849609375 0.0859375
0 0.43017578125 0.884765625 0.0849609375 0.0859375
0 0.517578125 0.5068359375 0.09765625 0.09765625
0 0.5302734375 0.6142578125 0.09765625 0.09765625
0 0.5263671875 0.72607421875 0.109375 0.1103515625
0 0.5244140625 0.83154296875 0.109375 0.1103515625
0 0.5263671875 0.94677734375 0.09765625 0.0986328125
0 0.62255859375 0.560546875 0.1103515625 0.111328125
0 0.62646484375 0.669921875 0.1103515625 0.111328125
0 0.6259765625 0.78173828125 0.109375 0.1103515625
0 0.6220703125 0.88427734375 0.09765625 0.0986328125
0 0.61669921875 0.4501953125 0.0849609375 0.0859375
0 0.716796875 0.50732421875 0.09765625 0.0986328125
0 0.716796875 0.61328125 0.09765625 0.09765625
0 0.7197265625 0.7216796875 0.09765625 0.09765625
0 0.72119140625 0.830078125 0.1103515625 0.111328125
0 0.7216796875 0.93994140625 0.09765625 0.0986328125
0 0.8125 0.45947265625 0.109375 0.1103515625
0 0.8154296875 0.56494140625 0.09765625 0.0986328125
0 0.8173828125 0.66845703125 0.09765625 0.0986328125
0 0.80859375 0.78125 0.109375 0.111328125
0 0.81103515625 0.8857421875 0.1103515625 0.111328125
0 0.90625 0.50439453125 0.09765625 0.0986328125
0 0.908203125 0.60791015625 0.09765625 0.0986328125
0 0.91015625 0.72314453125 0.109375 0.1103515625
0 0.9072265625 0.830078125 0.09765625 0.09765625
0 0.9091796875 0.9443359375 0.09765625 0.09765625