0 0.66552734375 0.318359375 0.0732421875 0.07421875
0 0.56689453125 0.9326171875 0.0732421875 0.07421875
0 0.4736328125 0.87158203125 0.060546875 0.0615234375
0 0.76220703125 0.802734375 0.0732421875 0.07421875
0 0.9443359375 0.818359375 0.0859375 0.0859375
0 0.9453125 0.931640625 0.0859375 0.0859375
0 0.859375 0.86376953125 0.09765625 0.0986328125
0 0.7646484375 0.916015625 0.0859375 0.0859375
0 0.658203125 0.86376953125 0.09765625 0.0986328125
0 0.57421875 0.8310546875 0.09765625 0.09765625
0 0.388671875 0.9365234375 0.0859375 0.0859375
0 0.3916015625 0.82470703125 0.09765625 0.0986328125
0 0.2861328125 0.88037109375 0.09765625 0.0986328125
0 0.09130859375 0.8740234375 0.0849609375 0.0859375
0 0.189453125 0.82421875 0.0859375 0.0859375
0 0.201171875 0.92578125 0.09765625 0.09765625
0 0.1005859375 0.76416015625 0.09765625 0.0986328125
0 0.09912109375 0.6591796875 0.0849609375 0.0859375
0 0.10009765625 0.1044921875 0.0849609375 0.0859375
0 0.09716796875 0.22265625 0.0849609375 0.0859375
0 0.10205078125 0.349609375 0.0849609375 0.0859375
0 0.09814453125 0.44287109375 0.0849609375 0.0869140625
0 0.103515625 0.54541015625 0.09765625 0.0986328125
0 0.197265625 0.71337890625 0.09765625 0.0986328125
0 0.193359375 0.05517578125 0.09765625 0.0986328125
0 0.1953125 0.1630859375 0.0859375 0.0859375
0 0.1943359375 0.26708984375 0.09765625 0.0986328125
0 0.19384765625 0.38671875 0.0849609375 0.0859375
0 0.2001953125 0.49267578125 0.09765625 0.0986328125
0 0.1923828125 0.6171875 0.09765625 0.09765625
0 0.283203125 0.10498046875 0.09765625 0.0986328125
0 0.28955078125 0.228515625 0.0849609375 0.0859375
0 0.28955078125 0.31689453125 0.0849609375 0.0869140625
0 0.287109375 0.427734375 0.0859375 0.0859375
0 0.2880859375 0.544921875 0.0859375 0.0859375
0 0.2880859375 0.63818359375 0.09765625 0.0986328125
0 0.2861328125 0.76806640625 0.09765625 0.0986328125
0 0.39013671875 0.6943359375 0.0849609375 0.0859375
0 0.3818359375 0.10498046875 0.09765625 0.0986328125
0 0.38671875 0.173828125 0.09765625 0.09765625
0 0.3798828125 0.25439453125 0.09765625 0.0986328125
0 0.39306640625 0.3837890625 0.0849609375 0.0859375
0 0.3994140625 0.490234375 0.0859375 0.0859375
0 0.392578125 0.6015625 0.0859375 0.0859375
0 0.47802734375 0.7724609375 0.0849609375 0.0859375
0 0.47998046875 0.1103515625 0.0849609375 0.0859375
0 0.4833984375 0.228515625 0.0859375 0.0859375
0 0.48046875 0.30908203125 0.09765625 0.0986328125
0 0.4755859375 0.4345703125 0.0859375 0.0859375
0 0.4794921875 0.533203125 0.0859375 0.0859375
0 0.4716796875 0.6591796875 0.0859375 0.0859375
0 0.57421875 0.1650390625 0.0859375 0.0859375
0 0.5712890625 0.29248046875 0.0859375 0.0869140625
0 0.5712890625 0.3955078125 0.0859375 0.0859375
0 0.57373046875 0.5068359375 0.0849609375 0.0859375
0 0.5732421875 0.59814453125 0.09765625 0.0986328125
0 0.576171875 0.73486328125 0.09765625 0.0986328125
0 0.66650390625 0.7646484375 0.0849609375 0.0859375
0 0.66650390625 0.6494140625 0.0849609375 0.0859375
0 0.67333984375 0.5478515625 0.0849609375 0.0859375
0 0.66162109375 0.427734375 0.0849609375 0.0859375
0 0.6591796875 0.1064453125 0.09765625 0.09765625
0 0.666015625 0.2080078125 0.09765625 0.09765625
0 0.7666015625 0.11572265625 0.09765625 0.0986328125
0 0.7734375 0.26025390625 0.09765625 0.0986328125
0 0.7626953125 0.375 0.0859375 0.0859375
0 0.75830078125 0.4892578125 0.0849609375 0.0859375
0 0.75732421875 0.595703125 0.0849609375 0.0859375
0 0.75439453125 0.701171875 0.0849609375 0.0859375
0 0.8505859375 0.1083984375 0.0859375 0.0859375
0 0.8544921875 0.21484375 0.09765625 0.09765625
0 0.8515625 0.32421875 0.0859375 0.0859375
0 0.84765625 0.43359375 0.0859375 0.0859375
0 0.8447265625 0.54931640625 0.09765625 0.0986328125
0 0.859375 0.67138671875 0.09765625 0.0986328125
0 0.85400390625 0.767578125 0.1103515625 0.111328125
0 0.9462890625 0.1650390625 0.0859375 0.0859375
0 0.9462890625 0.26953125 0.0859375 0.0859375
0 0.947265625 0.39013671875 0.09765625 0.0986328125
0 0.943359375 0.4970703125 0.0859375 0.0859375
0 0.94189453125 0.6015625 0.0849609375 0.0859375
0 0.9482421875 0.7080078125 0.09765625 0.09765625
0 0.93896484375 0.056640625 0.0849609375 0.0859375