0 0.1171875 0.23779296875 0.109375 0.1103515625
0 0.87841796875 0.89013671875 0.1103515625 0.1103515625
0 0.87744140625 0.78759765625 0.1103515625 0.1103515625
0 0.8818359375 0.66943359375 0.09765625 0.0986328125
0 0.7890625 0.94189453125 0.109375 0.1103515625
0 0.7841796875 0.83251953125 0.09765625 0.0986328125
0 0.78564453125 0.72900390625 0.1103515625 0.1103515625
0 0.6865234375 0.89794921875 0.09765625 0.0986328125
0 0.6796875 0.78271484375 0.109375 0.1103515625
0 0.67822265625 0.67138671875 0.1103515625 0.1103515625
0 0.587890625 0.83935546875 0.109375 0.1103515625
0 0.58984375 0.73583984375 0.109375 0.1103515625
0 0.49658203125 0.89111328125 0.1103515625 0.1103515625
0 0.49462890625 0.78759765625 0.1103515625 0.1103515625
0 0.50048828125 0.67529296875 0.1103515625 0.1103515625
0 0.4013671875 0.83837890625 0.109375 0.1103515625
0 0.4033203125 0.72998046875 0.09765625 0.0986328125
0 0.4013671875 0.61376953125 0.09765625 0.0986328125
0 0.30859375 0.8876953125 0.0859375 0.0859375
0 0.30859375 0.78125 0.09765625 0.09765625
0 0.3037109375 0.67041015625 0.09765625 0.0986328125
0 0.21337890625 0.845703125 0.1103515625 0.111328125
0 0.212890625 0.7236328125 0.109375 0.111328125
0 0.216796875 0.61767578125 0.109375 0.1103515625
0 0.12060546875 0.89111328125 0.1103515625 0.1103515625
0 0.11865234375 0.78466796875 0.1103515625 0.1103515625
0 0.11767578125 0.673828125 0.1103515625 0.111328125
0 0.11474609375 0.556640625 0.1103515625 0.111328125
0 0.1162109375 0.45166015625 0.09765625 0.0986328125
0 0.119140625 0.34521484375 0.109375 0.1103515625
0 0.2119140625 0.50927734375 0.09765625 0.0986328125
0 0.216796875 0.39794921875 0.109375 0.1103515625
0 0.212890625 0.29345703125 0.109375 0.1103515625
0 0.2099609375 0.18017578125 0.048828125 0.0498046875
0 0.1181640625 0.12548828125 0.048828125 0.0498046875
0 0.3115234375 0.56494140625 0.109375 0.1103515625
0 0.30615234375 0.44970703125 0.1103515625 0.1103515625
0 0.30615234375 0.33935546875 0.1103515625 0.1103515625
0 0.30322265625 0.22705078125 0.1103515625 0.1103515625
0 0.30419921875 0.12109375 0.0849609375 0.0859375
0 0.4013671875 0.51220703125 0.09765625 0.0986328125
0 0.40576171875 0.40185546875 0.1103515625 0.1103515625
0 0.400390625 0.29052734375 0.09765625 0.0986328125
0 0.4951171875 0.56103515625 0.109375 0.1103515625
0 0.498046875 0.45263671875 0.109375 0.1103515625
0 0.4931640625 0.34326171875 0.109375 0.1103515625
0 0.494140625 0.23876953125 0.109375 0.1103515625
0 0.49267578125 0.1171875 0.0732421875 0.07421875
0 0.5859375 0.61474609375 0.109375 0.1103515625
0 0.5869140625 0.50634765625 0.09765625 0.0986328125
0 0.58544921875 0.39111328125 0.1103515625 0.1103515625
0 0.59130859375 0.29833984375 0.1103515625 0.1103515625
0 0.58935546875 0.1767578125 0.1103515625 0.111328125
0 0.68212890625 0.55224609375 0.1103515625 0.1103515625
0 0.67822265625 0.43896484375 0.1103515625 0.1103515625
0 0.68115234375 0.33203125 0.1103515625 0.111328125
0 0.6796875 0.224609375 0.09765625 0.09765625
0 0.677734375 0.12060546875 0.060546875 0.0615234375
0 0.78857421875 0.61572265625 0.1103515625 0.1103515625
0 0.78369140625 0.50439453125 0.1103515625 0.1103515625
0 0.783203125 0.392578125 0.109375 0.111328125
0 0.7841796875 0.2919921875 0.09765625 0.09765625
0 0.78125 0.17236328125 0.109375 0.1103515625
0 0.880859375 0.5537109375 0.09765625 0.09765625
0 0.8759765625 0.4423828125 0.09765625 0.09765625
0 0.8798828125 0.33154296875 0.109375 0.1103515625
0 0.8759765625 0.22412109375 0.109375 0.1103515625
0 0.8818359375 0.11767578125 0.109375 0.1103515625
0 0.7822265625 0.06005859375 0.09765625 0.0986328125
0 0.59521484375 0.05615234375 0.1103515625 0.1103515625
0 0.40869140625 0.06787109375 0.0732421875 0.0732421875
0 0.212890625 0.06787109375 0.109375 0.1103515625