0 0.94921875 0.9013671875 0.09765625 0.09765625
0 0.85400390625 0.9423828125 0.0849609375 0.0859375
0 0.8564453125 0.8447265625 0.09765625 0.09765625
0 0.85791015625 0.728515625 0.1103515625 0.111328125
0 0.86181640625 0.6162109375 0.1220703125 0.123046875
0 0.859375 0.51416015625 0.109375 0.1103515625
0 0.76171875 0.8974609375 0.0859375 0.0859375
0 0.76025390625 0.7861328125 0.1103515625 0.111328125
0 0.76806640625 0.6728515625 0.1220703125 0.123046875
0 0.76806640625 0.56494140625 0.1103515625 0.1103515625
0 0.6650390625 0.947265625 0.0859375 0.0859375
0 0.6728515625 0.83740234375 0.09765625 0.0986328125
0 0.6630859375 0.72705078125 0.109375 0.1103515625
0 0.66552734375 0.615234375 0.1220703125 0.123046875
0 0.66650390625 0.50341796875 0.0615234375 0.0615234375
0 0.76318359375 0.45068359375 0.1103515625 0.1103515625
0 0.5712890625 0.89501953125 0.09765625 0.0986328125
0 0.56689453125 0.7802734375 0.1220703125 0.123046875
0 0.57421875 0.67138671875 0.109375 0.1103515625
0 0.57080078125 0.556640625 0.1220703125 0.123046875
0 0.568359375 0.4501953125 0.109375 0.111328125
0 0.4736328125 0.94580078125 0.09765625 0.0986328125
0 0.47802734375 0.83642578125 0.1103515625 0.1103515625
0 0.48583984375 0.732421875 0.1220703125 0.123046875
0 0.47705078125 0.60986328125 0.1103515625 0.1103515625
0 0.47607421875 0.5068359375 0.1220703125 0.123046875
0 0.38671875 0.89306640625 0.09765625 0.0986328125
0 0.38720703125 0.77783203125 0.1220703125 0.1220703125
0 0.38330078125 0.671875 0.1220703125 0.123046875
0 0.38427734375 0.55517578125 0.1103515625 0.1103515625
0 0.38818359375 0.4521484375 0.1220703125 0.123046875
0 0.29833984375 0.94580078125 0.0732421875 0.0732421875
0 0.2939453125 0.83349609375 0.109375 0.1103515625
0 0.29296875 0.72412109375 0.109375 0.1103515625
0 0.29296875 0.6162109375 0.0859375 0.0859375
0 0.28759765625 0.50244140625 0.1103515625 0.1103515625
0 0.18798828125 0.8935546875 0.1220703125 0.123046875
0 0.19970703125 0.78515625 0.1220703125 0.123046875
0 0.1923828125 0.66455078125 0.09765625 0.0986328125
0 0.19140625 0.56591796875 0.09765625 0.0986328125
0 0.19482421875 0.4462890625 0.1220703125 0.123046875
0 0.09423828125 0.9482421875 0.0732421875 0.07421875
0 0.0888671875 0.8359375 0.09765625 0.09765625
0 0.08251953125 0.72265625 0.1220703125 0.123046875
0 0.0869140625 0.60986328125 0.09765625 0.0986328125
0 0.0986328125 0.50732421875 0.09765625 0.0986328125
0 0.1025390625 0.39306640625 0.09765625 0.0986328125
0 0.1005859375 0.28369140625 0.09765625 0.0986328125
0 0.0927734375 0.17431640625 0.09765625 0.0986328125
0 0.09765625 0.07177734375 0.09765625 0.0986328125
0 0.19775390625 0.33154296875 0.1103515625 0.1103515625
0 0.1953125 0.22802734375 0.09765625 0.0986328125
0 0.19677734375 0.11669921875 0.0966796875 0.0986328125
0 0.29931640625 0.39697265625 0.1103515625 0.1103515625
0 0.291015625 0.28564453125 0.09765625 0.0986328125
0 0.29296875 0.17724609375 0.09765625 0.0986328125
0 0.2978515625 0.064453125 0.09765625 0.09765625
0 0.3876953125 0.34033203125 0.09765625 0.0986328125
0 0.3857421875 0.234375 0.09765625 0.09765625
0 0.38671875 0.1259765625 0.09765625 0.09765625
0 0.47998046875 0.3955078125 0.1220703125 0.123046875
0 0.48046875 0.2841796875 0.09765625 0.09765625
0 0.48046875 0.1767578125 0.09765625 0.09765625
0 0.478515625 0.0673828125 0.09765625 0.09765625
0 0.578125 0.3388671875 0.09765625 0.09765625
0 0.5712890625 0.228515625 0.09765625 0.09765625
0 0.58056640625 0.125 0.0849609375 0.0859375
0 0.66357421875 0.400390625 0.1103515625 0.111328125
0 0.66796875 0.28515625 0.09765625 0.09765625
0 0.66943359375 0.1845703125 0.0732421875 0.07421875
0 0.671875 0.06884765625 0.09765625 0.0986328125
0 0.7646484375 0.33935546875 0.109375 0.1103515625
0 0.7646484375 0.23388671875 0.09765625 0.0986328125
0 0.7685546875 0.126953125 0.0859375 0.0859375
0 0.857421875 0.40380859375 0.109375 0.1103515625
0 0.85302734375 0.28955078125 0.1103515625 0.1103515625
0 0.85595703125 0.17919921875 0.1103515625 0.1103515625
0 0.85693359375 0.07568359375 0.1220703125 0.1220703125
0 0.94921875 0.34130859375 0.09765625 0.0986328125