0 0.49755859375 0.33447265625 0.0732421875 0.0732421875
0 0.60546875 0.33544921875 0.0859375 0.0849609375
0 0.111328125 0.26025390625 0.0859375 0.0849609375
0 0.0673828125 0.17138671875 0.0859375 0.0849609375
0 0.11083984375 0.06298828125 0.0732421875 0.0732421875
0 0.23583984375 0.06494140625 0.0732421875 0.0732421875
0 0.3330078125 0.05712890625 0.07421875 0.0732421875
0 0.39599609375 0.9111328125 0.0615234375 0.060546875
0 0.59423828125 0.54296875 0.0615234375 0.060546875
0 0.5517578125 0.80908203125 0.07421875 0.0732421875
0 0.4501953125 0.05224609375 0.07421875 0.0732421875
0 0.60791015625 0.1630859375 0.0986328125 0.09765625
0 0.4912109375 0.16845703125 0.111328125 0.1103515625
0 0.38671875 0.17431640625 0.111328125 0.1103515625
0 0.28125 0.16943359375 0.07421875 0.0732421875
0 0.169921875 0.16748046875 0.07421875 0.0732421875
0 0.55810546875 0.2587890625 0.0986328125 0.09765625
0 0.44140625 0.2587890625 0.09765625 0.09765625
0 0.3271484375 0.25927734375 0.07421875 0.0732421875
0 0.2255859375 0.25439453125 0.07421875 0.0732421875
0 0.392578125 0.35888671875 0.07421875 0.0732421875
0 0.2783203125 0.353515625 0.09765625 0.09765625
0 0.1669921875 0.3564453125 0.09765625 0.09765625
0 0.55908203125 0.44482421875 0.0869140625 0.0849609375
0 0.44580078125 0.44873046875 0.1103515625 0.1103515625
0 0.32958984375 0.45361328125 0.1103515625 0.1103515625
0 0.22314453125 0.44775390625 0.1103515625 0.1103515625
0 0.107421875 0.447265625 0.111328125 0.109375
0 0.50244140625 0.55029296875 0.1220703125 0.1220703125
0 0.38720703125 0.552734375 0.0986328125 0.09765625
0 0.27490234375 0.54296875 0.0986328125 0.09765625
0 0.15673828125 0.54296875 0.0986328125 0.09765625
0 0.5458984375 0.6337890625 0.0859375 0.0859375
0 0.43994140625 0.638671875 0.0986328125 0.09765625
0 0.32666015625 0.630859375 0.0986328125 0.09765625
0 0.21875 0.634765625 0.0859375 0.0859375
0 0.10888671875 0.64453125 0.0986328125 0.09765625
0 0.4931640625 0.72216796875 0.0859375 0.0849609375
0 0.37109375 0.72412109375 0.0859375 0.0849609375
0 0.27197265625 0.728515625 0.0869140625 0.0859375
0 0.1630859375 0.728515625 0.0859375 0.0859375
0 0.0458984375 0.7275390625 0.0859375 0.0859375
0 0.427734375 0.81005859375 0.0859375 0.0849609375
0 0.3173828125 0.80810546875 0.0859375 0.0849609375
0 0.2177734375 0.80810546875 0.0859375 0.0849609375
0 0.1025390625 0.80224609375 0.0859375 0.0849609375
0 0.490234375 0.9150390625 0.048828125 0.048828125
0 0.28515625 0.9072265625 0.0859375 0.0859375
0 0.1689453125 0.90673828125 0.0859375 0.0849609375
0 0.07958984375 0.9013671875 0.0498046875 0.048828125