0 0.41943359375 0.57568359375 0.0732421875 0.0732421875
0 0.5703125 0.50244140625 0.07421875 0.0732421875
0 0.68896484375 0.11767578125 0.1103515625 0.1103515625
0 0.79833984375 0.11376953125 0.1103515625 0.1103515625
0 0.91064453125 0.1162109375 0.0986328125 0.09765625
0 0.75537109375 0.2119140625 0.1103515625 0.109375
0 0.85205078125 0.20458984375 0.1103515625 0.1103515625
0 0.6943359375 0.302734375 0.0859375 0.0859375
0 0.80517578125 0.3076171875 0.1103515625 0.109375
0 0.91162109375 0.30517578125 0.1103515625 0.1103515625
0 0.74365234375 0.40087890625 0.0869140625 0.0849609375
0 0.84765625 0.39453125 0.09765625 0.09765625
0 0.6875 0.5029296875 0.0859375 0.0859375
0 0.80078125 0.50146484375 0.0859375 0.0849609375
0 0.9140625 0.494140625 0.09765625 0.09765625
0 0.85791015625 0.583984375 0.0986328125 0.09765625
0 0.74609375 0.58349609375 0.07421875 0.0732421875
0 0.68359375 0.68115234375 0.0859375 0.0849609375
0 0.8046875 0.68408203125 0.0859375 0.0849609375
0 0.91357421875 0.681640625 0.1103515625 0.109375
0 0.86279296875 0.755859375 0.0986328125 0.09765625
0 0.7578125 0.7705078125 0.0859375 0.0859375
0 0.68701171875 0.8642578125 0.0986328125 0.09765625
0 0.81103515625 0.86865234375 0.1103515625 0.1103515625
0 0.91748046875 0.86767578125 0.1103515625 0.1103515625
0 0.6220703125 0.57861328125 0.07421875 0.0732421875
0 0.51416015625 0.58349609375 0.0732421875 0.0732421875
0 0.47265625 0.6767578125 0.0859375 0.0859375
0 0.587890625 0.6767578125 0.0859375 0.0859375
0 0.4765625 0.48779296875 0.07421875 0.0732421875
0 0.35693359375 0.48779296875 0.0732421875 0.0732421875
0 0.58251953125 0.11328125 0.0986328125 0.09765625
0 0.4755859375 0.11865234375 0.111328125 0.1103515625
0 0.365234375 0.1123046875 0.09765625 0.09765625
0 0.24951171875 0.1064453125 0.1103515625 0.109375
0 0.14404296875 0.107421875 0.0986328125 0.09765625
0 0.087890625 0.2109375 0.09765625 0.09765625
0 0.205078125 0.201171875 0.111328125 0.109375
0 0.30126953125 0.2060546875 0.0986328125 0.09765625
0 0.42236328125 0.19970703125 0.1103515625 0.1103515625
0 0.52490234375 0.205078125 0.1103515625 0.109375
0 0.57666015625 0.29833984375 0.1103515625 0.1103515625
0 0.640625 0.205078125 0.0859375 0.0859375
0 0.4833984375 0.29296875 0.111328125 0.109375
0 0.35986328125 0.3056640625 0.1103515625 0.109375
0 0.24755859375 0.3056640625 0.1103515625 0.109375
0 0.13720703125 0.3017578125 0.1103515625 0.109375
0 0.18798828125 0.390625 0.0986328125 0.09765625
0 0.07080078125 0.39453125 0.0869140625 0.0859375
0 0.13671875 0.48779296875 0.0859375 0.0849609375
0 0.05078125 0.869140625 0.0859375 0.0859375
0 0.40234375 0.3974609375 0.0859375 0.0859375
0 0.5224609375 0.392578125 0.0859375 0.0859375
0 0.302734375 0.39501953125 0.0859375 0.0849609375
0 0.62890625 0.39404296875 0.0859375 0.0849609375
0 0.0888671875 0.5830078125 0.09765625 0.09765625
0 0.19189453125 0.58203125 0.0986328125 0.09765625
0 0.3125 0.57568359375 0.0859375 0.0849609375
0 0.2451171875 0.49072265625 0.0859375 0.0849609375
0 0.14501953125 0.67626953125 0.1103515625 0.1103515625
0 0.25244140625 0.67529296875 0.1103515625 0.1103515625
0 0.37255859375 0.67431640625 0.1103515625 0.1103515625
0 0.4296875 0.7646484375 0.0859375 0.0859375
0 0.51953125 0.763671875 0.0859375 0.0859375
0 0.3212890625 0.75927734375 0.0859375 0.0849609375
0 0.18994140625 0.76318359375 0.1103515625 0.1103515625
0 0.08837890625 0.76708984375 0.1103515625 0.1103515625
0 0.16796875 0.86669921875 0.111328125 0.1103515625
0 0.27880859375 0.87060546875 0.1103515625 0.1103515625
0 0.38623046875 0.8681640625 0.0986328125 0.09765625
0 0.46728515625 0.86328125 0.0986328125 0.09765625
0 0.58154296875 0.8642578125 0.0986328125 0.09765625
0 0.63232421875 0.759765625 0.0986328125 0.09765625