0 0.10400390625 0.91015625 0.0986328125 0.09765625
0 0.21240234375 0.91943359375 0.1103515625 0.1103515625
0 0.16943359375 0.8212890625 0.1103515625 0.109375
0 0.2216796875 0.7333984375 0.0859375 0.0859375
0 0.1171875 0.72265625 0.0859375 0.0859375
0 0.0576171875 0.82080078125 0.0859375 0.0849609375
0 0.27099609375 0.6337890625 0.0986328125 0.09765625
0 0.1552734375 0.6376953125 0.0859375 0.0859375
0 0.2060546875 0.54296875 0.09765625 0.09765625
0 0.103515625 0.5439453125 0.09765625 0.09765625
0 0.25537109375 0.45654296875 0.1103515625 0.1103515625
0 0.14111328125 0.4501953125 0.0986328125 0.09765625
0 0.2919921875 0.35205078125 0.0859375 0.0849609375
0 0.185546875 0.34912109375 0.0859375 0.0849609375
0 0.0888671875 0.35205078125 0.0859375 0.0849609375
0 0.134765625 0.26123046875 0.0859375 0.0849609375
0 0.2470703125 0.26025390625 0.0859375 0.0849609375
0 0.3056640625 0.166015625 0.0859375 0.0859375
0 0.1923828125 0.1669921875 0.0859375 0.0859375
0 0.0830078125 0.162109375 0.09765625 0.09765625
0 0.1376953125 0.0751953125 0.111328125 0.109375
0 0.26025390625 0.0810546875 0.0986328125 0.09765625
0 0.9091796875 0.076171875 0.09765625 0.09765625
0 0.7998046875 0.0732421875 0.0859375 0.0859375
0 0.6904296875 0.0693359375 0.0859375 0.0859375
0 0.57470703125 0.06640625 0.0986328125 0.09765625
0 0.45263671875 0.0810546875 0.0986328125 0.09765625
0 0.3564453125 0.07568359375 0.111328125 0.1103515625
0 0.8544921875 0.16796875 0.0859375 0.0859375
0 0.73388671875 0.1689453125 0.0986328125 0.09765625
0 0.626953125 0.1650390625 0.0859375 0.0859375
0 0.5224609375 0.16357421875 0.0859375 0.0849609375
0 0.416015625 0.169921875 0.09765625 0.09765625
0 0.35986328125 0.2607421875 0.0986328125 0.09765625
0 0.4658203125 0.25927734375 0.0859375 0.0849609375
0 0.583984375 0.2646484375 0.0859375 0.0859375
0 0.68798828125 0.25830078125 0.0869140625 0.0849609375
0 0.79833984375 0.26171875 0.0986328125 0.09765625
0 0.91455078125 0.263671875 0.0986328125 0.09765625
0 0.86376953125 0.3564453125 0.0986328125 0.09765625
0 0.75537109375 0.359375 0.0986328125 0.09765625
0 0.6328125 0.357421875 0.0859375 0.0859375
0 0.52294921875 0.3583984375 0.0986328125 0.09765625
0 0.42138671875 0.3564453125 0.0986328125 0.09765625
0 0.91015625 0.4560546875 0.09765625 0.09765625
0 0.8076171875 0.44970703125 0.0859375 0.0849609375
0 0.6982421875 0.447265625 0.09765625 0.09765625
0 0.58251953125 0.45703125 0.0986328125 0.09765625
0 0.47021484375 0.4501953125 0.0986328125 0.09765625
0 0.36376953125 0.4541015625 0.0986328125 0.09765625
0 0.32177734375 0.5458984375 0.0986328125 0.09765625
0 0.4326171875 0.552734375 0.09765625 0.09765625
0 0.54052734375 0.544921875 0.0986328125 0.09765625
0 0.6513671875 0.5478515625 0.09765625 0.09765625
0 0.76416015625 0.546875 0.0986328125 0.09765625
0 0.875 0.5546875 0.09765625 0.09765625
0 0.93310546875 0.642578125 0.0986328125 0.09765625
0 0.82568359375 0.640625 0.0986328125 0.09765625
0 0.7109375 0.6396484375 0.09765625 0.09765625
0 0.59521484375 0.6357421875 0.0986328125 0.09765625
0 0.490234375 0.63916015625 0.0859375 0.0849609375
0 0.38818359375 0.638671875 0.0986328125 0.09765625
0 0.33740234375 0.73486328125 0.1103515625 0.1103515625
0 0.44580078125 0.7333984375 0.1103515625 0.109375
0 0.55322265625 0.728515625 0.1103515625 0.109375
0 0.65478515625 0.73486328125 0.1103515625 0.1103515625
0 0.76806640625 0.73388671875 0.1103515625 0.1103515625
0 0.88232421875 0.7314453125 0.1103515625 0.109375
0 0.93310546875 0.8193359375 0.1103515625 0.109375
0 0.8291015625 0.83203125 0.111328125 0.109375
0 0.71728515625 0.82421875 0.1103515625 0.109375
0 0.6123046875 0.82666015625 0.0859375 0.0849609375
0 0.5224609375 0.8291015625 0.0859375 0.0859375
0 0.38916015625 0.82421875 0.0986328125 0.09765625
0 0.32421875 0.9248046875 0.111328125 0.109375
0 0.27734375 0.8251953125 0.0859375 0.0859375
0 0.44921875 0.9208984375 0.0859375 0.0859375
0 0.54150390625 0.9208984375 0.0986328125 0.09765625
0 0.66259765625 0.919921875 0.0986328125 0.09765625
0 0.7666015625 0.92529296875 0.0859375 0.0849609375
0 0.89306640625 0.919921875 0.1103515625 0.109375