0 0.119140625 0.3779296875 0.109375 0.111328125
0 0.1162109375 0.2685546875 0.09765625 0.09765625
0 0.1279296875 0.1591796875 0.09765625 0.09765625
0 0.126953125 0.05517578125 0.09765625 0.0986328125
0 0.21484375 0.107421875 0.09765625 0.09765625
0 0.2177734375 0.220703125 0.09765625 0.09765625
0 0.21484375 0.3232421875 0.09765625 0.09765625
0 0.2158203125 0.43408203125 0.09765625 0.0986328125
0 0.310546875 0.37744140625 0.09765625 0.0986328125
0 0.3173828125 0.26953125 0.109375 0.111328125
0 0.3125 0.16259765625 0.09765625 0.0986328125
0 0.31884765625 0.06396484375 0.1103515625 0.1103515625
0 0.40771484375 0.12548828125 0.1103515625 0.1103515625
0 0.4013671875 0.2265625 0.109375 0.111328125
0 0.40380859375 0.33447265625 0.1103515625 0.1103515625
0 0.39990234375 0.4453125 0.1103515625 0.111328125
0 0.49951171875 0.3828125 0.1103515625 0.111328125
0 0.50341796875 0.27197265625 0.1103515625 0.1103515625
0 0.49951171875 0.1787109375 0.1103515625 0.111328125
0 0.50634765625 0.06298828125 0.1103515625 0.1103515625
0 0.59814453125 0.1201171875 0.1103515625 0.111328125
0 0.59765625 0.22314453125 0.109375 0.1103515625
0 0.59130859375 0.33349609375 0.1103515625 0.1103515625
0 0.59375 0.43017578125 0.109375 0.1103515625
0 0.685546875 0.3935546875 0.109375 0.111328125
0 0.689453125 0.28662109375 0.09765625 0.0986328125
0 0.6904296875 0.1787109375 0.09765625 0.09765625
0 0.69091796875 0.06591796875 0.1103515625 0.1103515625
0 0.7900390625 0.11767578125 0.09765625 0.0986328125
0 0.7890625 0.22705078125 0.109375 0.1103515625
0 0.78515625 0.34423828125 0.09765625 0.0986328125
0 0.77978515625 0.44970703125 0.1103515625 0.1103515625
0 0.87939453125 0.39013671875 0.1103515625 0.1103515625
0 0.876953125 0.27783203125 0.109375 0.1103515625
0 0.87451171875 0.177734375 0.1103515625 0.111328125
0 0.880859375 0.06298828125 0.109375 0.1103515625
0 0.1103515625 0.71435546875 0.09765625 0.0986328125
0 0.11767578125 0.8134765625 0.1103515625 0.111328125
0 0.115234375 0.91845703125 0.109375 0.1103515625
0 0.2109375 0.86669921875 0.109375 0.1103515625
0 0.20458984375 0.75537109375 0.0615234375 0.0615234375
0 0.20849609375 0.66259765625 0.0849609375 0.0869140625
0 0.302734375 0.9228515625 0.0859375 0.0859375
0 0.30517578125 0.8095703125 0.0849609375 0.0859375
0 0.2978515625 0.69677734375 0.09765625 0.0986328125
0 0.3955078125 0.87890625 0.0859375 0.0859375
0 0.39599609375 0.7646484375 0.0849609375 0.0859375
0 0.4013671875 0.65380859375 0.09765625 0.0986328125
0 0.4951171875 0.92041015625 0.109375 0.1103515625
0 0.4873046875 0.81103515625 0.109375 0.1103515625
0 0.498046875 0.703125 0.109375 0.111328125
0 0.5869140625 0.875 0.09765625 0.09765625
0 0.5859375 0.76025390625 0.09765625 0.0986328125
0 0.5908203125 0.646484375 0.0859375 0.0859375
0 0.6826171875 0.92041015625 0.09765625 0.0986328125
0 0.67724609375 0.81396484375 0.0849609375 0.0869140625
0 0.6787109375 0.70751953125 0.109375 0.1103515625
0 0.779296875 0.87255859375 0.09765625 0.0986328125
0 0.7744140625 0.7529296875 0.09765625 0.09765625
0 0.77978515625 0.646484375 0.0849609375 0.0859375
0 0.87646484375 0.916015625 0.0849609375 0.0859375
0 0.875 0.81298828125 0.109375 0.1103515625
0 0.86865234375 0.6982421875 0.1220703125 0.123046875