0 0.89404296875 0.87841796875 0.1103515625 0.1103515625
0 0.904296875 0.76904296875 0.109375 0.1103515625
0 0.9111328125 0.66015625 0.109375 0.111328125
0 0.91357421875 0.5546875 0.1103515625 0.111328125
0 0.90478515625 0.44580078125 0.1103515625 0.1103515625
0 0.908203125 0.33642578125 0.09765625 0.0986328125
0 0.814453125 0.38134765625 0.109375 0.1103515625
0 0.82080078125 0.49072265625 0.1103515625 0.1103515625
0 0.80126953125 0.59228515625 0.1103515625 0.1103515625
0 0.8076171875 0.71337890625 0.109375 0.1103515625
0 0.80859375 0.82373046875 0.109375 0.1103515625
0 0.80322265625 0.9384765625 0.1103515625 0.111328125
0 0.7119140625 0.87548828125 0.109375 0.1103515625
0 0.7080078125 0.76416015625 0.09765625 0.0986328125
0 0.71484375 0.6650390625 0.09765625 0.09765625
0 0.71875 0.33203125 0.109375 0.111328125
0 0.72119140625 0.43896484375 0.1103515625 0.1103515625
0 0.720703125 0.55322265625 0.09765625 0.0986328125
0 0.61669921875 0.37646484375 0.1103515625 0.1103515625
0 0.61767578125 0.49462890625 0.1103515625 0.1103515625
0 0.6318359375 0.60400390625 0.109375 0.1103515625
0 0.61376953125 0.7119140625 0.1103515625 0.111328125
0 0.61083984375 0.82666015625 0.1103515625 0.1103515625
0 0.61328125 0.931640625 0.109375 0.111328125
0 0.53271484375 0.32666015625 0.1103515625 0.1103515625
0 0.52587890625 0.44091796875 0.1103515625 0.1103515625
0 0.52734375 0.54931640625 0.109375 0.1103515625
0 0.52978515625 0.65087890625 0.1103515625 0.1103515625
0 0.52294921875 0.75048828125 0.1103515625 0.1103515625
0 0.5205078125 0.857421875 0.109375 0.111328125
0 0.4375 0.37158203125 0.09765625 0.0986328125
0 0.4365234375 0.49755859375 0.09765625 0.0986328125
0 0.4404296875 0.59912109375 0.109375 0.1103515625
0 0.4296875 0.70166015625 0.09765625 0.0986328125
0 0.42041015625 0.83056640625 0.1103515625 0.1103515625
0 0.42578125 0.90478515625 0.109375 0.1103515625
0 0.3310546875 0.8681640625 0.09765625 0.09765625
0 0.3310546875 0.75244140625 0.09765625 0.0986328125
0 0.341796875 0.64697265625 0.109375 0.1103515625
0 0.3408203125 0.54443359375 0.09765625 0.0986328125
0 0.333984375 0.43359375 0.09765625 0.09765625
0 0.3447265625 0.3193359375 0.09765625 0.09765625
0 0.2451171875 0.375 0.109375 0.111328125
0 0.244140625 0.48681640625 0.109375 0.1103515625
0 0.23974609375 0.59716796875 0.1103515625 0.1103515625
0 0.23486328125 0.70166015625 0.1103515625 0.1103515625
0 0.23974609375 0.80322265625 0.1103515625 0.1103515625
0 0.22802734375 0.92626953125 0.1103515625 0.1103515625
0 0.1416015625 0.85205078125 0.09765625 0.0986328125
0 0.1416015625 0.74951171875 0.09765625 0.0986328125
0 0.15234375 0.3095703125 0.0859375 0.0859375
0 0.14306640625 0.42822265625 0.1103515625 0.1103515625
0 0.1455078125 0.5322265625 0.0859375 0.0859375
0 0.150390625 0.64697265625 0.09765625 0.0986328125
0 0.0537109375 0.58544921875 0.09765625 0.0986328125
0 0.0498046875 0.4853515625 0.09765625 0.09765625
0 0.056640625 0.3642578125 0.09765625 0.09765625
0 0.9111328125 0.11572265625 0.109375 0.1103515625
0 0.818359375 0.06494140625 0.109375 0.1103515625
0 0.7265625 0.13134765625 0.09765625 0.0986328125
0 0.6298828125 0.10009765625 0.109375 0.1103515625
0 0.53759765625 0.1484375 0.0849609375 0.0859375
0 0.44091796875 0.0830078125 0.1103515625 0.111328125
0 0.3515625 0.13232421875 0.109375 0.1103515625
0 0.16064453125 0.123046875 0.1103515625 0.111328125
0 0.24560546875 0.076171875 0.1103515625 0.111328125
0 0.0625 0.07080078125 0.09765625 0.0986328125