0 0.501953125 0.89013671875 0.0859375 0.0849609375
0 0.04833984375 0.70849609375 0.0732421875 0.0732421875
0 0.95654296875 0.03173828125 0.0244140625 0.0244140625
0 0.87451171875 0.03466796875 0.0244140625 0.0244140625
0 0.90576171875 0.12548828125 0.0244140625 0.0244140625
0 0.875 0.2255859375 0.037109375 0.037109375
0 0.90478515625 0.33251953125 0.0732421875 0.0732421875
0 0.83935546875 0.40380859375 0.0615234375 0.0615234375
0 0.90087890625 0.509765625 0.0986328125 0.09765625
0 0.9013671875 0.703125 0.09765625 0.09765625
0 0.859375 0.79638671875 0.0859375 0.0849609375
0 0.9052734375 0.8935546875 0.0859375 0.0859375
0 0.21923828125 0.03466796875 0.0615234375 0.0615234375
0 0.70458984375 0.13330078125 0.0615234375 0.0615234375
0 0.61083984375 0.1298828125 0.0986328125 0.09765625
0 0.49609375 0.13427734375 0.123046875 0.1220703125
0 0.38720703125 0.126953125 0.1103515625 0.109375
0 0.2724609375 0.13037109375 0.123046875 0.1220703125
0 0.166015625 0.1328125 0.111328125 0.109375
0 0.66162109375 0.2275390625 0.0986328125 0.09765625
0 0.55224609375 0.22314453125 0.1103515625 0.1103515625
0 0.4482421875 0.21533203125 0.123046875 0.1220703125
0 0.32568359375 0.22412109375 0.1103515625 0.1103515625
0 0.22265625 0.22509765625 0.123046875 0.1220703125
0 0.6943359375 0.3173828125 0.048828125 0.048828125
0 0.60888671875 0.314453125 0.0986328125 0.09765625
0 0.49365234375 0.31396484375 0.1220703125 0.1220703125
0 0.3876953125 0.31787109375 0.123046875 0.1220703125
0 0.27099609375 0.31689453125 0.1103515625 0.1103515625
0 0.16796875 0.31298828125 0.123046875 0.1220703125
0 0.66162109375 0.40283203125 0.0732421875 0.0732421875
0 0.54931640625 0.4072265625 0.1103515625 0.109375
0 0.43994140625 0.408203125 0.1103515625 0.109375
0 0.33203125 0.408203125 0.0859375 0.0859375
0 0.21826171875 0.41357421875 0.1103515625 0.1103515625
0 0.609375 0.51318359375 0.123046875 0.1220703125
0 0.5009765625 0.50146484375 0.123046875 0.1220703125
0 0.38037109375 0.5087890625 0.0986328125 0.09765625
0 0.28173828125 0.509765625 0.0986328125 0.09765625
0 0.162109375 0.50634765625 0.123046875 0.1220703125
0 0.6640625 0.60693359375 0.07421875 0.0732421875
0 0.5517578125 0.6123046875 0.09765625 0.09765625
0 0.4384765625 0.61865234375 0.123046875 0.1220703125
0 0.32568359375 0.6142578125 0.0986328125 0.09765625
0 0.22314453125 0.6025390625 0.0986328125 0.09765625
0 0.6083984375 0.70751953125 0.123046875 0.1220703125
0 0.48828125 0.70361328125 0.123046875 0.1220703125
0 0.3798828125 0.70556640625 0.0859375 0.0849609375
0 0.25927734375 0.703125 0.0986328125 0.09765625
0 0.6572265625 0.7978515625 0.09765625 0.09765625
0 0.5439453125 0.8017578125 0.09765625 0.09765625
0 0.439453125 0.8017578125 0.09765625 0.09765625
0 0.3251953125 0.8037109375 0.09765625 0.09765625
0 0.21875 0.80322265625 0.123046875 0.1220703125
0 0.14892578125 0.70166015625 0.0732421875 0.0732421875
0 0.1083984375 0.80322265625 0.123046875 0.1220703125
0 0.60546875 0.88818359375 0.07421875 0.0732421875
0 0.3837890625 0.8955078125 0.0859375 0.0859375
0 0.2705078125 0.892578125 0.09765625 0.09765625
0 0.16015625 0.89306640625 0.123046875 0.1220703125
0 0.056640625 0.89453125 0.09765625 0.09765625
0 0.10888671875 0.5986328125 0.0986328125 0.09765625
0 0.11279296875 0.40185546875 0.1103515625 0.1103515625
0 0.05615234375 0.3134765625 0.0986328125 0.09765625
0 0.111328125 0.22119140625 0.123046875 0.1220703125
0 0.0546875 0.123046875 0.09765625 0.09765625