0 0.94970703125 0.06591796875 0.0732421875 0.0732421875
0 0.90087890625 0.17138671875 0.1103515625 0.1103515625
0 0.900390625 0.3583984375 0.111328125 0.109375
0 0.841796875 0.4609375 0.0859375 0.0859375
0 0.9541015625 0.45458984375 0.0859375 0.0849609375
0 0.896484375 0.54833984375 0.0859375 0.0849609375
0 0.7890625 0.5556640625 0.09765625 0.09765625
0 0.6845703125 0.55078125 0.09765625 0.09765625
0 0.56787109375 0.5458984375 0.0986328125 0.09765625
0 0.95458984375 0.64501953125 0.0732421875 0.0732421875
0 0.8427734375 0.64794921875 0.0859375 0.0849609375
0 0.6259765625 0.64697265625 0.07421875 0.0732421875
0 0.89892578125 0.7392578125 0.0986328125 0.09765625
0 0.78369140625 0.734375 0.0986328125 0.09765625
0 0.6728515625 0.744140625 0.09765625 0.09765625
0 0.5625 0.74609375 0.09765625 0.09765625
0 0.83935546875 0.83740234375 0.1103515625 0.1103515625
0 0.73291015625 0.83203125 0.1103515625 0.109375
0 0.61474609375 0.8310546875 0.1103515625 0.109375
0 0.5068359375 0.83203125 0.111328125 0.109375
0 0.89306640625 0.92822265625 0.1103515625 0.1103515625
0 0.78466796875 0.92236328125 0.1103515625 0.1103515625
0 0.67236328125 0.93017578125 0.1103515625 0.1103515625
0 0.56396484375 0.931640625 0.1103515625 0.109375
0 0.45166015625 0.9208984375 0.1103515625 0.109375
0 0.3408203125 0.923828125 0.111328125 0.109375
0 0.240234375 0.927734375 0.111328125 0.109375
0 0.12060546875 0.9208984375 0.0986328125 0.09765625
0 0.4033203125 0.8349609375 0.111328125 0.109375
0 0.2958984375 0.83544921875 0.0859375 0.0849609375
0 0.17041015625 0.83203125 0.0986328125 0.09765625
0 0.06103515625 0.83984375 0.0986328125 0.09765625
0 0.4365234375 0.73486328125 0.111328125 0.1103515625
0 0.328125 0.73779296875 0.0859375 0.0849609375
0 0.208984375 0.73095703125 0.0859375 0.0849609375
0 0.10546875 0.7373046875 0.0859375 0.0859375
0 0.4951171875 0.64599609375 0.0859375 0.0849609375
0 0.38134765625 0.65283203125 0.0244140625 0.0244140625
0 0.2626953125 0.646484375 0.037109375 0.037109375
0 0.15673828125 0.64892578125 0.0244140625 0.0244140625
0 0.04345703125 0.64306640625 0.0244140625 0.0244140625
0 0.23486328125 0.55126953125 0.0244140625 0.0244140625
0 0.12451171875 0.55126953125 0.0244140625 0.0244140625
0 0.45947265625 0.5537109375 0.0986328125 0.09765625
0 0.35400390625 0.5517578125 0.0986328125 0.09765625
0 0.26904296875 0.2607421875 0.0986328125 0.09765625
0 0.16552734375 0.2646484375 0.1103515625 0.109375
0 0.0546875 0.255859375 0.09765625 0.09765625
0 0.2138671875 0.1630859375 0.0859375 0.0859375
0 0.1005859375 0.1640625 0.09765625 0.09765625
0 0.27734375 0.07470703125 0.111328125 0.1103515625
0 0.1640625 0.07275390625 0.111328125 0.1103515625
0 0.0517578125 0.072265625 0.09765625 0.09765625