0 0.54736328125 0.55078125 0.0732421875 0.07421875
0 0.0791015625 0.94580078125 0.09765625 0.0986328125
0 0.0751953125 0.28759765625 0.09765625 0.0986328125
0 0.0771484375 0.3955078125 0.0859375 0.0859375
0 0.076171875 0.49951171875 0.09765625 0.0986328125
0 0.07568359375 0.619140625 0.0849609375 0.0859375
0 0.08203125 0.72509765625 0.09765625 0.0986328125
0 0.07421875 0.849609375 0.09765625 0.09765625
0 0.1650390625 0.33740234375 0.09765625 0.0986328125
0 0.17138671875 0.4609375 0.0849609375 0.0859375
0 0.17138671875 0.54931640625 0.0849609375 0.0869140625
0 0.1689453125 0.66015625 0.0859375 0.0859375
0 0.169921875 0.77734375 0.0859375 0.0859375
0 0.169921875 0.87060546875 0.09765625 0.0986328125
0 0.27197265625 0.9267578125 0.0849609375 0.0859375
0 0.263671875 0.33740234375 0.09765625 0.0986328125
0 0.2685546875 0.40625 0.09765625 0.09765625
0 0.26171875 0.48681640625 0.09765625 0.0986328125
0 0.27490234375 0.6162109375 0.0849609375 0.0859375
0 0.28125 0.72265625 0.0859375 0.0859375
0 0.2744140625 0.833984375 0.0859375 0.0859375
0 0.36181640625 0.3427734375 0.0849609375 0.0859375
0 0.365234375 0.4609375 0.0859375 0.0859375
0 0.3623046875 0.54150390625 0.09765625 0.0986328125
0 0.357421875 0.6669921875 0.0859375 0.0859375
0 0.361328125 0.765625 0.0859375 0.0859375
0 0.353515625 0.8916015625 0.0859375 0.0859375
0 0.4560546875 0.2734375 0.0859375 0.0859375
0 0.4560546875 0.3974609375 0.0859375 0.0859375
0 0.453125 0.52490234375 0.0859375 0.0869140625
0 0.453125 0.6279296875 0.0859375 0.0859375
0 0.45556640625 0.7392578125 0.0849609375 0.0859375
0 0.455078125 0.83056640625 0.09765625 0.0986328125
0 0.54833984375 0.8818359375 0.0849609375 0.0859375
0 0.55517578125 0.7802734375 0.0849609375 0.0859375
0 0.54345703125 0.66015625 0.0849609375 0.0859375
0 0.541015625 0.3388671875 0.09765625 0.09765625
0 0.5478515625 0.4404296875 0.09765625 0.09765625
0 0.6484375 0.34814453125 0.09765625 0.0986328125
0 0.6552734375 0.49267578125 0.09765625 0.0986328125
0 0.64453125 0.607421875 0.0859375 0.0859375
0 0.64013671875 0.7216796875 0.0849609375 0.0859375
0 0.63916015625 0.828125 0.0849609375 0.0859375
0 0.63623046875 0.93359375 0.0849609375 0.0859375
0 0.732421875 0.3408203125 0.0859375 0.0859375
0 0.736328125 0.447265625 0.09765625 0.09765625
0 0.7333984375 0.556640625 0.0859375 0.0859375
0 0.7294921875 0.666015625 0.0859375 0.0859375
0 0.7265625 0.78173828125 0.09765625 0.0986328125
0 0.7412109375 0.90380859375 0.09765625 0.0986328125
0 0.828125 0.3974609375 0.0859375 0.0859375
0 0.828125 0.501953125 0.0859375 0.0859375
0 0.8291015625 0.62255859375 0.09765625 0.0986328125
0 0.8251953125 0.7294921875 0.0859375 0.0859375
0 0.82373046875 0.833984375 0.0849609375 0.0859375
0 0.830078125 0.9404296875 0.09765625 0.09765625
0 0.91943359375 0.890625 0.0849609375 0.0859375
0 0.9248046875 0.7724609375 0.0859375 0.0859375
0 0.91845703125 0.66845703125 0.0849609375 0.0869140625
0 0.921875 0.55810546875 0.09765625 0.0986328125
0 0.923828125 0.44189453125 0.09765625 0.0986328125
0 0.919921875 0.33544921875 0.09765625 0.0986328125
0 0.9189453125 0.12060546875 0.109375 0.1103515625
0 0.9208984375 0.2265625 0.0859375 0.0859375
0 0.82080078125 0.2890625 0.0849609375 0.0859375
0 0.828125 0.17333984375 0.09765625 0.0986328125
0 0.833984375 0.06494140625 0.09765625 0.0986328125
0 0.7333984375 0.12451171875 0.09765625 0.0986328125
0 0.73388671875 0.22265625 0.0849609375 0.0859375
0 0.6396484375 0.2529296875 0.09765625 0.09765625
0 0.6396484375 0.15380859375 0.109375 0.1103515625
0 0.64306640625 0.06298828125 0.1103515625 0.1103515625
0 0.5517578125 0.09375 0.09765625 0.09765625
0 0.541015625 0.2275390625 0.0859375 0.0859375
0 0.453125 0.1669921875 0.09765625 0.09765625
0 0.4599609375 0.0615234375 0.09765625 0.09765625
0 0.36279296875 0.1201171875 0.0849609375 0.0859375
0 0.36376953125 0.2255859375 0.0849609375 0.0859375
0 0.265625 0.0576171875 0.09765625 0.09765625
0 0.26953125 0.15478515625 0.109375 0.1103515625
0 0.271484375 0.24169921875 0.09765625 0.0986328125
0 0.16796875 0.22900390625 0.09765625 0.0986328125
0 0.171875 0.12744140625 0.09765625 0.0986328125
0 0.076171875 0.06591796875 0.09765625 0.0986328125
0 0.08056640625 0.17919921875 0.1103515625 0.1103515625