0 0.0751953125 0.11962890625 0.09765625 0.0986328125
0 0.0810546875 0.23095703125 0.09765625 0.0986328125
0 0.07421875 0.33544921875 0.09765625 0.0986328125
0 0.0673828125 0.439453125 0.09765625 0.09765625
0 0.0703125 0.552734375 0.09765625 0.09765625
0 0.0673828125 0.6552734375 0.09765625 0.09765625
0 0.068359375 0.76611328125 0.09765625 0.0986328125
0 0.1630859375 0.70947265625 0.09765625 0.0986328125
0 0.169921875 0.6015625 0.109375 0.111328125
0 0.1650390625 0.49462890625 0.09765625 0.0986328125
0 0.17138671875 0.39599609375 0.1103515625 0.1103515625
0 0.171875 0.2802734375 0.09765625 0.09765625
0 0.1728515625 0.17333984375 0.09765625 0.0986328125
0 0.2607421875 0.10986328125 0.09765625 0.0986328125
0 0.36279296875 0.072265625 0.1103515625 0.111328125
0 0.26171875 0.2529296875 0.09765625 0.09765625
0 0.265625 0.34130859375 0.09765625 0.0986328125
0 0.26025390625 0.45751953125 0.1103515625 0.1103515625
0 0.25390625 0.55859375 0.109375 0.111328125
0 0.25634765625 0.66650390625 0.1103515625 0.1103515625
0 0.25244140625 0.77734375 0.1103515625 0.111328125
0 0.35205078125 0.71484375 0.1103515625 0.111328125
0 0.35595703125 0.60400390625 0.1103515625 0.1103515625
0 0.35205078125 0.5107421875 0.1103515625 0.111328125
0 0.35888671875 0.39501953125 0.1103515625 0.1103515625
0 0.4443359375 0.33544921875 0.109375 0.1103515625
0 0.45068359375 0.4521484375 0.1103515625 0.111328125
0 0.4501953125 0.55517578125 0.109375 0.1103515625
0 0.44384765625 0.66552734375 0.1103515625 0.1103515625
0 0.4462890625 0.76220703125 0.109375 0.1103515625
0 0.5380859375 0.7255859375 0.109375 0.111328125
0 0.5419921875 0.61865234375 0.09765625 0.0986328125
0 0.54296875 0.5107421875 0.09765625 0.09765625
0 0.54345703125 0.39794921875 0.1103515625 0.1103515625
0 0.5419921875 0.28076171875 0.09765625 0.0986328125
0 0.5458984375 0.17236328125 0.09765625 0.0986328125
0 0.45361328125 0.10888671875 0.1103515625 0.1103515625
0 0.4560546875 0.23486328125 0.109375 0.1103515625
0 0.55810546875 0.0751953125 0.0849609375 0.0859375
0 0.6435546875 0.1259765625 0.09765625 0.09765625
0 0.63671875 0.24658203125 0.09765625 0.0986328125
0 0.6376953125 0.345703125 0.09765625 0.09765625
0 0.642578125 0.44970703125 0.09765625 0.0986328125
0 0.6416015625 0.55908203125 0.109375 0.1103515625
0 0.6376953125 0.67626953125 0.09765625 0.0986328125
0 0.63232421875 0.78173828125 0.1103515625 0.1103515625
0 0.73193359375 0.72216796875 0.1103515625 0.1103515625
0 0.7294921875 0.60986328125 0.109375 0.1103515625
0 0.72705078125 0.509765625 0.1103515625 0.111328125
0 0.7333984375 0.39501953125 0.109375 0.1103515625
0 0.732421875 0.2861328125 0.109375 0.111328125
0 0.736328125 0.18310546875 0.109375 0.1103515625
0 0.74658203125 0.06201171875 0.1103515625 0.1103515625
0 0.83740234375 0.12841796875 0.1103515625 0.1103515625
0 0.83056640625 0.24169921875 0.1103515625 0.1103515625
0 0.83837890625 0.35009765625 0.1103515625 0.1103515625
0 0.8291015625 0.4541015625 0.09765625 0.09765625
0 0.82763671875 0.564453125 0.1103515625 0.111328125
0 0.818359375 0.78466796875 0.109375 0.1103515625
0 0.8251953125 0.67626953125 0.109375 0.1103515625
0 0.92431640625 0.72607421875 0.1103515625 0.1103515625
0 0.92333984375 0.62451171875 0.1103515625 0.1103515625
0 0.9296875 0.50244140625 0.109375 0.1103515625
0 0.93017578125 0.39794921875 0.1103515625 0.1103515625
0 0.93505859375 0.29248046875 0.1103515625 0.1103515625
0 0.93798828125 0.16162109375 0.1103515625 0.1103515625
0 0.9287109375 0.07275390625 0.09765625 0.0986328125