0 0.49462890625 0.52880859375 0.0615234375 0.0615234375
0 0.22314453125 0.57568359375 0.0615234375 0.0615234375
0 0.4169921875 0.68017578125 0.060546875 0.0615234375
0 0.78271484375 0.5947265625 0.0732421875 0.07421875
0 0.49853515625 0.6357421875 0.0732421875 0.07421875
0 0.95947265625 0.1005859375 0.0732421875 0.07421875
0 0.87939453125 0.06787109375 0.0732421875 0.0732421875
0 0.87744140625 0.16552734375 0.0732421875 0.0732421875
0 0.97509765625 0.58984375 0.0361328125 0.037109375
0 0.8779296875 0.75732421875 0.048828125 0.0498046875
0 0.7822265625 0.798828125 0.048828125 0.048828125
0 0.77734375 0.708984375 0.048828125 0.048828125
0 0.701171875 0.65283203125 0.060546875 0.0615234375
0 0.59912109375 0.68798828125 0.0361328125 0.0361328125
0 0.87451171875 0.64697265625 0.0615234375 0.0615234375
0 0.8818359375 0.8740234375 0.0859375 0.0859375
0 0.78125 0.9130859375 0.09765625 0.09765625
0 0.69482421875 0.5341796875 0.0849609375 0.0859375
0 0.5966796875 0.5771484375 0.0859375 0.0859375
0 0.4130859375 0.5810546875 0.048828125 0.048828125
0 0.6943359375 0.8623046875 0.09765625 0.09765625
0 0.70361328125 0.744140625 0.0849609375 0.0859375
0 0.6025390625 0.91845703125 0.109375 0.1103515625
0 0.60302734375 0.7880859375 0.1103515625 0.111328125
0 0.5048828125 0.740234375 0.0859375 0.0859375
0 0.5068359375 0.86083984375 0.09765625 0.0986328125
0 0.40869140625 0.91015625 0.1103515625 0.111328125
0 0.4169921875 0.79541015625 0.109375 0.1103515625
0 0.32373046875 0.74853515625 0.1103515625 0.1103515625
0 0.31591796875 0.63427734375 0.1103515625 0.1103515625
0 0.314453125 0.8515625 0.109375 0.111328125
0 0.22412109375 0.67822265625 0.1103515625 0.1103515625
0 0.22412109375 0.79296875 0.1103515625 0.111328125
0 0.2265625 0.91162109375 0.109375 0.1103515625
0 0.1328125 0.61962890625 0.109375 0.1103515625
0 0.1298828125 0.7265625 0.109375 0.111328125
0 0.130859375 0.8330078125 0.09765625 0.09765625
0 0.94287109375 0.19970703125 0.0615234375 0.0615234375
0 0.6962890625 0.1533203125 0.0859375 0.0859375
0 0.77880859375 0.12109375 0.0849609375 0.0859375
0 0.6044921875 0.10302734375 0.09765625 0.0986328125
0 0.59912109375 0.2109375 0.0849609375 0.0859375
0 0.52294921875 0.16650390625 0.0849609375 0.0869140625
0 0.5126953125 0.0615234375 0.0859375 0.0859375
0 0.408203125 0.11572265625 0.109375 0.1103515625
0 0.419921875 0.2197265625 0.09765625 0.09765625
0 0.32275390625 0.15625 0.0849609375 0.0859375
0 0.2333984375 0.2021484375 0.0859375 0.0859375
0 0.228515625 0.1025390625 0.09765625 0.09765625
0 0.13525390625 0.1572265625 0.0849609375 0.0859375
0 0.1328125 0.05419921875 0.09765625 0.0986328125