0 0.54052734375 0.16748046875 0.0732421875 0.0732421875
0 0.87451171875 0.900390625 0.1103515625 0.109375
0 0.646484375 0.9091796875 0.09765625 0.09765625
0 0.5400390625 0.91015625 0.09765625 0.09765625
0 0.4267578125 0.91015625 0.09765625 0.09765625
0 0.3134765625 0.90625 0.09765625 0.09765625
0 0.91748046875 0.8115234375 0.0986328125 0.09765625
0 0.68310546875 0.74609375 0.0498046875 0.048828125
0 0.49658203125 0.04931640625 0.0615234375 0.0615234375
0 0.82373046875 0.81103515625 0.1103515625 0.1103515625
0 0.4658203125 0.814453125 0.09765625 0.09765625
0 0.37646484375 0.81201171875 0.1103515625 0.1103515625
0 0.25537109375 0.8115234375 0.0986328125 0.09765625
0 0.16015625 0.81298828125 0.111328125 0.1103515625
0 0.20703125 0.89794921875 0.111328125 0.1103515625
0 0.21240234375 0.71484375 0.0986328125 0.09765625
0 0.33203125 0.71875 0.0859375 0.0859375
0 0.43115234375 0.71875 0.1103515625 0.109375
0 0.49462890625 0.630859375 0.0986328125 0.09765625
0 0.35009765625 0.6435546875 0.1103515625 0.109375
0 0.25439453125 0.630859375 0.1103515625 0.109375
0 0.1513671875 0.6162109375 0.09765625 0.09765625
0 0.20068359375 0.53515625 0.1103515625 0.109375
0 0.31884765625 0.53125 0.1103515625 0.109375
0 0.4169921875 0.53271484375 0.0859375 0.0849609375
0 0.8828125 0.537109375 0.0859375 0.0859375
0 0.7861328125 0.5390625 0.09765625 0.09765625
0 0.92822265625 0.4375 0.1103515625 0.109375
0 0.5390625 0.5302734375 0.09765625 0.09765625
0 0.5830078125 0.43701171875 0.0859375 0.0849609375
0 0.47509765625 0.431640625 0.0986328125 0.09765625
0 0.3740234375 0.431640625 0.09765625 0.09765625
0 0.25830078125 0.431640625 0.1103515625 0.109375
0 0.16064453125 0.43310546875 0.1103515625 0.1103515625
0 0.20263671875 0.3349609375 0.1103515625 0.109375
0 0.31689453125 0.3359375 0.0986328125 0.09765625
0 0.4326171875 0.3466796875 0.111328125 0.109375
0 0.53369140625 0.337890625 0.1103515625 0.109375
0 0.65869140625 0.34814453125 0.1103515625 0.1103515625
0 0.86328125 0.3408203125 0.09765625 0.09765625
0 0.92822265625 0.2529296875 0.1103515625 0.109375
0 0.58740234375 0.24462890625 0.1103515625 0.1103515625
0 0.474609375 0.2548828125 0.0859375 0.0859375
0 0.87109375 0.15576171875 0.111328125 0.1103515625
0 0.89599609375 0.0654296875 0.1103515625 0.109375
0 0.7998046875 0.0576171875 0.09765625 0.09765625
0 0.662109375 0.162109375 0.0859375 0.0859375
0 0.416015625 0.1630859375 0.09765625 0.09765625
0 0.31591796875 0.14501953125 0.1103515625 0.1103515625
0 0.22998046875 0.14208984375 0.1103515625 0.1103515625
0 0.220703125 0.2470703125 0.111328125 0.109375
0 0.36474609375 0.23828125 0.0986328125 0.09765625
0 0.40576171875 0.04638671875 0.0732421875 0.0732421875
0 0.30029296875 0.05078125 0.0986328125 0.09765625
0 0.9462890625 0.6318359375 0.0859375 0.0859375