0 0.8271484375 0.93408203125 0.111328125 0.1103515625
0 0.875 0.84375 0.09765625 0.09765625
0 0.77099609375 0.845703125 0.0615234375 0.060546875
0 0.9423828125 0.7392578125 0.09765625 0.09765625
0 0.82275390625 0.7421875 0.1103515625 0.109375
0 0.87451171875 0.6474609375 0.1103515625 0.109375
0 0.94091796875 0.55126953125 0.1103515625 0.1103515625
0 0.83154296875 0.54833984375 0.1103515625 0.1103515625
0 0.88134765625 0.45263671875 0.1103515625 0.1103515625
0 0.93896484375 0.357421875 0.1103515625 0.109375
0 0.82861328125 0.3544921875 0.0986328125 0.09765625
0 0.88916015625 0.26953125 0.0986328125 0.09765625
0 0.93994140625 0.16845703125 0.1103515625 0.1103515625
0 0.83056640625 0.16650390625 0.1103515625 0.1103515625
0 0.8837890625 0.072265625 0.09765625 0.09765625
0 0.7822265625 0.072265625 0.09765625 0.09765625
0 0.65869140625 0.0751953125 0.0986328125 0.09765625
0 0.548828125 0.06640625 0.0859375 0.0859375
0 0.44091796875 0.068359375 0.0986328125 0.09765625
0 0.328125 0.068359375 0.09765625 0.09765625
0 0.72021484375 0.16748046875 0.1103515625 0.1103515625
0 0.60986328125 0.17333984375 0.1103515625 0.1103515625
0 0.49853515625 0.17333984375 0.1103515625 0.1103515625
0 0.37939453125 0.173828125 0.1103515625 0.109375
0 0.77294921875 0.2568359375 0.1103515625 0.109375
0 0.65966796875 0.259765625 0.1103515625 0.109375
0 0.55615234375 0.26123046875 0.1103515625 0.1103515625
0 0.43310546875 0.26318359375 0.1103515625 0.1103515625
0 0.32568359375 0.26611328125 0.1103515625 0.1103515625
0 0.71435546875 0.3564453125 0.1103515625 0.109375
0 0.60498046875 0.3623046875 0.1103515625 0.109375
0 0.49560546875 0.3564453125 0.1103515625 0.109375
0 0.38525390625 0.3515625 0.1103515625 0.109375
0 0.771484375 0.44677734375 0.111328125 0.1103515625
0 0.654296875 0.451171875 0.09765625 0.09765625
0 0.55126953125 0.453125 0.1103515625 0.109375
0 0.43701171875 0.4560546875 0.0986328125 0.09765625
0 0.32666015625 0.4501953125 0.1103515625 0.109375
0 0.71484375 0.54931640625 0.111328125 0.1103515625
0 0.599609375 0.54931640625 0.111328125 0.1103515625
0 0.48974609375 0.54541015625 0.1103515625 0.1103515625
0 0.37451171875 0.55224609375 0.1103515625 0.1103515625
0 0.76806640625 0.6416015625 0.1103515625 0.109375
0 0.65234375 0.6474609375 0.111328125 0.109375
0 0.544921875 0.64599609375 0.111328125 0.1103515625
0 0.4326171875 0.64697265625 0.111328125 0.1103515625
0 0.31689453125 0.64306640625 0.1103515625 0.1103515625
0 0.71044921875 0.7412109375 0.0986328125 0.09765625
0 0.59619140625 0.7373046875 0.1103515625 0.109375
0 0.4912109375 0.7373046875 0.111328125 0.109375
0 0.376953125 0.736328125 0.111328125 0.109375
0 0.66455078125 0.83447265625 0.1103515625 0.1103515625
0 0.54541015625 0.83154296875 0.1103515625 0.1103515625
0 0.4345703125 0.833984375 0.09765625 0.09765625
0 0.3173828125 0.8369140625 0.111328125 0.109375
0 0.70654296875 0.92822265625 0.1103515625 0.1103515625
0 0.60498046875 0.93212890625 0.1103515625 0.1103515625
0 0.48486328125 0.93212890625 0.1103515625 0.1103515625
0 0.37548828125 0.92724609375 0.1103515625 0.1103515625
0 0.265625 0.9306640625 0.09765625 0.09765625
0 0.27099609375 0.7314453125 0.1103515625 0.109375
0 0.1533203125 0.9287109375 0.111328125 0.109375
0 0.09619140625 0.83203125 0.1103515625 0.109375
0 0.15380859375 0.73583984375 0.1103515625 0.1103515625
0 0.10107421875 0.64013671875 0.1103515625 0.1103515625
0 0.15478515625 0.5439453125 0.0869140625 0.0859375
0 0.10595703125 0.447265625 0.1103515625 0.109375
0 0.16845703125 0.3515625 0.0986328125 0.09765625
0 0.0537109375 0.35009765625 0.0859375 0.0849609375
0 0.20849609375 0.833984375 0.1103515625 0.109375
0 0.2109375 0.64208984375 0.0859375 0.0849609375
0 0.27392578125 0.544921875 0.1103515625 0.109375
0 0.21630859375 0.451171875 0.1103515625 0.109375
0 0.27392578125 0.35595703125 0.1103515625 0.1103515625
0 0.21630859375 0.2646484375 0.0986328125 0.09765625
0 0.107421875 0.263671875 0.09765625 0.09765625
0 0.2744140625 0.16796875 0.0859375 0.0859375
0 0.22998046875 0.076171875 0.0986328125 0.09765625
0 0.111328125 0.07763671875 0.0859375 0.0849609375
0 0.17138671875 0.17578125 0.0986328125 0.09765625