0 0.0986328125 0.50634765625 0.07421875 0.0732421875
0 0.40283203125 0.40087890625 0.0732421875 0.0732421875
0 0.67578125 0.69677734375 0.07421875 0.0732421875
0 0.32568359375 0.69287109375 0.0732421875 0.0732421875
0 0.4521484375 0.50341796875 0.07421875 0.0732421875
0 0.59814453125 0.41552734375 0.0732421875 0.0732421875
0 0.50537109375 0.59716796875 0.0732421875 0.0732421875
0 0.68017578125 0.32958984375 0.0732421875 0.0732421875
0 0.783203125 0.33251953125 0.07421875 0.0732421875
0 0.61376953125 0.2216796875 0.0986328125 0.09765625
0 0.65625 0.505859375 0.0859375 0.0859375
0 0.76953125 0.517578125 0.0859375 0.0859375
0 0.71142578125 0.40625 0.0869140625 0.0859375
0 0.8232421875 0.40771484375 0.0859375 0.0849609375
0 0.8740234375 0.337890625 0.0859375 0.0859375
0 0.90283203125 0.51123046875 0.1103515625 0.1103515625
0 0.9091796875 0.697265625 0.0859375 0.0859375
0 0.61572265625 0.796875 0.0986328125 0.09765625
0 0.73193359375 0.79931640625 0.1103515625 0.1103515625
0 0.77880859375 0.8974609375 0.0986328125 0.09765625
0 0.67041015625 0.88818359375 0.1103515625 0.1103515625
0 0.8955078125 0.892578125 0.0859375 0.0859375
0 0.953125 0.79833984375 0.0859375 0.0849609375
0 0.8427734375 0.7939453125 0.0859375 0.0859375
0 0.7177734375 0.60791015625 0.0859375 0.0849609375
0 0.84375 0.609375 0.0859375 0.0859375
0 0.9541015625 0.61083984375 0.0859375 0.0849609375
0 0.7890625 0.69482421875 0.0859375 0.0849609375
0 0.49658203125 0.40087890625 0.0732421875 0.0732421875
0 0.5615234375 0.50537109375 0.07421875 0.0732421875
0 0.2001953125 0.3994140625 0.0859375 0.0859375
0 0.55859375 0.8828125 0.111328125 0.109375
0 0.43359375 0.88671875 0.0859375 0.0859375
0 0.34130859375 0.88671875 0.0986328125 0.09765625
0 0.22021484375 0.8876953125 0.0986328125 0.09765625
0 0.1162109375 0.88232421875 0.0859375 0.0849609375
0 0.0498046875 0.791015625 0.09765625 0.09765625
0 0.18505859375 0.7880859375 0.0986328125 0.09765625
0 0.27392578125 0.7900390625 0.0986328125 0.09765625
0 0.39111328125 0.798828125 0.1103515625 0.109375
0 0.50244140625 0.7978515625 0.1103515625 0.109375
0 0.5634765625 0.6982421875 0.0859375 0.0859375
0 0.4482421875 0.69140625 0.0859375 0.0859375
0 0.220703125 0.69384765625 0.0859375 0.0849609375
0 0.08544921875 0.69921875 0.0986328125 0.09765625
0 0.142578125 0.60205078125 0.0859375 0.0849609375
0 0.27392578125 0.6025390625 0.0986328125 0.09765625
0 0.3896484375 0.6015625 0.09765625 0.09765625
0 0.33251953125 0.50390625 0.1103515625 0.109375
0 0.21435546875 0.5078125 0.0986328125 0.09765625
0 0.287109375 0.220703125 0.048828125 0.048828125
0 0.388671875 0.22119140625 0.0859375 0.0849609375
0 0.50439453125 0.21875 0.0869140625 0.0859375
0 0.11962890625 0.13671875 0.1103515625 0.109375
0 0.06103515625 0.22705078125 0.1103515625 0.1103515625
0 0.17529296875 0.22998046875 0.1103515625 0.1103515625
0 0.119140625 0.3212890625 0.111328125 0.109375
0 0.08935546875 0.41064453125 0.1103515625 0.1103515625
0 0.22607421875 0.31640625 0.1103515625 0.109375
0 0.333984375 0.31640625 0.0859375 0.0859375
0 0.5673828125 0.322265625 0.0859375 0.0859375