0 0.33935546875 0.2041015625 0.0732421875 0.07421875
0 0.24609375 0.14306640625 0.060546875 0.0615234375
0 0.34814453125 0.64404296875 0.0732421875 0.0732421875
0 0.42138671875 0.794921875 0.0732421875 0.07421875
0 0.53466796875 0.07421875 0.0732421875 0.07421875
0 0.80615234375 0.91357421875 0.1103515625 0.1103515625
0 0.62109375 0.9189453125 0.0859375 0.0859375
0 0.4208984375 0.912109375 0.0859375 0.0859375
0 0.24267578125 0.908203125 0.0849609375 0.0859375
0 0.0595703125 0.91162109375 0.09765625 0.0986328125
0 0.34521484375 0.8466796875 0.0732421875 0.07421875
0 0.34033203125 0.73876953125 0.0732421875 0.0732421875
0 0.2470703125 0.697265625 0.0859375 0.0859375
0 0.2470703125 0.8125 0.0859375 0.0859375
0 0.43603515625 0.701171875 0.0732421875 0.07421875
0 0.43603515625 0.58154296875 0.0732421875 0.0732421875
0 0.90283203125 0.103515625 0.0849609375 0.0859375
0 0.89990234375 0.2099609375 0.0849609375 0.0859375
0 0.90283203125 0.306640625 0.0849609375 0.0859375
0 0.89990234375 0.4208984375 0.0849609375 0.0859375
0 0.90234375 0.53515625 0.09765625 0.09765625
0 0.89990234375 0.6591796875 0.0849609375 0.0859375
0 0.90478515625 0.76171875 0.0849609375 0.0859375
0 0.810546875 0.80712890625 0.09765625 0.0986328125
0 0.80517578125 0.7001953125 0.1103515625 0.111328125
0 0.8115234375 0.58984375 0.09765625 0.09765625
0 0.8173828125 0.47412109375 0.109375 0.1103515625
0 0.81640625 0.36865234375 0.09765625 0.0986328125
0 0.81201171875 0.2607421875 0.0849609375 0.0859375
0 0.81103515625 0.1484375 0.0849609375 0.0859375
0 0.716796875 0.08984375 0.0859375 0.0859375
0 0.7177734375 0.203125 0.0859375 0.0859375
0 0.712890625 0.3125 0.09765625 0.09765625
0 0.72265625 0.4296875 0.109375 0.111328125
0 0.7177734375 0.52587890625 0.09765625 0.0986328125
0 0.72412109375 0.64697265625 0.1103515625 0.1103515625
0 0.71875 0.74951171875 0.109375 0.1103515625
0 0.62548828125 0.80126953125 0.1103515625 0.1103515625
0 0.71875 0.865234375 0.0859375 0.0859375
0 0.630859375 0.7080078125 0.109375 0.111328125
0 0.6181640625 0.58447265625 0.109375 0.1103515625
0 0.6181640625 0.47216796875 0.109375 0.1103515625
0 0.6220703125 0.36181640625 0.109375 0.1103515625
0 0.6259765625 0.2578125 0.109375 0.111328125
0 0.6318359375 0.13525390625 0.09765625 0.0986328125
0 0.537109375 0.1875 0.0859375 0.0859375
0 0.533203125 0.41259765625 0.09765625 0.0986328125
0 0.529296875 0.29541015625 0.0859375 0.0869140625
0 0.43603515625 0.361328125 0.0849609375 0.0859375
0 0.43359375 0.2587890625 0.0859375 0.0859375
0 0.0546875 0.275390625 0.0859375 0.0859375
0 0.5263671875 0.626953125 0.0859375 0.0859375
0 0.53125 0.7470703125 0.0859375 0.0859375
0 0.52880859375 0.52734375 0.0849609375 0.0859375
0 0.52978515625 0.853515625 0.0849609375 0.0859375
0 0.4306640625 0.13525390625 0.09765625 0.0986328125
0 0.3466796875 0.1025390625 0.09765625 0.09765625
0 0.3408203125 0.3134765625 0.09765625 0.09765625
0 0.341796875 0.41650390625 0.09765625 0.0986328125
0 0.34814453125 0.537109375 0.0849609375 0.0859375
0 0.43310546875 0.4697265625 0.0849609375 0.0859375
0 0.25390625 0.2626953125 0.109375 0.111328125
0 0.24755859375 0.36962890625 0.1103515625 0.1103515625
0 0.24853515625 0.47705078125 0.1103515625 0.1103515625
0 0.24951171875 0.59716796875 0.1103515625 0.1103515625
0 0.1591796875 0.654296875 0.0859375 0.0859375
0 0.16015625 0.744140625 0.0859375 0.0859375
0 0.16455078125 0.5458984375 0.0849609375 0.0859375
0 0.16064453125 0.41455078125 0.1103515625 0.1103515625
0 0.15673828125 0.31298828125 0.1103515625 0.1103515625
0 0.1611328125 0.2080078125 0.0859375 0.0859375
0 0.1640625 0.09619140625 0.09765625 0.0986328125
0 0.05859375 0.15185546875 0.09765625 0.0986328125
0 0.05712890625 0.392578125 0.1103515625 0.111328125
0 0.0556640625 0.61083984375 0.09765625 0.0986328125
0 0.060546875 0.69189453125 0.09765625 0.0986328125
0 0.0595703125 0.80615234375 0.09765625 0.0986328125
0 0.1640625 0.85693359375 0.09765625 0.0986328125
0 0.25048828125 0.0439453125 0.0849609375 0.0859375
0 0.90869140625 0.87255859375 0.1103515625 0.1103515625