0 0.849609375 0.91552734375 0.0859375 0.0849609375
0 0.8251953125 0.0673828125 0.111328125 0.109375
0 0.93212890625 0.06494140625 0.1103515625 0.1103515625
0 0.86962890625 0.16943359375 0.1103515625 0.1103515625
0 0.81982421875 0.25341796875 0.1103515625 0.1103515625
0 0.93408203125 0.26025390625 0.1103515625 0.1103515625
0 0.86474609375 0.3486328125 0.0986328125 0.09765625
0 0.9267578125 0.4521484375 0.09765625 0.09765625
0 0.8125 0.44140625 0.09765625 0.09765625
0 0.8681640625 0.541015625 0.111328125 0.109375
0 0.802734375 0.6337890625 0.0859375 0.0859375
0 0.92138671875 0.64306640625 0.1103515625 0.1103515625
0 0.857421875 0.7294921875 0.09765625 0.09765625
0 0.818359375 0.822265625 0.111328125 0.109375
0 0.92138671875 0.826171875 0.0986328125 0.09765625
0 0.07568359375 0.060546875 0.0986328125 0.09765625
0 0.18115234375 0.0576171875 0.1103515625 0.109375
0 0.29931640625 0.06298828125 0.1103515625 0.1103515625
0 0.4033203125 0.06201171875 0.111328125 0.1103515625
0 0.51806640625 0.056640625 0.0986328125 0.09765625
0 0.62451171875 0.0595703125 0.0986328125 0.09765625
0 0.1328125 0.16015625 0.09765625 0.09765625
0 0.24462890625 0.1533203125 0.0869140625 0.0859375
0 0.35400390625 0.1572265625 0.0986328125 0.09765625
0 0.45947265625 0.15771484375 0.1103515625 0.1103515625
0 0.59326171875 0.15625 0.1103515625 0.109375
0 0.07568359375 0.2490234375 0.0986328125 0.09765625
0 0.1923828125 0.25048828125 0.111328125 0.1103515625
0 0.3017578125 0.2470703125 0.09765625 0.09765625
0 0.42138671875 0.24560546875 0.1103515625 0.1103515625
0 0.51611328125 0.244140625 0.1103515625 0.109375
0 0.6416015625 0.24853515625 0.0859375 0.0849609375
0 0.1220703125 0.3447265625 0.09765625 0.09765625
0 0.2080078125 0.33935546875 0.111328125 0.1103515625
0 0.32275390625 0.33447265625 0.1103515625 0.1103515625
0 0.45263671875 0.3525390625 0.1103515625 0.109375
0 0.576171875 0.34521484375 0.111328125 0.1103515625
0 0.62548828125 0.4345703125 0.1103515625 0.109375
0 0.517578125 0.44580078125 0.111328125 0.1103515625
0 0.404296875 0.439453125 0.111328125 0.109375
0 0.30517578125 0.43359375 0.0986328125 0.09765625
0 0.08837890625 0.4287109375 0.1103515625 0.109375
0 0.17822265625 0.4326171875 0.0986328125 0.09765625
0 0.1298828125 0.529296875 0.09765625 0.09765625
0 0.236328125 0.5283203125 0.09765625 0.09765625
0 0.349609375 0.5283203125 0.09765625 0.09765625
0 0.462890625 0.5322265625 0.09765625 0.09765625
0 0.09326171875 0.6923828125 0.0498046875 0.048828125
0 0.310546875 0.6240234375 0.09765625 0.09765625
0 0.39990234375 0.62646484375 0.1103515625 0.1103515625
0 0.52099609375 0.626953125 0.0986328125 0.09765625
0 0.6162109375 0.62548828125 0.111328125 0.1103515625
0 0.5693359375 0.54052734375 0.111328125 0.1103515625
0 0.56396484375 0.7236328125 0.0986328125 0.09765625
0 0.4443359375 0.7197265625 0.0859375 0.0859375
0 0.34521484375 0.7197265625 0.1103515625 0.109375
0 0.28173828125 0.8076171875 0.0986328125 0.09765625
0 0.42626953125 0.794921875 0.1103515625 0.109375
0 0.52197265625 0.8076171875 0.1103515625 0.109375
0 0.625 0.822265625 0.09765625 0.09765625
0 0.57568359375 0.9033203125 0.1103515625 0.109375
0 0.45751953125 0.9072265625 0.1103515625 0.109375
0 0.359375 0.90576171875 0.0859375 0.0849609375
0 0.2373046875 0.908203125 0.09765625 0.09765625