0 0.8916015625 0.13671875 0.09765625 0.09765625
0 0.8935546875 0.24072265625 0.060546875 0.0615234375
0 0.787109375 0.0693359375 0.09765625 0.09765625
0 0.7900390625 0.18896484375 0.109375 0.1103515625
0 0.6953125 0.13720703125 0.109375 0.1103515625
0 0.59912109375 0.07080078125 0.1103515625 0.1103515625
0 0.59619140625 0.18017578125 0.1103515625 0.1103515625
0 0.50048828125 0.13037109375 0.1103515625 0.1103515625
0 0.4052734375 0.07275390625 0.109375 0.1103515625
0 0.40234375 0.18310546875 0.09765625 0.0986328125
0 0.3173828125 0.12255859375 0.09765625 0.0986328125
0 0.21630859375 0.07177734375 0.1103515625 0.1103515625
0 0.21435546875 0.18115234375 0.1103515625 0.1103515625
0 0.1201171875 0.1279296875 0.09765625 0.09765625
0 0.1201171875 0.2294921875 0.09765625 0.09765625
0 0.123046875 0.35302734375 0.09765625 0.0986328125
0 0.1142578125 0.462890625 0.0859375 0.0859375
0 0.1162109375 0.57080078125 0.09765625 0.0986328125
0 0.1162109375 0.68359375 0.09765625 0.09765625
0 0.21533203125 0.29150390625 0.1103515625 0.1103515625
0 0.22119140625 0.40185546875 0.1103515625 0.1103515625
0 0.22119140625 0.51318359375 0.1103515625 0.1103515625
0 0.2216796875 0.63232421875 0.109375 0.1103515625
0 0.3046875 0.23876953125 0.109375 0.1103515625
0 0.3076171875 0.35205078125 0.109375 0.1103515625
0 0.30908203125 0.45556640625 0.1103515625 0.1103515625
0 0.31103515625 0.57861328125 0.1103515625 0.1103515625
0 0.31396484375 0.68603515625 0.1103515625 0.1103515625
0 0.404296875 0.29736328125 0.109375 0.1103515625
0 0.41015625 0.40673828125 0.109375 0.1103515625
0 0.404296875 0.51611328125 0.109375 0.1103515625
0 0.3994140625 0.62646484375 0.109375 0.1103515625
0 0.49462890625 0.240234375 0.1103515625 0.111328125
0 0.4990234375 0.357421875 0.09765625 0.09765625
0 0.5009765625 0.46044921875 0.109375 0.1103515625
0 0.50390625 0.57470703125 0.09765625 0.0986328125
0 0.498046875 0.68505859375 0.109375 0.1103515625
0 0.59716796875 0.296875 0.1103515625 0.111328125
0 0.59716796875 0.412109375 0.1103515625 0.111328125
0 0.59326171875 0.52197265625 0.1103515625 0.1103515625
0 0.60009765625 0.63720703125 0.1103515625 0.1103515625
0 0.689453125 0.24365234375 0.109375 0.1103515625
0 0.6953125 0.359375 0.109375 0.111328125
0 0.69384765625 0.466796875 0.1103515625 0.111328125
0 0.69482421875 0.5791015625 0.1103515625 0.111328125
0 0.69091796875 0.69482421875 0.1103515625 0.1103515625
0 0.7890625 0.30126953125 0.09765625 0.0986328125
0 0.78515625 0.41552734375 0.109375 0.1103515625
0 0.78515625 0.5205078125 0.109375 0.111328125
0 0.7841796875 0.634765625 0.109375 0.111328125
0 0.88232421875 0.34716796875 0.1103515625 0.1103515625
0 0.87939453125 0.46630859375 0.1103515625 0.1103515625
0 0.8818359375 0.5771484375 0.09765625 0.09765625
0 0.884765625 0.6943359375 0.109375 0.111328125
0 0.779296875 0.74072265625 0.109375 0.1103515625
0 0.8798828125 0.91552734375 0.109375 0.1103515625
0 0.78369140625 0.85791015625 0.1103515625 0.1103515625
0 0.68798828125 0.91064453125 0.1103515625 0.1103515625
0 0.591796875 0.85693359375 0.0859375 0.0869140625
0 0.4951171875 0.90576171875 0.109375 0.1103515625
0 0.3994140625 0.84326171875 0.09765625 0.0986328125
0 0.8818359375 0.80322265625 0.109375 0.1103515625
0 0.68994140625 0.80078125 0.0849609375 0.0859375
0 0.5927734375 0.73779296875 0.109375 0.1103515625
0 0.4990234375 0.79541015625 0.109375 0.1103515625
0 0.40380859375 0.73779296875 0.1103515625 0.1103515625
0 0.3125 0.79541015625 0.09765625 0.0986328125
0 0.3115234375 0.904296875 0.09765625 0.09765625
0 0.2158203125 0.7373046875 0.0859375 0.0859375
0 0.1240234375 0.78173828125 0.09765625 0.0986328125
0 0.12548828125 0.900390625 0.0849609375 0.0859375
0 0.2236328125 0.84033203125 0.09765625 0.0986328125