0 0.22412109375 0.544921875 0.0732421875 0.07421875
0 0.31201171875 0.4853515625 0.0732421875 0.07421875
0 0.61474609375 0.93310546875 0.0732421875 0.0732421875
0 0.52001953125 0.890625 0.0732421875 0.07421875
0 0.892578125 0.05078125 0.09765625 0.09765625
0 0.8876953125 0.27392578125 0.109375 0.1103515625
0 0.892578125 0.38232421875 0.09765625 0.0986328125
0 0.8935546875 0.49267578125 0.09765625 0.0986328125
0 0.8935546875 0.59912109375 0.09765625 0.0986328125
0 0.89599609375 0.71142578125 0.0732421875 0.0732421875
0 0.890625 0.1630859375 0.109375 0.111328125
0 0.7939453125 0.22021484375 0.109375 0.1103515625
0 0.79052734375 0.32421875 0.0849609375 0.0859375
0 0.794921875 0.42626953125 0.09765625 0.0986328125
0 0.796875 0.54931640625 0.09765625 0.0986328125
0 0.796875 0.65869140625 0.09765625 0.0986328125
0 0.69775390625 0.16259765625 0.1103515625 0.1103515625
0 0.69677734375 0.26513671875 0.1103515625 0.1103515625
0 0.705078125 0.37744140625 0.09765625 0.0986328125
0 0.69921875 0.48291015625 0.09765625 0.0986328125
0 0.7001953125 0.60205078125 0.09765625 0.0986328125
0 0.70458984375 0.7041015625 0.0732421875 0.07421875
0 0.60205078125 0.21533203125 0.1103515625 0.1103515625
0 0.607421875 0.31982421875 0.109375 0.1103515625
0 0.6083984375 0.43310546875 0.09765625 0.0986328125
0 0.607421875 0.54736328125 0.09765625 0.0986328125
0 0.607421875 0.65234375 0.0859375 0.0859375
0 0.505859375 0.16162109375 0.0859375 0.0869140625
0 0.5078125 0.27001953125 0.109375 0.1103515625
0 0.5087890625 0.37646484375 0.09765625 0.0986328125
0 0.5078125 0.48974609375 0.09765625 0.0986328125
0 0.51416015625 0.59375 0.0849609375 0.0859375
0 0.5107421875 0.701171875 0.09765625 0.09765625
0 0.4091796875 0.21044921875 0.109375 0.1103515625
0 0.4140625 0.32177734375 0.09765625 0.0986328125
0 0.41064453125 0.4287109375 0.0849609375 0.0859375
0 0.41259765625 0.5380859375 0.0849609375 0.0859375
0 0.4189453125 0.65234375 0.09765625 0.09765625
0 0.3134765625 0.14794921875 0.09765625 0.0986328125
0 0.31201171875 0.2626953125 0.0849609375 0.0859375
0 0.31787109375 0.37890625 0.0849609375 0.0859375
0 0.31884765625 0.591796875 0.0732421875 0.07421875
0 0.314453125 0.69580078125 0.060546875 0.0615234375
0 0.7958984375 0.10791015625 0.109375 0.1103515625
0 0.60400390625 0.10546875 0.0849609375 0.0859375
0 0.4130859375 0.10009765625 0.109375 0.1103515625
0 0.2265625 0.10009765625 0.09765625 0.0986328125
0 0.2255859375 0.208984375 0.09765625 0.09765625
0 0.2236328125 0.3173828125 0.09765625 0.09765625
0 0.23046875 0.4287109375 0.0859375 0.0859375
0 0.1376953125 0.14501953125 0.09765625 0.0986328125
0 0.1376953125 0.27197265625 0.109375 0.1103515625
0 0.1357421875 0.3701171875 0.0859375 0.0859375
0 0.1357421875 0.470703125 0.09765625 0.09765625
0 0.22509765625 0.6318359375 0.0732421875 0.07421875
0 0.1318359375 0.5859375 0.09765625 0.09765625
0 0.12548828125 0.6796875 0.0732421875 0.07421875
0 0.03759765625 0.63916015625 0.0732421875 0.0732421875
0 0.1318359375 0.88232421875 0.09765625 0.0986328125
0 0.22802734375 0.8544921875 0.0849609375 0.0859375
0 0.228515625 0.9375 0.09765625 0.09765625
0 0.31982421875 0.8798828125 0.0849609375 0.0859375
0 0.4140625 0.943359375 0.09765625 0.09765625
0 0.70751953125 0.88232421875 0.0615234375 0.0615234375
0 0.8056640625 0.93115234375 0.09765625 0.0986328125
0 0.90234375 0.88037109375 0.060546875 0.0615234375