0 0.755859375 0.07177734375 0.07421875 0.0732421875
0 0.62939453125 0.8447265625 0.1103515625 0.109375
0 0.30810546875 0.37451171875 0.0732421875 0.0732421875
0 0.3505859375 0.27978515625 0.07421875 0.0732421875
0 0.9072265625 0.93359375 0.0859375 0.0859375
0 0.7939453125 0.9345703125 0.09765625 0.09765625
0 0.68896484375 0.93017578125 0.1103515625 0.1103515625
0 0.57958984375 0.9306640625 0.0986328125 0.09765625
0 0.857421875 0.84326171875 0.111328125 0.1103515625
0 0.7451171875 0.8427734375 0.09765625 0.09765625
0 0.52392578125 0.84716796875 0.0732421875 0.0732421875
0 0.9150390625 0.7451171875 0.111328125 0.109375
0 0.79345703125 0.7421875 0.1103515625 0.109375
0 0.68603515625 0.744140625 0.0986328125 0.09765625
0 0.58154296875 0.748046875 0.0986328125 0.09765625
0 0.85888671875 0.65234375 0.0986328125 0.09765625
0 0.74853515625 0.6533203125 0.0986328125 0.09765625
0 0.64208984375 0.6533203125 0.0986328125 0.09765625
0 0.52978515625 0.65576171875 0.0732421875 0.0732421875
0 0.9169921875 0.55029296875 0.0859375 0.0849609375
0 0.81494140625 0.5546875 0.0986328125 0.09765625
0 0.69189453125 0.556640625 0.0986328125 0.09765625
0 0.58251953125 0.556640625 0.0986328125 0.09765625
0 0.86376953125 0.46484375 0.0986328125 0.09765625
0 0.75830078125 0.458984375 0.0986328125 0.09765625
0 0.63916015625 0.4599609375 0.0986328125 0.09765625
0 0.537109375 0.46435546875 0.07421875 0.0732421875
0 0.92138671875 0.3671875 0.1103515625 0.109375
0 0.80810546875 0.3681640625 0.0986328125 0.09765625
0 0.69384765625 0.3671875 0.0986328125 0.09765625
0 0.5888671875 0.3671875 0.0859375 0.0859375
0 0.86474609375 0.2685546875 0.0986328125 0.09765625
0 0.75146484375 0.267578125 0.0986328125 0.09765625
0 0.6474609375 0.27392578125 0.0859375 0.0849609375
0 0.5400390625 0.2705078125 0.09765625 0.09765625
0 0.91943359375 0.173828125 0.0986328125 0.09765625
0 0.8125 0.17041015625 0.0859375 0.0849609375
0 0.703125 0.17236328125 0.0859375 0.0849609375
0 0.5888671875 0.1787109375 0.09765625 0.09765625
0 0.8623046875 0.07763671875 0.0859375 0.0849609375
0 0.6494140625 0.07861328125 0.07421875 0.0732421875
0 0.54541015625 0.07421875 0.0615234375 0.060546875
0 0.361328125 0.07958984375 0.0859375 0.0849609375
0 0.2490234375 0.08154296875 0.123046875 0.1220703125
0 0.2978515625 0.173828125 0.09765625 0.09765625
0 0.19140625 0.18212890625 0.123046875 0.1220703125
0 0.08203125 0.18212890625 0.111328125 0.1103515625
0 0.25537109375 0.26953125 0.1103515625 0.109375
0 0.142578125 0.2744140625 0.111328125 0.109375
0 0.19775390625 0.36962890625 0.1103515625 0.1103515625
0 0.0869140625 0.37255859375 0.123046875 0.1220703125
0 0.35888671875 0.46728515625 0.0615234375 0.0615234375
0 0.25244140625 0.4658203125 0.0986328125 0.09765625
0 0.14013671875 0.46484375 0.0986328125 0.09765625
0 0.31005859375 0.5654296875 0.0986328125 0.09765625
0 0.19189453125 0.5595703125 0.0986328125 0.09765625
0 0.095703125 0.55908203125 0.123046875 0.1220703125
0 0.36083984375 0.662109375 0.0615234375 0.060546875
0 0.25439453125 0.654296875 0.0986328125 0.09765625
0 0.14501953125 0.654296875 0.0986328125 0.09765625
0 0.306640625 0.75146484375 0.0859375 0.0849609375
0 0.19873046875 0.7470703125 0.0986328125 0.09765625
0 0.08447265625 0.75048828125 0.1220703125 0.1220703125
0 0.35986328125 0.84375 0.0615234375 0.060546875
0 0.25048828125 0.8466796875 0.0986328125 0.09765625
0 0.13818359375 0.841796875 0.0986328125 0.09765625
0 0.3037109375 0.935546875 0.0859375 0.0859375
0 0.19970703125 0.9365234375 0.0986328125 0.09765625
0 0.08642578125 0.9384765625 0.0986328125 0.09765625