0 0.44970703125 0.2421875 0.0732421875 0.07421875
0 0.73095703125 0.16455078125 0.0732421875 0.0732421875
0 0.54931640625 0.07177734375 0.0732421875 0.0732421875
0 0.81689453125 0.24658203125 0.0732421875 0.0732421875
0 0.81396484375 0.349609375 0.0732421875 0.07421875
0 0.24755859375 0.7548828125 0.0732421875 0.07421875
0 0.92041015625 0.5576171875 0.0732421875 0.07421875
0 0.9248046875 0.18017578125 0.09765625 0.0986328125
0 0.640625 0.22265625 0.0859375 0.0859375
0 0.62890625 0.3359375 0.0859375 0.0859375
0 0.740234375 0.27783203125 0.0859375 0.0869140625
0 0.73876953125 0.3896484375 0.0849609375 0.0859375
0 0.80859375 0.4404296875 0.0859375 0.0859375
0 0.73193359375 0.5341796875 0.0849609375 0.0859375
0 0.81884765625 0.58984375 0.0849609375 0.0859375
0 0.92333984375 0.634765625 0.0849609375 0.0859375
0 0.7294921875 0.83984375 0.09765625 0.09765625
0 0.7333984375 0.74609375 0.09765625 0.09765625
0 0.9228515625 0.73583984375 0.09765625 0.0986328125
0 0.8173828125 0.79541015625 0.09765625 0.0986328125
0 0.81982421875 0.8984375 0.0849609375 0.0859375
0 0.7333984375 0.6455078125 0.0859375 0.0859375
0 0.81494140625 0.6826171875 0.0849609375 0.0859375
0 0.63525390625 0.46923828125 0.1103515625 0.1103515625
0 0.6328125 0.56005859375 0.109375 0.1103515625
0 0.62841796875 0.6875 0.1103515625 0.111328125
0 0.63232421875 0.78271484375 0.1103515625 0.1103515625
0 0.638671875 0.9072265625 0.109375 0.111328125
0 0.5419921875 0.84716796875 0.109375 0.1103515625
0 0.5419921875 0.74072265625 0.109375 0.1103515625
0 0.5380859375 0.63134765625 0.109375 0.1103515625
0 0.44921875 0.4755859375 0.0859375 0.0859375
0 0.44921875 0.57421875 0.0859375 0.0859375
0 0.443359375 0.69091796875 0.09765625 0.0986328125
0 0.4423828125 0.7939453125 0.09765625 0.09765625
0 0.349609375 0.18212890625 0.09765625 0.0986328125
0 0.34716796875 0.29833984375 0.1103515625 0.1103515625
0 0.2490234375 0.34521484375 0.09765625 0.0986328125
0 0.25830078125 0.23681640625 0.1103515625 0.1103515625
0 0.16015625 0.27978515625 0.109375 0.1103515625
0 0.072265625 0.2275390625 0.0859375 0.0859375
0 0.0615234375 0.33203125 0.0859375 0.0859375
0 0.0654296875 0.45703125 0.0859375 0.0859375
0 0.05859375 0.556640625 0.0859375 0.0859375
0 0.06494140625 0.6884765625 0.0849609375 0.0859375
0 0.17236328125 0.705078125 0.0849609375 0.0859375
0 0.16845703125 0.6220703125 0.0849609375 0.0859375
0 0.158203125 0.505859375 0.0859375 0.0859375
0 0.15966796875 0.3916015625 0.0849609375 0.0859375
0 0.25390625 0.4619140625 0.0859375 0.0859375
0 0.25146484375 0.583984375 0.0849609375 0.0859375
0 0.25244140625 0.666015625 0.0849609375 0.0859375
0 0.3505859375 0.81640625 0.0859375 0.0859375
0 0.34814453125 0.708984375 0.0849609375 0.0859375
0 0.35595703125 0.6142578125 0.0849609375 0.0859375
0 0.34814453125 0.51953125 0.0849609375 0.0859375
0 0.3525390625 0.4091796875 0.0859375 0.0859375
0 0.53857421875 0.2841796875 0.0849609375 0.0859375
0 0.537109375 0.41015625 0.0859375 0.0859375
0 0.53564453125 0.5205078125 0.0849609375 0.0859375
0 0.45166015625 0.35546875 0.0849609375 0.0859375
0 0.0634765625 0.8935546875 0.09765625 0.09765625
0 0.74560546875 0.06298828125 0.0732421875 0.0732421875
0 0.64111328125 0.1279296875 0.0732421875 0.07421875
0 0.07373046875 0.11181640625 0.1103515625 0.1103515625
0 0.1630859375 0.06005859375 0.09765625 0.0986328125
0 0.263671875 0.125 0.109375 0.111328125
0 0.1640625 0.171875 0.0859375 0.0859375
0 0.3486328125 0.06884765625 0.109375 0.1103515625
0 0.4482421875 0.1298828125 0.0859375 0.0859375
0 0.927734375 0.07080078125 0.0859375 0.0869140625
0 0.82421875 0.1337890625 0.0859375 0.0859375