0 0.33935546875 0.88134765625 0.0732421875 0.0732421875
0 0.43212890625 0.47265625 0.0732421875 0.07421875
0 0.24658203125 0.9541015625 0.0732421875 0.07421875
0 0.912109375 0.76953125 0.0859375 0.0859375
0 0.9140625 0.8662109375 0.09765625 0.09765625
0 0.8125 0.72412109375 0.109375 0.1103515625
0 0.7158203125 0.7890625 0.09765625 0.09765625
0 0.6279296875 0.72412109375 0.109375 0.1103515625
0 0.53076171875 0.78125 0.1103515625 0.111328125
0 0.4404296875 0.75634765625 0.109375 0.1103515625
0 0.4326171875 0.8525390625 0.09765625 0.09765625
0 0.3369140625 0.77978515625 0.09765625 0.0986328125
0 0.25 0.7236328125 0.09765625 0.09765625
0 0.2412109375 0.83203125 0.0859375 0.0859375
0 0.0634765625 0.72314453125 0.09765625 0.0986328125
0 0.056640625 0.837890625 0.0859375 0.0859375
0 0.05908203125 0.943359375 0.0849609375 0.0859375
0 0.8134765625 0.0537109375 0.0859375 0.0859375
0 0.92333984375 0.107421875 0.0849609375 0.0859375
0 0.91650390625 0.251953125 0.0849609375 0.0859375
0 0.90966796875 0.66259765625 0.1103515625 0.1103515625
0 0.9140625 0.5576171875 0.09765625 0.09765625
0 0.91796875 0.4638671875 0.09765625 0.09765625
0 0.91796875 0.36328125 0.0859375 0.0859375
0 0.81982421875 0.18701171875 0.1103515625 0.1103515625
0 0.8173828125 0.27783203125 0.109375 0.1103515625
0 0.81298828125 0.4052734375 0.1103515625 0.111328125
0 0.81689453125 0.50048828125 0.1103515625 0.1103515625
0 0.8232421875 0.625 0.109375 0.111328125
0 0.7265625 0.56494140625 0.109375 0.1103515625
0 0.7265625 0.45849609375 0.109375 0.1103515625
0 0.72265625 0.34912109375 0.109375 0.1103515625
0 0.6337890625 0.193359375 0.0859375 0.0859375
0 0.6337890625 0.2919921875 0.0859375 0.0859375
0 0.6279296875 0.40869140625 0.09765625 0.0986328125
0 0.626953125 0.51171875 0.09765625 0.09765625
0 0.43359375 0.06298828125 0.09765625 0.0986328125
0 0.24609375 0.0498046875 0.0859375 0.0859375
0 0.25 0.1748046875 0.0859375 0.0859375
0 0.2431640625 0.2744140625 0.0859375 0.0859375
0 0.24951171875 0.40625 0.0849609375 0.0859375
0 0.35693359375 0.4228515625 0.0849609375 0.0859375
0 0.35302734375 0.33984375 0.0849609375 0.0859375
0 0.3427734375 0.2236328125 0.0859375 0.0859375
0 0.34423828125 0.109375 0.0849609375 0.0859375
0 0.4384765625 0.1796875 0.0859375 0.0859375
0 0.43603515625 0.3017578125 0.0849609375 0.0859375
0 0.43701171875 0.3837890625 0.0849609375 0.0859375
0 0.53515625 0.5341796875 0.0859375 0.0859375
0 0.53271484375 0.4267578125 0.0849609375 0.0859375
0 0.54052734375 0.33203125 0.0849609375 0.0859375
0 0.53271484375 0.2373046875 0.0849609375 0.0859375
0 0.537109375 0.126953125 0.0859375 0.0859375
0 0.7216796875 0.1279296875 0.0859375 0.0859375
0 0.72021484375 0.23828125 0.0849609375 0.0859375
0 0.63623046875 0.0732421875 0.0849609375 0.0859375
0 0.53125 0.68310546875 0.09765625 0.0986328125
0 0.439453125 0.66259765625 0.109375 0.1103515625
0 0.34228515625 0.67919921875 0.1103515625 0.1103515625
0 0.248046875 0.611328125 0.09765625 0.09765625
0 0.1591796875 0.11962890625 0.09765625 0.0986328125
0 0.15673828125 0.228515625 0.0849609375 0.0859375
0 0.1552734375 0.34619140625 0.09765625 0.0986328125
0 0.15625 0.45947265625 0.09765625 0.0986328125
0 0.0673828125 0.0634765625 0.09765625 0.09765625
0 0.06787109375 0.173828125 0.0849609375 0.0859375
0 0.0673828125 0.29150390625 0.09765625 0.0986328125
0 0.0634765625 0.404296875 0.0859375 0.0859375
0 0.060546875 0.513671875 0.09765625 0.09765625
0 0.0556640625 0.6123046875 0.0859375 0.0859375