0 0.4365234375 0.830078125 0.0859375 0.0859375
0 0.24267578125 0.82568359375 0.0732421875 0.0732421875
0 0.24951171875 0.6083984375 0.0849609375 0.0859375
0 0.24462890625 0.49169921875 0.0732421875 0.0732421875
0 0.15478515625 0.66650390625 0.0732421875 0.0732421875
0 0.14892578125 0.4404296875 0.0849609375 0.0859375
0 0.15576171875 0.55224609375 0.0615234375 0.0615234375
0 0.15234375 0.32421875 0.0859375 0.0859375
0 0.14794921875 0.77197265625 0.0732421875 0.0732421875
0 0.90869140625 0.8828125 0.1103515625 0.111328125
0 0.90087890625 0.7861328125 0.1103515625 0.111328125
0 0.8125 0.9384765625 0.09765625 0.09765625
0 0.810546875 0.82421875 0.09765625 0.09765625
0 0.71875 0.88330078125 0.09765625 0.0986328125
0 0.62353515625 0.9345703125 0.0849609375 0.0859375
0 0.62353515625 0.826171875 0.0732421875 0.07421875
0 0.52978515625 0.87841796875 0.0732421875 0.0732421875
0 0.4375 0.93408203125 0.0859375 0.0869140625
0 0.34130859375 0.8828125 0.0849609375 0.0859375
0 0.24658203125 0.93408203125 0.0615234375 0.0615234375
0 0.337890625 0.77099609375 0.0859375 0.0869140625
0 0.525390625 0.77685546875 0.09765625 0.0986328125
0 0.15234375 0.8828125 0.0859375 0.0859375
0 0.25048828125 0.71728515625 0.0732421875 0.0732421875
0 0.2470703125 0.3857421875 0.0859375 0.0859375
0 0.24609375 0.2744140625 0.09765625 0.09765625
0 0.3427734375 0.66015625 0.0859375 0.0859375
0 0.3466796875 0.54833984375 0.09765625 0.0986328125
0 0.34375 0.4404296875 0.0859375 0.0859375
0 0.34375 0.333984375 0.09765625 0.09765625
0 0.439453125 0.71337890625 0.09765625 0.0986328125
0 0.439453125 0.60595703125 0.09765625 0.0986328125
0 0.43701171875 0.4912109375 0.0849609375 0.0859375
0 0.43408203125 0.3828125 0.0849609375 0.0859375
0 0.435546875 0.2783203125 0.09765625 0.09765625
0 0.53125 0.66455078125 0.09765625 0.0986328125
0 0.5283203125 0.5517578125 0.09765625 0.09765625
0 0.53173828125 0.4326171875 0.0849609375 0.0859375
0 0.533203125 0.330078125 0.09765625 0.09765625
0 0.62109375 0.7197265625 0.09765625 0.09765625
0 0.6240234375 0.599609375 0.0859375 0.0859375
0 0.62158203125 0.4912109375 0.0732421875 0.07421875
0 0.62353515625 0.3828125 0.0732421875 0.07421875
0 0.63134765625 0.27099609375 0.0732421875 0.0732421875
0 0.71875 0.7705078125 0.109375 0.111328125
0 0.7197265625 0.6591796875 0.09765625 0.09765625
0 0.7158203125 0.5458984375 0.09765625 0.09765625
0 0.71533203125 0.4404296875 0.0849609375 0.0859375
0 0.7138671875 0.33154296875 0.09765625 0.0986328125
0 0.8134765625 0.716796875 0.09765625 0.09765625
0 0.8134765625 0.60595703125 0.09765625 0.0986328125
0 0.81103515625 0.4951171875 0.0849609375 0.0859375
0 0.8125 0.38330078125 0.09765625 0.0986328125
0 0.8125 0.26904296875 0.09765625 0.0986328125
0 0.90673828125 0.65771484375 0.1103515625 0.1103515625
0 0.90478515625 0.55029296875 0.1103515625 0.1103515625
0 0.908203125 0.439453125 0.0859375 0.0859375
0 0.90625 0.33056640625 0.09765625 0.0986328125
0 0.90625 0.22216796875 0.109375 0.1103515625
0 0.8994140625 0.09814453125 0.109375 0.1103515625
0 0.8115234375 0.16796875 0.09765625 0.09765625
0 0.71826171875 0.216796875 0.0732421875 0.07421875
0 0.7158203125 0.109375 0.09765625 0.09765625
0 0.62646484375 0.1650390625 0.0732421875 0.07421875
0 0.6298828125 0.052734375 0.09765625 0.09765625
0 0.5283203125 0.22216796875 0.09765625 0.0986328125
0 0.5322265625 0.1083984375 0.0859375 0.0859375
0 0.435546875 0.17041015625 0.09765625 0.0986328125
0 0.4306640625 0.05224609375 0.09765625 0.0986328125
0 0.341796875 0.21923828125 0.0859375 0.0869140625
0 0.341796875 0.11181640625 0.09765625 0.0986328125
0 0.2421875 0.16552734375 0.09765625 0.0986328125
0 0.2490234375 0.05712890625 0.09765625 0.0986328125
0 0.15283203125 0.2255859375 0.0849609375 0.0859375
0 0.15283203125 0.11328125 0.0849609375 0.0859375