0 0.09130859375 0.072265625 0.0732421875 0.07421875
0 0.8642578125 0.19873046875 0.109375 0.1103515625
0 0.39404296875 0.52001953125 0.0732421875 0.0732421875
0 0.29931640625 0.4775390625 0.0732421875 0.07421875
0 0.9501953125 0.24853515625 0.09765625 0.0986328125
0 0.8623046875 0.0830078125 0.09765625 0.09765625
0 0.86669921875 0.30419921875 0.0732421875 0.0732421875
0 0.763671875 0.14208984375 0.09765625 0.0986328125
0 0.767578125 0.24658203125 0.09765625 0.0986328125
0 0.6728515625 0.07958984375 0.09765625 0.0986328125
0 0.6728515625 0.18603515625 0.09765625 0.0986328125
0 0.67529296875 0.29833984375 0.0732421875 0.0732421875
0 0.576171875 0.13623046875 0.09765625 0.0986328125
0 0.576171875 0.24560546875 0.09765625 0.0986328125
0 0.478515625 0.06982421875 0.09765625 0.0986328125
0 0.4794921875 0.18896484375 0.09765625 0.0986328125
0 0.48388671875 0.291015625 0.0732421875 0.07421875
0 0.38671875 0.13427734375 0.09765625 0.0986328125
0 0.38671875 0.2392578125 0.0859375 0.0859375
0 0.287109375 0.07666015625 0.09765625 0.0986328125
0 0.29345703125 0.1806640625 0.0849609375 0.0859375
0 0.2900390625 0.2880859375 0.09765625 0.09765625
0 0.19189453125 0.125 0.0849609375 0.0859375
0 0.1982421875 0.2392578125 0.09765625 0.09765625
0 0.09814453125 0.1787109375 0.0732421875 0.07421875
0 0.09375 0.28271484375 0.060546875 0.0615234375
0 0.09912109375 0.466796875 0.0849609375 0.0859375
0 0.10107421875 0.5791015625 0.1220703125 0.123046875
0 0.11328125 0.79296875 0.0859375 0.0859375
0 0.0966796875 0.91064453125 0.109375 0.1103515625
0 0.193359375 0.5302734375 0.09765625 0.09765625
0 0.20166015625 0.63671875 0.1220703125 0.123046875
0 0.20166015625 0.74609375 0.1103515625 0.111328125
0 0.19970703125 0.84814453125 0.1103515625 0.1103515625
0 0.2890625 0.57275390625 0.109375 0.1103515625
0 0.2939453125 0.685546875 0.109375 0.111328125
0 0.29345703125 0.7978515625 0.1220703125 0.123046875
0 0.29150390625 0.91259765625 0.1103515625 0.1103515625
0 0.38916015625 0.63037109375 0.1103515625 0.1103515625
0 0.39208984375 0.7412109375 0.1220703125 0.123046875
0 0.39111328125 0.853515625 0.1220703125 0.123046875
0 0.48681640625 0.46923828125 0.0615234375 0.0615234375
0 0.4853515625 0.57568359375 0.09765625 0.0986328125
0 0.484375 0.68798828125 0.09765625 0.0986328125
0 0.4912109375 0.78125 0.09765625 0.09765625
0 0.48486328125 0.908203125 0.1220703125 0.123046875
0 0.5849609375 0.51806640625 0.09765625 0.0986328125
0 0.5791015625 0.63623046875 0.09765625 0.0986328125
0 0.57861328125 0.732421875 0.1220703125 0.123046875
0 0.57763671875 0.8486328125 0.1220703125 0.123046875
0 0.681640625 0.46728515625 0.060546875 0.0615234375
0 0.673828125 0.57373046875 0.09765625 0.0986328125
0 0.673828125 0.68310546875 0.09765625 0.0986328125
0 0.67626953125 0.7998046875 0.1220703125 0.123046875
0 0.67431640625 0.9150390625 0.1220703125 0.123046875
0 0.77099609375 0.521484375 0.0849609375 0.0859375
0 0.7666015625 0.62939453125 0.09765625 0.0986328125
0 0.77001953125 0.74365234375 0.1220703125 0.1220703125
0 0.7744140625 0.85107421875 0.09765625 0.0986328125
0 0.86328125 0.46826171875 0.060546875 0.0615234375
0 0.8662109375 0.57763671875 0.09765625 0.0986328125
0 0.861328125 0.68994140625 0.09765625 0.0986328125
0 0.8623046875 0.80126953125 0.09765625 0.0986328125
0 0.8662109375 0.90283203125 0.09765625 0.0986328125
0 0.955078125 0.5244140625 0.0859375 0.0859375