0 0.49169921875 0.38525390625 0.0615234375 0.0615234375
0 0.44482421875 0.11376953125 0.0615234375 0.0615234375
0 0.34033203125 0.3076171875 0.0615234375 0.060546875
0 0.42578125 0.67333984375 0.07421875 0.0732421875
0 0.384765625 0.38916015625 0.07421875 0.0732421875
0 0.919921875 0.85009765625 0.07421875 0.0732421875
0 0.95263671875 0.77001953125 0.0732421875 0.0732421875
0 0.82470703125 0.962890625 0.0615234375 0.060546875
0 0.85498046875 0.76806640625 0.0732421875 0.0732421875
0 0.4306640625 0.86572265625 0.037109375 0.0361328125
0 0.26318359375 0.7685546875 0.0498046875 0.048828125
0 0.2216796875 0.6728515625 0.048828125 0.048828125
0 0.3115234375 0.66796875 0.048828125 0.048828125
0 0.36767578125 0.591796875 0.0615234375 0.060546875
0 0.33251953125 0.48974609375 0.0361328125 0.0361328125
0 0.3232421875 0.8720703125 0.0859375 0.0859375
0 0.37353515625 0.76513671875 0.0615234375 0.0615234375
0 0.375 0.94677734375 0.025390625 0.0244140625
0 0.09423828125 0.86328125 0.0986328125 0.09765625
0 0.2099609375 0.8642578125 0.111328125 0.109375
0 0.146484375 0.7724609375 0.0859375 0.0859375
0 0.0576171875 0.7724609375 0.09765625 0.09765625
0 0.107421875 0.671875 0.09765625 0.09765625
0 0.486328125 0.58544921875 0.0859375 0.0849609375
0 0.443359375 0.4873046875 0.0859375 0.0859375
0 0.439453125 0.3037109375 0.048828125 0.048828125
0 0.158203125 0.5849609375 0.09765625 0.09765625
0 0.2763671875 0.59423828125 0.0859375 0.0849609375
0 0.10205078125 0.4931640625 0.1103515625 0.109375
0 0.232421875 0.49365234375 0.111328125 0.1103515625
0 0.2802734375 0.3955078125 0.0859375 0.0859375
0 0.15966796875 0.3974609375 0.0986328125 0.09765625
0 0.1103515625 0.29931640625 0.111328125 0.1103515625
0 0.22509765625 0.3076171875 0.1103515625 0.109375
0 0.27197265625 0.21435546875 0.1103515625 0.1103515625
0 0.38623046875 0.20654296875 0.1103515625 0.1103515625
0 0.1689453125 0.205078125 0.111328125 0.109375
0 0.0673828125 0.2080078125 0.09765625 0.09765625
0 0.34228515625 0.11474609375 0.1103515625 0.1103515625
0 0.2275390625 0.11474609375 0.111328125 0.1103515625
0 0.10888671875 0.1171875 0.1103515625 0.109375
0 0.82080078125 0.83349609375 0.0615234375 0.0615234375
0 0.8671875 0.5869140625 0.0859375 0.0859375
0 0.8994140625 0.66943359375 0.0859375 0.0849609375
0 0.91748046875 0.4951171875 0.0986328125 0.09765625
0 0.8095703125 0.48974609375 0.0859375 0.0849609375
0 0.85400390625 0.41357421875 0.0869140625 0.0849609375
0 0.90478515625 0.298828125 0.1103515625 0.109375
0 0.80078125 0.310546875 0.09765625 0.09765625
0 0.8642578125 0.21337890625 0.0859375 0.0849609375
0 0.818359375 0.1240234375 0.0859375 0.0859375
0 0.91796875 0.119140625 0.09765625 0.09765625