0 0.9052734375 0.912109375 0.0859375 0.0859375
0 0.8251953125 0.84619140625 0.109375 0.1103515625
0 0.8095703125 0.73291015625 0.09765625 0.0986328125
0 0.8046875 0.63671875 0.0859375 0.0859375
0 0.81396484375 0.5263671875 0.0849609375 0.0859375
0 0.81787109375 0.41552734375 0.1103515625 0.1103515625
0 0.7236328125 0.3671875 0.109375 0.111328125
0 0.7265625 0.4765625 0.09765625 0.09765625
0 0.71484375 0.5859375 0.09765625 0.09765625
0 0.7158203125 0.68994140625 0.09765625 0.0986328125
0 0.7177734375 0.80029296875 0.09765625 0.0986328125
0 0.7099609375 0.90087890625 0.09765625 0.0986328125
0 0.6142578125 0.84619140625 0.09765625 0.0986328125
0 0.62109375 0.74169921875 0.09765625 0.0986328125
0 0.6279296875 0.6376953125 0.09765625 0.09765625
0 0.625 0.5244140625 0.09765625 0.09765625
0 0.6279296875 0.421875 0.09765625 0.09765625
0 0.626953125 0.31103515625 0.09765625 0.0986328125
0 0.9150390625 0.37255859375 0.109375 0.1103515625
0 0.90185546875 0.47119140625 0.1103515625 0.1103515625
0 0.9033203125 0.57958984375 0.09765625 0.0986328125
0 0.90283203125 0.70068359375 0.1103515625 0.1103515625
0 0.9052734375 0.80615234375 0.09765625 0.0986328125
0 0.5322265625 0.36767578125 0.09765625 0.0986328125
0 0.525390625 0.4755859375 0.109375 0.111328125
0 0.5302734375 0.58251953125 0.09765625 0.0986328125
0 0.52392578125 0.68115234375 0.1103515625 0.1103515625
0 0.5234375 0.796875 0.09765625 0.09765625
0 0.5224609375 0.90380859375 0.09765625 0.0986328125
0 0.43359375 0.82421875 0.09765625 0.09765625
0 0.4296875 0.73583984375 0.09765625 0.0986328125
0 0.43505859375 0.61962890625 0.1103515625 0.1103515625
0 0.44140625 0.5185546875 0.109375 0.111328125
0 0.43896484375 0.41064453125 0.1103515625 0.1103515625
0 0.44287109375 0.2998046875 0.1103515625 0.111328125
0 0.34326171875 0.3623046875 0.1103515625 0.111328125
0 0.33935546875 0.47314453125 0.1103515625 0.1103515625
0 0.34326171875 0.56640625 0.1103515625 0.111328125
0 0.33642578125 0.68212890625 0.1103515625 0.1103515625
0 0.2509765625 0.74169921875 0.109375 0.1103515625
0 0.24462890625 0.625 0.1103515625 0.111328125
0 0.2451171875 0.52197265625 0.109375 0.1103515625
0 0.25146484375 0.41162109375 0.1103515625 0.1103515625
0 0.2490234375 0.31494140625 0.109375 0.1103515625
0 0.1572265625 0.3515625 0.109375 0.111328125
0 0.1533203125 0.45849609375 0.09765625 0.0986328125
0 0.15234375 0.56640625 0.09765625 0.09765625
0 0.15185546875 0.67919921875 0.1103515625 0.1103515625
0 0.1533203125 0.79638671875 0.09765625 0.0986328125
0 0.1494140625 0.90478515625 0.09765625 0.0986328125
0 0.2392578125 0.84228515625 0.109375 0.1103515625
0 0.05859375 0.83056640625 0.09765625 0.0986328125
0 0.0576171875 0.7314453125 0.09765625 0.09765625
0 0.052734375 0.62744140625 0.09765625 0.0986328125
0 0.0576171875 0.40087890625 0.09765625 0.0986328125
0 0.06298828125 0.29541015625 0.1103515625 0.1103515625
0 0.9228515625 0.123046875 0.09765625 0.09765625
0 0.82177734375 0.06689453125 0.1103515625 0.1103515625
0 0.63427734375 0.08251953125 0.0849609375 0.0869140625
0 0.44140625 0.09130859375 0.09765625 0.0986328125
0 0.251953125 0.0986328125 0.0859375 0.0859375
0 0.06298828125 0.0986328125 0.0849609375 0.0859375