0 0.17138671875 0.27490234375 0.0732421875 0.0732421875
0 0.82958984375 0.3330078125 0.0732421875 0.07421875
0 0.736328125 0.27197265625 0.060546875 0.0615234375
0 0.83837890625 0.77294921875 0.0732421875 0.0732421875
0 0.91162109375 0.923828125 0.0732421875 0.07421875
0 0.83056640625 0.86767578125 0.0732421875 0.0732421875
0 0.7373046875 0.826171875 0.0859375 0.0859375
0 0.7373046875 0.94140625 0.0859375 0.0859375
0 0.92626953125 0.830078125 0.0732421875 0.07421875
0 0.92626953125 0.71044921875 0.0732421875 0.0732421875
0 0.92626953125 0.490234375 0.0849609375 0.0859375
0 0.923828125 0.3876953125 0.0859375 0.0859375
0 0.544921875 0.404296875 0.0859375 0.0859375
0 0.361328125 0.517578125 0.0859375 0.0859375
0 0.4521484375 0.546875 0.0859375 0.0859375
0 0.9208984375 0.26416015625 0.09765625 0.0986328125
0 0.8369140625 0.2314453125 0.09765625 0.09765625
0 0.8310546875 0.4423828125 0.09765625 0.09765625
0 0.83203125 0.54541015625 0.09765625 0.0986328125
0 0.83837890625 0.666015625 0.0849609375 0.0859375
0 0.92333984375 0.5986328125 0.0849609375 0.0859375
0 0.744140625 0.3916015625 0.109375 0.111328125
0 0.73779296875 0.49853515625 0.1103515625 0.1103515625
0 0.73876953125 0.60595703125 0.1103515625 0.1103515625
0 0.73974609375 0.72607421875 0.1103515625 0.1103515625
0 0.6494140625 0.783203125 0.0859375 0.0859375
0 0.650390625 0.873046875 0.0859375 0.0859375
0 0.65478515625 0.6748046875 0.0849609375 0.0859375
0 0.65087890625 0.54345703125 0.1103515625 0.1103515625
0 0.64697265625 0.44189453125 0.1103515625 0.1103515625
0 0.6513671875 0.3369140625 0.0859375 0.0859375
0 0.654296875 0.22509765625 0.09765625 0.0986328125
0 0.548828125 0.28076171875 0.09765625 0.0986328125
0 0.54736328125 0.521484375 0.1103515625 0.111328125
0 0.54345703125 0.63232421875 0.1103515625 0.1103515625
0 0.5458984375 0.73974609375 0.09765625 0.0986328125
0 0.55078125 0.82080078125 0.09765625 0.0986328125
0 0.45166015625 0.89453125 0.0849609375 0.0859375
0 0.5498046875 0.93505859375 0.09765625 0.0986328125
0 0.455078125 0.78662109375 0.09765625 0.0986328125
0 0.357421875 0.3896484375 0.09765625 0.09765625
0 0.35400390625 0.2744140625 0.0849609375 0.0859375
0 0.4521484375 0.224609375 0.0859375 0.0859375
0 0.4638671875 0.326171875 0.09765625 0.09765625
0 0.45703125 0.4423828125 0.0859375 0.0859375
0 0.35986328125 0.6240234375 0.0849609375 0.0859375
0 0.45703125 0.693359375 0.0859375 0.0859375
0 0.27734375 0.578125 0.0859375 0.0859375
0 0.27001953125 0.4521484375 0.0849609375 0.0859375
0 0.3623046875 0.9375 0.09765625 0.09765625
0 0.361328125 0.82275390625 0.09765625 0.0986328125
0 0.36279296875 0.72265625 0.0849609375 0.0859375
0 0.2802734375 0.671875 0.09765625 0.09765625
0 0.26953125 0.7763671875 0.0859375 0.0859375
0 0.2734375 0.8779296875 0.0859375 0.0859375
0 0.072265625 0.4462890625 0.0859375 0.0859375
0 0.171875 0.3974609375 0.09765625 0.09765625
0 0.17431640625 0.4990234375 0.0849609375 0.0859375
0 0.171875 0.6015625 0.09765625 0.09765625
0 0.1708984375 0.71630859375 0.09765625 0.0986328125
0 0.17138671875 0.8291015625 0.0849609375 0.0859375
0 0.177734375 0.939453125 0.0859375 0.0859375
0 0.0751953125 0.87841796875 0.09765625 0.0986328125
0 0.08203125 0.7822265625 0.09765625 0.09765625
0 0.0771484375 0.6650390625 0.0859375 0.0859375
0 0.08251953125 0.546875 0.0849609375 0.0859375
0 0.080078125 0.32958984375 0.09765625 0.0986328125
0 0.08251953125 0.22265625 0.0849609375 0.0859375
0 0.17041015625 0.048828125 0.0732421875 0.07421875
0 0.0791015625 0.111328125 0.0859375 0.0859375
0 0.16943359375 0.1708984375 0.0849609375 0.0859375
0 0.2685546875 0.11865234375 0.09765625 0.0986328125
0 0.26611328125 0.35546875 0.0849609375 0.0859375
0 0.36328125 0.16455078125 0.09765625 0.0986328125
0 0.36181640625 0.0595703125 0.0849609375 0.0859375
0 0.4599609375 0.11376953125 0.09765625 0.0986328125
0 0.548828125 0.16845703125 0.09765625 0.0986328125
0 0.65283203125 0.0947265625 0.0849609375 0.0859375
0 0.74072265625 0.1728515625 0.0849609375 0.0859375
0 0.734375 0.0595703125 0.0859375 0.0859375
0 0.8388671875 0.13525390625 0.09765625 0.0986328125
0 0.92919921875 0.1650390625 0.0849609375 0.0859375
0 0.92919921875 0.0498046875 0.0849609375 0.0859375
0 0.2744140625 0.2451171875 0.0859375 0.0859375