0 0.0595703125 0.3134765625 0.0859375 0.0859375
0 0.43701171875 0.11962890625 0.0615234375 0.0615234375
0 0.34423828125 0.0498046875 0.0849609375 0.0859375
0 0.2470703125 0.0908203125 0.0859375 0.0859375
0 0.1513671875 0.0595703125 0.0859375 0.0859375
0 0.1435546875 0.146484375 0.0859375 0.0859375
0 0.05078125 0.7724609375 0.09765625 0.09765625
0 0.0556640625 0.646484375 0.09765625 0.09765625
0 0.0576171875 0.55126953125 0.09765625 0.0986328125
0 0.056640625 0.44482421875 0.09765625 0.0986328125
0 0.0634765625 0.21337890625 0.09765625 0.0986328125
0 0.064453125 0.10791015625 0.09765625 0.0986328125
0 0.1484375 0.3955078125 0.0859375 0.0859375
0 0.14453125 0.5009765625 0.0859375 0.0859375
0 0.14697265625 0.6064453125 0.0849609375 0.0859375
0 0.14697265625 0.708984375 0.0849609375 0.0859375
0 0.23974609375 0.76904296875 0.1103515625 0.1103515625
0 0.24365234375 0.65283203125 0.1103515625 0.1103515625
0 0.25048828125 0.53955078125 0.1103515625 0.1103515625
0 0.251953125 0.4267578125 0.109375 0.111328125
0 0.248046875 0.3251953125 0.109375 0.111328125
0 0.34375 0.26953125 0.109375 0.111328125
0 0.3359375 0.37841796875 0.109375 0.1103515625
0 0.3359375 0.50244140625 0.109375 0.1103515625
0 0.33544921875 0.5947265625 0.1103515625 0.111328125
0 0.3291015625 0.72216796875 0.109375 0.1103515625
0 0.43896484375 0.76513671875 0.1103515625 0.1103515625
0 0.44140625 0.66259765625 0.109375 0.1103515625
0 0.43359375 0.54541015625 0.09765625 0.0986328125
0 0.43359375 0.43603515625 0.09765625 0.0986328125
0 0.431640625 0.32958984375 0.09765625 0.0986328125
0 0.431640625 0.24609375 0.09765625 0.09765625
0 0.5341796875 0.29150390625 0.09765625 0.0986328125
0 0.521484375 0.71337890625 0.109375 0.1103515625
0 0.5244140625 0.57666015625 0.109375 0.1103515625
0 0.5322265625 0.4951171875 0.0859375 0.0859375
0 0.5244140625 0.39306640625 0.109375 0.1103515625
0 0.61328125 0.6611328125 0.0859375 0.0859375
0 0.6240234375 0.56640625 0.109375 0.111328125
0 0.62646484375 0.46728515625 0.1103515625 0.1103515625
0 0.61376953125 0.35302734375 0.1103515625 0.1103515625
0 0.71728515625 0.40478515625 0.1103515625 0.1103515625
0 0.716796875 0.48974609375 0.09765625 0.0986328125
0 0.712890625 0.60009765625 0.09765625 0.0986328125
0 0.708984375 0.71044921875 0.109375 0.1103515625
0 0.8095703125 0.76171875 0.109375 0.111328125
0 0.81005859375 0.65771484375 0.1103515625 0.1103515625
0 0.81005859375 0.54150390625 0.1103515625 0.1103515625
0 0.81787109375 0.43017578125 0.1103515625 0.1103515625
0 0.52734375 0.06640625 0.0859375 0.0859375
0 0.619140625 0.10302734375 0.109375 0.1103515625
0 0.6259765625 0.17724609375 0.09765625 0.0986328125
0 0.71728515625 0.14208984375 0.1103515625 0.1103515625
0 0.904296875 0.71337890625 0.109375 0.1103515625
0 0.91064453125 0.59912109375 0.1103515625 0.1103515625
0 0.908203125 0.48876953125 0.09765625 0.0986328125
0 0.91064453125 0.37548828125 0.0732421875 0.0732421875
0 0.0576171875 0.86669921875 0.109375 0.1103515625
0 0.14404296875 0.818359375 0.0849609375 0.0859375
0 0.14404296875 0.939453125 0.0849609375 0.0859375
0 0.2421875 0.88525390625 0.109375 0.1103515625
0 0.337890625 0.83154296875 0.109375 0.1103515625
0 0.3388671875 0.92041015625 0.109375 0.1103515625
0 0.4296875 0.87451171875 0.109375 0.1103515625
0 0.5224609375 0.828125 0.109375 0.111328125
0 0.529296875 0.93994140625 0.09765625 0.0986328125
0 0.60546875 0.87109375 0.0859375 0.0859375
0 0.61083984375 0.7685546875 0.0849609375 0.0859375
0 0.7138671875 0.80712890625 0.109375 0.1103515625
0 0.71484375 0.93212890625 0.09765625 0.0986328125
0 0.80078125 0.86474609375 0.09765625 0.0986328125
0 0.8984375 0.9169921875 0.109375 0.111328125
0 0.90234375 0.8193359375 0.09765625 0.09765625