0 0.67529296875 0.09765625 0.0732421875 0.07421875
0 0.578125 0.9287109375 0.09765625 0.09765625
0 0.767578125 0.9326171875 0.09765625 0.09765625
0 0.95849609375 0.8193359375 0.0732421875 0.07421875
0 0.95654296875 0.595703125 0.0849609375 0.0859375
0 0.8603515625 0.87646484375 0.09765625 0.0986328125
0 0.8642578125 0.7626953125 0.0859375 0.0859375
0 0.8662109375 0.66015625 0.09765625 0.09765625
0 0.865234375 0.5458984375 0.0859375 0.0859375
0 0.8623046875 0.4296875 0.0859375 0.0859375
0 0.767578125 0.82470703125 0.09765625 0.0986328125
0 0.7626953125 0.70654296875 0.09765625 0.0986328125
0 0.759765625 0.6005859375 0.09765625 0.09765625
0 0.7607421875 0.4833984375 0.09765625 0.09765625
0 0.673828125 0.87353515625 0.0859375 0.0869140625
0 0.673828125 0.76611328125 0.09765625 0.0986328125
0 0.6748046875 0.65771484375 0.09765625 0.0986328125
0 0.673828125 0.52783203125 0.09765625 0.0986328125
0 0.57421875 0.81982421875 0.09765625 0.0986328125
0 0.5810546875 0.71142578125 0.09765625 0.0986328125
0 0.58203125 0.5966796875 0.0859375 0.0859375
0 0.57861328125 0.4873046875 0.0849609375 0.0859375
0 0.48486328125 0.8798828125 0.0849609375 0.0859375
0 0.48486328125 0.767578125 0.0849609375 0.0859375
0 0.484375 0.65380859375 0.09765625 0.0986328125
0 0.482421875 0.5419921875 0.0859375 0.0859375
0 0.486328125 0.4306640625 0.0859375 0.0859375
0 0.67138671875 0.4169921875 0.0849609375 0.0859375
0 0.4853515625 0.3232421875 0.0859375 0.0859375
0 0.4892578125 0.21484375 0.09765625 0.09765625
0 0.48583984375 0.091796875 0.0849609375 0.0859375
0 0.58154296875 0.37890625 0.0849609375 0.0859375
0 0.58203125 0.26171875 0.09765625 0.09765625
0 0.580078125 0.150390625 0.09765625 0.09765625
0 0.67529296875 0.322265625 0.0849609375 0.0859375
0 0.6748046875 0.2109375 0.09765625 0.09765625
0 0.7646484375 0.375 0.0859375 0.0859375
0 0.767578125 0.26318359375 0.09765625 0.0986328125
0 0.7666015625 0.14990234375 0.09765625 0.0986328125
0 0.77001953125 0.046875 0.0849609375 0.0859375
0 0.859375 0.32568359375 0.09765625 0.0986328125
0 0.8623046875 0.21142578125 0.09765625 0.0986328125
0 0.86328125 0.10498046875 0.09765625 0.0986328125