0 0.28369140625 0.46435546875 0.0732421875 0.0732421875
0 0.37158203125 0.5322265625 0.0732421875 0.07421875
0 0.47509765625 0.4736328125 0.0732421875 0.07421875
0 0.48095703125 0.359375 0.0732421875 0.07421875
0 0.49169921875 0.2421875 0.0732421875 0.07421875
0 0.373046875 0.08203125 0.0859375 0.0859375
0 0.5771484375 0.40625 0.048828125 0.048828125
0 0.09521484375 0.1337890625 0.1103515625 0.111328125
0 0.08740234375 0.24267578125 0.1103515625 0.1103515625
0 0.0908203125 0.36279296875 0.109375 0.1103515625
0 0.1982421875 0.083984375 0.0859375 0.0859375
0 0.201171875 0.201171875 0.0859375 0.0859375
0 0.2802734375 0.1337890625 0.09765625 0.09765625
0 0.94677734375 0.091796875 0.0849609375 0.0859375
0 0.9462890625 0.19091796875 0.09765625 0.0986328125
0 0.94921875 0.400390625 0.0859375 0.0859375
0 0.9501953125 0.6298828125 0.0859375 0.0859375
0 0.857421875 0.6875 0.09765625 0.09765625
0 0.85888671875 0.138671875 0.0849609375 0.0859375
0 0.8603515625 0.25830078125 0.09765625 0.0986328125
0 0.8544921875 0.36083984375 0.09765625 0.0986328125
0 0.8544921875 0.47119140625 0.09765625 0.0986328125
0 0.853515625 0.58056640625 0.09765625 0.0986328125
0 0.7626953125 0.63916015625 0.109375 0.1103515625
0 0.77197265625 0.19921875 0.0849609375 0.0859375
0 0.66748046875 0.130859375 0.0849609375 0.0859375
0 0.5771484375 0.1953125 0.09765625 0.09765625
0 0.38037109375 0.3095703125 0.0849609375 0.0859375
0 0.3701171875 0.42529296875 0.09765625 0.0986328125
0 0.28173828125 0.5830078125 0.0849609375 0.0859375
0 0.47314453125 0.583984375 0.0849609375 0.0859375
0 0.75927734375 0.30615234375 0.0849609375 0.0869140625
0 0.75390625 0.4189453125 0.0859375 0.0859375
0 0.7626953125 0.52197265625 0.09765625 0.0986328125
0 0.666015625 0.58837890625 0.09765625 0.0986328125
0 0.6630859375 0.69921875 0.0859375 0.0859375
0 0.56640625 0.6416015625 0.09765625 0.09765625
0 0.46875 0.69873046875 0.09765625 0.0986328125
0 0.65283203125 0.4638671875 0.0849609375 0.0859375
0 0.5712890625 0.521484375 0.0859375 0.0859375
0 0.27685546875 0.357421875 0.0849609375 0.0859375
0 0.19677734375 0.4189453125 0.0849609375 0.0859375
0 0.1904296875 0.525390625 0.09765625 0.09765625
0 0.1875 0.63720703125 0.09765625 0.0986328125
0 0.091796875 0.6904296875 0.09765625 0.09765625
0 0.087890625 0.57763671875 0.09765625 0.0986328125
0 0.947265625 0.7373046875 0.0859375 0.0859375
0 0.947265625 0.83349609375 0.0859375 0.0869140625
0 0.94140625 0.94580078125 0.09765625 0.0986328125
0 0.8525390625 0.80126953125 0.109375 0.1103515625
0 0.8505859375 0.90673828125 0.09765625 0.0986328125
0 0.7607421875 0.75146484375 0.09765625 0.0986328125
0 0.7587890625 0.86767578125 0.09765625 0.0986328125
0 0.6611328125 0.80712890625 0.09765625 0.0986328125
0 0.658203125 0.9033203125 0.109375 0.111328125
0 0.5791015625 0.85546875 0.0859375 0.0859375
0 0.5693359375 0.7431640625 0.09765625 0.09765625
0 0.466796875 0.80078125 0.109375 0.111328125
0 0.466796875 0.916015625 0.09765625 0.09765625
0 0.3720703125 0.85595703125 0.09765625 0.0986328125
0 0.37255859375 0.74609375 0.1103515625 0.111328125
0 0.3740234375 0.642578125 0.09765625 0.09765625
0 0.283203125 0.6962890625 0.09765625 0.09765625
0 0.2734375 0.78759765625 0.09765625 0.0986328125
0 0.27734375 0.91748046875 0.09765625 0.0986328125
0 0.1796875 0.86181640625 0.109375 0.1103515625
0 0.1865234375 0.74462890625 0.109375 0.1103515625
0 0.0927734375 0.92138671875 0.09765625 0.0986328125