0 0.681640625 0.66552734375 0.07421875 0.0732421875
0 0.0673828125 0.56689453125 0.07421875 0.0732421875
0 0.12841796875 0.4736328125 0.0615234375 0.060546875
0 0.197265625 0.76220703125 0.07421875 0.0732421875
0 0.181640625 0.9443359375 0.0859375 0.0859375
0 0.068359375 0.9453125 0.0859375 0.0859375
0 0.13623046875 0.859375 0.0986328125 0.09765625
0 0.083984375 0.7646484375 0.0859375 0.0859375
0 0.13623046875 0.658203125 0.0986328125 0.09765625
0 0.1689453125 0.57421875 0.09765625 0.09765625
0 0.0634765625 0.388671875 0.0859375 0.0859375
0 0.17529296875 0.3916015625 0.0986328125 0.09765625
0 0.11962890625 0.2861328125 0.0986328125 0.09765625
0 0.1259765625 0.09130859375 0.0859375 0.0849609375
0 0.17578125 0.189453125 0.0859375 0.0859375
0 0.07421875 0.201171875 0.09765625 0.09765625
0 0.23583984375 0.1005859375 0.0986328125 0.09765625
0 0.3408203125 0.09912109375 0.0859375 0.0849609375
0 0.8955078125 0.10009765625 0.0859375 0.0849609375
0 0.77734375 0.09716796875 0.0859375 0.0849609375
0 0.650390625 0.10205078125 0.0859375 0.0849609375
0 0.55712890625 0.09814453125 0.0869140625 0.0849609375
0 0.45458984375 0.103515625 0.0986328125 0.09765625
0 0.28662109375 0.197265625 0.0986328125 0.09765625
0 0.94482421875 0.193359375 0.0986328125 0.09765625
0 0.8369140625 0.1953125 0.0859375 0.0859375
0 0.73291015625 0.1943359375 0.0986328125 0.09765625
0 0.61328125 0.19384765625 0.0859375 0.0849609375
0 0.50732421875 0.2001953125 0.0986328125 0.09765625
0 0.3828125 0.1923828125 0.09765625 0.09765625
0 0.89501953125 0.283203125 0.0986328125 0.09765625
0 0.771484375 0.28955078125 0.0859375 0.0849609375
0 0.68310546875 0.28955078125 0.0869140625 0.0849609375
0 0.572265625 0.287109375 0.0859375 0.0859375
0 0.455078125 0.2880859375 0.0859375 0.0859375
0 0.36181640625 0.2880859375 0.0986328125 0.09765625
0 0.23193359375 0.2861328125 0.0986328125 0.09765625
0 0.3056640625 0.39013671875 0.0859375 0.0849609375
0 0.89501953125 0.3818359375 0.0986328125 0.09765625
0 0.826171875 0.38671875 0.09765625 0.09765625
0 0.74560546875 0.3798828125 0.0986328125 0.09765625
0 0.6162109375 0.39306640625 0.0859375 0.0849609375
0 0.509765625 0.3994140625 0.0859375 0.0859375
0 0.3984375 0.392578125 0.0859375 0.0859375
0 0.2275390625 0.47802734375 0.0859375 0.0849609375
0 0.8896484375 0.47998046875 0.0859375 0.0849609375
0 0.771484375 0.4833984375 0.0859375 0.0859375
0 0.69091796875 0.48046875 0.0986328125 0.09765625
0 0.5654296875 0.4755859375 0.0859375 0.0859375
0 0.466796875 0.4794921875 0.0859375 0.0859375
0 0.3408203125 0.4716796875 0.0859375 0.0859375
0 0.8349609375 0.57421875 0.0859375 0.0859375
0 0.70751953125 0.5712890625 0.0869140625 0.0859375
0 0.6044921875 0.5712890625 0.0859375 0.0859375
0 0.4931640625 0.57373046875 0.0859375 0.0849609375
0 0.40185546875 0.5732421875 0.0986328125 0.09765625
0 0.26513671875 0.576171875 0.0986328125 0.09765625
0 0.2353515625 0.66650390625 0.0859375 0.0849609375
0 0.3505859375 0.66650390625 0.0859375 0.0849609375
0 0.4521484375 0.67333984375 0.0859375 0.0849609375
0 0.572265625 0.66162109375 0.0859375 0.0849609375
0 0.8935546875 0.6591796875 0.09765625 0.09765625
0 0.7919921875 0.666015625 0.09765625 0.09765625
0 0.88427734375 0.7666015625 0.0986328125 0.09765625
0 0.73974609375 0.7734375 0.0986328125 0.09765625
0 0.625 0.7626953125 0.0859375 0.0859375
0 0.5107421875 0.75830078125 0.0859375 0.0849609375
0 0.404296875 0.75732421875 0.0859375 0.0849609375
0 0.298828125 0.75439453125 0.0859375 0.0849609375
0 0.8916015625 0.8505859375 0.0859375 0.0859375
0 0.78515625 0.8544921875 0.09765625 0.09765625
0 0.67578125 0.8515625 0.0859375 0.0859375
0 0.56640625 0.84765625 0.0859375 0.0859375
0 0.45068359375 0.8447265625 0.0986328125 0.09765625
0 0.32861328125 0.859375 0.0986328125 0.09765625
0 0.232421875 0.85400390625 0.111328125 0.1103515625
0 0.8349609375 0.9462890625 0.0859375 0.0859375
0 0.73046875 0.9462890625 0.0859375 0.0859375
0 0.60986328125 0.947265625 0.0986328125 0.09765625
0 0.5029296875 0.943359375 0.0859375 0.0859375
0 0.3984375 0.94189453125 0.0859375 0.0849609375
0 0.2919921875 0.9482421875 0.09765625 0.09765625
0 0.943359375 0.93896484375 0.0859375 0.0849609375