0 0.3369140625 0.12158203125 0.0859375 0.0869140625
0 0.90771484375 0.1162109375 0.0849609375 0.0859375
0 0.80859375 0.0498046875 0.09765625 0.09765625
0 0.712890625 0.115234375 0.0859375 0.0859375
0 0.61328125 0.0634765625 0.09765625 0.09765625
0 0.51806640625 0.1171875 0.0849609375 0.0859375
0 0.4365234375 0.06005859375 0.09765625 0.0986328125
0 0.23974609375 0.07763671875 0.0244140625 0.0244140625
0 0.14404296875 0.11181640625 0.0244140625 0.0244140625
0 0.14013671875 0.22119140625 0.0244140625 0.0244140625
0 0.14306640625 0.30322265625 0.0244140625 0.0244140625
0 0.24072265625 0.16455078125 0.0244140625 0.0244140625
0 0.23388671875 0.27197265625 0.0244140625 0.0244140625
0 0.333984375 0.302734375 0.037109375 0.037109375
0 0.3310546875 0.22021484375 0.109375 0.1103515625
0 0.4404296875 0.1640625 0.0859375 0.0859375
0 0.44091796875 0.27294921875 0.0732421875 0.0732421875
0 0.521484375 0.22314453125 0.09765625 0.0986328125
0 0.51220703125 0.33837890625 0.0615234375 0.0615234375
0 0.61328125 0.16943359375 0.09765625 0.0986328125
0 0.6181640625 0.27685546875 0.09765625 0.0986328125
0 0.7216796875 0.2265625 0.09765625 0.09765625
0 0.81298828125 0.1650390625 0.0849609375 0.0859375
0 0.8115234375 0.2763671875 0.09765625 0.09765625
0 0.9111328125 0.2236328125 0.09765625 0.09765625
0 0.90478515625 0.318359375 0.0849609375 0.0859375
0 0.0556640625 0.46630859375 0.060546875 0.0615234375
0 0.0478515625 0.564453125 0.0859375 0.0859375
0 0.14453125 0.5146484375 0.0859375 0.0859375
0 0.13671875 0.62451171875 0.09765625 0.0986328125
0 0.146484375 0.73486328125 0.109375 0.1103515625
0 0.14404296875 0.8466796875 0.1220703125 0.123046875
0 0.14306640625 0.95849609375 0.0615234375 0.0615234375
0 0.24169921875 0.47314453125 0.0615234375 0.0615234375
0 0.23828125 0.56689453125 0.09765625 0.0986328125
0 0.24267578125 0.681640625 0.1220703125 0.123046875
0 0.2353515625 0.79052734375 0.109375 0.1103515625
0 0.23876953125 0.9052734375 0.1220703125 0.123046875
0 0.3359375 0.51611328125 0.09765625 0.0986328125
0 0.33154296875 0.62548828125 0.1103515625 0.1103515625
0 0.32373046875 0.7294921875 0.1220703125 0.123046875
0 0.33251953125 0.85205078125 0.1103515625 0.1103515625
0 0.42578125 0.4833984375 0.048828125 0.048828125
0 0.4228515625 0.56884765625 0.09765625 0.0986328125
0 0.42236328125 0.68408203125 0.1220703125 0.1220703125
0 0.42626953125 0.7900390625 0.1220703125 0.123046875
0 0.42529296875 0.90673828125 0.1103515625 0.1103515625
0 0.51123046875 0.51611328125 0.0732421875 0.0732421875
0 0.515625 0.62841796875 0.109375 0.1103515625
0 0.5166015625 0.73779296875 0.109375 0.1103515625
0 0.5166015625 0.845703125 0.0859375 0.0859375
0 0.62158203125 0.568359375 0.1220703125 0.123046875
0 0.60986328125 0.6767578125 0.1220703125 0.123046875
0 0.6171875 0.79736328125 0.09765625 0.0986328125
0 0.6181640625 0.89599609375 0.09765625 0.0986328125
0 0.71533203125 0.513671875 0.0732421875 0.07421875
0 0.720703125 0.6259765625 0.09765625 0.09765625
0 0.72705078125 0.7392578125 0.1220703125 0.123046875
0 0.72265625 0.85205078125 0.09765625 0.0986328125
0 0.81591796875 0.5693359375 0.1220703125 0.123046875
0 0.81201171875 0.689453125 0.1220703125 0.123046875
0 0.81396484375 0.7978515625 0.0849609375 0.0859375
0 0.8115234375 0.91845703125 0.09765625 0.0986328125
0 0.90625 0.5205078125 0.09765625 0.09765625
0 0.91015625 0.6337890625 0.09765625 0.09765625
0 0.91015625 0.73828125 0.09765625 0.09765625
0 0.912109375 0.8525390625 0.09765625 0.09765625