0 0.05126953125 0.291015625 0.0869140625 0.0859375
0 0.21484375 0.77685546875 0.07421875 0.0732421875
0 0.046875 0.10986328125 0.0859375 0.0849609375
0 0.04150390625 0.48388671875 0.0244140625 0.0244140625
0 0.15087890625 0.48779296875 0.0244140625 0.0244140625
0 0.23291015625 0.48486328125 0.0244140625 0.0244140625
0 0.09423828125 0.38720703125 0.0244140625 0.0244140625
0 0.20166015625 0.39404296875 0.0244140625 0.0244140625
0 0.232421875 0.2939453125 0.037109375 0.037109375
0 0.14990234375 0.296875 0.1103515625 0.109375
0 0.09375 0.1875 0.0859375 0.0859375
0 0.20263671875 0.18701171875 0.0732421875 0.0732421875
0 0.15283203125 0.1064453125 0.0986328125 0.09765625
0 0.26806640625 0.11572265625 0.0615234375 0.0615234375
0 0.107421875 0.7705078125 0.09765625 0.09765625
0 0.16455078125 0.87109375 0.0986328125 0.09765625
0 0.22021484375 0.95458984375 0.0732421875 0.0732421875
0 0.38427734375 0.9580078125 0.0615234375 0.060546875
0 0.4404296875 0.8662109375 0.0859375 0.0859375
0 0.54443359375 0.865234375 0.0986328125 0.09765625
0 0.65771484375 0.86328125 0.0986328125 0.09765625
0 0.77099609375 0.8662109375 0.0986328125 0.09765625
0 0.88525390625 0.86572265625 0.1220703125 0.1220703125
0 0.3916015625 0.76806640625 0.037109375 0.0361328125
0 0.490234375 0.767578125 0.09765625 0.09765625
0 0.59912109375 0.7685546875 0.1103515625 0.109375
0 0.7197265625 0.77099609375 0.123046875 0.1220703125
0 0.82958984375 0.765625 0.1103515625 0.109375
0 0.93896484375 0.771484375 0.0986328125 0.09765625
0 0.44921875 0.67236328125 0.0859375 0.0849609375
0 0.546875 0.6748046875 0.09765625 0.09765625
0 0.6630859375 0.67626953125 0.111328125 0.1103515625
0 0.775390625 0.68017578125 0.123046875 0.1220703125
0 0.87744140625 0.677734375 0.1103515625 0.109375
0 0.39599609375 0.572265625 0.0615234375 0.060546875
0 0.494140625 0.580078125 0.0859375 0.0859375
0 0.60546875 0.57861328125 0.111328125 0.1103515625
0 0.71875 0.58642578125 0.123046875 0.1220703125
0 0.82666015625 0.58642578125 0.1103515625 0.1103515625
0 0.4443359375 0.4833984375 0.0859375 0.0859375
0 0.55419921875 0.4912109375 0.0986328125 0.09765625
0 0.66455078125 0.4814453125 0.1103515625 0.109375
0 0.7763671875 0.48388671875 0.123046875 0.1220703125
0 0.88818359375 0.48486328125 0.0615234375 0.0615234375
0 0.94091796875 0.58154296875 0.1103515625 0.1103515625
0 0.40283203125 0.38623046875 0.0615234375 0.0615234375
0 0.49658203125 0.3896484375 0.0986328125 0.09765625
0 0.611328125 0.38525390625 0.123046875 0.1220703125
0 0.72021484375 0.392578125 0.1103515625 0.109375
0 0.8349609375 0.38916015625 0.123046875 0.1220703125
0 0.94140625 0.38671875 0.111328125 0.109375
0 0.44580078125 0.2919921875 0.0986328125 0.09765625
0 0.55517578125 0.29638671875 0.1103515625 0.1103515625
0 0.6591796875 0.30419921875 0.123046875 0.1220703125
0 0.78173828125 0.29541015625 0.1103515625 0.1103515625
0 0.884765625 0.29443359375 0.123046875 0.1220703125
0 0.4130859375 0.2021484375 0.048828125 0.048828125
0 0.49853515625 0.205078125 0.0986328125 0.09765625
0 0.61376953125 0.20556640625 0.1220703125 0.1220703125
0 0.7197265625 0.20166015625 0.123046875 0.1220703125
0 0.83642578125 0.20263671875 0.1103515625 0.1103515625
0 0.44580078125 0.11669921875 0.0732421875 0.0732421875
0 0.55810546875 0.1123046875 0.1103515625 0.109375
0 0.66748046875 0.111328125 0.1103515625 0.109375
0 0.775390625 0.111328125 0.0859375 0.0859375
0 0.88916015625 0.10595703125 0.1103515625 0.1103515625