0 0.927734375 0.77197265625 0.109375 0.1103515625
0 0.06494140625 0.9365234375 0.0849609375 0.0859375
0 0.06640625 0.82470703125 0.09765625 0.0986328125
0 0.06640625 0.71044921875 0.09765625 0.0986328125
0 0.162109375 0.880859375 0.0859375 0.0859375
0 0.16015625 0.77197265625 0.09765625 0.0986328125
0 0.2529296875 0.93505859375 0.09765625 0.0986328125
0 0.251953125 0.82763671875 0.09765625 0.0986328125
0 0.2548828125 0.71630859375 0.09765625 0.0986328125
0 0.35498046875 0.88134765625 0.1103515625 0.1103515625
0 0.35888671875 0.77392578125 0.1103515625 0.1103515625
0 0.45654296875 0.93310546875 0.1103515625 0.1103515625
0 0.45068359375 0.81884765625 0.1103515625 0.1103515625
0 0.451171875 0.7099609375 0.109375 0.111328125
0 0.5478515625 0.8798828125 0.09765625 0.09765625
0 0.5439453125 0.763671875 0.09765625 0.09765625
0 0.6396484375 0.9384765625 0.109375 0.111328125
0 0.6376953125 0.82421875 0.109375 0.111328125
0 0.64306640625 0.724609375 0.1103515625 0.111328125
0 0.74072265625 0.8798828125 0.1103515625 0.111328125
0 0.73583984375 0.77294921875 0.1103515625 0.1103515625
0 0.83154296875 0.92919921875 0.1103515625 0.1103515625
0 0.8271484375 0.82470703125 0.109375 0.1103515625
0 0.9296875 0.87939453125 0.109375 0.1103515625
0 0.9287109375 0.65966796875 0.048828125 0.0498046875
0 0.833984375 0.7216796875 0.048828125 0.048828125
0 0.9267578125 0.552734375 0.109375 0.111328125
0 0.82421875 0.494140625 0.0859375 0.0859375
0 0.83056640625 0.6064453125 0.0849609375 0.0859375
0 0.73388671875 0.6552734375 0.0849609375 0.0859375
0 0.73681640625 0.548828125 0.0849609375 0.0859375
0 0.7294921875 0.44140625 0.09765625 0.09765625
0 0.734375 0.3369140625 0.09765625 0.09765625
0 0.7392578125 0.22021484375 0.09765625 0.0986328125
0 0.64013671875 0.60693359375 0.0732421875 0.0732421875
0 0.63720703125 0.4951171875 0.0849609375 0.0859375
0 0.63818359375 0.2783203125 0.0732421875 0.07421875
0 0.5517578125 0.66064453125 0.09765625 0.0986328125
0 0.5458984375 0.55126953125 0.09765625 0.0986328125
0 0.55078125 0.43603515625 0.09765625 0.0986328125
0 0.541015625 0.3251953125 0.09765625 0.09765625
0 0.5390625 0.21484375 0.09765625 0.09765625
0 0.44873046875 0.60595703125 0.1103515625 0.1103515625
0 0.44775390625 0.49169921875 0.1103515625 0.1103515625
0 0.453125 0.38525390625 0.109375 0.1103515625
0 0.4541015625 0.26708984375 0.109375 0.1103515625
0 0.453125 0.1591796875 0.109375 0.111328125
0 0.35400390625 0.65673828125 0.1103515625 0.1103515625
0 0.35693359375 0.54541015625 0.1103515625 0.1103515625
0 0.36279296875 0.43701171875 0.1103515625 0.1103515625
0 0.35498046875 0.32470703125 0.1103515625 0.1103515625
0 0.353515625 0.21630859375 0.109375 0.1103515625
0 0.2529296875 0.60400390625 0.109375 0.1103515625
0 0.2529296875 0.49560546875 0.09765625 0.0986328125
0 0.25732421875 0.38330078125 0.1103515625 0.1103515625
0 0.25439453125 0.27197265625 0.1103515625 0.1103515625
0 0.25537109375 0.15673828125 0.1103515625 0.1103515625
0 0.16015625 0.66357421875 0.109375 0.1103515625
0 0.1533203125 0.53955078125 0.109375 0.1103515625
0 0.16015625 0.43603515625 0.109375 0.1103515625
0 0.16015625 0.31982421875 0.109375 0.1103515625
0 0.1630859375 0.21630859375 0.109375 0.1103515625
0 0.0654296875 0.609375 0.09765625 0.09765625
0 0.06884765625 0.49365234375 0.1103515625 0.1103515625
0 0.0625 0.37841796875 0.109375 0.1103515625
0 0.0673828125 0.26708984375 0.09765625 0.0986328125
0 0.0615234375 0.15966796875 0.109375 0.1103515625
0 0.16845703125 0.09716796875 0.1103515625 0.1103515625
0 0.3642578125 0.10400390625 0.109375 0.1103515625
0 0.55029296875 0.0888671875 0.1103515625 0.111328125
0 0.63916015625 0.1474609375 0.0849609375 0.0859375
0 0.63232421875 0.03369140625 0.0244140625 0.0244140625
0 0.7314453125 0.11181640625 0.09765625 0.0986328125