0 0.8078125 0.4390625 0.071875 0.071875
0 0.9 0.9125 0.071875 0.071875
0 0.8984375 0.46953125 0.071875 0.0734375
0 0.903125 0.57421875 0.071875 0.0734375
0 0.70625 0.47578125 0.084375 0.0859375
0 0.05078125 0.88671875 0.0859375 0.0859375
0 0.04375 0.78203125 0.084375 0.0859375
0 0.0484375 0.55546875 0.096875 0.0984375
0 0.1421875 0.503125 0.109375 0.109375
0 0.1421875 0.60703125 0.096875 0.0984375
0 0.1453125 0.71484375 0.096875 0.0984375
0 0.14296875 0.83828125 0.0859375 0.0859375
0 0.14375 0.94765625 0.096875 0.0984375
0 0.2359375 0.44453125 0.096875 0.0984375
0 0.2421875 0.559375 0.096875 0.096875
0 0.234375 0.66328125 0.084375 0.0859375
0 0.2328125 0.771875 0.096875 0.096875
0 0.2421875 0.88828125 0.096875 0.0984375
0 0.3296875 0.93046875 0.096875 0.0984375
0 0.3328125 0.81875 0.096875 0.096875
0 0.3328125 0.70703125 0.096875 0.0984375
0 0.340625 0.5953125 0.096875 0.096875
0 0.3328125 0.48828125 0.096875 0.0984375
0 0.421875 0.4296875 0.096875 0.096875
0 0.428125 0.53828125 0.096875 0.0984375
0 0.4265625 0.64453125 0.096875 0.0984375
0 0.425 0.759375 0.096875 0.096875
0 0.421875 0.87578125 0.096875 0.0984375
0 0.5140625 0.9171875 0.109375 0.109375
0 0.5203125 0.815625 0.109375 0.109375
0 0.51875 0.7015625 0.109375 0.109375
0 0.5171875 0.5875 0.109375 0.109375
0 0.515625 0.47734375 0.109375 0.1109375
0 0.6140625 0.434375 0.096875 0.096875
0 0.6046875 0.5375 0.109375 0.109375
0 0.6171875 0.64140625 0.109375 0.1109375
0 0.609375 0.753125 0.109375 0.109375
0 0.6125 0.85859375 0.084375 0.0859375
0 0.61484375 0.94765625 0.0859375 0.0859375
0 0.70625 0.92890625 0.096875 0.0984375
0 0.7046875 0.80859375 0.096875 0.0984375
0 0.7109375 0.70390625 0.084375 0.0859375
0 0.7046875 0.5765625 0.109375 0.109375
0 0.803125 0.53828125 0.084375 0.0859375
0 0.8015625 0.6375 0.096875 0.096875
0 0.8046875 0.77265625 0.096875 0.0984375
0 0.803125 0.86171875 0.096875 0.0984375
0 0.8984375 0.80859375 0.084375 0.0859375
0 0.89375 0.67265625 0.096875 0.0984375
0 0.9046875 0.38515625 0.084375 0.0859375
0 0.8984375 0.2609375 0.109375 0.109375
0 0.9 0.1515625 0.109375 0.109375
0 0.8015625 0.10078125 0.096875 0.0984375
0 0.803125 0.21015625 0.096875 0.0984375
0 0.80234375 0.31484375 0.0859375 0.0859375
0 0.7046875 0.371875 0.109375 0.109375
0 0.7078125 0.26796875 0.096875 0.0984375
0 0.70859375 0.15078125 0.0859375 0.0859375
0 0.70703125 0.04453125 0.0859375 0.0859375
0 0.615625 0.08984375 0.096875 0.0984375
0 0.6125 0.19765625 0.096875 0.0984375
0 0.61875 0.303125 0.096875 0.096875
0 0.525 0.35546875 0.109375 0.1109375
0 0.5234375 0.25546875 0.109375 0.1109375
0 0.51875 0.1640625 0.109375 0.109375
0 0.434375 0.090625 0.096875 0.096875
0 0.434375 0.2015625 0.096875 0.096875
0 0.42734375 0.31328125 0.0859375 0.0859375
0 0.3359375 0.37890625 0.096875 0.0984375
0 0.33203125 0.27578125 0.0859375 0.0859375
0 0.3390625 0.153125 0.096875 0.096875
0 0.2421875 0.11875 0.096875 0.096875
0 0.2359375 0.21484375 0.096875 0.0984375
0 0.234375 0.33828125 0.096875 0.0984375
0 0.1484375 0.39375 0.109375 0.109375
0 0.140625 0.28125 0.109375 0.109375
0 0.1546875 0.1671875 0.109375 0.109375
0 0.1453125 0.05625 0.109375 0.109375
0 0.059375 0.12421875 0.096875 0.0984375
0 0.04765625 0.34140625 0.0859375 0.0859375