0 0.6806640625 0.08984375 0.0859375 0.0859375
0 0.67626953125 0.28369140625 0.0732421875 0.0732421875
0 0.458984375 0.27685546875 0.0859375 0.0849609375
0 0.34228515625 0.28173828125 0.0732421875 0.0732421875
0 0.51708984375 0.37158203125 0.0732421875 0.0732421875
0 0.291015625 0.37744140625 0.0859375 0.0849609375
0 0.40283203125 0.37060546875 0.0615234375 0.0615234375
0 0.1748046875 0.3740234375 0.0859375 0.0859375
0 0.62255859375 0.37841796875 0.0732421875 0.0732421875
0 0.884765625 0.091796875 0.0859375 0.0859375
0 0.78466796875 0.0888671875 0.0869140625 0.0859375
0 0.9541015625 0.18505859375 0.0859375 0.0849609375
0 0.8408203125 0.18408203125 0.0859375 0.0849609375
0 0.7333984375 0.18505859375 0.0859375 0.0849609375
0 0.9541015625 0.37646484375 0.07421875 0.0732421875
0 0.8984375 0.283203125 0.09765625 0.09765625
0 0.78466796875 0.27978515625 0.0615234375 0.0615234375
0 0.62158203125 0.1884765625 0.0869140625 0.0859375
0 0.841796875 0.373046875 0.0859375 0.0859375
0 0.7333984375 0.3740234375 0.0859375 0.0859375
0 0.56787109375 0.27587890625 0.0732421875 0.0732421875
0 0.236328125 0.279296875 0.0859375 0.0859375
0 0.125 0.2802734375 0.09765625 0.09765625
0 0.5107421875 0.18359375 0.0859375 0.0859375
0 0.39892578125 0.1796875 0.0986328125 0.09765625
0 0.291015625 0.1826171875 0.0859375 0.0859375
0 0.1845703125 0.1826171875 0.09765625 0.09765625
0 0.56396484375 0.0869140625 0.0986328125 0.09765625
0 0.45654296875 0.0869140625 0.0986328125 0.09765625
0 0.341796875 0.08935546875 0.0859375 0.0849609375
0 0.2333984375 0.09228515625 0.0859375 0.0849609375
0 0.12890625 0.0908203125 0.09765625 0.09765625
0 0.06982421875 0.1845703125 0.0869140625 0.0859375
0 0.076171875 0.37353515625 0.0859375 0.0849609375