0 0.85302734375 0.16650390625 0.0732421875 0.0732421875
0 0.4443359375 0.07373046875 0.07421875 0.0732421875
0 0.92578125 0.25927734375 0.07421875 0.0732421875
0 0.72802734375 0.0654296875 0.1103515625 0.109375
0 0.82421875 0.0732421875 0.09765625 0.09765625
0 0.75146484375 0.1689453125 0.0986328125 0.09765625
0 0.6953125 0.255859375 0.09765625 0.09765625
0 0.8037109375 0.2646484375 0.0859375 0.0859375
0 0.69482421875 0.4423828125 0.0986328125 0.09765625
0 0.8095703125 0.44921875 0.0859375 0.0859375
0 0.9150390625 0.44677734375 0.0859375 0.0849609375
0 0.6611328125 0.5380859375 0.09765625 0.09765625
0 0.75244140625 0.533203125 0.0986328125 0.09765625
0 0.8564453125 0.5478515625 0.09765625 0.09765625
0 0.7080078125 0.63134765625 0.111328125 0.1103515625
0 0.8330078125 0.62744140625 0.123046875 0.1220703125
0 0.9384765625 0.63427734375 0.0859375 0.0849609375
0 0.65673828125 0.72705078125 0.1103515625 0.1103515625
0 0.76611328125 0.72314453125 0.1103515625 0.1103515625
0 0.87841796875 0.7255859375 0.0986328125 0.09765625
0 0.72314453125 0.8212890625 0.1103515625 0.109375
0 0.81982421875 0.81396484375 0.1103515625 0.1103515625
0 0.93505859375 0.81640625 0.1103515625 0.109375
0 0.662109375 0.912109375 0.0859375 0.0859375
0 0.77294921875 0.9169921875 0.1103515625 0.109375
0 0.87939453125 0.91455078125 0.1103515625 0.1103515625
0 0.146484375 0.255859375 0.0859375 0.0859375
0 0.24609375 0.2626953125 0.0859375 0.0859375
0 0.3779296875 0.25634765625 0.0859375 0.0849609375
0 0.39453125 0.14892578125 0.0859375 0.0849609375
0 0.3115234375 0.15283203125 0.0859375 0.0849609375
0 0.1953125 0.1630859375 0.0859375 0.0859375
0 0.0810546875 0.16162109375 0.0859375 0.0849609375
0 0.1513671875 0.0673828125 0.0859375 0.0859375
0 0.2734375 0.06982421875 0.0859375 0.0849609375
0 0.35546875 0.06884765625 0.0859375 0.0849609375
0 0.63427734375 0.06640625 0.1103515625 0.109375
0 0.65087890625 0.16357421875 0.1103515625 0.1103515625
0 0.5830078125 0.2578125 0.09765625 0.09765625
0 0.09130859375 0.3466796875 0.0986328125 0.09765625
0 0.2001953125 0.34912109375 0.0859375 0.0849609375
0 0.31787109375 0.3505859375 0.0986328125 0.09765625
0 0.43115234375 0.349609375 0.0986328125 0.09765625
0 0.1455078125 0.43798828125 0.0859375 0.0849609375
0 0.26318359375 0.4384765625 0.0986328125 0.09765625
0 0.3759765625 0.4423828125 0.0859375 0.0859375
0 0.4853515625 0.4453125 0.09765625 0.09765625
0 0.583984375 0.4501953125 0.0859375 0.0859375
0 0.10693359375 0.5361328125 0.0986328125 0.09765625
0 0.22021484375 0.5361328125 0.0986328125 0.09765625
0 0.3330078125 0.5341796875 0.09765625 0.09765625
0 0.4306640625 0.5341796875 0.111328125 0.109375
0 0.54248046875 0.53955078125 0.1103515625 0.1103515625
0 0.0498046875 0.63037109375 0.0859375 0.0849609375
0 0.1640625 0.63330078125 0.0859375 0.0849609375
0 0.2783203125 0.630859375 0.09765625 0.09765625
0 0.40234375 0.63330078125 0.0859375 0.0849609375
0 0.5048828125 0.62841796875 0.0859375 0.0849609375
0 0.55029296875 0.72265625 0.0986328125 0.09765625
0 0.443359375 0.72802734375 0.111328125 0.1103515625
0 0.3330078125 0.7216796875 0.09765625 0.09765625
0 0.21728515625 0.7158203125 0.1103515625 0.109375
0 0.11181640625 0.716796875 0.0986328125 0.09765625
0 0.0556640625 0.8203125 0.09765625 0.09765625
0 0.1728515625 0.810546875 0.111328125 0.109375
0 0.26904296875 0.8154296875 0.0986328125 0.09765625
0 0.39013671875 0.80908203125 0.1103515625 0.1103515625
0 0.49267578125 0.814453125 0.1103515625 0.109375
0 0.54443359375 0.90771484375 0.1103515625 0.1103515625
0 0.6083984375 0.814453125 0.0859375 0.0859375
0 0.451171875 0.90234375 0.111328125 0.109375
0 0.32763671875 0.9150390625 0.1103515625 0.109375
0 0.21533203125 0.9150390625 0.1103515625 0.109375
0 0.10498046875 0.9111328125 0.1103515625 0.109375
0 0.61572265625 0.62451171875 0.1103515625 0.1103515625