0 0.33447265625 0.86669921875 0.0732421875 0.0732421875
0 0.23583984375 0.69775390625 0.0615234375 0.0615234375
0 0.33056640625 0.74365234375 0.0615234375 0.0615234375
0 0.423828125 0.705078125 0.060546875 0.060546875
0 0.05712890625 0.69970703125 0.0615234375 0.0615234375
0 0.052734375 0.81298828125 0.09765625 0.0986328125
0 0.0556640625 0.91845703125 0.09765625 0.0986328125
0 0.1474609375 0.75244140625 0.09765625 0.0986328125
0 0.1494140625 0.86767578125 0.0859375 0.0869140625
0 0.2412109375 0.8115234375 0.0859375 0.0859375
0 0.23828125 0.921875 0.0859375 0.0859375
0 0.4326171875 0.80859375 0.09765625 0.09765625
0 0.43115234375 0.9169921875 0.0849609375 0.0859375
0 0.52392578125 0.7509765625 0.0732421875 0.07421875
0 0.6171875 0.8046875 0.0859375 0.0859375
0 0.62255859375 0.9169921875 0.0732421875 0.07421875
0 0.529296875 0.861328125 0.09765625 0.09765625