0 0.80810546875 0.68017578125 0.0732421875 0.0732421875
0 0.353515625 0.8681640625 0.09765625 0.09765625
0 0.24267578125 0.8642578125 0.0986328125 0.09765625
0 0.12841796875 0.8642578125 0.0986328125 0.09765625
0 0.07666015625 0.77734375 0.1103515625 0.109375
0 0.19091796875 0.7822265625 0.0986328125 0.09765625
0 0.29736328125 0.77734375 0.0986328125 0.09765625
0 0.3603515625 0.68701171875 0.0859375 0.0849609375
0 0.2314453125 0.681640625 0.0859375 0.0859375
0 0.12109375 0.681640625 0.0859375 0.0859375
0 0.2978515625 0.5888671875 0.0859375 0.0859375
0 0.18701171875 0.572265625 0.0986328125 0.09765625
0 0.07666015625 0.578125 0.1103515625 0.109375
0 0.13525390625 0.4921875 0.0986328125 0.09765625
0 0.24560546875 0.49951171875 0.1103515625 0.1103515625
0 0.35888671875 0.5009765625 0.0986328125 0.09765625
0 0.29150390625 0.400390625 0.0986328125 0.09765625
0 0.19384765625 0.390625 0.0986328125 0.09765625
0 0.07666015625 0.3935546875 0.1103515625 0.109375
0 0.13818359375 0.3017578125 0.0986328125 0.09765625
0 0.2421875 0.30859375 0.09765625 0.09765625
0 0.34228515625 0.3046875 0.1103515625 0.109375
0 0.29931640625 0.2060546875 0.0986328125 0.09765625
0 0.18896484375 0.2060546875 0.1103515625 0.109375
0 0.08740234375 0.20751953125 0.1103515625 0.1103515625
0 0.13427734375 0.107421875 0.0986328125 0.09765625
0 0.25634765625 0.1083984375 0.0986328125 0.09765625
0 0.3564453125 0.11181640625 0.0859375 0.0849609375
0 0.89306640625 0.4951171875 0.0869140625 0.0859375
0 0.7822265625 0.4951171875 0.0859375 0.0859375
0 0.8369140625 0.58837890625 0.07421875 0.0732421875
0 0.9423828125 0.58447265625 0.07421875 0.0732421875
0 0.84375 0.78076171875 0.0859375 0.0849609375
0 0.802734375 0.8740234375 0.09765625 0.09765625
0 0.90576171875 0.8828125 0.1103515625 0.109375
0 0.90625 0.68408203125 0.0859375 0.0849609375
0 0.79931640625 0.123046875 0.0986328125 0.09765625
0 0.90478515625 0.1162109375 0.0986328125 0.09765625
0 0.94140625 0.20703125 0.09765625 0.09765625
0 0.83984375 0.2119140625 0.111328125 0.109375
0 0.79296875 0.3076171875 0.111328125 0.109375
0 0.90087890625 0.30224609375 0.1103515625 0.1103515625
0 0.8486328125 0.40185546875 0.0859375 0.0849609375
0 0.6796875 0.111328125 0.09765625 0.09765625
0 0.46484375 0.119140625 0.09765625 0.09765625
0 0.578125 0.1142578125 0.09765625 0.09765625
0 0.4150390625 0.2060546875 0.09765625 0.09765625
0 0.529296875 0.2060546875 0.09765625 0.09765625
0 0.6396484375 0.2138671875 0.09765625 0.09765625
0 0.74072265625 0.21435546875 0.1103515625 0.1103515625
0 0.68994140625 0.302734375 0.0986328125 0.09765625
0 0.57763671875 0.30517578125 0.1103515625 0.1103515625
0 0.455078125 0.30517578125 0.111328125 0.1103515625
0 0.51953125 0.396484375 0.0859375 0.0859375
0 0.3857421875 0.3994140625 0.09765625 0.09765625
0 0.46337890625 0.4921875 0.1103515625 0.109375
0 0.58642578125 0.4931640625 0.0986328125 0.09765625
0 0.68115234375 0.49365234375 0.0869140625 0.0849609375
0 0.7529296875 0.58251953125 0.0859375 0.0849609375
0 0.62939453125 0.58837890625 0.1103515625 0.1103515625
0 0.52001953125 0.58740234375 0.1103515625 0.1103515625
0 0.40966796875 0.5869140625 0.0986328125 0.09765625
0 0.46826171875 0.6865234375 0.0986328125 0.09765625
0 0.57861328125 0.6845703125 0.0986328125 0.09765625
0 0.6826171875 0.685546875 0.0859375 0.0859375
0 0.74072265625 0.783203125 0.1103515625 0.109375
0 0.63623046875 0.7802734375 0.0986328125 0.09765625
0 0.5185546875 0.7802734375 0.0859375 0.0859375
0 0.412109375 0.78125 0.0859375 0.0859375
0 0.45849609375 0.8720703125 0.0986328125 0.09765625
0 0.56591796875 0.875 0.0986328125 0.09765625
0 0.671875 0.869140625 0.09765625 0.09765625
0 0.64208984375 0.396484375 0.1103515625 0.109375
0 0.73291015625 0.4013671875 0.1103515625 0.109375