0 0.64794921875 0.91943359375 0.1103515625 0.1103515625
0 0.533203125 0.91796875 0.111328125 0.109375
0 0.42626953125 0.9189453125 0.0986328125 0.09765625
0 0.3173828125 0.9150390625 0.09765625 0.09765625
0 0.20263671875 0.9228515625 0.0986328125 0.09765625
0 0.09228515625 0.91357421875 0.1103515625 0.1103515625
0 0.591796875 0.83154296875 0.0859375 0.0849609375
0 0.48291015625 0.826171875 0.0986328125 0.09765625
0 0.36572265625 0.818359375 0.0986328125 0.09765625
0 0.26806640625 0.8232421875 0.0986328125 0.09765625
0 0.1494140625 0.82080078125 0.0859375 0.0849609375
0 0.6455078125 0.73583984375 0.0859375 0.0849609375
0 0.5322265625 0.7294921875 0.09765625 0.09765625
0 0.42919921875 0.7265625 0.0986328125 0.09765625
0 0.31591796875 0.7236328125 0.0986328125 0.09765625
0 0.2001953125 0.7197265625 0.0859375 0.0859375
0 0.09521484375 0.72265625 0.0986328125 0.09765625
0 0.16015625 0.6240234375 0.111328125 0.109375
0 0.27197265625 0.62451171875 0.1103515625 0.1103515625
0 0.3798828125 0.6376953125 0.09765625 0.09765625
0 0.48681640625 0.62841796875 0.1103515625 0.1103515625
0 0.59619140625 0.63232421875 0.1103515625 0.1103515625
0 0.6416015625 0.53515625 0.09765625 0.09765625
0 0.53759765625 0.529296875 0.0986328125 0.09765625
0 0.42822265625 0.53125 0.0986328125 0.09765625
0 0.32275390625 0.5341796875 0.1103515625 0.109375
0 0.20458984375 0.52880859375 0.1103515625 0.1103515625
0 0.1005859375 0.52978515625 0.111328125 0.1103515625
0 0.58935546875 0.43994140625 0.1103515625 0.1103515625
0 0.48193359375 0.439453125 0.0986328125 0.09765625
0 0.37109375 0.431640625 0.09765625 0.09765625
0 0.25927734375 0.4384765625 0.0869140625 0.0859375
0 0.14990234375 0.4345703125 0.0986328125 0.09765625
0 0.64599609375 0.34423828125 0.1103515625 0.1103515625
0 0.54296875 0.3466796875 0.111328125 0.109375
0 0.42822265625 0.3427734375 0.0986328125 0.09765625
0 0.3115234375 0.34130859375 0.111328125 0.1103515625
0 0.2021484375 0.3447265625 0.09765625 0.09765625
0 0.08251953125 0.34619140625 0.1103515625 0.1103515625
0 0.47021484375 0.25 0.1103515625 0.109375
0 0.3818359375 0.2470703125 0.09765625 0.09765625
0 0.2958984375 0.25244140625 0.111328125 0.1103515625
0 0.18115234375 0.25732421875 0.1103515625 0.1103515625
0 0.099609375 0.15234375 0.111328125 0.109375
0 0.19873046875 0.158203125 0.0986328125 0.09765625
0 0.66015625 0.17138671875 0.111328125 0.1103515625
0 0.56005859375 0.1630859375 0.1103515625 0.109375
0 0.41552734375 0.1630859375 0.1103515625 0.109375
0 0.32568359375 0.1591796875 0.0986328125 0.09765625
0 0.3740234375 0.0625 0.09765625 0.09765625
0 0.267578125 0.0634765625 0.09765625 0.09765625
0 0.154296875 0.0634765625 0.09765625 0.09765625
0 0.74951171875 0.92236328125 0.1103515625 0.1103515625
0 0.86376953125 0.927734375 0.1103515625 0.109375
0 0.93798828125 0.9208984375 0.0986328125 0.09765625
0 0.90283203125 0.82958984375 0.1103515625 0.1103515625
0 0.80712890625 0.8310546875 0.0986328125 0.09765625
0 0.71728515625 0.83203125 0.1103515625 0.109375
0 0.75341796875 0.728515625 0.1103515625 0.109375
0 0.70556640625 0.63134765625 0.1103515625 0.1103515625
0 0.74755859375 0.5361328125 0.1103515625 0.109375
0 0.70458984375 0.4287109375 0.1103515625 0.109375
0 0.765625 0.3447265625 0.111328125 0.109375
0 0.91162109375 0.2607421875 0.0986328125 0.09765625
0 0.85986328125 0.1767578125 0.1103515625 0.109375
0 0.7529296875 0.16259765625 0.111328125 0.1103515625
0 0.7099609375 0.0615234375 0.111328125 0.109375
0 0.8154296875 0.06298828125 0.111328125 0.1103515625
0 0.931640625 0.06298828125 0.0859375 0.0849609375