0 0.77978515625 0.77734375 0.0732421875 0.07421875
0 0.68798828125 0.85791015625 0.0732421875 0.0732421875
0 0.49951171875 0.9384765625 0.0849609375 0.0859375
0 0.49462890625 0.833984375 0.0849609375 0.0859375
0 0.49462890625 0.7158203125 0.0849609375 0.0859375
0 0.4130859375 0.6728515625 0.0859375 0.0859375
0 0.30615234375 0.724609375 0.0849609375 0.0859375
0 0.3095703125 0.81591796875 0.0859375 0.0869140625
0 0.40673828125 0.7744140625 0.0849609375 0.0859375
0 0.40283203125 0.8720703125 0.0849609375 0.0859375
0 0.68310546875 0.74365234375 0.0615234375 0.0615234375
0 0.130859375 0.1865234375 0.0859375 0.0859375
0 0.1240234375 0.28759765625 0.09765625 0.0986328125
0 0.123046875 0.3994140625 0.09765625 0.09765625
0 0.12109375 0.50634765625 0.09765625 0.0986328125
0 0.12890625 0.61962890625 0.109375 0.1103515625
0 0.1162109375 0.73095703125 0.09765625 0.0986328125
0 0.1201171875 0.84326171875 0.09765625 0.0986328125
0 0.12109375 0.94873046875 0.09765625 0.0986328125
0 0.2265625 0.888671875 0.09765625 0.09765625
0 0.22705078125 0.7861328125 0.0849609375 0.0859375
0 0.216796875 0.6689453125 0.109375 0.111328125
0 0.216796875 0.5791015625 0.109375 0.111328125
0 0.21875 0.21337890625 0.09765625 0.0986328125
0 0.2158203125 0.35791015625 0.09765625 0.0986328125
0 0.216796875 0.4541015625 0.09765625 0.09765625
0 0.3173828125 0.17724609375 0.09765625 0.0986328125
0 0.314453125 0.29296875 0.09765625 0.09765625
0 0.318359375 0.40087890625 0.09765625 0.0986328125
0 0.3134765625 0.51416015625 0.09765625 0.0986328125
0 0.3115234375 0.60400390625 0.09765625 0.0986328125
0 0.40625 0.23193359375 0.109375 0.1103515625
0 0.4033203125 0.33740234375 0.109375 0.1103515625
0 0.4111328125 0.44775390625 0.109375 0.1103515625
0 0.4072265625 0.55615234375 0.09765625 0.0986328125
0 0.5146484375 0.1826171875 0.109375 0.111328125
0 0.50537109375 0.29296875 0.0849609375 0.0859375
0 0.49755859375 0.39697265625 0.1103515625 0.1103515625
0 0.50634765625 0.5048828125 0.0849609375 0.0859375
0 0.5068359375 0.58203125 0.09765625 0.09765625
0 0.591796875 0.15087890625 0.09765625 0.0986328125
0 0.5947265625 0.25439453125 0.09765625 0.0986328125
0 0.595703125 0.345703125 0.0859375 0.0859375
0 0.603515625 0.4638671875 0.0859375 0.0859375
0 0.603515625 0.56005859375 0.09765625 0.0986328125
0 0.595703125 0.6787109375 0.0859375 0.0859375
0 0.59033203125 0.7822265625 0.0849609375 0.0859375
0 0.5927734375 0.912109375 0.0859375 0.0859375
0 0.693359375 0.18701171875 0.09765625 0.0986328125
0 0.70166015625 0.2998046875 0.0849609375 0.0859375
0 0.69775390625 0.4013671875 0.1103515625 0.111328125
0 0.6962890625 0.50830078125 0.109375 0.1103515625
0 0.6953125 0.60791015625 0.109375 0.1103515625
0 0.7958984375 0.66943359375 0.109375 0.1103515625
0 0.80126953125 0.56298828125 0.1103515625 0.1103515625
0 0.7998046875 0.4599609375 0.109375 0.111328125
0 0.798828125 0.341796875 0.09765625 0.09765625
0 0.7978515625 0.23095703125 0.09765625 0.0986328125
0 0.88818359375 0.1748046875 0.0849609375 0.0859375
0 0.88671875 0.28466796875 0.109375 0.1103515625
0 0.8876953125 0.39013671875 0.09765625 0.0986328125
0 0.88671875 0.50439453125 0.109375 0.1103515625
0 0.880859375 0.61865234375 0.09765625 0.0986328125
0 0.884765625 0.72021484375 0.109375 0.1103515625