0 0.57373046875 0.16357421875 0.0732421875 0.0732421875
0 0.15087890625 0.919921875 0.1103515625 0.109375
0 0.07421875 0.82177734375 0.111328125 0.1103515625
0 0.0654296875 0.6357421875 0.0859375 0.0859375
0 0.1484375 0.7314453125 0.09765625 0.09765625
0 0.11767578125 0.5390625 0.0986328125 0.09765625
0 0.06787109375 0.44970703125 0.1103515625 0.1103515625
0 0.119140625 0.3515625 0.09765625 0.09765625
0 0.06298828125 0.2607421875 0.0986328125 0.09765625
0 0.1259765625 0.17041015625 0.0859375 0.0849609375
0 0.0634765625 0.072265625 0.0859375 0.0859375
0 0.6025390625 0.07177734375 0.07421875 0.0732421875
0 0.7080078125 0.06787109375 0.07421875 0.0732421875
0 0.609375 0.26416015625 0.0859375 0.0849609375
0 0.91650390625 0.92724609375 0.0869140625 0.0849609375
0 0.80615234375 0.923828125 0.0986328125 0.09765625
0 0.68994140625 0.921875 0.0986328125 0.09765625
0 0.58349609375 0.92578125 0.0986328125 0.09765625
0 0.63720703125 0.8291015625 0.1103515625 0.109375
0 0.74072265625 0.8291015625 0.0986328125 0.09765625
0 0.84912109375 0.826171875 0.0986328125 0.09765625
0 0.57861328125 0.734375 0.0986328125 0.09765625
0 0.6943359375 0.7294921875 0.09765625 0.09765625
0 0.796875 0.73583984375 0.0859375 0.0849609375
0 0.90625 0.73828125 0.09765625 0.09765625
0 0.84033203125 0.638671875 0.0986328125 0.09765625
0 0.7294921875 0.630859375 0.09765625 0.09765625
0 0.62158203125 0.6376953125 0.0986328125 0.09765625
0 0.564453125 0.548828125 0.09765625 0.09765625
0 0.67138671875 0.54296875 0.0986328125 0.09765625
0 0.77880859375 0.544921875 0.0986328125 0.09765625
0 0.8935546875 0.5458984375 0.09765625 0.09765625
0 0.83642578125 0.45166015625 0.1103515625 0.1103515625
0 0.72216796875 0.4541015625 0.1103515625 0.109375
0 0.611328125 0.45556640625 0.111328125 0.1103515625
0 0.568359375 0.357421875 0.09765625 0.09765625
0 0.67138671875 0.3662109375 0.1103515625 0.109375
0 0.775390625 0.353515625 0.111328125 0.109375
0 0.88720703125 0.361328125 0.1103515625 0.109375
0 0.94189453125 0.265625 0.0986328125 0.09765625
0 0.837890625 0.26025390625 0.0859375 0.0849609375
0 0.71142578125 0.265625 0.1103515625 0.109375
0 0.671875 0.16748046875 0.0859375 0.0849609375
0 0.771484375 0.1689453125 0.09765625 0.09765625
0 0.90673828125 0.166015625 0.0986328125 0.09765625
0 0.9423828125 0.07177734375 0.0859375 0.0849609375
0 0.80712890625 0.0771484375 0.0986328125 0.09765625
0 0.5185546875 0.06591796875 0.0859375 0.0849609375
0 0.39501953125 0.07177734375 0.1103515625 0.1103515625
0 0.28564453125 0.07080078125 0.1103515625 0.1103515625
0 0.17529296875 0.0703125 0.0986328125 0.09765625
0 0.23388671875 0.169921875 0.0986328125 0.09765625
0 0.34423828125 0.16796875 0.0986328125 0.09765625
0 0.4482421875 0.1689453125 0.0859375 0.0859375
0 0.50634765625 0.2666015625 0.1103515625 0.109375
0 0.40185546875 0.263671875 0.0986328125 0.09765625
0 0.2841796875 0.263671875 0.0859375 0.0859375
0 0.177734375 0.2646484375 0.0859375 0.0859375
0 0.22412109375 0.35546875 0.0986328125 0.09765625
0 0.33154296875 0.3583984375 0.0986328125 0.09765625
0 0.4375 0.3525390625 0.09765625 0.09765625
0 0.4892578125 0.4453125 0.111328125 0.109375
0 0.388671875 0.44677734375 0.111328125 0.1103515625
0 0.29833984375 0.45263671875 0.1103515625 0.1103515625
0 0.17236328125 0.44677734375 0.1103515625 0.1103515625
0 0.224609375 0.537109375 0.09765625 0.09765625
0 0.3359375 0.537109375 0.09765625 0.09765625
0 0.4462890625 0.5439453125 0.0859375 0.0859375
0 0.51220703125 0.6357421875 0.0986328125 0.09765625
0 0.4091796875 0.6396484375 0.0859375 0.0859375
0 0.2880859375 0.6318359375 0.09765625 0.09765625
0 0.181640625 0.6396484375 0.09765625 0.09765625
0 0.2529296875 0.728515625 0.09765625 0.09765625
0 0.34912109375 0.734375 0.0986328125 0.09765625
0 0.47216796875 0.736328125 0.0986328125 0.09765625
0 0.52880859375 0.8232421875 0.1103515625 0.109375
0 0.41552734375 0.82958984375 0.1103515625 0.1103515625
0 0.30224609375 0.81689453125 0.1103515625 0.1103515625
0 0.19091796875 0.82568359375 0.1103515625 0.1103515625
0 0.25732421875 0.912109375 0.0986328125 0.09765625
0 0.36865234375 0.9267578125 0.1103515625 0.109375
0 0.474609375 0.9248046875 0.0859375 0.0859375