0 0.390625 0.27587890625 0.07421875 0.0732421875
0 0.31005859375 0.18408203125 0.0732421875 0.0732421875
0 0.103515625 0.37646484375 0.07421875 0.0732421875
0 0.44580078125 0.94482421875 0.0732421875 0.0732421875
0 0.42431640625 0.17919921875 0.0615234375 0.0615234375
0 0.91357421875 0.0908203125 0.0986328125 0.09765625
0 0.822265625 0.091796875 0.0859375 0.0859375
0 0.7041015625 0.099609375 0.0859375 0.0859375
0 0.60791015625 0.099609375 0.0986328125 0.09765625
0 0.4892578125 0.091796875 0.0859375 0.0859375
0 0.3857421875 0.08642578125 0.0859375 0.0849609375
0 0.255859375 0.0888671875 0.0859375 0.0859375
0 0.8681640625 0.19775390625 0.0859375 0.0849609375
0 0.7666015625 0.19384765625 0.111328125 0.1103515625
0 0.65966796875 0.1923828125 0.1103515625 0.109375
0 0.56005859375 0.19140625 0.1103515625 0.109375
0 0.49853515625 0.2919921875 0.1103515625 0.109375
0 0.60498046875 0.29736328125 0.1103515625 0.1103515625
0 0.7080078125 0.2958984375 0.111328125 0.109375
0 0.826171875 0.294921875 0.09765625 0.09765625
0 0.93701171875 0.2939453125 0.0986328125 0.09765625
0 0.88330078125 0.3828125 0.1103515625 0.109375
0 0.77783203125 0.3837890625 0.0986328125 0.09765625
0 0.66357421875 0.3828125 0.1103515625 0.109375
0 0.54931640625 0.376953125 0.0986328125 0.09765625
0 0.44775390625 0.380859375 0.1103515625 0.109375
0 0.21337890625 0.3798828125 0.0986328125 0.09765625
0 0.4462890625 0.560546875 0.0859375 0.0859375
0 0.935546875 0.47216796875 0.0859375 0.0849609375
0 0.8291015625 0.474609375 0.0859375 0.0859375
0 0.7138671875 0.47705078125 0.0859375 0.0849609375
0 0.591796875 0.47314453125 0.0859375 0.0849609375
0 0.48388671875 0.47265625 0.0986328125 0.09765625
0 0.392578125 0.47509765625 0.0859375 0.0849609375
0 0.88037109375 0.56640625 0.1103515625 0.109375
0 0.77685546875 0.5634765625 0.0986328125 0.09765625
0 0.66845703125 0.56494140625 0.1103515625 0.1103515625
0 0.5478515625 0.56591796875 0.0859375 0.0849609375
0 0.92626953125 0.66455078125 0.1103515625 0.1103515625
0 0.82470703125 0.6669921875 0.1103515625 0.109375
0 0.720703125 0.66015625 0.09765625 0.09765625
0 0.60888671875 0.6552734375 0.1103515625 0.109375
0 0.49267578125 0.66162109375 0.1103515625 0.1103515625
0 0.87939453125 0.76025390625 0.1103515625 0.1103515625
0 0.7763671875 0.75634765625 0.111328125 0.1103515625
0 0.66748046875 0.74853515625 0.1103515625 0.1103515625
0 0.54736328125 0.751953125 0.1103515625 0.109375
0 0.94287109375 0.861328125 0.0986328125 0.09765625
0 0.826171875 0.859375 0.0859375 0.0859375
0 0.708984375 0.8623046875 0.0859375 0.0859375
0 0.7763671875 0.94140625 0.09765625 0.09765625
0 0.8857421875 0.9501953125 0.0859375 0.0859375
0 0.3271484375 0.94287109375 0.0859375 0.0849609375
0 0.552734375 0.93798828125 0.0859375 0.0849609375
0 0.4912109375 0.85791015625 0.0859375 0.0849609375
0 0.384765625 0.8515625 0.09765625 0.09765625
0 0.27294921875 0.8486328125 0.0986328125 0.09765625
0 0.2197265625 0.7529296875 0.09765625 0.09765625
0 0.33251953125 0.7490234375 0.0986328125 0.09765625
0 0.26904296875 0.6591796875 0.0986328125 0.09765625
0 0.22119140625 0.5615234375 0.0986328125 0.09765625
0 0.2138671875 0.9443359375 0.09765625 0.09765625
0 0.12255859375 0.9345703125 0.0986328125 0.09765625
0 0.16552734375 0.84765625 0.1103515625 0.109375
0 0.05859375 0.65771484375 0.0859375 0.0849609375
0 0.16162109375 0.6640625 0.0986328125 0.09765625
0 0.10302734375 0.5625 0.0986328125 0.09765625
0 0.166015625 0.47265625 0.0859375 0.0859375
0 0.0478515625 0.28076171875 0.0859375 0.0849609375
0 0.15625 0.28369140625 0.111328125 0.1103515625
0 0.107421875 0.1923828125 0.09765625 0.09765625