0 0.90283203125 0.08251953125 0.1103515625 0.1103515625
0 0.90478515625 0.19921875 0.1103515625 0.111328125
0 0.8955078125 0.30859375 0.09765625 0.09765625
0 0.9052734375 0.42626953125 0.109375 0.1103515625
0 0.806640625 0.1357421875 0.109375 0.111328125
0 0.8056640625 0.25537109375 0.060546875 0.0615234375
0 0.8017578125 0.36181640625 0.109375 0.1103515625
0 0.8037109375 0.47216796875 0.109375 0.1103515625
0 0.7119140625 0.080078125 0.109375 0.111328125
0 0.71484375 0.18994140625 0.109375 0.1103515625
0 0.70654296875 0.29833984375 0.1103515625 0.1103515625
0 0.71044921875 0.41845703125 0.1103515625 0.1103515625
0 0.61767578125 0.13623046875 0.1103515625 0.1103515625
0 0.61376953125 0.23583984375 0.0615234375 0.0615234375
0 0.61474609375 0.35693359375 0.1103515625 0.1103515625
0 0.6142578125 0.47314453125 0.109375 0.1103515625
0 0.52392578125 0.08544921875 0.0615234375 0.0615234375
0 0.51904296875 0.19384765625 0.0615234375 0.0615234375
0 0.5205078125 0.30419921875 0.109375 0.1103515625
0 0.51953125 0.42333984375 0.109375 0.1103515625
0 0.4306640625 0.13525390625 0.109375 0.1103515625
0 0.4248046875 0.2607421875 0.0859375 0.0859375
0 0.4248046875 0.36083984375 0.109375 0.1103515625
0 0.4267578125 0.46923828125 0.09765625 0.0986328125
0 0.3330078125 0.07763671875 0.109375 0.1103515625
0 0.32958984375 0.18994140625 0.1103515625 0.1103515625
0 0.33349609375 0.30029296875 0.1103515625 0.1103515625
0 0.33447265625 0.41259765625 0.1103515625 0.1103515625
0 0.23681640625 0.12939453125 0.1103515625 0.1103515625
0 0.23876953125 0.24658203125 0.1103515625 0.1103515625
0 0.2392578125 0.34619140625 0.109375 0.1103515625
0 0.234375 0.4609375 0.109375 0.111328125
0 0.33740234375 0.51953125 0.1103515625 0.111328125
0 0.138671875 0.06298828125 0.09765625 0.0986328125
0 0.1474609375 0.18212890625 0.109375 0.1103515625
0 0.146484375 0.2958984375 0.109375 0.111328125
0 0.142578125 0.4140625 0.109375 0.111328125
0 0.05419921875 0.79150390625 0.0849609375 0.0869140625
0 0.1376953125 0.52587890625 0.109375 0.1103515625
0 0.142578125 0.62744140625 0.109375 0.1103515625
0 0.1435546875 0.74267578125 0.109375 0.1103515625
0 0.14208984375 0.85986328125 0.1103515625 0.1103515625
0 0.22509765625 0.5703125 0.1103515625 0.111328125
0 0.236328125 0.68505859375 0.109375 0.1103515625
0 0.2373046875 0.79736328125 0.109375 0.1103515625
0 0.32958984375 0.634765625 0.1103515625 0.111328125
0 0.32568359375 0.74462890625 0.1103515625 0.1103515625
0 0.33203125 0.84912109375 0.109375 0.1103515625
0 0.4296875 0.5712890625 0.09765625 0.09765625
0 0.42529296875 0.6865234375 0.1103515625 0.111328125
0 0.42236328125 0.794921875 0.1103515625 0.111328125
0 0.5244140625 0.52294921875 0.09765625 0.0986328125
0 0.525390625 0.63037109375 0.09765625 0.0986328125
0 0.5234375 0.7421875 0.09765625 0.09765625
0 0.51953125 0.8515625 0.09765625 0.09765625
0 0.61474609375 0.58154296875 0.1103515625 0.1103515625
0 0.6123046875 0.69189453125 0.109375 0.1103515625
0 0.6103515625 0.79931640625 0.109375 0.1103515625
0 0.6123046875 0.8994140625 0.109375 0.111328125
0 0.70556640625 0.52783203125 0.1103515625 0.1103515625
0 0.70849609375 0.63916015625 0.1103515625 0.1103515625
0 0.70947265625 0.74169921875 0.1103515625 0.1103515625
0 0.705078125 0.85986328125 0.09765625 0.0986328125
0 0.7978515625 0.58740234375 0.109375 0.1103515625
0 0.802734375 0.69677734375 0.09765625 0.0986328125
0 0.80126953125 0.80029296875 0.1103515625 0.1103515625
0 0.904296875 0.52294921875 0.09765625 0.0986328125
0 0.900390625 0.63134765625 0.09765625 0.0986328125
0 0.9072265625 0.74658203125 0.109375 0.1103515625
0 0.90869140625 0.85791015625 0.1103515625 0.1103515625
0 0.79833984375 0.91357421875 0.1103515625 0.1103515625
0 0.42041015625 0.90771484375 0.1103515625 0.1103515625
0 0.232421875 0.91064453125 0.109375 0.1103515625