0 0.3359375 0.70849609375 0.07421875 0.0732421875
0 0.115234375 0.1279296875 0.09765625 0.09765625
0 0.22412109375 0.12939453125 0.1103515625 0.1103515625
0 0.33349609375 0.13232421875 0.1103515625 0.1103515625
0 0.05810546875 0.22607421875 0.1103515625 0.1103515625
0 0.17431640625 0.22119140625 0.1103515625 0.1103515625
0 0.28369140625 0.22802734375 0.1103515625 0.1103515625
0 0.11572265625 0.3212890625 0.1103515625 0.109375
0 0.22607421875 0.3232421875 0.1103515625 0.109375
0 0.33642578125 0.326171875 0.0986328125 0.09765625
0 0.05908203125 0.4169921875 0.1103515625 0.109375
0 0.17236328125 0.416015625 0.0986328125 0.09765625
0 0.27587890625 0.4111328125 0.0986328125 0.09765625
0 0.11181640625 0.51220703125 0.1103515625 0.1103515625
0 0.22509765625 0.51220703125 0.1103515625 0.1103515625
0 0.33447265625 0.51416015625 0.1103515625 0.1103515625
0 0.05810546875 0.611328125 0.0986328125 0.09765625
0 0.16845703125 0.609375 0.0986328125 0.09765625
0 0.28125 0.6083984375 0.09765625 0.09765625
0 0.3828125 0.6083984375 0.09765625 0.09765625
0 0.11669921875 0.7060546875 0.0986328125 0.09765625
0 0.21875 0.7080078125 0.09765625 0.09765625
0 0.05322265625 0.806640625 0.0986328125 0.09765625
0 0.16455078125 0.80078125 0.0986328125 0.09765625
0 0.27734375 0.79931640625 0.0859375 0.0849609375
0 0.11474609375 0.89501953125 0.1103515625 0.1103515625
0 0.22802734375 0.90234375 0.1103515625 0.109375
0 0.3359375 0.9111328125 0.111328125 0.109375
0 0.44189453125 0.8896484375 0.0986328125 0.09765625
0 0.55859375 0.89599609375 0.111328125 0.1103515625
0 0.6611328125 0.89111328125 0.111328125 0.1103515625
0 0.771484375 0.888671875 0.111328125 0.109375
0 0.39892578125 0.7978515625 0.1103515625 0.109375
0 0.5029296875 0.80078125 0.0859375 0.0859375
0 0.60546875 0.80126953125 0.0859375 0.0849609375
0 0.7138671875 0.80126953125 0.111328125 0.1103515625
0 0.8369140625 0.79541015625 0.111328125 0.1103515625
0 0.4443359375 0.7021484375 0.0859375 0.0859375
0 0.55517578125 0.7041015625 0.0986328125 0.09765625
0 0.67724609375 0.708984375 0.0986328125 0.09765625
0 0.783203125 0.70556640625 0.111328125 0.1103515625
0 0.50634765625 0.60546875 0.0986328125 0.09765625
0 0.6162109375 0.6142578125 0.0859375 0.0859375
0 0.72412109375 0.6123046875 0.0986328125 0.09765625
0 0.8369140625 0.6123046875 0.09765625 0.09765625
0 0.44482421875 0.51318359375 0.1103515625 0.1103515625
0 0.55517578125 0.50732421875 0.1103515625 0.1103515625
0 0.66650390625 0.50732421875 0.1103515625 0.1103515625
0 0.78564453125 0.5068359375 0.1103515625 0.109375
0 0.39208984375 0.423828125 0.1103515625 0.109375
0 0.50537109375 0.4208984375 0.1103515625 0.109375
0 0.60888671875 0.41943359375 0.1103515625 0.1103515625
0 0.73193359375 0.41748046875 0.1103515625 0.1103515625
0 0.83935546875 0.41455078125 0.1103515625 0.1103515625
0 0.45068359375 0.32421875 0.1103515625 0.109375
0 0.56005859375 0.318359375 0.1103515625 0.109375
0 0.66943359375 0.32421875 0.1103515625 0.109375
0 0.77978515625 0.3291015625 0.1103515625 0.109375
0 0.3935546875 0.23388671875 0.111328125 0.1103515625
0 0.5107421875 0.2294921875 0.09765625 0.09765625
0 0.61376953125 0.2275390625 0.1103515625 0.109375
0 0.72802734375 0.224609375 0.0986328125 0.09765625
0 0.83837890625 0.23046875 0.1103515625 0.109375
0 0.4501953125 0.13134765625 0.111328125 0.1103515625
0 0.5654296875 0.13134765625 0.111328125 0.1103515625
0 0.67529296875 0.13525390625 0.1103515625 0.1103515625
0 0.79052734375 0.12841796875 0.1103515625 0.1103515625
0 0.89111328125 0.1357421875 0.1103515625 0.109375
0 0.89111328125 0.32470703125 0.1103515625 0.1103515625
0 0.94873046875 0.416015625 0.0986328125 0.09765625
0 0.890625 0.5126953125 0.0859375 0.0859375
0 0.9345703125 0.79931640625 0.0859375 0.0849609375
0 0.8759765625 0.8916015625 0.09765625 0.09765625
0 0.87841796875 0.70751953125 0.1103515625 0.1103515625
0 0.93505859375 0.6044921875 0.0986328125 0.09765625