0 0.4287109375 0.20361328125 0.07421875 0.0732421875
0 0.9228515625 0.38037109375 0.07421875 0.0732421875
0 0.94091796875 0.58154296875 0.0732421875 0.0732421875
0 0.95556640625 0.30029296875 0.0732421875 0.0732421875
0 0.82763671875 0.4931640625 0.0615234375 0.060546875
0 0.85791015625 0.29833984375 0.0732421875 0.0732421875
0 0.10693359375 0.95654296875 0.0732421875 0.0732421875
0 0.09033203125 0.58447265625 0.0732421875 0.0732421875
0 0.48828125 0.857421875 0.048828125 0.048828125
0 0.27734375 0.85302734375 0.0859375 0.0849609375
0 0.4296875 0.94482421875 0.0859375 0.0849609375
0 0.3232421875 0.9462890625 0.048828125 0.048828125
0 0.4267578125 0.7626953125 0.048828125 0.048828125
0 0.4716796875 0.6728515625 0.048828125 0.048828125
0 0.37109375 0.66796875 0.048828125 0.048828125
0 0.41796875 0.578125 0.037109375 0.037109375
0 0.30224609375 0.56787109375 0.0361328125 0.0361328125
0 0.43359375 0.39599609375 0.037109375 0.0361328125
0 0.26611328125 0.298828125 0.0498046875 0.048828125
0 0.224609375 0.203125 0.048828125 0.048828125
0 0.314453125 0.1982421875 0.048828125 0.048828125
0 0.37060546875 0.1220703125 0.0615234375 0.060546875
0 0.33544921875 0.02001953125 0.0361328125 0.0361328125
0 0.326171875 0.40234375 0.0859375 0.0859375
0 0.37646484375 0.29541015625 0.0615234375 0.0615234375
0 0.3779296875 0.47705078125 0.025390625 0.0244140625
0 0.3203125 0.765625 0.09765625 0.09765625
0 0.20849609375 0.75634765625 0.1103515625 0.1103515625
0 0.09423828125 0.7666015625 0.1103515625 0.109375
0 0.26708984375 0.66748046875 0.1103515625 0.1103515625
0 0.13818359375 0.67236328125 0.1103515625 0.1103515625
0 0.1826171875 0.5849609375 0.09765625 0.09765625
0 0.25048828125 0.4931640625 0.0986328125 0.09765625
0 0.146484375 0.494140625 0.09765625 0.09765625
0 0.09716796875 0.3935546875 0.0986328125 0.09765625
0 0.212890625 0.39453125 0.111328125 0.109375
0 0.1494140625 0.302734375 0.0859375 0.0859375
0 0.060546875 0.302734375 0.09765625 0.09765625
0 0.1103515625 0.2021484375 0.09765625 0.09765625
0 0.4892578125 0.11572265625 0.0859375 0.0849609375
0 0.1611328125 0.115234375 0.09765625 0.09765625
0 0.279296875 0.12451171875 0.0859375 0.0849609375
0 0.38037109375 0.8505859375 0.0498046875 0.048828125
0 0.87158203125 0.865234375 0.0986328125 0.09765625
0 0.931640625 0.76708984375 0.0859375 0.0849609375
0 0.8837890625 0.67138671875 0.0859375 0.0849609375
0 0.9072265625 0.4892578125 0.0859375 0.0859375
0 0.82373046875 0.36376953125 0.0615234375 0.0615234375
0 0.8701171875 0.1171875 0.0859375 0.0859375
0 0.90234375 0.19970703125 0.0859375 0.0849609375