0 0.30224609375 0.951171875 0.0849609375 0.0859375
0 0.7763671875 0.9140625 0.09765625 0.09765625
0 0.583984375 0.904296875 0.0859375 0.0859375
0 0.3955078125 0.919921875 0.109375 0.111328125
0 0.8759765625 0.13525390625 0.109375 0.1103515625
0 0.873046875 0.2236328125 0.09765625 0.09765625
0 0.87841796875 0.3095703125 0.1103515625 0.111328125
0 0.88330078125 0.42431640625 0.1103515625 0.1103515625
0 0.865234375 0.55419921875 0.109375 0.1103515625
0 0.87255859375 0.677734375 0.1103515625 0.111328125
0 0.783203125 0.72705078125 0.109375 0.1103515625
0 0.77197265625 0.619140625 0.1103515625 0.111328125
0 0.7783203125 0.505859375 0.109375 0.111328125
0 0.7841796875 0.40673828125 0.09765625 0.0986328125
0 0.7890625 0.18994140625 0.109375 0.1103515625
0 0.78515625 0.27978515625 0.09765625 0.0986328125
0 0.6884765625 0.2314453125 0.09765625 0.09765625
0 0.689453125 0.337890625 0.09765625 0.09765625
0 0.689453125 0.451171875 0.09765625 0.09765625
0 0.685546875 0.564453125 0.09765625 0.09765625
0 0.525390625 0.19482421875 0.048828125 0.0498046875
0 0.59375 0.412109375 0.09765625 0.09765625
0 0.59130859375 0.50146484375 0.1103515625 0.1103515625
0 0.5908203125 0.62255859375 0.09765625 0.0986328125
0 0.59228515625 0.7177734375 0.1103515625 0.111328125
0 0.67724609375 0.6708984375 0.1103515625 0.111328125
0 0.494140625 0.66552734375 0.09765625 0.0986328125
0 0.498046875 0.5458984375 0.0859375 0.0859375
0 0.498046875 0.44677734375 0.109375 0.1103515625
0 0.41015625 0.38330078125 0.09765625 0.0986328125
0 0.4228515625 0.52783203125 0.109375 0.1103515625
0 0.41015625 0.62353515625 0.109375 0.1103515625
0 0.3955078125 0.7265625 0.09765625 0.09765625
0 0.314453125 0.67724609375 0.109375 0.1103515625
0 0.310546875 0.55908203125 0.109375 0.1103515625
0 0.31201171875 0.4609375 0.0849609375 0.0859375
0 0.318359375 0.091796875 0.09765625 0.09765625
0 0.3095703125 0.3388671875 0.09765625 0.09765625
0 0.21630859375 0.294921875 0.0849609375 0.0859375
0 0.2109375 0.40283203125 0.09765625 0.0986328125
0 0.2109375 0.50390625 0.09765625 0.09765625
0 0.2109375 0.61962890625 0.109375 0.1103515625
0 0.21240234375 0.71728515625 0.1103515625 0.1103515625
0 0.1142578125 0.67529296875 0.109375 0.1103515625
0 0.115234375 0.56103515625 0.09765625 0.0986328125
0 0.1259765625 0.4453125 0.109375 0.111328125
0 0.1171875 0.34423828125 0.109375 0.1103515625
0 0.12744140625 0.21923828125 0.1103515625 0.1103515625