0 0.78125 0.88671875 0.0859375 0.0859375
0 0.58740234375 0.88232421875 0.0732421875 0.0732421875
0 0.59423828125 0.6650390625 0.0849609375 0.0859375
0 0.58935546875 0.54833984375 0.0732421875 0.0732421875
0 0.49951171875 0.72314453125 0.0732421875 0.0732421875
0 0.49365234375 0.4970703125 0.0849609375 0.0859375
0 0.50048828125 0.60888671875 0.0615234375 0.0615234375
0 0.4970703125 0.380859375 0.0859375 0.0859375
0 0.49267578125 0.82861328125 0.0732421875 0.0732421875
0 0.87451171875 0.93505859375 0.0732421875 0.0732421875
0 0.68603515625 0.939453125 0.0849609375 0.0859375
0 0.6826171875 0.82763671875 0.0859375 0.0869140625
0 0.8701171875 0.83349609375 0.09765625 0.0986328125
0 0.4970703125 0.939453125 0.0859375 0.0859375
0 0.59521484375 0.77392578125 0.0732421875 0.0732421875
0 0.591796875 0.4423828125 0.0859375 0.0859375
0 0.5908203125 0.3310546875 0.09765625 0.09765625
0 0.6875 0.716796875 0.0859375 0.0859375
0 0.69140625 0.60498046875 0.09765625 0.0986328125
0 0.6884765625 0.4970703125 0.0859375 0.0859375
0 0.6884765625 0.390625 0.09765625 0.09765625
0 0.7841796875 0.77001953125 0.09765625 0.0986328125
0 0.7841796875 0.66259765625 0.09765625 0.0986328125
0 0.78173828125 0.5478515625 0.0849609375 0.0859375
0 0.77880859375 0.439453125 0.0849609375 0.0859375
0 0.7802734375 0.3349609375 0.09765625 0.09765625
0 0.8759765625 0.72119140625 0.09765625 0.0986328125
0 0.873046875 0.6083984375 0.09765625 0.09765625
0 0.87646484375 0.4892578125 0.0849609375 0.0859375
0 0.8779296875 0.38671875 0.09765625 0.09765625
0 0.873046875 0.27880859375 0.09765625 0.0986328125
0 0.876953125 0.1650390625 0.0859375 0.0859375
0 0.87890625 0.0625 0.09765625 0.09765625
0 0.7802734375 0.22705078125 0.09765625 0.0986328125
0 0.775390625 0.10888671875 0.09765625 0.0986328125
0 0.6865234375 0.27587890625 0.0859375 0.0869140625
0 0.6865234375 0.16845703125 0.09765625 0.0986328125
0 0.6875 0.06005859375 0.09765625 0.0986328125
0 0.5869140625 0.22216796875 0.09765625 0.0986328125
0 0.59375 0.11376953125 0.09765625 0.0986328125
0 0.49755859375 0.2822265625 0.0849609375 0.0859375
0 0.49755859375 0.169921875 0.0849609375 0.0859375
0 0.4970703125 0.05615234375 0.09765625 0.0986328125