0 0.88720703125 0.56982421875 0.0732421875 0.0732421875
0 0.88623046875 0.677734375 0.0849609375 0.0859375
0 0.310546875 0.46826171875 0.060546875 0.0615234375
0 0.6787109375 0.66650390625 0.060546875 0.0615234375
0 0.41259765625 0.6240234375 0.0732421875 0.07421875
0 0.41650390625 0.05908203125 0.0732421875 0.0732421875
0 0.96240234375 0.3994140625 0.0732421875 0.07421875
0 0.86279296875 0.46484375 0.0732421875 0.07421875
0 0.8681640625 0.3505859375 0.09765625 0.09765625
0 0.865234375 0.2392578125 0.09765625 0.09765625
0 0.77685546875 0.63134765625 0.0849609375 0.0869140625
0 0.77294921875 0.51806640625 0.1103515625 0.1103515625
0 0.76806640625 0.40185546875 0.1103515625 0.1103515625
0 0.77392578125 0.29541015625 0.1103515625 0.1103515625
0 0.7744140625 0.1796875 0.109375 0.111328125
0 0.67138671875 0.57470703125 0.1220703125 0.1220703125
0 0.6689453125 0.45947265625 0.09765625 0.0986328125
0 0.6787109375 0.34716796875 0.09765625 0.0986328125
0 0.6787109375 0.22900390625 0.09765625 0.0986328125
0 0.587890625 0.6181640625 0.0859375 0.0859375
0 0.5830078125 0.51220703125 0.09765625 0.0986328125
0 0.5908203125 0.39892578125 0.09765625 0.0986328125
0 0.5869140625 0.291015625 0.0859375 0.0859375
0 0.5771484375 0.18115234375 0.09765625 0.0986328125
0 0.67578125 0.12109375 0.09765625 0.09765625
0 0.49951171875 0.5654296875 0.0849609375 0.0859375
0 0.49755859375 0.443359375 0.0849609375 0.0859375
0 0.4931640625 0.34423828125 0.0859375 0.0869140625
0 0.4931640625 0.2353515625 0.0859375 0.0859375
0 0.494140625 0.1181640625 0.0859375 0.0859375
0 0.41162109375 0.5 0.0849609375 0.0859375
0 0.41357421875 0.3896484375 0.0849609375 0.0859375
0 0.41357421875 0.2900390625 0.0849609375 0.0859375
0 0.41943359375 0.1748046875 0.0849609375 0.0859375
0 0.306640625 0.5625 0.048828125 0.048828125
0 0.314453125 0.357421875 0.0859375 0.0859375
0 0.31494140625 0.2412109375 0.0849609375 0.0859375
0 0.3203125 0.15185546875 0.048828125 0.0498046875
0 0.2119140625 0.513671875 0.060546875 0.060546875
0 0.0908203125 0.4267578125 0.048828125 0.048828125
0 0.58203125 0.06298828125 0.09765625 0.0986328125
0 0.77734375 0.0712890625 0.09765625 0.09765625
0 0.869140625 0.123046875 0.109375 0.111328125