0 0.49658203125 0.10302734375 0.1103515625 0.1103515625
0 0.60888671875 0.1005859375 0.1103515625 0.109375
0 0.708984375 0.09814453125 0.111328125 0.1103515625
0 0.82373046875 0.1044921875 0.1103515625 0.109375
0 0.9326171875 0.103515625 0.111328125 0.109375
0 0.86865234375 0.20947265625 0.1103515625 0.1103515625
0 0.7646484375 0.2001953125 0.09765625 0.09765625
0 0.654296875 0.19873046875 0.111328125 0.1103515625
0 0.43408203125 0.189453125 0.1103515625 0.109375
0 0.54248046875 0.1962890625 0.1103515625 0.109375
0 0.49267578125 0.29541015625 0.1103515625 0.1103515625
0 0.59423828125 0.29443359375 0.1103515625 0.1103515625
0 0.71630859375 0.30078125 0.1103515625 0.109375
0 0.82080078125 0.30126953125 0.1103515625 0.1103515625
0 0.92626953125 0.30615234375 0.1103515625 0.1103515625
0 0.87353515625 0.3955078125 0.1103515625 0.109375
0 0.7646484375 0.388671875 0.111328125 0.109375
0 0.6591796875 0.38623046875 0.111328125 0.1103515625
0 0.55029296875 0.39501953125 0.1103515625 0.1103515625
0 0.44091796875 0.3916015625 0.0986328125 0.09765625
0 0.48583984375 0.4853515625 0.1103515625 0.109375
0 0.59521484375 0.47900390625 0.1103515625 0.1103515625
0 0.69677734375 0.49853515625 0.1103515625 0.1103515625
0 0.81787109375 0.4921875 0.1103515625 0.109375
0 0.92822265625 0.4912109375 0.1103515625 0.109375
0 0.86865234375 0.591796875 0.0986328125 0.09765625
0 0.76953125 0.5849609375 0.09765625 0.09765625
0 0.4365234375 0.5810546875 0.111328125 0.109375
0 0.54345703125 0.57861328125 0.1103515625 0.1103515625
0 0.65771484375 0.5791015625 0.0986328125 0.09765625
0 0.48095703125 0.68310546875 0.1103515625 0.1103515625
0 0.59912109375 0.68212890625 0.1103515625 0.1103515625
0 0.70849609375 0.66796875 0.1103515625 0.109375
0 0.81640625 0.68603515625 0.111328125 0.1103515625
0 0.93115234375 0.68896484375 0.1103515625 0.1103515625
0 0.43115234375 0.76708984375 0.1103515625 0.1103515625
0 0.54541015625 0.77392578125 0.1103515625 0.1103515625
0 0.65380859375 0.7724609375 0.1103515625 0.109375
0 0.75537109375 0.77001953125 0.1103515625 0.1103515625
0 0.85498046875 0.77685546875 0.1103515625 0.1103515625
0 0.47607421875 0.8623046875 0.0986328125 0.09765625
0 0.60205078125 0.86328125 0.0986328125 0.09765625
0 0.70361328125 0.859375 0.1103515625 0.109375
0 0.80615234375 0.8701171875 0.0986328125 0.09765625
0 0.93505859375 0.87939453125 0.1103515625 0.1103515625
0 0.07373046875 0.0986328125 0.1103515625 0.109375
0 0.1884765625 0.09228515625 0.123046875 0.1220703125
0 0.12158203125 0.19189453125 0.1103515625 0.1103515625
0 0.22607421875 0.19580078125 0.1103515625 0.1103515625
0 0.07373046875 0.2861328125 0.0986328125 0.09765625
0 0.17529296875 0.28515625 0.1103515625 0.109375
0 0.119140625 0.3818359375 0.09765625 0.09765625
0 0.22021484375 0.388671875 0.1103515625 0.109375
0 0.16943359375 0.4814453125 0.1103515625 0.109375
0 0.06689453125 0.48388671875 0.1103515625 0.1103515625
0 0.12939453125 0.5703125 0.0986328125 0.09765625
0 0.23583984375 0.5732421875 0.0986328125 0.09765625
0 0.07080078125 0.67138671875 0.1103515625 0.1103515625
0 0.20458984375 0.669921875 0.1103515625 0.109375
0 0.12744140625 0.7578125 0.1103515625 0.109375
0 0.2529296875 0.76220703125 0.0859375 0.0849609375
0 0.06396484375 0.8662109375 0.1103515625 0.109375
0 0.1875 0.85888671875 0.111328125 0.1103515625