0 0.6962890625 0.82177734375 0.109375 0.1103515625
0 0.12353515625 0.93115234375 0.1103515625 0.1103515625
0 0.12744140625 0.82373046875 0.1103515625 0.1103515625
0 0.21923828125 0.86865234375 0.1103515625 0.1103515625
0 0.2197265625 0.759765625 0.109375 0.111328125
0 0.31640625 0.9296875 0.09765625 0.09765625
0 0.3125 0.8134765625 0.09765625 0.09765625
0 0.40625 0.8740234375 0.109375 0.111328125
0 0.41162109375 0.7744140625 0.1103515625 0.111328125
0 0.50927734375 0.9296875 0.1103515625 0.111328125
0 0.50439453125 0.82275390625 0.1103515625 0.1103515625
0 0.595703125 0.87451171875 0.109375 0.1103515625
0 0.6982421875 0.92919921875 0.109375 0.1103515625
0 0.7919921875 0.87744140625 0.109375 0.1103515625
0 0.7890625 0.76416015625 0.048828125 0.0498046875
0 0.697265625 0.70947265625 0.048828125 0.0498046875
0 0.6025390625 0.771484375 0.048828125 0.048828125
0 0.88525390625 0.92333984375 0.1103515625 0.1103515625
0 0.88232421875 0.81103515625 0.1103515625 0.1103515625
0 0.88330078125 0.705078125 0.0849609375 0.0859375
0 0.88232421875 0.60302734375 0.1103515625 0.1103515625
0 0.7919921875 0.65185546875 0.109375 0.1103515625
0 0.6953125 0.6025390625 0.109375 0.111328125
0 0.5927734375 0.5439453125 0.0859375 0.0859375
0 0.59912109375 0.65625 0.0849609375 0.0859375
0 0.50244140625 0.705078125 0.0849609375 0.0859375
0 0.50537109375 0.5986328125 0.0849609375 0.0859375
0 0.498046875 0.4912109375 0.09765625 0.09765625
0 0.5029296875 0.38671875 0.09765625 0.09765625
0 0.5078125 0.27001953125 0.09765625 0.0986328125
0 0.40869140625 0.65673828125 0.0732421875 0.0732421875
0 0.40576171875 0.544921875 0.0849609375 0.0859375
0 0.40673828125 0.328125 0.0732421875 0.07421875
0 0.3203125 0.71044921875 0.09765625 0.0986328125
0 0.314453125 0.60107421875 0.09765625 0.0986328125
0 0.3193359375 0.48583984375 0.09765625 0.0986328125
0 0.3095703125 0.375 0.09765625 0.09765625
0 0.3076171875 0.2646484375 0.09765625 0.09765625
0 0.21728515625 0.65576171875 0.1103515625 0.1103515625
0 0.21630859375 0.54150390625 0.1103515625 0.1103515625
0 0.2216796875 0.43505859375 0.109375 0.1103515625
0 0.22265625 0.31689453125 0.109375 0.1103515625
0 0.2216796875 0.208984375 0.109375 0.111328125
0 0.12255859375 0.70654296875 0.1103515625 0.1103515625
0 0.12548828125 0.59521484375 0.1103515625 0.1103515625
0 0.13134765625 0.48681640625 0.1103515625 0.1103515625
0 0.12353515625 0.37451171875 0.1103515625 0.1103515625
0 0.1220703125 0.26611328125 0.109375 0.1103515625
0 0.1328125 0.15380859375 0.109375 0.1103515625
0 0.21875 0.10546875 0.109375 0.111328125
0 0.31884765625 0.138671875 0.1103515625 0.111328125
0 0.40771484375 0.197265625 0.0849609375 0.0859375
0 0.40087890625 0.08349609375 0.0244140625 0.0244140625
0 0.5 0.16162109375 0.09765625 0.0986328125
0 0.501953125 0.05615234375 0.09765625 0.0986328125