0 0.03271484375 0.43701171875 0.0615234375 0.0615234375
0 0.40966796875 0.2265625 0.0732421875 0.07421875
0 0.30712890625 0.27001953125 0.0732421875 0.0732421875
0 0.90185546875 0.06884765625 0.0849609375 0.0869140625
0 0.810546875 0.12353515625 0.09765625 0.0986328125
0 0.716796875 0.06884765625 0.109375 0.1103515625
0 0.61669921875 0.125 0.0849609375 0.0859375
0 0.5244140625 0.0595703125 0.09765625 0.09765625
0 0.5244140625 0.1787109375 0.09765625 0.09765625
0 0.71435546875 0.1787109375 0.0849609375 0.0859375
0 0.40234375 0.126953125 0.09765625 0.09765625
0 0.302734375 0.15087890625 0.09765625 0.0986328125
0 0.234375 0.11279296875 0.09765625 0.0986328125
0 0.1220703125 0.07666015625 0.048828125 0.0498046875
0 0.130859375 0.16650390625 0.048828125 0.0498046875
0 0.0361328125 0.24072265625 0.060546875 0.0615234375
0 0.126953125 0.296875 0.0859375 0.0859375
0 0.12890625 0.40087890625 0.109375 0.1103515625
0 0.1298828125 0.51318359375 0.109375 0.1103515625
0 0.1318359375 0.625 0.09765625 0.09765625
0 0.234375 0.23291015625 0.09765625 0.0986328125
0 0.23291015625 0.34033203125 0.1103515625 0.1103515625
0 0.232421875 0.46142578125 0.109375 0.1103515625
0 0.2333984375 0.56591796875 0.09765625 0.0986328125
0 0.2294921875 0.67431640625 0.109375 0.1103515625
0 0.3203125 0.41455078125 0.09765625 0.0986328125
0 0.318359375 0.50927734375 0.09765625 0.0986328125
0 0.3310546875 0.62744140625 0.109375 0.1103515625
0 0.408203125 0.35498046875 0.09765625 0.0986328125
0 0.41455078125 0.4541015625 0.0849609375 0.0859375
0 0.41162109375 0.56494140625 0.0849609375 0.0869140625
0 0.4150390625 0.66552734375 0.09765625 0.0986328125
0 0.529296875 0.2841796875 0.09765625 0.09765625
0 0.521484375 0.39501953125 0.09765625 0.0986328125
0 0.525390625 0.50244140625 0.109375 0.1103515625
0 0.52587890625 0.62060546875 0.1103515625 0.1103515625
0 0.52099609375 0.73681640625 0.1103515625 0.1103515625
0 0.619140625 0.2333984375 0.09765625 0.09765625
0 0.61767578125 0.3466796875 0.1103515625 0.111328125
0 0.6162109375 0.45068359375 0.109375 0.1103515625
0 0.6162109375 0.56201171875 0.09765625 0.0986328125
0 0.61328125 0.67626953125 0.109375 0.1103515625
0 0.71533203125 0.2939453125 0.1103515625 0.111328125
0 0.7109375 0.4033203125 0.09765625 0.09765625
0 0.7109375 0.5146484375 0.09765625 0.09765625
0 0.70947265625 0.6220703125 0.0849609375 0.0859375
0 0.7099609375 0.7353515625 0.0859375 0.0859375
0 0.806640625 0.23828125 0.0859375 0.0859375
0 0.8056640625 0.3505859375 0.09765625 0.09765625
0 0.81005859375 0.4599609375 0.1103515625 0.111328125
0 0.80224609375 0.5703125 0.1103515625 0.111328125
0 0.80810546875 0.67626953125 0.1103515625 0.1103515625
0 0.89990234375 0.181640625 0.0849609375 0.0859375
0 0.90234375 0.291015625 0.0859375 0.0859375
0 0.8994140625 0.40234375 0.0859375 0.0859375
0 0.9052734375 0.50390625 0.109375 0.111328125
0 0.90234375 0.61328125 0.109375 0.111328125
0 0.89794921875 0.73681640625 0.1103515625 0.1103515625
0 0.89990234375 0.84521484375 0.1103515625 0.1103515625
0 0.89599609375 0.94482421875 0.0615234375 0.0615234375
0 0.80615234375 0.79443359375 0.0615234375 0.0615234375
0 0.80126953125 0.90283203125 0.0615234375 0.0615234375
0 0.712890625 0.84423828125 0.109375 0.1103515625
0 0.615234375 0.78662109375 0.109375 0.1103515625
0 0.61181640625 0.89892578125 0.1103515625 0.1103515625
0 0.51904296875 0.83837890625 0.1103515625 0.1103515625
0 0.4208984375 0.77197265625 0.09765625 0.0986328125
0 0.4296875 0.89111328125 0.109375 0.1103515625
0 0.328125 0.72900390625 0.109375 0.1103515625
0 0.326171875 0.8291015625 0.09765625 0.09765625
0 0.2294921875 0.794921875 0.109375 0.111328125
0 0.22412109375 0.90234375 0.0849609375 0.0859375
0 0.13427734375 0.732421875 0.1103515625 0.111328125
0 0.1279296875 0.84375 0.09765625 0.09765625
0 0.12451171875 0.9482421875 0.0849609375 0.0859375