0 0.81787109375 0.87548828125 0.0732421875 0.0732421875
0 0.81640625 0.5517578125 0.0859375 0.0859375
0 0.62255859375 0.54736328125 0.0732421875 0.0732421875
0 0.62939453125 0.330078125 0.0849609375 0.0859375
0 0.62451171875 0.21337890625 0.0732421875 0.0732421875
0 0.53466796875 0.38818359375 0.0732421875 0.0732421875
0 0.52880859375 0.162109375 0.0849609375 0.0859375
0 0.53564453125 0.27392578125 0.0615234375 0.0615234375
0 0.5322265625 0.0458984375 0.0859375 0.0859375
0 0.52783203125 0.49365234375 0.0732421875 0.0732421875
0 0.9111328125 0.9306640625 0.0859375 0.0859375
0 0.9140625 0.8203125 0.0859375 0.0859375
0 0.91162109375 0.71142578125 0.0732421875 0.0732421875
0 0.90966796875 0.60009765625 0.0732421875 0.0732421875
0 0.814453125 0.755859375 0.0859375 0.0859375
0 0.8173828125 0.65576171875 0.0859375 0.0869140625
0 0.7197265625 0.93359375 0.09765625 0.09765625
0 0.72119140625 0.8251953125 0.0849609375 0.0859375
0 0.72216796875 0.7119140625 0.0849609375 0.0859375
0 0.72119140625 0.6044921875 0.0849609375 0.0859375
0 0.53515625 0.9375 0.0859375 0.0859375
0 0.52978515625 0.8251953125 0.0732421875 0.07421875
0 0.623046875 0.880859375 0.09765625 0.09765625
0 0.623046875 0.76953125 0.09765625 0.09765625
0 0.62646484375 0.65576171875 0.0615234375 0.0615234375
0 0.7177734375 0.49267578125 0.0859375 0.0869140625
0 0.9052734375 0.49853515625 0.09765625 0.0986328125
0 0.533203125 0.712890625 0.0859375 0.0859375
0 0.5322265625 0.6044921875 0.0859375 0.0859375
0 0.63037109375 0.43896484375 0.0732421875 0.0732421875
0 0.626953125 0.107421875 0.0859375 0.0859375
0 0.72265625 0.3818359375 0.0859375 0.0859375
0 0.7265625 0.27001953125 0.09765625 0.0986328125
0 0.7236328125 0.162109375 0.0859375 0.0859375
0 0.7236328125 0.0556640625 0.09765625 0.09765625
0 0.8193359375 0.43505859375 0.09765625 0.0986328125
0 0.8193359375 0.32763671875 0.09765625 0.0986328125
0 0.81689453125 0.212890625 0.0849609375 0.0859375
0 0.81396484375 0.1044921875 0.0849609375 0.0859375
0 0.9111328125 0.38623046875 0.09765625 0.0986328125
0 0.908203125 0.2734375 0.09765625 0.09765625
0 0.91162109375 0.154296875 0.0849609375 0.0859375
0 0.9130859375 0.0517578125 0.09765625 0.09765625