0 0.07080078125 0.15283203125 0.1103515625 0.1103515625
0 0.17919921875 0.1025390625 0.0849609375 0.0859375
0 0.07470703125 0.25439453125 0.1103515625 0.1103515625
0 0.06982421875 0.36865234375 0.1103515625 0.1103515625
0 0.07373046875 0.48779296875 0.1103515625 0.1103515625
0 0.076171875 0.59326171875 0.109375 0.1103515625
0 0.1748046875 0.2099609375 0.0859375 0.0859375
0 0.17822265625 0.3115234375 0.0849609375 0.0859375
0 0.17333984375 0.4228515625 0.0849609375 0.0859375
0 0.17431640625 0.5361328125 0.0849609375 0.0859375
0 0.2734375 0.15234375 0.09765625 0.09765625
0 0.26953125 0.26416015625 0.109375 0.1103515625
0 0.267578125 0.36962890625 0.109375 0.1103515625
0 0.26953125 0.48486328125 0.09765625 0.0986328125
0 0.26708984375 0.59326171875 0.1103515625 0.1103515625
0 0.36572265625 0.0986328125 0.1103515625 0.111328125
0 0.36962890625 0.2080078125 0.1103515625 0.111328125
0 0.369140625 0.31982421875 0.109375 0.1103515625
0 0.365234375 0.42236328125 0.09765625 0.0986328125
0 0.3681640625 0.53857421875 0.109375 0.1103515625
0 0.4599609375 0.1513671875 0.09765625 0.09765625
0 0.462890625 0.259765625 0.09765625 0.09765625
0 0.46435546875 0.3681640625 0.1103515625 0.111328125
0 0.46484375 0.47802734375 0.09765625 0.0986328125
0 0.55859375 0.10302734375 0.09765625 0.0986328125
0 0.560546875 0.20654296875 0.09765625 0.0986328125
0 0.5517578125 0.3193359375 0.109375 0.111328125
0 0.55419921875 0.423828125 0.1103515625 0.111328125
0 0.56201171875 0.5205078125 0.1103515625 0.111328125
0 0.6513671875 0.14599609375 0.09765625 0.0986328125
0 0.6533203125 0.26123046875 0.109375 0.1103515625
0 0.650390625 0.3681640625 0.09765625 0.09765625
0 0.65234375 0.482421875 0.09765625 0.09765625
0 0.7431640625 0.09912109375 0.09765625 0.0986328125
0 0.74609375 0.20458984375 0.09765625 0.0986328125
0 0.74462890625 0.31591796875 0.1103515625 0.1103515625
0 0.744140625 0.42333984375 0.09765625 0.0986328125
0 0.83984375 0.15380859375 0.0859375 0.0869140625
0 0.83642578125 0.2646484375 0.0849609375 0.0859375
0 0.83935546875 0.3720703125 0.0849609375 0.0859375
0 0.83935546875 0.48046875 0.0732421875 0.07421875
0 0.931640625 0.09765625 0.0859375 0.0859375
0 0.9287109375 0.2080078125 0.0859375 0.0859375
0 0.93115234375 0.31689453125 0.0732421875 0.0732421875
0 0.93310546875 0.42822265625 0.0732421875 0.0732421875
0 0.9375 0.52978515625 0.09765625 0.0986328125
0 0.931640625 0.64208984375 0.09765625 0.0986328125
0 0.9345703125 0.7548828125 0.09765625 0.09765625
0 0.93115234375 0.8740234375 0.0849609375 0.0859375
0 0.841796875 0.5869140625 0.09765625 0.09765625
0 0.8388671875 0.70703125 0.0859375 0.0859375
0 0.84130859375 0.8154296875 0.0732421875 0.07421875
0 0.83935546875 0.923828125 0.0732421875 0.07421875
0 0.744140625 0.5361328125 0.109375 0.111328125
0 0.7431640625 0.6474609375 0.09765625 0.09765625
0 0.7470703125 0.7607421875 0.09765625 0.09765625
0 0.74755859375 0.8662109375 0.0849609375 0.0859375
0 0.6494140625 0.58984375 0.09765625 0.09765625
0 0.6494140625 0.70068359375 0.09765625 0.0986328125
0 0.65185546875 0.8115234375 0.0849609375 0.0859375
0 0.650390625 0.92333984375 0.09765625 0.0986328125
0 0.55615234375 0.64892578125 0.1103515625 0.1103515625
0 0.55810546875 0.75634765625 0.1103515625 0.1103515625
0 0.5546875 0.8671875 0.0859375 0.0859375
0 0.4580078125 0.59033203125 0.09765625 0.0986328125
0 0.455078125 0.69970703125 0.09765625 0.0986328125
0 0.4638671875 0.81298828125 0.09765625 0.0986328125
0 0.46484375 0.92041015625 0.09765625 0.0986328125
0 0.359375 0.65185546875 0.109375 0.1103515625
0 0.3583984375 0.76416015625 0.109375 0.1103515625
0 0.36181640625 0.86669921875 0.1103515625 0.1103515625
0 0.26904296875 0.70458984375 0.1103515625 0.1103515625
0 0.26025390625 0.81494140625 0.1103515625 0.1103515625
0 0.26611328125 0.92919921875 0.1103515625 0.1103515625
0 0.1767578125 0.64697265625 0.09765625 0.0986328125
0 0.1796875 0.7548828125 0.0859375 0.0859375
0 0.1689453125 0.8681640625 0.09765625 0.09765625
0 0.0751953125 0.70556640625 0.109375 0.1103515625
0 0.0771484375 0.8095703125 0.109375 0.111328125
0 0.0791015625 0.923828125 0.109375 0.111328125