0 0.05419921875 0.9140625 0.0986328125 0.09765625
0 0.1640625 0.91162109375 0.0859375 0.0849609375
0 0.27734375 0.9111328125 0.09765625 0.09765625
0 0.11376953125 0.81494140625 0.1103515625 0.1103515625
0 0.22021484375 0.82275390625 0.1103515625 0.1103515625
0 0.06005859375 0.72265625 0.0986328125 0.09765625
0 0.17626953125 0.7177734375 0.1103515625 0.109375
0 0.12060546875 0.6318359375 0.1103515625 0.109375
0 0.22998046875 0.630859375 0.1103515625 0.109375
0 0.06201171875 0.52978515625 0.1103515625 0.1103515625
0 0.16943359375 0.53759765625 0.1103515625 0.1103515625
0 0.11376953125 0.4443359375 0.1103515625 0.109375
0 0.23388671875 0.4443359375 0.0986328125 0.09765625
0 0.0625 0.3505859375 0.111328125 0.109375
0 0.17724609375 0.3486328125 0.1103515625 0.109375
0 0.0927734375 0.24853515625 0.07421875 0.0732421875
0 0.232421875 0.2587890625 0.09765625 0.09765625
0 0.0595703125 0.1591796875 0.09765625 0.09765625
0 0.1689453125 0.162109375 0.09765625 0.09765625
0 0.12158203125 0.060546875 0.1103515625 0.109375
0 0.2255859375 0.06298828125 0.111328125 0.1103515625
0 0.33984375 0.064453125 0.09765625 0.09765625
0 0.447265625 0.06494140625 0.0859375 0.0849609375
0 0.56689453125 0.06396484375 0.1103515625 0.1103515625
0 0.67236328125 0.0634765625 0.1103515625 0.109375
0 0.263671875 0.16259765625 0.111328125 0.1103515625
0 0.38427734375 0.15234375 0.0986328125 0.09765625
0 0.50439453125 0.162109375 0.0615234375 0.060546875
0 0.60302734375 0.16015625 0.1103515625 0.109375
0 0.72216796875 0.162109375 0.1103515625 0.109375
0 0.33447265625 0.251953125 0.0986328125 0.09765625
0 0.45068359375 0.248046875 0.0986328125 0.09765625
0 0.55615234375 0.255859375 0.0986328125 0.09765625
0 0.66455078125 0.255859375 0.0986328125 0.09765625
0 0.28076171875 0.349609375 0.0986328125 0.09765625
0 0.39013671875 0.3486328125 0.0986328125 0.09765625
0 0.50634765625 0.34814453125 0.0732421875 0.0732421875
0 0.61083984375 0.3466796875 0.0986328125 0.09765625
0 0.72412109375 0.3486328125 0.0986328125 0.09765625
0 0.34033203125 0.43896484375 0.1103515625 0.1103515625
0 0.43798828125 0.4462890625 0.0986328125 0.09765625
0 0.56787109375 0.44921875 0.0986328125 0.09765625
0 0.67333984375 0.443359375 0.1103515625 0.109375
0 0.28759765625 0.53564453125 0.1103515625 0.1103515625
0 0.39599609375 0.5341796875 0.1103515625 0.109375
0 0.51318359375 0.5341796875 0.0986328125 0.09765625
0 0.61376953125 0.5341796875 0.0986328125 0.09765625
0 0.7275390625 0.5400390625 0.111328125 0.109375
0 0.33740234375 0.62890625 0.1103515625 0.109375
0 0.44677734375 0.6328125 0.1103515625 0.109375
0 0.55615234375 0.630859375 0.1103515625 0.109375
0 0.66796875 0.63232421875 0.111328125 0.1103515625
0 0.28662109375 0.72021484375 0.1103515625 0.1103515625
0 0.38330078125 0.72900390625 0.1103515625 0.1103515625
0 0.4951171875 0.7255859375 0.09765625 0.09765625
0 0.60546875 0.72412109375 0.111328125 0.1103515625
0 0.72412109375 0.72412109375 0.1103515625 0.1103515625
0 0.33642578125 0.81787109375 0.1103515625 0.1103515625
0 0.453125 0.81591796875 0.111328125 0.1103515625
0 0.5625 0.8251953125 0.09765625 0.09765625
0 0.68017578125 0.8154296875 0.1103515625 0.109375
0 0.3896484375 0.9140625 0.111328125 0.109375
0 0.50927734375 0.9150390625 0.0615234375 0.060546875
0 0.61572265625 0.9189453125 0.1103515625 0.109375
0 0.72607421875 0.9169921875 0.1103515625 0.109375
0 0.84130859375 0.9228515625 0.1103515625 0.109375
0 0.77685546875 0.81640625 0.0986328125 0.09765625
0 0.88525390625 0.8203125 0.0986328125 0.09765625
0 0.83447265625 0.72314453125 0.1103515625 0.1103515625
0 0.94384765625 0.7216796875 0.1103515625 0.109375
0 0.775390625 0.62548828125 0.111328125 0.1103515625
0 0.89208984375 0.63037109375 0.1103515625 0.1103515625
0 0.8330078125 0.5322265625 0.111328125 0.109375
0 0.77392578125 0.44091796875 0.1103515625 0.1103515625
0 0.8955078125 0.4423828125 0.0859375 0.0859375
0 0.83251953125 0.34619140625 0.1103515625 0.1103515625
0 0.9375 0.34716796875 0.111328125 0.1103515625
0 0.77490234375 0.251953125 0.1103515625 0.109375
0 0.89208984375 0.25439453125 0.1103515625 0.1103515625
0 0.82666015625 0.1640625 0.1103515625 0.109375
0 0.93994140625 0.1650390625 0.1103515625 0.109375
0 0.77685546875 0.064453125 0.0986328125 0.09765625
0 0.88818359375 0.064453125 0.1103515625 0.109375