0 0.51220703125 0.673828125 0.0732421875 0.07421875
0 0.51416015625 0.759765625 0.0732421875 0.07421875
0 0.71533203125 0.74169921875 0.0732421875 0.0732421875
0 0.70849609375 0.525390625 0.0732421875 0.07421875
0 0.43408203125 0.72705078125 0.0732421875 0.0732421875
0 0.626953125 0.85498046875 0.060546875 0.0615234375
0 0.43212890625 0.82470703125 0.0732421875 0.0732421875
0 0.9072265625 0.1044921875 0.09765625 0.09765625
0 0.912109375 0.19580078125 0.09765625 0.0986328125
0 0.8974609375 0.2998046875 0.09765625 0.09765625
0 0.8984375 0.42724609375 0.09765625 0.0986328125
0 0.8935546875 0.53662109375 0.09765625 0.0986328125
0 0.8896484375 0.64208984375 0.09765625 0.0986328125
0 0.90087890625 0.7509765625 0.0849609375 0.0859375
0 0.80517578125 0.798828125 0.0849609375 0.0859375
0 0.81396484375 0.1513671875 0.1103515625 0.111328125
0 0.81787109375 0.2763671875 0.1220703125 0.123046875
0 0.81103515625 0.3818359375 0.0849609375 0.0859375
0 0.7939453125 0.4990234375 0.0859375 0.0859375
0 0.79638671875 0.58447265625 0.0849609375 0.0869140625
0 0.802734375 0.6923828125 0.09765625 0.09765625
0 0.71826171875 0.10009765625 0.1103515625 0.1103515625
0 0.72216796875 0.20947265625 0.1103515625 0.1103515625
0 0.7197265625 0.32177734375 0.09765625 0.0986328125
0 0.7216796875 0.42041015625 0.09765625 0.0986328125
0 0.6298828125 0.50732421875 0.060546875 0.0615234375
0 0.62939453125 0.6103515625 0.0732421875 0.07421875
0 0.63232421875 0.6962890625 0.0849609375 0.0859375
0 0.623046875 0.775390625 0.0859375 0.0859375
0 0.49755859375 0.85888671875 0.0615234375 0.0615234375
0 0.2509765625 0.8125 0.0859375 0.0859375
0 0.6240234375 0.16650390625 0.109375 0.1103515625
0 0.63134765625 0.26318359375 0.1103515625 0.1103515625
0 0.62890625 0.37841796875 0.109375 0.1103515625
0 0.533203125 0.10546875 0.0859375 0.0859375
0 0.5283203125 0.21630859375 0.109375 0.1103515625
0 0.53076171875 0.32275390625 0.1103515625 0.1103515625
0 0.5302734375 0.4228515625 0.109375 0.111328125
0 0.5185546875 0.56494140625 0.09765625 0.0986328125
0 0.4345703125 0.61279296875 0.09765625 0.0986328125
0 0.44921875 0.498046875 0.0859375 0.0859375
0 0.43505859375 0.15478515625 0.0849609375 0.0869140625
0 0.44140625 0.2587890625 0.09765625 0.09765625
0 0.4345703125 0.39013671875 0.09765625 0.0986328125
0 0.3330078125 0.0986328125 0.0859375 0.0859375
0 0.33447265625 0.2119140625 0.0849609375 0.0859375
0 0.341796875 0.3251953125 0.09765625 0.09765625
0 0.345703125 0.42822265625 0.109375 0.1103515625
0 0.35595703125 0.5654296875 0.0849609375 0.0859375
0 0.3466796875 0.65966796875 0.09765625 0.0986328125
0 0.33349609375 0.7802734375 0.0849609375 0.0859375
0 0.25634765625 0.70751953125 0.1103515625 0.1103515625
0 0.24853515625 0.61376953125 0.1103515625 0.1103515625
0 0.25146484375 0.486328125 0.1103515625 0.111328125
0 0.25390625 0.384765625 0.109375 0.111328125
0 0.251953125 0.26904296875 0.09765625 0.0986328125
0 0.25244140625 0.1572265625 0.0732421875 0.07421875
0 0.15478515625 0.0947265625 0.0849609375 0.0859375
0 0.15185546875 0.2158203125 0.0849609375 0.0859375
0 0.154296875 0.32470703125 0.109375 0.1103515625
0 0.1572265625 0.43310546875 0.09765625 0.0986328125
0 0.1630859375 0.556640625 0.0859375 0.0859375
0 0.158203125 0.6552734375 0.109375 0.111328125
0 0.1591796875 0.76220703125 0.09765625 0.0986328125
0 0.15380859375 0.8701171875 0.0849609375 0.0859375
0 0.07763671875 0.82568359375 0.0849609375 0.0869140625
0 0.0673828125 0.720703125 0.0859375 0.0859375
0 0.06787109375 0.6015625 0.0849609375 0.0859375
0 0.07666015625 0.4921875 0.0849609375 0.0859375
0 0.07958984375 0.3798828125 0.0849609375 0.0859375
0 0.080078125 0.27392578125 0.09765625 0.0986328125
0 0.0654296875 0.1689453125 0.0859375 0.0859375
0 0.630859375 0.0517578125 0.0859375 0.0859375
0 0.82080078125 0.05908203125 0.1103515625 0.1103515625
0 0.712890625 0.62939453125 0.09765625 0.0986328125