0 0.896484375 0.13623046875 0.109375 0.1103515625
0 0.9033203125 0.24951171875 0.09765625 0.0986328125
0 0.89501953125 0.361328125 0.0849609375 0.0859375
0 0.89501953125 0.4990234375 0.0849609375 0.0859375
0 0.89208984375 0.5849609375 0.0849609375 0.0859375
0 0.8935546875 0.68798828125 0.109375 0.1103515625
0 0.89990234375 0.802734375 0.1220703125 0.123046875
0 0.80615234375 0.08154296875 0.1103515625 0.1103515625
0 0.8046875 0.1962890625 0.109375 0.111328125
0 0.8056640625 0.30322265625 0.09765625 0.0986328125
0 0.8017578125 0.412109375 0.09765625 0.09765625
0 0.8095703125 0.52685546875 0.09765625 0.0986328125
0 0.80029296875 0.63720703125 0.1103515625 0.1103515625
0 0.80029296875 0.73583984375 0.1103515625 0.1103515625
0 0.79638671875 0.84033203125 0.1103515625 0.1103515625
0 0.71826171875 0.1376953125 0.0849609375 0.0859375
0 0.712890625 0.24658203125 0.09765625 0.0986328125
0 0.705078125 0.36376953125 0.09765625 0.0986328125
0 0.7099609375 0.46142578125 0.09765625 0.0986328125
0 0.70751953125 0.580078125 0.0849609375 0.0859375
0 0.7060546875 0.68798828125 0.09765625 0.0986328125
0 0.70703125 0.78955078125 0.109375 0.1103515625
0 0.62255859375 0.083984375 0.0849609375 0.0859375
0 0.6162109375 0.197265625 0.09765625 0.09765625
0 0.61328125 0.30029296875 0.09765625 0.0986328125
0 0.6103515625 0.41357421875 0.09765625 0.0986328125
0 0.6064453125 0.529296875 0.0859375 0.0859375
0 0.609375 0.63427734375 0.09765625 0.0986328125
0 0.6103515625 0.7333984375 0.09765625 0.09765625
0 0.603515625 0.83447265625 0.109375 0.1103515625
0 0.5107421875 0.78369140625 0.109375 0.1103515625
0 0.50830078125 0.68115234375 0.1103515625 0.1103515625
0 0.5107421875 0.5693359375 0.109375 0.111328125
0 0.51123046875 0.45751953125 0.1103515625 0.1103515625
0 0.5244140625 0.349609375 0.09765625 0.09765625
0 0.51513671875 0.24267578125 0.1103515625 0.1103515625
0 0.51904296875 0.13330078125 0.1103515625 0.1103515625
0 0.421875 0.087890625 0.09765625 0.09765625
0 0.416015625 0.19189453125 0.09765625 0.0986328125
0 0.41796875 0.30126953125 0.09765625 0.0986328125
0 0.4208984375 0.40673828125 0.109375 0.1103515625
0 0.41552734375 0.52490234375 0.1103515625 0.1103515625
0 0.41650390625 0.62890625 0.1103515625 0.111328125
0 0.421875 0.74365234375 0.09765625 0.0986328125
0 0.4189453125 0.85009765625 0.09765625 0.0986328125
0 0.32666015625 0.14013671875 0.1103515625 0.1103515625
0 0.326171875 0.24755859375 0.09765625 0.0986328125
0 0.318359375 0.3583984375 0.09765625 0.09765625
0 0.3251953125 0.47021484375 0.0859375 0.0869140625
0 0.3212890625 0.57958984375 0.09765625 0.0986328125
0 0.32080078125 0.68505859375 0.1103515625 0.1103515625
0 0.322265625 0.81884765625 0.109375 0.1103515625
0 0.23095703125 0.08349609375 0.1103515625 0.1103515625
0 0.2333984375 0.1865234375 0.109375 0.111328125
0 0.2294921875 0.30126953125 0.09765625 0.0986328125
0 0.22802734375 0.41796875 0.1103515625 0.111328125
0 0.2314453125 0.52734375 0.09765625 0.09765625
0 0.23291015625 0.64697265625 0.1103515625 0.1103515625
0 0.234375 0.74169921875 0.109375 0.1103515625
0 0.22998046875 0.8671875 0.0849609375 0.0859375
0 0.13671875 0.25927734375 0.109375 0.1103515625
0 0.1337890625 0.34765625 0.09765625 0.09765625
0 0.13916015625 0.43359375 0.1103515625 0.111328125
0 0.14404296875 0.54833984375 0.1103515625 0.1103515625
0 0.1259765625 0.67822265625 0.109375 0.1103515625
0 0.13330078125 0.8017578125 0.1103515625 0.111328125
0 0.05810546875 0.0693359375 0.1103515625 0.111328125