0 0.48291015625 0.09716796875 0.0732421875 0.0732421875
0 0.39013671875 0.169921875 0.0732421875 0.07421875
0 0.68603515625 0.32763671875 0.0732421875 0.0732421875
0 0.8515625 0.94482421875 0.09765625 0.0986328125
0 0.46875 0.94482421875 0.09765625 0.0986328125
0 0.56787109375 0.37158203125 0.0615234375 0.0615234375
0 0.95556640625 0.28515625 0.0849609375 0.0859375
0 0.9501953125 0.39306640625 0.09765625 0.0986328125
0 0.9501953125 0.494140625 0.09765625 0.09765625
0 0.853515625 0.66552734375 0.109375 0.1103515625
0 0.8544921875 0.55126953125 0.09765625 0.0986328125
0 0.865234375 0.435546875 0.109375 0.111328125
0 0.8564453125 0.33447265625 0.109375 0.1103515625
0 0.86669921875 0.20947265625 0.1103515625 0.1103515625
0 0.76318359375 0.28076171875 0.1103515625 0.1103515625
0 0.7734375 0.3935546875 0.0859375 0.0859375
0 0.576171875 0.068359375 0.09765625 0.09765625
0 0.48828125 0.224609375 0.09765625 0.09765625
0 0.6806640625 0.2060546875 0.0859375 0.0859375
0 0.681640625 0.4521484375 0.09765625 0.09765625
0 0.66357421875 0.55224609375 0.1103515625 0.1103515625
0 0.66064453125 0.63818359375 0.1103515625 0.1103515625
0 0.765625 0.6474609375 0.109375 0.111328125
0 0.7568359375 0.50341796875 0.09765625 0.0986328125
0 0.56494140625 0.46240234375 0.0732421875 0.0732421875
0 0.5693359375 0.56787109375 0.09765625 0.0986328125
0 0.56494140625 0.67626953125 0.1103515625 0.1103515625
0 0.4814453125 0.63671875 0.09765625 0.09765625
0 0.486328125 0.55908203125 0.09765625 0.0986328125
0 0.384765625 0.0478515625 0.0859375 0.0859375
0 0.396484375 0.2763671875 0.09765625 0.09765625
0 0.2978515625 0.23828125 0.0859375 0.0859375
0 0.30029296875 0.33056640625 0.1103515625 0.1103515625
0 0.29296875 0.44287109375 0.09765625 0.0986328125
0 0.38427734375 0.58349609375 0.0732421875 0.0732421875
0 0.390625 0.68212890625 0.09765625 0.0986328125
0 0.2001953125 0.0537109375 0.0859375 0.0859375
0 0.20263671875 0.1591796875 0.0849609375 0.0859375
0 0.20361328125 0.27587890625 0.1103515625 0.1103515625
0 0.20751953125 0.38427734375 0.1103515625 0.1103515625
0 0.2060546875 0.49365234375 0.109375 0.1103515625
0 0.203125 0.61181640625 0.09765625 0.0986328125
0 0.1015625 0.1005859375 0.09765625 0.09765625
0 0.1025390625 0.22802734375 0.09765625 0.0986328125
0 0.09765625 0.33740234375 0.09765625 0.0986328125
0 0.09375 0.44287109375 0.09765625 0.0986328125
0 0.10498046875 0.5517578125 0.0849609375 0.0859375