0 0.32861328125 0.82470703125 0.0732421875 0.0732421875
0 0.38671875 0.16650390625 0.07421875 0.0732421875
0 0.32568359375 0.259765625 0.0615234375 0.060546875
0 0.82666015625 0.15771484375 0.0732421875 0.0732421875
0 0.92138671875 0.16552734375 0.0732421875 0.0732421875
0 0.8798828125 0.2587890625 0.0859375 0.0859375
0 0.8837890625 0.06982421875 0.07421875 0.0732421875
0 0.76416015625 0.06982421875 0.0732421875 0.0732421875
0 0.5439453125 0.06982421875 0.0859375 0.0849609375
0 0.44140625 0.072265625 0.0859375 0.0859375
0 0.4580078125 0.451171875 0.0859375 0.0859375
0 0.5712890625 0.634765625 0.0859375 0.0859375
0 0.6005859375 0.5439453125 0.0859375 0.0859375
0 0.31787109375 0.0751953125 0.0986328125 0.09765625
0 0.28515625 0.1591796875 0.09765625 0.09765625
0 0.49609375 0.1650390625 0.09765625 0.09765625
0 0.59912109375 0.1640625 0.0986328125 0.09765625
0 0.7197265625 0.15771484375 0.0859375 0.0849609375
0 0.65234375 0.07275390625 0.0859375 0.0849609375
0 0.4453125 0.251953125 0.111328125 0.109375
0 0.55224609375 0.25830078125 0.1103515625 0.1103515625
0 0.65966796875 0.25732421875 0.1103515625 0.1103515625
0 0.77978515625 0.25634765625 0.1103515625 0.1103515625
0 0.8369140625 0.3466796875 0.0859375 0.0859375
0 0.9267578125 0.345703125 0.0859375 0.0859375
0 0.728515625 0.34130859375 0.0859375 0.0849609375
0 0.59716796875 0.34521484375 0.1103515625 0.1103515625
0 0.49560546875 0.34912109375 0.1103515625 0.1103515625
0 0.390625 0.3447265625 0.0859375 0.0859375
0 0.27880859375 0.341796875 0.0986328125 0.09765625
0 0.33447265625 0.447265625 0.0986328125 0.09765625
0 0.5751953125 0.44873046875 0.111328125 0.1103515625
0 0.68603515625 0.45263671875 0.1103515625 0.1103515625
0 0.79345703125 0.4501953125 0.0986328125 0.09765625
0 0.87451171875 0.4453125 0.0986328125 0.09765625
0 0.9482421875 0.54443359375 0.0859375 0.0849609375
0 0.84033203125 0.541015625 0.0986328125 0.09765625
0 0.443359375 0.638671875 0.09765625 0.09765625
0 0.328125 0.64208984375 0.0859375 0.0849609375
0 0.2783203125 0.5439453125 0.0859375 0.0859375
0 0.3798828125 0.5322265625 0.09765625 0.09765625
0 0.49609375 0.5390625 0.0859375 0.0859375
0 0.677734375 0.63623046875 0.0859375 0.0849609375
0 0.7470703125 0.5390625 0.0859375 0.0859375
0 0.6318359375 0.71875 0.0859375 0.0859375
0 0.505859375 0.72607421875 0.0859375 0.0849609375
0 0.87646484375 0.634765625 0.0986328125 0.09765625
0 0.7763671875 0.63330078125 0.0859375 0.0849609375
0 0.7255859375 0.7158203125 0.09765625 0.09765625
0 0.830078125 0.7265625 0.0859375 0.0859375
0 0.931640625 0.72265625 0.0859375 0.0859375
0 0.5 0.923828125 0.0859375 0.0859375
0 0.451171875 0.82421875 0.09765625 0.09765625
0 0.552734375 0.82177734375 0.0859375 0.0849609375
0 0.6552734375 0.82421875 0.09765625 0.09765625
0 0.77001953125 0.8251953125 0.0986328125 0.09765625
0 0.8828125 0.82470703125 0.0859375 0.0849609375
0 0.93212890625 0.9208984375 0.0986328125 0.09765625
0 0.8359375 0.9140625 0.09765625 0.09765625
0 0.71875 0.9189453125 0.0859375 0.0859375
0 0.6005859375 0.91357421875 0.0859375 0.0849609375
0 0.38330078125 0.916015625 0.0986328125 0.09765625
0 0.2763671875 0.91357421875 0.0859375 0.0849609375
0 0.1025390625 0.82568359375 0.07421875 0.0732421875
0 0.0517578125 0.92333984375 0.0859375 0.0849609375
0 0.1650390625 0.9169921875 0.0859375 0.0859375
0 0.224609375 0.82666015625 0.0859375 0.0849609375
0 0.06103515625 0.7236328125 0.0986328125 0.09765625
0 0.17236328125 0.7275390625 0.0986328125 0.09765625
0 0.4091796875 0.72998046875 0.0859375 0.0849609375
0 0.21826171875 0.6328125 0.0986328125 0.09765625
0 0.11328125 0.63427734375 0.0859375 0.0849609375
0 0.16748046875 0.5361328125 0.0986328125 0.09765625
0 0.0712890625 0.541015625 0.09765625 0.09765625
0 0.09228515625 0.4453125 0.0986328125 0.09765625
0 0.22216796875 0.447265625 0.0986328125 0.09765625
0 0.1484375 0.34326171875 0.0859375 0.0849609375
0 0.0556640625 0.3408203125 0.0859375 0.0859375
0 0.2265625 0.25537109375 0.0859375 0.0849609375
0 0.11328125 0.26171875 0.0859375 0.0859375
0 0.05224609375 0.16015625 0.0986328125 0.09765625
0 0.18896484375 0.1572265625 0.0986328125 0.09765625
0 0.21875 0.06689453125 0.0859375 0.0849609375
0 0.103515625 0.06689453125 0.0859375 0.0849609375
0 0.298828125 0.7216796875 0.0859375 0.0859375