0 0.951171875 0.69775390625 0.0859375 0.0849609375
0 0.9140625 0.2236328125 0.09765625 0.09765625
0 0.904296875 0.416015625 0.0859375 0.0859375
0 0.919921875 0.6044921875 0.111328125 0.109375
0 0.13525390625 0.1240234375 0.1103515625 0.109375
0 0.2236328125 0.126953125 0.09765625 0.09765625
0 0.3095703125 0.12158203125 0.111328125 0.1103515625
0 0.42431640625 0.11669921875 0.1103515625 0.1103515625
0 0.55419921875 0.134765625 0.1103515625 0.109375
0 0.677734375 0.12744140625 0.111328125 0.1103515625
0 0.72705078125 0.216796875 0.1103515625 0.109375
0 0.619140625 0.22802734375 0.111328125 0.1103515625
0 0.505859375 0.2216796875 0.111328125 0.109375
0 0.40673828125 0.2158203125 0.0986328125 0.09765625
0 0.18994140625 0.2109375 0.1103515625 0.109375
0 0.27978515625 0.21484375 0.0986328125 0.09765625
0 0.2314453125 0.3115234375 0.09765625 0.09765625
0 0.337890625 0.310546875 0.09765625 0.09765625
0 0.451171875 0.310546875 0.09765625 0.09765625
0 0.564453125 0.314453125 0.09765625 0.09765625
0 0.19482421875 0.474609375 0.0498046875 0.048828125
0 0.412109375 0.40625 0.09765625 0.09765625
0 0.50146484375 0.40869140625 0.1103515625 0.1103515625
0 0.62255859375 0.4091796875 0.0986328125 0.09765625
0 0.7177734375 0.40771484375 0.111328125 0.1103515625
0 0.6708984375 0.32275390625 0.111328125 0.1103515625
0 0.66552734375 0.505859375 0.0986328125 0.09765625
0 0.5458984375 0.501953125 0.0859375 0.0859375
0 0.44677734375 0.501953125 0.1103515625 0.109375
0 0.38330078125 0.58984375 0.0986328125 0.09765625
0 0.52783203125 0.5771484375 0.1103515625 0.109375
0 0.62353515625 0.58984375 0.1103515625 0.109375
0 0.7265625 0.6044921875 0.09765625 0.09765625
0 0.67724609375 0.685546875 0.1103515625 0.109375
0 0.55908203125 0.689453125 0.1103515625 0.109375
0 0.4609375 0.68798828125 0.0859375 0.0849609375
0 0.091796875 0.681640625 0.09765625 0.09765625
0 0.3388671875 0.6904296875 0.09765625 0.09765625
0 0.294921875 0.78369140625 0.0859375 0.0849609375
0 0.40283203125 0.7890625 0.0986328125 0.09765625
0 0.50390625 0.7890625 0.09765625 0.09765625
0 0.61962890625 0.7890625 0.1103515625 0.109375
0 0.71728515625 0.78759765625 0.1103515625 0.1103515625
0 0.67529296875 0.8857421875 0.1103515625 0.109375
0 0.56103515625 0.884765625 0.0986328125 0.09765625
0 0.4453125 0.8740234375 0.111328125 0.109375
0 0.34423828125 0.8828125 0.1103515625 0.109375
0 0.21923828125 0.87255859375 0.1103515625 0.1103515625