0 0.19775390625 0.54638671875 0.0732421875 0.0732421875
0 0.19873046875 0.4384765625 0.0849609375 0.0859375
0 0.12353515625 0.9326171875 0.0849609375 0.0859375
0 0.7744140625 0.64794921875 0.060546875 0.0615234375
0 0.40625 0.44970703125 0.060546875 0.0615234375
0 0.67236328125 0.4921875 0.0732421875 0.07421875
0 0.1220703125 0.48583984375 0.09765625 0.0986328125
0 0.1220703125 0.6025390625 0.09765625 0.09765625
0 0.12255859375 0.716796875 0.0732421875 0.07421875
0 0.11767578125 0.818359375 0.0732421875 0.07421875
0 0.22216796875 0.6513671875 0.0732421875 0.07421875
0 0.216796875 0.765625 0.09765625 0.09765625
0 0.2197265625 0.876953125 0.09765625 0.09765625
0 0.30810546875 0.48486328125 0.0849609375 0.0869140625
0 0.31201171875 0.59814453125 0.1103515625 0.1103515625
0 0.31689453125 0.71435546875 0.1103515625 0.1103515625
0 0.31103515625 0.82080078125 0.1103515625 0.1103515625
0 0.310546875 0.9365234375 0.109375 0.111328125
0 0.41357421875 0.54150390625 0.1220703125 0.1220703125
0 0.416015625 0.65673828125 0.09765625 0.0986328125
0 0.40625 0.76904296875 0.09765625 0.0986328125
0 0.40625 0.88720703125 0.09765625 0.0986328125
0 0.4970703125 0.498046875 0.0859375 0.0859375
0 0.501953125 0.60400390625 0.09765625 0.0986328125
0 0.494140625 0.71728515625 0.09765625 0.0986328125
0 0.498046875 0.8251953125 0.0859375 0.0859375
0 0.5078125 0.93505859375 0.09765625 0.0986328125
0 0.58544921875 0.55078125 0.0849609375 0.0859375
0 0.58740234375 0.6728515625 0.0849609375 0.0859375
0 0.591796875 0.77197265625 0.0859375 0.0869140625
0 0.591796875 0.880859375 0.0859375 0.0859375
0 0.67333984375 0.6162109375 0.0849609375 0.0859375
0 0.67138671875 0.7265625 0.0849609375 0.0859375
0 0.67138671875 0.826171875 0.0849609375 0.0859375
0 0.66552734375 0.94140625 0.0849609375 0.0859375
0 0.7783203125 0.5537109375 0.048828125 0.048828125
0 0.7705078125 0.7587890625 0.0859375 0.0859375
0 0.77001953125 0.875 0.0849609375 0.0859375
0 0.7646484375 0.96435546875 0.048828125 0.0498046875
0 0.873046875 0.6025390625 0.060546875 0.060546875