0 0.49169921875 0.076171875 0.0732421875 0.07421875
0 0.67041015625 0.7685546875 0.0732421875 0.07421875
0 0.67236328125 0.8544921875 0.0732421875 0.07421875
0 0.87353515625 0.83642578125 0.0732421875 0.0732421875
0 0.86669921875 0.6201171875 0.0732421875 0.07421875
0 0.59228515625 0.82177734375 0.0732421875 0.0732421875
0 0.78515625 0.94970703125 0.060546875 0.0615234375
0 0.59033203125 0.91943359375 0.0732421875 0.0732421875
0 0.9521484375 0.59375 0.0859375 0.0859375
0 0.95458984375 0.67919921875 0.0849609375 0.0869140625
0 0.87646484375 0.19482421875 0.1103515625 0.1103515625
0 0.88037109375 0.30419921875 0.1103515625 0.1103515625
0 0.8779296875 0.41650390625 0.09765625 0.0986328125
0 0.8798828125 0.51513671875 0.09765625 0.0986328125
0 0.7880859375 0.60205078125 0.060546875 0.0615234375
0 0.78759765625 0.705078125 0.0732421875 0.07421875
0 0.79052734375 0.791015625 0.0849609375 0.0859375
0 0.78125 0.8701171875 0.0859375 0.0859375
0 0.65576171875 0.95361328125 0.0615234375 0.0615234375
0 0.4091796875 0.9072265625 0.0859375 0.0859375
0 0.7822265625 0.26123046875 0.109375 0.1103515625
0 0.78955078125 0.35791015625 0.1103515625 0.1103515625
0 0.787109375 0.47314453125 0.109375 0.1103515625
0 0.69140625 0.2001953125 0.0859375 0.0859375
0 0.6865234375 0.31103515625 0.109375 0.1103515625
0 0.68896484375 0.41748046875 0.1103515625 0.1103515625
0 0.6884765625 0.517578125 0.109375 0.111328125
0 0.6767578125 0.65966796875 0.09765625 0.0986328125
0 0.5927734375 0.70751953125 0.09765625 0.0986328125
0 0.607421875 0.5927734375 0.0859375 0.0859375
0 0.59326171875 0.24951171875 0.0849609375 0.0869140625
0 0.599609375 0.353515625 0.09765625 0.09765625
0 0.5927734375 0.48486328125 0.09765625 0.0986328125
0 0.4912109375 0.193359375 0.0859375 0.0859375
0 0.49267578125 0.306640625 0.0849609375 0.0859375
0 0.5 0.419921875 0.09765625 0.09765625
0 0.50390625 0.52294921875 0.109375 0.1103515625
0 0.51416015625 0.66015625 0.0849609375 0.0859375
0 0.5048828125 0.75439453125 0.09765625 0.0986328125
0 0.49169921875 0.875 0.0849609375 0.0859375
0 0.41455078125 0.80224609375 0.1103515625 0.1103515625
0 0.40673828125 0.70849609375 0.1103515625 0.1103515625
0 0.40966796875 0.5810546875 0.1103515625 0.111328125
0 0.412109375 0.4794921875 0.109375 0.111328125
0 0.41015625 0.36376953125 0.09765625 0.0986328125
0 0.41064453125 0.251953125 0.0732421875 0.07421875
0 0.31298828125 0.189453125 0.0849609375 0.0859375
0 0.31005859375 0.310546875 0.0849609375 0.0859375
0 0.3125 0.41943359375 0.109375 0.1103515625
0 0.3154296875 0.52783203125 0.09765625 0.0986328125
0 0.3212890625 0.6513671875 0.0859375 0.0859375
0 0.31640625 0.75 0.109375 0.111328125
0 0.3173828125 0.85693359375 0.09765625 0.0986328125
0 0.23583984375 0.92041015625 0.0849609375 0.0869140625
0 0.2255859375 0.8154296875 0.0859375 0.0859375
0 0.22607421875 0.6962890625 0.0849609375 0.0859375
0 0.23486328125 0.5869140625 0.0849609375 0.0859375
0 0.23779296875 0.474609375 0.0849609375 0.0859375
0 0.23828125 0.36865234375 0.09765625 0.0986328125
0 0.2236328125 0.263671875 0.0859375 0.0859375
0 0.1298828125 0.19287109375 0.09765625 0.0986328125
0 0.12548828125 0.31689453125 0.1103515625 0.1103515625
0 0.12646484375 0.42333984375 0.1103515625 0.1103515625
0 0.13037109375 0.53271484375 0.0966796875 0.0986328125
0 0.13134765625 0.63671875 0.0849609375 0.0859375
0 0.1240234375 0.75244140625 0.09765625 0.0986328125
0 0.12109375 0.86962890625 0.109375 0.1103515625
0 0.41552734375 0.1279296875 0.0732421875 0.07421875
0 0.3173828125 0.09375 0.0859375 0.0859375
0 0.880859375 0.08837890625 0.09765625 0.0986328125
0 0.69580078125 0.08251953125 0.1103515625 0.1103515625
0 0.7890625 0.146484375 0.0859375 0.0859375
0 0.60009765625 0.134765625 0.0849609375 0.0859375
0 0.1298828125 0.08740234375 0.09765625 0.0986328125
0 0.234375 0.13818359375 0.09765625 0.0986328125
0 0.87109375 0.72412109375 0.09765625 0.0986328125