0 0.8642578125 0.0576171875 0.109375 0.111328125
0 0.87939453125 0.1708984375 0.1103515625 0.111328125
0 0.87939453125 0.275390625 0.1103515625 0.111328125
0 0.77490234375 0.107421875 0.0849609375 0.0859375
0 0.77734375 0.22021484375 0.109375 0.1103515625
0 0.7841796875 0.33154296875 0.109375 0.1103515625
0 0.6787109375 0.05078125 0.09765625 0.09765625
0 0.681640625 0.15673828125 0.09765625 0.0986328125
0 0.677734375 0.2685546875 0.0859375 0.0859375
0 0.6826171875 0.3828125 0.0859375 0.0859375
0 0.5849609375 0.10302734375 0.09765625 0.0986328125
0 0.58203125 0.2119140625 0.0859375 0.0859375
0 0.58837890625 0.32666015625 0.0849609375 0.0869140625
0 0.4912109375 0.15673828125 0.09765625 0.0986328125
0 0.49072265625 0.26806640625 0.0849609375 0.0869140625
0 0.39892578125 0.09375 0.0849609375 0.0859375
0 0.3984375 0.21240234375 0.09765625 0.0986328125
0 0.3994140625 0.32275390625 0.09765625 0.0986328125
0 0.3017578125 0.16357421875 0.09765625 0.0986328125
0 0.3056640625 0.26806640625 0.109375 0.1103515625
0 0.20947265625 0.09716796875 0.1103515625 0.1103515625
0 0.20703125 0.21337890625 0.09765625 0.0986328125
0 0.20556640625 0.32421875 0.0849609375 0.0859375
0 0.11669921875 0.15380859375 0.1103515625 0.1103515625
0 0.11328125 0.2587890625 0.09765625 0.09765625
0 0.11328125 0.3779296875 0.09765625 0.09765625
0 0.30322265625 0.3779296875 0.0849609375 0.0859375
0 0.1181640625 0.4833984375 0.09765625 0.09765625
0 0.1103515625 0.59423828125 0.09765625 0.0986328125
0 0.1142578125 0.70166015625 0.109375 0.1103515625
0 0.11474609375 0.81982421875 0.1103515625 0.1103515625
0 0.10986328125 0.93603515625 0.1103515625 0.1103515625
0 0.2080078125 0.4326171875 0.09765625 0.09765625
0 0.20654296875 0.5458984375 0.1103515625 0.111328125
0 0.205078125 0.64990234375 0.109375 0.1103515625
0 0.205078125 0.76123046875 0.09765625 0.0986328125
0 0.2021484375 0.87548828125 0.109375 0.1103515625
0 0.30419921875 0.4931640625 0.1103515625 0.111328125
0 0.2998046875 0.6025390625 0.09765625 0.09765625
0 0.2998046875 0.7138671875 0.09765625 0.09765625
0 0.29833984375 0.8212890625 0.0849609375 0.0859375
0 0.298828125 0.9345703125 0.0859375 0.0859375
0 0.3955078125 0.4375 0.0859375 0.0859375
0 0.39453125 0.5498046875 0.09765625 0.09765625
0 0.39892578125 0.6591796875 0.1103515625 0.111328125
0 0.39111328125 0.76953125 0.1103515625 0.111328125
0 0.39697265625 0.87548828125 0.1103515625 0.1103515625
0 0.48876953125 0.380859375 0.0849609375 0.0859375
0 0.4912109375 0.490234375 0.0859375 0.0859375
0 0.48828125 0.6015625 0.0859375 0.0859375
0 0.494140625 0.703125 0.109375 0.111328125
0 0.4912109375 0.8125 0.109375 0.111328125
0 0.48681640625 0.93603515625 0.1103515625 0.1103515625
0 0.58349609375 0.43701171875 0.1103515625 0.1103515625
0 0.58447265625 0.55029296875 0.1103515625 0.1103515625
0 0.5927734375 0.65380859375 0.109375 0.1103515625
0 0.5869140625 0.76416015625 0.109375 0.1103515625
0 0.5859375 0.87890625 0.109375 0.111328125
0 0.68505859375 0.48486328125 0.1103515625 0.1103515625
0 0.68310546875 0.60009765625 0.1103515625 0.1103515625
0 0.677734375 0.70849609375 0.09765625 0.0986328125
0 0.68017578125 0.818359375 0.0849609375 0.0859375
0 0.6806640625 0.931640625 0.09765625 0.09765625
0 0.779296875 0.44384765625 0.109375 0.1103515625
0 0.78125 0.54345703125 0.109375 0.1103515625
0 0.771484375 0.65576171875 0.09765625 0.0986328125
0 0.77685546875 0.76806640625 0.1103515625 0.1103515625
0 0.76904296875 0.87451171875 0.1103515625 0.1103515625
0 0.85986328125 0.38720703125 0.1103515625 0.1103515625
0 0.8681640625 0.50341796875 0.109375 0.1103515625
0 0.869140625 0.61181640625 0.109375 0.1103515625
0 0.869140625 0.71435546875 0.09765625 0.0986328125
0 0.8740234375 0.83056640625 0.109375 0.1103515625
0 0.87158203125 0.94091796875 0.1103515625 0.1103515625