0 0.669921875 0.48876953125 0.0859375 0.0869140625
0 0.18408203125 0.65234375 0.0732421875 0.07421875
0 0.94970703125 0.2138671875 0.0732421875 0.07421875
0 0.9462890625 0.4306640625 0.09765625 0.09765625
0 0.853515625 0.1474609375 0.109375 0.111328125
0 0.857421875 0.248046875 0.109375 0.111328125
0 0.8505859375 0.36767578125 0.09765625 0.0986328125
0 0.85107421875 0.484375 0.0849609375 0.0859375
0 0.7646484375 0.0849609375 0.109375 0.111328125
0 0.76513671875 0.1923828125 0.0849609375 0.0859375
0 0.76171875 0.31787109375 0.09765625 0.0986328125
0 0.76953125 0.42724609375 0.09765625 0.0986328125
0 0.66748046875 0.16015625 0.0849609375 0.0859375
0 0.66064453125 0.279296875 0.0849609375 0.0859375
0 0.6669921875 0.3828125 0.0859375 0.0859375
0 0.58251953125 0.10693359375 0.0244140625 0.0244140625
0 0.576171875 0.2255859375 0.037109375 0.037109375
0 0.57861328125 0.33154296875 0.0244140625 0.0244140625
0 0.57275390625 0.44482421875 0.0244140625 0.0244140625
0 0.48095703125 0.25341796875 0.0244140625 0.0244140625
0 0.48095703125 0.36376953125 0.0244140625 0.0244140625
0 0.47705078125 0.47900390625 0.0244140625 0.0244140625
0 0.4814453125 0.13427734375 0.09765625 0.0986328125
0 0.47314453125 0.58837890625 0.0244140625 0.0244140625
0 0.47607421875 0.67041015625 0.0244140625 0.0244140625
0 0.57373046875 0.53173828125 0.0244140625 0.0244140625
0 0.56689453125 0.63916015625 0.0244140625 0.0244140625
0 0.6669921875 0.669921875 0.037109375 0.037109375
0 0.6640625 0.58740234375 0.109375 0.1103515625
0 0.7734375 0.53125 0.0859375 0.0859375
0 0.77392578125 0.64013671875 0.0732421875 0.0732421875
0 0.8544921875 0.59033203125 0.09765625 0.0986328125
0 0.84521484375 0.70556640625 0.0615234375 0.0615234375
0 0.9462890625 0.53662109375 0.09765625 0.0986328125
0 0.1904296875 0.21923828125 0.09765625 0.0986328125
0 0.1943359375 0.32275390625 0.109375 0.1103515625
0 0.185546875 0.43359375 0.09765625 0.09765625
0 0.1904296875 0.544921875 0.09765625 0.09765625
0 0.0927734375 0.2744140625 0.0859375 0.0859375
0 0.09375 0.3876953125 0.09765625 0.09765625
0 0.08935546875 0.49267578125 0.1103515625 0.1103515625
0 0.08984375 0.60205078125 0.09765625 0.0986328125
0 0.0947265625 0.8779296875 0.0859375 0.0859375
0 0.19287109375 0.8291015625 0.0361328125 0.037109375
0 0.193359375 0.927734375 0.09765625 0.09765625
0 0.28857421875 0.88671875 0.0849609375 0.0859375
0 0.388671875 0.83349609375 0.060546875 0.0615234375
0 0.380859375 0.931640625 0.0859375 0.0859375
0 0.4775390625 0.8818359375 0.0859375 0.0859375
0 0.57470703125 0.84033203125 0.0615234375 0.0615234375
0 0.5712890625 0.93408203125 0.09765625 0.0986328125
0 0.6689453125 0.88330078125 0.09765625 0.0986328125
0 0.7587890625 0.8505859375 0.048828125 0.048828125
0 0.755859375 0.93603515625 0.09765625 0.0986328125
0 0.84423828125 0.88330078125 0.0732421875 0.0732421875