0 0.70751953125 0.2666015625 0.0732421875 0.07421875
0 0.8876953125 0.61328125 0.0859375 0.0859375
0 0.8876953125 0.72119140625 0.09765625 0.0986328125
0 0.8837890625 0.81103515625 0.09765625 0.0986328125
0 0.7978515625 0.546875 0.09765625 0.09765625
0 0.79296875 0.6728515625 0.09765625 0.09765625
0 0.791015625 0.76806640625 0.09765625 0.0986328125
0 0.7919921875 0.87451171875 0.09765625 0.0986328125
0 0.7001953125 0.923828125 0.0859375 0.0859375
0 0.7041015625 0.818359375 0.0859375 0.0859375
0 0.70166015625 0.712890625 0.0849609375 0.0859375
0 0.70166015625 0.6103515625 0.0849609375 0.0859375
0 0.60888671875 0.55029296875 0.1103515625 0.1103515625
0 0.60498046875 0.66650390625 0.1103515625 0.1103515625
0 0.59814453125 0.77978515625 0.1103515625 0.1103515625
0 0.5966796875 0.892578125 0.109375 0.111328125
0 0.5126953125 0.94091796875 0.109375 0.1103515625
0 0.5126953125 0.81689453125 0.109375 0.1103515625
0 0.51318359375 0.724609375 0.1103515625 0.111328125
0 0.51953125 0.59716796875 0.109375 0.1103515625
0 0.40966796875 0.55419921875 0.1103515625 0.1103515625
0 0.4072265625 0.65673828125 0.109375 0.1103515625
0 0.4150390625 0.77392578125 0.09765625 0.0986328125
0 0.4150390625 0.88330078125 0.09765625 0.0986328125
0 0.3271484375 0.60595703125 0.109375 0.1103515625
0 0.32421875 0.74267578125 0.109375 0.1103515625
0 0.31640625 0.82421875 0.0859375 0.0859375
0 0.32421875 0.92626953125 0.109375 0.1103515625
0 0.2353515625 0.658203125 0.0859375 0.0859375
0 0.224609375 0.7529296875 0.109375 0.111328125
0 0.22216796875 0.85205078125 0.1103515625 0.1103515625
0 0.13134765625 0.91455078125 0.1103515625 0.1103515625
0 0.1318359375 0.82958984375 0.09765625 0.0986328125
0 0.1357421875 0.71923828125 0.09765625 0.0986328125
0 0.1396484375 0.60888671875 0.109375 0.1103515625
0 0.8984375 0.5009765625 0.109375 0.111328125
0 0.8896484375 0.38232421875 0.109375 0.1103515625
0 0.8857421875 0.27587890625 0.109375 0.1103515625
0 0.89453125 0.17724609375 0.09765625 0.0986328125
0 0.89501953125 0.05908203125 0.1103515625 0.1103515625
0 0.8017578125 0.11865234375 0.109375 0.1103515625
0 0.80078125 0.21826171875 0.109375 0.1103515625
0 0.8017578125 0.33447265625 0.109375 0.1103515625
0 0.791015625 0.45263671875 0.109375 0.1103515625
0 0.70458984375 0.5009765625 0.0849609375 0.0859375
0 0.70458984375 0.3798828125 0.0849609375 0.0859375
0 0.71533203125 0.15234375 0.0849609375 0.0859375
0 0.7099609375 0.05712890625 0.09765625 0.0986328125
0 0.61572265625 0.11669921875 0.1103515625 0.1103515625
0 0.6103515625 0.2197265625 0.109375 0.111328125
0 0.6015625 0.32666015625 0.109375 0.1103515625
0 0.6064453125 0.43408203125 0.109375 0.1103515625
0 0.5107421875 0.48779296875 0.109375 0.1103515625
0 0.509765625 0.39892578125 0.109375 0.1103515625
0 0.51220703125 0.29345703125 0.1103515625 0.1103515625
0 0.51904296875 0.1611328125 0.1103515625 0.111328125
0 0.4248046875 0.10498046875 0.09765625 0.0986328125
0 0.42041015625 0.22119140625 0.1103515625 0.1103515625
0 0.4208984375 0.33642578125 0.09765625 0.0986328125
0 0.4189453125 0.44482421875 0.109375 0.1103515625
0 0.326171875 0.4912109375 0.109375 0.111328125
0 0.3193359375 0.37939453125 0.09765625 0.0986328125
0 0.32861328125 0.28173828125 0.1103515625 0.1103515625
0 0.330078125 0.16748046875 0.09765625 0.0986328125
0 0.23486328125 0.107421875 0.0849609375 0.0859375
0 0.23583984375 0.2236328125 0.0849609375 0.0859375
0 0.23828125 0.3310546875 0.0859375 0.0859375
0 0.2431640625 0.4482421875 0.0859375 0.0859375
0 0.23779296875 0.55078125 0.0849609375 0.0859375
0 0.134765625 0.51220703125 0.109375 0.1103515625
0 0.1337890625 0.38720703125 0.09765625 0.0986328125
0 0.1337890625 0.27734375 0.0859375 0.0859375
0 0.134765625 0.169921875 0.09765625 0.09765625