0 0.3701171875 0.71533203125 0.0859375 0.0849609375
0 0.24755859375 0.71142578125 0.1103515625 0.1103515625
0 0.134765625 0.71142578125 0.111328125 0.1103515625
0 0.08154296875 0.61181640625 0.1103515625 0.1103515625
0 0.201171875 0.6103515625 0.111328125 0.109375
0 0.30517578125 0.61181640625 0.1103515625 0.1103515625
0 0.36669921875 0.525390625 0.0986328125 0.09765625
0 0.25732421875 0.525390625 0.1103515625 0.109375
0 0.13916015625 0.52783203125 0.1103515625 0.1103515625
0 0.19775390625 0.4228515625 0.0986328125 0.09765625
0 0.318359375 0.4267578125 0.09765625 0.09765625
0 0.251953125 0.33154296875 0.0859375 0.0849609375
0 0.14404296875 0.3349609375 0.1103515625 0.109375
0 0.0986328125 0.2353515625 0.09765625 0.09765625
0 0.23681640625 0.234375 0.0986328125 0.09765625
0 0.32666015625 0.234375 0.1103515625 0.109375
0 0.36669921875 0.142578125 0.0986328125 0.09765625
0 0.24951171875 0.146484375 0.1103515625 0.109375
0 0.1376953125 0.14892578125 0.0859375 0.0849609375
0 0.30322265625 0.04443359375 0.0869140625 0.0849609375
0 0.20703125 0.04443359375 0.0859375 0.0849609375
0 0.08203125 0.05712890625 0.111328125 0.1103515625
0 0.14111328125 0.8984375 0.0986328125 0.09765625
0 0.2412109375 0.89453125 0.09765625 0.09765625
0 0.3623046875 0.9013671875 0.09765625 0.09765625
0 0.4013671875 0.80859375 0.111328125 0.109375
0 0.29833984375 0.8046875 0.0986328125 0.09765625
0 0.189453125 0.80810546875 0.0859375 0.0849609375
0 0.07861328125 0.798828125 0.1103515625 0.109375
0 0.93994140625 0.24169921875 0.0615234375 0.0615234375
0 0.65576171875 0.9072265625 0.0986328125 0.09765625
0 0.775390625 0.9111328125 0.0859375 0.0859375
0 0.87451171875 0.9111328125 0.1103515625 0.109375
0 0.93798828125 0.8232421875 0.0986328125 0.09765625
0 0.79345703125 0.8359375 0.1103515625 0.109375
0 0.69775390625 0.8232421875 0.1103515625 0.109375
0 0.5947265625 0.80859375 0.09765625 0.09765625
0 0.64404296875 0.7275390625 0.1103515625 0.109375
0 0.76220703125 0.7236328125 0.1103515625 0.109375
0 0.8603515625 0.72509765625 0.0859375 0.0849609375
0 0.91845703125 0.6240234375 0.0986328125 0.09765625
0 0.8173828125 0.6240234375 0.09765625 0.09765625
0 0.70166015625 0.6240234375 0.1103515625 0.109375
0 0.60400390625 0.62548828125 0.1103515625 0.1103515625
0 0.64599609375 0.52734375 0.1103515625 0.109375
0 0.76025390625 0.5283203125 0.0986328125 0.09765625
0 0.8759765625 0.5390625 0.111328125 0.109375
0 0.91796875 0.447265625 0.0859375 0.0859375
0 0.859375 0.35546875 0.09765625 0.09765625
0 0.75927734375 0.33740234375 0.1103515625 0.1103515625
0 0.67333984375 0.33447265625 0.1103515625 0.1103515625
0 0.6640625 0.439453125 0.111328125 0.109375
0 0.80810546875 0.4306640625 0.0986328125 0.09765625
0 0.84912109375 0.23876953125 0.0732421875 0.0732421875
0 0.74365234375 0.2431640625 0.0986328125 0.09765625
0 0.63525390625 0.23876953125 0.1103515625 0.1103515625
0 0.6748046875 0.1552734375 0.09765625 0.09765625
0 0.75244140625 0.16015625 0.0986328125 0.09765625
0 0.72802734375 0.05810546875 0.0732421875 0.0732421875
0 0.62939453125 0.064453125 0.0986328125 0.09765625