0 0.1396484375 0.17578125 0.109375 0.111328125
0 0.1318359375 0.28466796875 0.109375 0.1103515625
0 0.1318359375 0.40869140625 0.109375 0.1103515625
0 0.13134765625 0.5009765625 0.1103515625 0.111328125
0 0.125 0.62841796875 0.109375 0.1103515625
0 0.23486328125 0.67138671875 0.1103515625 0.1103515625
0 0.2373046875 0.56884765625 0.109375 0.1103515625
0 0.2294921875 0.45166015625 0.09765625 0.0986328125
0 0.2294921875 0.34228515625 0.09765625 0.0986328125
0 0.2275390625 0.23583984375 0.09765625 0.0986328125
0 0.2275390625 0.15234375 0.09765625 0.09765625
0 0.330078125 0.19775390625 0.09765625 0.0986328125
0 0.3173828125 0.61962890625 0.109375 0.1103515625
0 0.3203125 0.48291015625 0.109375 0.1103515625
0 0.328125 0.4013671875 0.0859375 0.0859375
0 0.3203125 0.29931640625 0.109375 0.1103515625
0 0.4091796875 0.5673828125 0.0859375 0.0859375
0 0.419921875 0.47265625 0.109375 0.111328125
0 0.42236328125 0.37353515625 0.1103515625 0.1103515625
0 0.40966796875 0.25927734375 0.1103515625 0.1103515625
0 0.51318359375 0.31103515625 0.1103515625 0.1103515625
0 0.5126953125 0.39599609375 0.09765625 0.0986328125
0 0.5087890625 0.50634765625 0.09765625 0.0986328125
0 0.5048828125 0.61669921875 0.109375 0.1103515625
0 0.60546875 0.66796875 0.109375 0.111328125
0 0.60595703125 0.56396484375 0.1103515625 0.1103515625
0 0.60595703125 0.44775390625 0.1103515625 0.1103515625
0 0.61376953125 0.33642578125 0.1103515625 0.1103515625
0 0.421875 0.08349609375 0.09765625 0.0986328125
0 0.900390625 0.181640625 0.09765625 0.09765625
0 0.7001953125 0.61962890625 0.109375 0.1103515625
0 0.70654296875 0.50537109375 0.1103515625 0.1103515625
0 0.7041015625 0.39501953125 0.09765625 0.0986328125
0 0.70654296875 0.28173828125 0.0732421875 0.0732421875
0 0.7998046875 0.578125 0.0859375 0.0859375
0 0.8046875 0.46142578125 0.09765625 0.0986328125
0 0.80517578125 0.34033203125 0.1103515625 0.1103515625
0 0.8037109375 0.22705078125 0.109375 0.1103515625
0 0.900390625 0.623046875 0.0859375 0.0859375
0 0.896484375 0.5029296875 0.09765625 0.09765625
0 0.9033203125 0.404296875 0.09765625 0.09765625
0 0.8955078125 0.291015625 0.109375 0.111328125
0 0.1337890625 0.73779296875 0.109375 0.1103515625
0 0.134765625 0.82666015625 0.109375 0.1103515625
0 0.13232421875 0.93212890625 0.1103515625 0.1103515625
0 0.2236328125 0.88916015625 0.09765625 0.0986328125
0 0.2255859375 0.78076171875 0.109375 0.1103515625
0 0.318359375 0.734375 0.109375 0.111328125
0 0.3251953125 0.84619140625 0.09765625 0.0986328125
0 0.31591796875 0.94384765625 0.1103515625 0.1103515625
0 0.40625 0.89453125 0.0859375 0.0859375
0 0.4013671875 0.77734375 0.0859375 0.0859375
0 0.40673828125 0.6748046875 0.0849609375 0.0859375
0 0.509765625 0.71337890625 0.109375 0.1103515625
0 0.5107421875 0.83837890625 0.09765625 0.0986328125
0 0.5107421875 0.9482421875 0.0859375 0.0859375
0 0.5986328125 0.87890625 0.09765625 0.09765625
0 0.5966796875 0.77099609375 0.09765625 0.0986328125
0 0.69140625 0.94140625 0.09765625 0.09765625
0 0.6943359375 0.8232421875 0.109375 0.111328125
0 0.6982421875 0.7255859375 0.09765625 0.09765625
0 0.796875 0.6787109375 0.0859375 0.0859375
0 0.7919921875 0.77880859375 0.09765625 0.0986328125
0 0.791015625 0.8974609375 0.09765625 0.09765625
0 0.8974609375 0.83740234375 0.09765625 0.0986328125
0 0.892578125 0.72216796875 0.109375 0.1103515625