0 0.32666015625 0.46728515625 0.0732421875 0.0732421875
0 0.21875 0.46630859375 0.0859375 0.0849609375
0 0.44140625 0.84033203125 0.07421875 0.0732421875
0 0.333984375 0.85595703125 0.07421875 0.0732421875
0 0.81640625 0.54736328125 0.0859375 0.0849609375
0 0.712890625 0.54150390625 0.0859375 0.0849609375
0 0.64306640625 0.84130859375 0.0732421875 0.0732421875
0 0.7568359375 0.63037109375 0.0859375 0.0849609375
0 0.71337890625 0.73876953125 0.0732421875 0.0732421875
0 0.58837890625 0.73681640625 0.0732421875 0.0732421875
0 0.52978515625 0.84033203125 0.0732421875 0.0732421875
0 0.4912109375 0.74462890625 0.07421875 0.0732421875
0 0.22998046875 0.2587890625 0.0615234375 0.060546875
0 0.28271484375 0.95849609375 0.0615234375 0.0615234375
0 0.38818359375 0.95068359375 0.0732421875 0.0732421875
0 0.47607421875 0.93701171875 0.0732421875 0.0732421875
0 0.58740234375 0.93896484375 0.0732421875 0.0732421875
0 0.70849609375 0.93603515625 0.0732421875 0.0732421875
0 0.22216796875 0.86865234375 0.0615234375 0.0615234375
0 0.75732421875 0.8251953125 0.0869140625 0.0859375
0 0.3740234375 0.74951171875 0.07421875 0.0732421875
0 0.21630859375 0.638671875 0.0986328125 0.09765625
0 0.3330078125 0.63330078125 0.111328125 0.1103515625
0 0.4375 0.62744140625 0.111328125 0.1103515625
0 0.54296875 0.63232421875 0.07421875 0.0732421875
0 0.654296875 0.63427734375 0.07421875 0.0732421875
0 0.26611328125 0.54296875 0.0986328125 0.09765625
0 0.3828125 0.54296875 0.09765625 0.09765625
0 0.4970703125 0.54248046875 0.07421875 0.0732421875
0 0.5986328125 0.54736328125 0.07421875 0.0732421875
0 0.431640625 0.44287109375 0.07421875 0.0732421875
0 0.5458984375 0.4482421875 0.09765625 0.09765625
0 0.6572265625 0.4453125 0.09765625 0.09765625
0 0.26513671875 0.35693359375 0.0869140625 0.0849609375
0 0.37841796875 0.35302734375 0.1103515625 0.1103515625
0 0.49462890625 0.34814453125 0.1103515625 0.1103515625
0 0.60107421875 0.35400390625 0.1103515625 0.1103515625
0 0.716796875 0.3544921875 0.111328125 0.109375
0 0.32177734375 0.25146484375 0.1220703125 0.1220703125
0 0.43701171875 0.2490234375 0.0986328125 0.09765625
0 0.54931640625 0.2587890625 0.0986328125 0.09765625
0 0.66748046875 0.2587890625 0.0986328125 0.09765625
0 0.2783203125 0.16796875 0.0859375 0.0859375
0 0.38427734375 0.1630859375 0.0986328125 0.09765625
0 0.49755859375 0.1708984375 0.0986328125 0.09765625
0 0.60546875 0.1669921875 0.0859375 0.0859375
0 0.71533203125 0.1572265625 0.0986328125 0.09765625
0 0.775390625 0.255859375 0.09765625 0.09765625
0 0.3310546875 0.07958984375 0.0859375 0.0849609375
0 0.453125 0.07763671875 0.0859375 0.0849609375
0 0.55224609375 0.0732421875 0.0869140625 0.0859375
0 0.6611328125 0.0732421875 0.0859375 0.0859375
0 0.7783203125 0.07421875 0.0859375 0.0859375
0 0.880859375 0.076171875 0.0859375 0.0859375
0 0.83349609375 0.162109375 0.0986328125 0.09765625
0 0.9453125 0.16455078125 0.0859375 0.0849609375
0 0.88134765625 0.2568359375 0.1103515625 0.109375
0 0.8251953125 0.357421875 0.09765625 0.09765625
0 0.9404296875 0.3515625 0.111328125 0.109375
0 0.7734375 0.44921875 0.111328125 0.109375
0 0.8837890625 0.45068359375 0.111328125 0.1103515625
0 0.9169921875 0.54345703125 0.0859375 0.0849609375
0 0.88330078125 0.63916015625 0.0732421875 0.0732421875
0 0.8271484375 0.7314453125 0.0859375 0.0859375
0 0.94287109375 0.736328125 0.1103515625 0.109375
0 0.88427734375 0.83154296875 0.1103515625 0.1103515625
0 0.82568359375 0.93212890625 0.0869140625 0.0849609375
0 0.93701171875 0.9208984375 0.0986328125 0.09765625