0 0.53662109375 0.7587890625 0.0732421875 0.07421875
0 0.9130859375 0.33154296875 0.109375 0.1103515625
0 0.9140625 0.4443359375 0.109375 0.111328125
0 0.91796875 0.55126953125 0.109375 0.1103515625
0 0.9169921875 0.6591796875 0.09765625 0.09765625
0 0.9072265625 0.77099609375 0.09765625 0.0986328125
0 0.90869140625 0.8779296875 0.0849609375 0.0859375
0 0.810546875 0.4091796875 0.09765625 0.09765625
0 0.8134765625 0.50146484375 0.109375 0.1103515625
0 0.81201171875 0.60302734375 0.1103515625 0.1103515625
0 0.81591796875 0.71728515625 0.1103515625 0.1103515625
0 0.80908203125 0.83056640625 0.1103515625 0.1103515625
0 0.8154296875 0.94091796875 0.109375 0.1103515625
0 0.71875 0.87451171875 0.109375 0.1103515625
0 0.71484375 0.76806640625 0.109375 0.1103515625
0 0.7236328125 0.66943359375 0.09765625 0.0986328125
0 0.72412109375 0.55126953125 0.1103515625 0.1103515625
0 0.7294921875 0.43798828125 0.09765625 0.0986328125
0 0.6298828125 0.38427734375 0.109375 0.1103515625
0 0.62353515625 0.5 0.1103515625 0.111328125
0 0.630859375 0.61083984375 0.109375 0.1103515625
0 0.6298828125 0.71044921875 0.109375 0.1103515625
0 0.630859375 0.82666015625 0.109375 0.1103515625
0 0.53369140625 0.8720703125 0.0849609375 0.0859375
0 0.54443359375 0.64453125 0.0849609375 0.0859375
0 0.5390625 0.54931640625 0.09765625 0.0986328125
0 0.5380859375 0.43603515625 0.109375 0.1103515625
0 0.43603515625 0.38525390625 0.1103515625 0.1103515625
0 0.44140625 0.49462890625 0.109375 0.1103515625
0 0.44482421875 0.60888671875 0.1103515625 0.1103515625
0 0.439453125 0.7119140625 0.109375 0.111328125
0 0.4306640625 0.81884765625 0.109375 0.1103515625
0 0.435546875 0.92626953125 0.109375 0.1103515625
0 0.3388671875 0.89111328125 0.109375 0.1103515625
0 0.34130859375 0.78564453125 0.1103515625 0.1103515625
0 0.34814453125 0.6533203125 0.1103515625 0.111328125
0 0.34814453125 0.54541015625 0.1103515625 0.1103515625
0 0.24755859375 0.38623046875 0.1103515625 0.1103515625
0 0.3466796875 0.43212890625 0.109375 0.1103515625
0 0.24609375 0.49560546875 0.09765625 0.0986328125
0 0.25390625 0.59716796875 0.09765625 0.0986328125
0 0.24951171875 0.71337890625 0.1103515625 0.1103515625
0 0.25 0.82861328125 0.09765625 0.0986328125
0 0.248046875 0.93701171875 0.109375 0.1103515625
0 0.1484375 0.87158203125 0.09765625 0.0986328125
0 0.15771484375 0.77392578125 0.1103515625 0.1103515625
0 0.1591796875 0.65966796875 0.09765625 0.0986328125
0 0.15576171875 0.53759765625 0.1103515625 0.1103515625
0 0.15673828125 0.43994140625 0.1103515625 0.1103515625
0 0.05859375 0.3955078125 0.0859375 0.0859375
0 0.0625 0.5048828125 0.0859375 0.0859375
0 0.06396484375 0.599609375 0.0849609375 0.0859375
0 0.06494140625 0.7158203125 0.0849609375 0.0859375
0 0.0673828125 0.8232421875 0.0859375 0.0859375
0 0.072265625 0.9404296875 0.0859375 0.0859375
0 0.9150390625 0.0966796875 0.109375 0.111328125
0 0.912109375 0.2119140625 0.109375 0.111328125
0 0.8173828125 0.27392578125 0.09765625 0.0986328125
0 0.830078125 0.1572265625 0.09765625 0.09765625
0 0.8359375 0.048828125 0.0859375 0.0859375
0 0.7236328125 0.109375 0.09765625 0.09765625
0 0.71923828125 0.21044921875 0.1103515625 0.1103515625
0 0.71875 0.32275390625 0.09765625 0.0986328125
0 0.6298828125 0.27294921875 0.09765625 0.0986328125
0 0.62841796875 0.16845703125 0.1103515625 0.1103515625
0 0.5341796875 0.11083984375 0.09765625 0.0986328125
0 0.5361328125 0.21630859375 0.109375 0.1103515625
0 0.529296875 0.33349609375 0.09765625 0.0986328125
0 0.4404296875 0.28955078125 0.09765625 0.0986328125
0 0.4423828125 0.16259765625 0.109375 0.1103515625
0 0.349609375 0.11474609375 0.09765625 0.0986328125
0 0.34619140625 0.21142578125 0.1103515625 0.1103515625
0 0.3427734375 0.32373046875 0.09765625 0.0986328125
0 0.2568359375 0.27294921875 0.109375 0.1103515625
0 0.2568359375 0.16162109375 0.09765625 0.0986328125
0 0.25341796875 0.044921875 0.0849609375 0.0859375
0 0.1533203125 0.2138671875 0.09765625 0.09765625
0 0.15625 0.318359375 0.0859375 0.0859375
0 0.06494140625 0.2734375 0.0849609375 0.0859375
0 0.06201171875 0.1533203125 0.0849609375 0.0859375