0 0.11083984375 0.94140625 0.1103515625 0.109375
0 0.93212890625 0.84375 0.0986328125 0.09765625
0 0.9287109375 0.65234375 0.111328125 0.109375
0 0.93212890625 0.46826171875 0.1103515625 0.1103515625
0 0.93017578125 0.275390625 0.1103515625 0.109375
0 0.92919921875 0.0859375 0.1103515625 0.109375
0 0.82080078125 0.08642578125 0.1103515625 0.1103515625
0 0.71044921875 0.083984375 0.1103515625 0.109375
0 0.60302734375 0.08203125 0.1103515625 0.109375
0 0.5029296875 0.083984375 0.111328125 0.109375
0 0.87451171875 0.17724609375 0.1103515625 0.1103515625
0 0.76318359375 0.18017578125 0.1103515625 0.1103515625
0 0.66064453125 0.18115234375 0.1103515625 0.1103515625
0 0.54248046875 0.1767578125 0.0986328125 0.09765625
0 0.81494140625 0.26953125 0.1103515625 0.109375
0 0.70556640625 0.2744140625 0.0986328125 0.09765625
0 0.60205078125 0.27294921875 0.1103515625 0.1103515625
0 0.87939453125 0.3759765625 0.0986328125 0.09765625
0 0.77099609375 0.3720703125 0.0986328125 0.09765625
0 0.65576171875 0.37890625 0.1103515625 0.109375
0 0.54443359375 0.38037109375 0.1103515625 0.1103515625
0 0.82177734375 0.46923828125 0.1103515625 0.1103515625
0 0.71240234375 0.470703125 0.1103515625 0.109375
0 0.60888671875 0.46875 0.1103515625 0.109375
0 0.880859375 0.56689453125 0.111328125 0.1103515625
0 0.76416015625 0.56201171875 0.1103515625 0.1103515625
0 0.66064453125 0.56396484375 0.1103515625 0.1103515625
0 0.54833984375 0.55810546875 0.1103515625 0.1103515625
0 0.8232421875 0.66015625 0.111328125 0.109375
0 0.71142578125 0.6572265625 0.1103515625 0.109375
0 0.60302734375 0.6552734375 0.0986328125 0.09765625
0 0.48681640625 0.6572265625 0.0986328125 0.09765625
0 0.88232421875 0.75146484375 0.1103515625 0.1103515625
0 0.7607421875 0.75 0.0859375 0.0859375
0 0.654296875 0.75 0.09765625 0.09765625
0 0.54345703125 0.7548828125 0.0986328125 0.09765625
0 0.82373046875 0.84619140625 0.1103515625 0.1103515625
0 0.71875 0.84521484375 0.111328125 0.1103515625
0 0.5966796875 0.845703125 0.111328125 0.109375
0 0.49072265625 0.841796875 0.1103515625 0.109375
0 0.88134765625 0.9404296875 0.1103515625 0.109375
0 0.76416015625 0.93798828125 0.1103515625 0.1103515625
0 0.65771484375 0.93994140625 0.1103515625 0.1103515625
0 0.546875 0.94091796875 0.111328125 0.1103515625
0 0.4296875 0.94384765625 0.111328125 0.1103515625
0 0.32470703125 0.9423828125 0.0986328125 0.09765625
0 0.21826171875 0.939453125 0.1103515625 0.109375
0 0.38232421875 0.8466796875 0.0986328125 0.09765625
0 0.27099609375 0.841796875 0.1103515625 0.109375
0 0.16650390625 0.845703125 0.1103515625 0.109375
0 0.05322265625 0.8486328125 0.0498046875 0.048828125
0 0.43798828125 0.7470703125 0.1103515625 0.109375
0 0.32275390625 0.75244140625 0.1103515625 0.1103515625
0 0.21240234375 0.75244140625 0.1103515625 0.1103515625
0 0.10009765625 0.75537109375 0.1103515625 0.1103515625
0 0.38525390625 0.6572265625 0.0986328125 0.09765625
0 0.27490234375 0.65283203125 0.1103515625 0.1103515625
0 0.16357421875 0.658203125 0.0986328125 0.09765625
0 0.43408203125 0.5634765625 0.1103515625 0.109375
0 0.32568359375 0.560546875 0.1103515625 0.109375
0 0.21630859375 0.5654296875 0.1103515625 0.109375
0 0.11181640625 0.564453125 0.1103515625 0.109375
0 0.48779296875 0.47265625 0.1103515625 0.109375
0 0.37939453125 0.4716796875 0.0986328125 0.09765625
0 0.26416015625 0.47314453125 0.1103515625 0.1103515625
0 0.17138671875 0.46728515625 0.1103515625 0.1103515625
0 0.42529296875 0.37646484375 0.1103515625 0.1103515625
0 0.31201171875 0.38037109375 0.1103515625 0.1103515625
0 0.205078125 0.37744140625 0.111328125 0.1103515625
0 0.09765625 0.37890625 0.09765625 0.09765625
0 0.48876953125 0.27001953125 0.1103515625 0.1103515625
0 0.37744140625 0.27490234375 0.1103515625 0.1103515625
0 0.265625 0.275390625 0.111328125 0.109375
0 0.1650390625 0.2744140625 0.09765625 0.09765625
0 0.4267578125 0.177734375 0.09765625 0.09765625
0 0.3154296875 0.1826171875 0.09765625 0.09765625
0 0.20458984375 0.1787109375 0.1103515625 0.109375
0 0.09716796875 0.1826171875 0.1103515625 0.109375
0 0.3818359375 0.0830078125 0.111328125 0.109375
0 0.2724609375 0.087890625 0.09765625 0.09765625
0 0.16357421875 0.08642578125 0.1103515625 0.1103515625