0 0.38427734375 0.619140625 0.0869140625 0.0859375
0 0.220703125 0.13330078125 0.07421875 0.0732421875
0 0.947265625 0.625 0.09765625 0.09765625
0 0.8916015625 0.7109375 0.111328125 0.109375
0 0.88916015625 0.90869140625 0.1103515625 0.1103515625
0 0.78173828125 0.89990234375 0.1103515625 0.1103515625
0 0.6591796875 0.89892578125 0.07421875 0.0732421875
0 0.560546875 0.90234375 0.09765625 0.09765625
0 0.4423828125 0.8955078125 0.09765625 0.09765625
0 0.83642578125 0.7998046875 0.1103515625 0.109375
0 0.7255859375 0.802734375 0.111328125 0.109375
0 0.625 0.806640625 0.111328125 0.109375
0 0.50537109375 0.7998046875 0.0986328125 0.09765625
0 0.388671875 0.80029296875 0.0859375 0.0849609375
0 0.7880859375 0.7138671875 0.111328125 0.109375
0 0.6806640625 0.71435546875 0.0859375 0.0849609375
0 0.55517578125 0.7109375 0.0986328125 0.09765625
0 0.44580078125 0.71875 0.0986328125 0.09765625
0 0.8212890625 0.61376953125 0.111328125 0.1103515625
0 0.712890625 0.61669921875 0.0859375 0.0849609375
0 0.59375 0.60986328125 0.0859375 0.0849609375
0 0.490234375 0.6162109375 0.0859375 0.0859375
0 0.8798828125 0.52490234375 0.0859375 0.0849609375
0 0.76611328125 0.53173828125 0.0244140625 0.0244140625
0 0.6474609375 0.525390625 0.037109375 0.037109375
0 0.54150390625 0.52783203125 0.0244140625 0.0244140625
0 0.42822265625 0.52197265625 0.0244140625 0.0244140625
0 0.61962890625 0.43017578125 0.0244140625 0.0244140625
0 0.50927734375 0.43017578125 0.0244140625 0.0244140625
0 0.39404296875 0.42626953125 0.0244140625 0.0244140625
0 0.84423828125 0.4326171875 0.0986328125 0.09765625
0 0.73876953125 0.4306640625 0.0986328125 0.09765625
0 0.28466796875 0.42236328125 0.0244140625 0.0244140625
0 0.20263671875 0.42529296875 0.0244140625 0.0244140625
0 0.34130859375 0.52294921875 0.0244140625 0.0244140625
0 0.23388671875 0.51611328125 0.0244140625 0.0244140625
0 0.203125 0.6162109375 0.037109375 0.037109375
0 0.28564453125 0.61328125 0.1103515625 0.109375
0 0.341796875 0.72265625 0.0859375 0.0859375
0 0.23291015625 0.72314453125 0.0732421875 0.0732421875
0 0.28271484375 0.8037109375 0.0986328125 0.09765625
0 0.16748046875 0.79443359375 0.0615234375 0.0615234375
0 0.33642578125 0.8955078125 0.0986328125 0.09765625
0 0.22900390625 0.900390625 0.0986328125 0.09765625
0 0.65380859375 0.1396484375 0.0986328125 0.09765625
0 0.55029296875 0.1435546875 0.1103515625 0.109375
0 0.439453125 0.134765625 0.09765625 0.09765625
0 0.328125 0.1396484375 0.09765625 0.09765625
0 0.0439453125 0.14208984375 0.037109375 0.0361328125
0 0.03955078125 0.337890625 0.0615234375 0.060546875
0 0.03271484375 0.52392578125 0.0615234375 0.0615234375