0 0.8828125 0.1201171875 0.109375 0.111328125
0 0.89794921875 0.2333984375 0.1103515625 0.111328125
0 0.89794921875 0.337890625 0.1103515625 0.111328125
0 0.7919921875 0.0556640625 0.09765625 0.09765625
0 0.79345703125 0.169921875 0.0849609375 0.0859375
0 0.7958984375 0.28271484375 0.109375 0.1103515625
0 0.802734375 0.39404296875 0.109375 0.1103515625
0 0.697265625 0.11328125 0.09765625 0.09765625
0 0.7001953125 0.21923828125 0.09765625 0.0986328125
0 0.6962890625 0.3310546875 0.0859375 0.0859375
0 0.701171875 0.4453125 0.0859375 0.0859375
0 0.6005859375 0.056640625 0.09765625 0.09765625
0 0.603515625 0.16552734375 0.09765625 0.0986328125
0 0.6005859375 0.2744140625 0.0859375 0.0859375
0 0.60693359375 0.38916015625 0.0849609375 0.0869140625
0 0.509765625 0.10986328125 0.09765625 0.0986328125
0 0.509765625 0.21923828125 0.09765625 0.0986328125
0 0.50927734375 0.33056640625 0.0849609375 0.0869140625
0 0.42236328125 0.05322265625 0.0732421875 0.0732421875
0 0.41748046875 0.15625 0.0849609375 0.0859375
0 0.4169921875 0.27490234375 0.09765625 0.0986328125
0 0.41796875 0.38525390625 0.09765625 0.0986328125
0 0.3212890625 0.09912109375 0.0859375 0.0869140625
0 0.3203125 0.22607421875 0.09765625 0.0986328125
0 0.32421875 0.33056640625 0.109375 0.1103515625
0 0.22802734375 0.15966796875 0.1103515625 0.1103515625
0 0.2255859375 0.27587890625 0.09765625 0.0986328125
0 0.22412109375 0.38671875 0.0849609375 0.0859375
0 0.13623046875 0.10595703125 0.1103515625 0.1103515625
0 0.13525390625 0.21630859375 0.1103515625 0.1103515625
0 0.1318359375 0.3212890625 0.09765625 0.09765625
0 0.1318359375 0.4404296875 0.09765625 0.09765625
0 0.32177734375 0.4404296875 0.0849609375 0.0859375
0 0.13671875 0.5458984375 0.09765625 0.09765625
0 0.12890625 0.65673828125 0.09765625 0.0986328125
0 0.1328125 0.76416015625 0.109375 0.1103515625
0 0.13330078125 0.88232421875 0.1103515625 0.1103515625
0 0.2265625 0.4951171875 0.09765625 0.09765625
0 0.22509765625 0.6083984375 0.1103515625 0.111328125
0 0.2236328125 0.71240234375 0.109375 0.1103515625
0 0.2236328125 0.82373046875 0.09765625 0.0986328125
0 0.220703125 0.93798828125 0.109375 0.1103515625
0 0.32275390625 0.5556640625 0.1103515625 0.111328125
0 0.318359375 0.6650390625 0.09765625 0.09765625
0 0.318359375 0.7763671875 0.09765625 0.09765625
0 0.31689453125 0.8837890625 0.0849609375 0.0859375
0 0.4140625 0.5 0.0859375 0.0859375
0 0.4130859375 0.6123046875 0.09765625 0.09765625
0 0.41748046875 0.7216796875 0.1103515625 0.111328125
0 0.40966796875 0.83203125 0.1103515625 0.111328125
0 0.41552734375 0.93798828125 0.1103515625 0.1103515625
0 0.50732421875 0.443359375 0.0849609375 0.0859375
0 0.509765625 0.552734375 0.0859375 0.0859375
0 0.5068359375 0.6640625 0.0859375 0.0859375
0 0.5126953125 0.765625 0.109375 0.111328125
0 0.509765625 0.875 0.109375 0.111328125
0 0.60205078125 0.49951171875 0.1103515625 0.1103515625
0 0.60302734375 0.61279296875 0.1103515625 0.1103515625
0 0.611328125 0.71630859375 0.109375 0.1103515625
0 0.60546875 0.82666015625 0.109375 0.1103515625
0 0.6044921875 0.94140625 0.109375 0.111328125
0 0.70361328125 0.54736328125 0.1103515625 0.1103515625
0 0.70166015625 0.66259765625 0.1103515625 0.1103515625
0 0.6962890625 0.77099609375 0.09765625 0.0986328125
0 0.69873046875 0.880859375 0.0849609375 0.0859375
0 0.7978515625 0.50634765625 0.109375 0.1103515625
0 0.7998046875 0.60595703125 0.109375 0.1103515625
0 0.7900390625 0.71826171875 0.09765625 0.0986328125
0 0.79541015625 0.83056640625 0.1103515625 0.1103515625
0 0.78759765625 0.93701171875 0.1103515625 0.1103515625
0 0.87841796875 0.44970703125 0.1103515625 0.1103515625
0 0.88671875 0.56591796875 0.109375 0.1103515625
0 0.8876953125 0.67431640625 0.109375 0.1103515625
0 0.8876953125 0.77685546875 0.09765625 0.0986328125
0 0.892578125 0.89306640625 0.109375 0.1103515625