0 0.39599609375 0.8701171875 0.1103515625 0.109375
0 0.82763671875 0.10546875 0.0986328125 0.09765625
0 0.88720703125 0.20166015625 0.1103515625 0.1103515625
0 0.94091796875 0.3076171875 0.1103515625 0.109375
0 0.82958984375 0.30908203125 0.1103515625 0.1103515625
0 0.89404296875 0.3974609375 0.1103515625 0.109375
0 0.83349609375 0.48681640625 0.1103515625 0.1103515625
0 0.88818359375 0.583984375 0.0986328125 0.09765625
0 0.77197265625 0.5859375 0.0986328125 0.09765625
0 0.939453125 0.6787109375 0.09765625 0.09765625
0 0.82861328125 0.68359375 0.0986328125 0.09765625
0 0.8818359375 0.7744140625 0.111328125 0.109375
0 0.77587890625 0.7705078125 0.1103515625 0.109375
0 0.94287109375 0.86865234375 0.1103515625 0.1103515625
0 0.83203125 0.86962890625 0.111328125 0.1103515625
0 0.71484375 0.87255859375 0.111328125 0.1103515625
0 0.60986328125 0.87109375 0.0986328125 0.09765625
0 0.50341796875 0.8681640625 0.1103515625 0.109375
0 0.66748046875 0.775390625 0.0986328125 0.09765625
0 0.55615234375 0.7705078125 0.1103515625 0.109375
0 0.45166015625 0.7744140625 0.1103515625 0.109375
0 0.33837890625 0.77734375 0.0498046875 0.048828125
0 0.28369140625 0.869140625 0.0498046875 0.048828125
0 0.345703125 0.9638671875 0.048828125 0.048828125
0 0.72314453125 0.67578125 0.1103515625 0.109375
0 0.60791015625 0.68115234375 0.1103515625 0.1103515625
0 0.49755859375 0.68115234375 0.1103515625 0.1103515625
0 0.38525390625 0.68408203125 0.1103515625 0.1103515625
0 0.279296875 0.68310546875 0.0859375 0.0849609375
0 0.67041015625 0.5859375 0.0986328125 0.09765625
0 0.56005859375 0.58154296875 0.1103515625 0.1103515625
0 0.44873046875 0.5869140625 0.0986328125 0.09765625
0 0.71923828125 0.4921875 0.1103515625 0.109375
0 0.61083984375 0.4892578125 0.1103515625 0.109375
0 0.50146484375 0.494140625 0.1103515625 0.109375
0 0.39697265625 0.4931640625 0.1103515625 0.109375
0 0.275390625 0.49462890625 0.07421875 0.0732421875
0 0.77294921875 0.4013671875 0.1103515625 0.109375
0 0.66455078125 0.400390625 0.0986328125 0.09765625
0 0.54931640625 0.40185546875 0.1103515625 0.1103515625
0 0.45654296875 0.39599609375 0.1103515625 0.1103515625
0 0.3349609375 0.39794921875 0.111328125 0.1103515625
0 0.71044921875 0.30517578125 0.1103515625 0.1103515625
0 0.59716796875 0.30908203125 0.1103515625 0.1103515625
0 0.490234375 0.30615234375 0.111328125 0.1103515625
0 0.3828125 0.3076171875 0.09765625 0.09765625
0 0.27880859375 0.3095703125 0.0615234375 0.060546875
0 0.77392578125 0.19873046875 0.1103515625 0.1103515625
0 0.66259765625 0.20361328125 0.1103515625 0.1103515625
0 0.55078125 0.2041015625 0.111328125 0.109375
0 0.4501953125 0.203125 0.09765625 0.09765625
0 0.33056640625 0.2060546875 0.1103515625 0.109375
0 0.7119140625 0.1064453125 0.09765625 0.09765625
0 0.6005859375 0.111328125 0.09765625 0.09765625
0 0.48974609375 0.107421875 0.1103515625 0.109375
0 0.38232421875 0.111328125 0.1103515625 0.109375
0 0.27587890625 0.10546875 0.1103515625 0.109375
0 0.16015625 0.111328125 0.111328125 0.109375
0 0.21826171875 0.205078125 0.0986328125 0.09765625
0 0.10400390625 0.201171875 0.1103515625 0.109375
0 0.17236328125 0.29833984375 0.1103515625 0.1103515625
0 0.21435546875 0.39208984375 0.1103515625 0.1103515625
0 0.11279296875 0.39599609375 0.1103515625 0.1103515625
0 0.17138671875 0.4921875 0.0869140625 0.0859375
0 0.22607421875 0.57861328125 0.0732421875 0.0732421875
0 0.17724609375 0.68408203125 0.1103515625 0.1103515625
0 0.22607421875 0.7744140625 0.1103515625 0.109375
0 0.1767578125 0.87109375 0.111328125 0.109375