0 0.26611328125 0.16943359375 0.0732421875 0.0732421875
0 0.62158203125 0.783203125 0.0849609375 0.0859375
0 0.61767578125 0.90576171875 0.1103515625 0.1103515625
0 0.51806640625 0.84814453125 0.1103515625 0.1103515625
0 0.431640625 0.78662109375 0.09765625 0.0986328125
0 0.431640625 0.89599609375 0.109375 0.1103515625
0 0.3330078125 0.8349609375 0.09765625 0.09765625
0 0.23779296875 0.9013671875 0.0849609375 0.0859375
0 0.140625 0.91650390625 0.09765625 0.0986328125
0 0.140625 0.82666015625 0.109375 0.1103515625
0 0.9033203125 0.736328125 0.0859375 0.0859375
0 0.89404296875 0.85498046875 0.1103515625 0.1103515625
0 0.80078125 0.912109375 0.09765625 0.09765625
0 0.8076171875 0.791015625 0.09765625 0.09765625
0 0.71484375 0.751953125 0.109375 0.111328125
0 0.7109375 0.85498046875 0.09765625 0.0986328125
0 0.8447265625 0.02685546875 0.048828125 0.0498046875
0 0.14794921875 0.21337890625 0.0615234375 0.0615234375
0 0.9130859375 0.244140625 0.09765625 0.09765625
0 0.91064453125 0.33349609375 0.1103515625 0.1103515625
0 0.91015625 0.45458984375 0.09765625 0.0986328125
0 0.91162109375 0.5498046875 0.1103515625 0.111328125
0 0.8134765625 0.49755859375 0.09765625 0.0986328125
0 0.8173828125 0.3779296875 0.0859375 0.0859375
0 0.8173828125 0.27880859375 0.109375 0.1103515625
0 0.7294921875 0.21533203125 0.09765625 0.0986328125
0 0.7421875 0.35986328125 0.109375 0.1103515625
0 0.7294921875 0.45556640625 0.109375 0.1103515625
0 0.71484375 0.55859375 0.09765625 0.09765625
0 0.6337890625 0.50927734375 0.109375 0.1103515625
0 0.6298828125 0.39111328125 0.109375 0.1103515625
0 0.63134765625 0.29296875 0.0849609375 0.0859375
0 0.62890625 0.1708984375 0.09765625 0.09765625
0 0.53564453125 0.126953125 0.0849609375 0.0859375
0 0.5302734375 0.23486328125 0.09765625 0.0986328125
0 0.5302734375 0.3359375 0.09765625 0.09765625
0 0.5302734375 0.45166015625 0.109375 0.1103515625
0 0.53173828125 0.54931640625 0.1103515625 0.1103515625
0 0.43359375 0.50732421875 0.109375 0.1103515625
0 0.4345703125 0.39306640625 0.09765625 0.0986328125
0 0.4453125 0.27734375 0.109375 0.111328125
0 0.4365234375 0.17626953125 0.109375 0.1103515625
0 0.34326171875 0.12255859375 0.1103515625 0.1103515625
0 0.353515625 0.2353515625 0.0859375 0.0859375
0 0.068359375 0.06640625 0.09765625 0.09765625
0 0.2607421875 0.0478515625 0.0859375 0.0859375
0 0.26171875 0.2939453125 0.09765625 0.09765625
0 0.24365234375 0.39404296875 0.1103515625 0.1103515625
0 0.24072265625 0.47998046875 0.1103515625 0.1103515625
0 0.345703125 0.4892578125 0.109375 0.111328125
0 0.3369140625 0.34521484375 0.09765625 0.0986328125
0 0.14501953125 0.30419921875 0.0732421875 0.0732421875
0 0.1494140625 0.40966796875 0.09765625 0.0986328125
0 0.14501953125 0.51806640625 0.1103515625 0.1103515625
0 0.0615234375 0.478515625 0.09765625 0.09765625
0 0.06640625 0.40087890625 0.09765625 0.0986328125