0 0.2021484375 0.91943359375 0.109375 0.1103515625
0 0.03173828125 0.8798828125 0.0361328125 0.037109375
0 0.03564453125 0.791015625 0.0361328125 0.037109375
0 0.21630859375 0.6845703125 0.1103515625 0.111328125
0 0.30224609375 0.8486328125 0.1103515625 0.111328125
0 0.30224609375 0.744140625 0.1103515625 0.111328125
0 0.40673828125 0.912109375 0.0849609375 0.0859375
0 0.404296875 0.79931640625 0.109375 0.1103515625
0 0.3974609375 0.68798828125 0.109375 0.1103515625
0 0.5 0.86279296875 0.09765625 0.0986328125
0 0.50390625 0.7509765625 0.0859375 0.0859375
0 0.4990234375 0.63671875 0.0859375 0.0859375
0 0.5966796875 0.91650390625 0.09765625 0.0986328125
0 0.599609375 0.8076171875 0.0859375 0.0859375
0 0.59326171875 0.69287109375 0.0849609375 0.0869140625
0 0.6904296875 0.86279296875 0.09765625 0.0986328125
0 0.69091796875 0.75146484375 0.0849609375 0.0869140625
0 0.78271484375 0.92578125 0.0849609375 0.0859375
0 0.783203125 0.80712890625 0.09765625 0.0986328125
0 0.7822265625 0.69677734375 0.09765625 0.0986328125
0 0.8798828125 0.85595703125 0.09765625 0.0986328125
0 0.8759765625 0.75146484375 0.109375 0.1103515625
0 0.87841796875 0.6416015625 0.0849609375 0.0859375
0 0.87744140625 0.5263671875 0.1103515625 0.111328125
0 0.8818359375 0.4169921875 0.09765625 0.09765625
0 0.8818359375 0.3056640625 0.09765625 0.09765625
0 0.88330078125 0.1982421875 0.0849609375 0.0859375
0 0.8828125 0.0849609375 0.0859375 0.0859375
0 0.7861328125 0.58203125 0.0859375 0.0859375
0 0.787109375 0.4697265625 0.09765625 0.09765625
0 0.78271484375 0.3603515625 0.1103515625 0.111328125
0 0.79052734375 0.25 0.1103515625 0.111328125
0 0.78466796875 0.14404296875 0.1103515625 0.1103515625
0 0.69287109375 0.638671875 0.0849609375 0.0859375
0 0.6904296875 0.529296875 0.0859375 0.0859375
0 0.693359375 0.41796875 0.0859375 0.0859375
0 0.6875 0.31640625 0.109375 0.111328125
0 0.6904296875 0.20703125 0.109375 0.111328125
0 0.69482421875 0.08349609375 0.1103515625 0.1103515625
0 0.59814453125 0.58251953125 0.1103515625 0.1103515625
0 0.59716796875 0.46923828125 0.1103515625 0.1103515625
0 0.5888671875 0.36572265625 0.109375 0.1103515625
0 0.5947265625 0.25537109375 0.109375 0.1103515625
0 0.595703125 0.140625 0.109375 0.111328125
0 0.49658203125 0.53466796875 0.1103515625 0.1103515625
0 0.49853515625 0.41943359375 0.1103515625 0.1103515625
0 0.50390625 0.31103515625 0.09765625 0.0986328125
0 0.50146484375 0.201171875 0.0849609375 0.0859375
0 0.5009765625 0.087890625 0.09765625 0.09765625
0 0.40234375 0.57568359375 0.109375 0.1103515625
0 0.400390625 0.47607421875 0.109375 0.1103515625
0 0.41015625 0.36376953125 0.09765625 0.0986328125
0 0.40478515625 0.25146484375 0.1103515625 0.1103515625
0 0.41259765625 0.14501953125 0.1103515625 0.1103515625
0 0.32177734375 0.63232421875 0.1103515625 0.1103515625
0 0.3134765625 0.51611328125 0.109375 0.1103515625
0 0.3125 0.40771484375 0.109375 0.1103515625
0 0.3125 0.30517578125 0.09765625 0.0986328125
0 0.3076171875 0.18896484375 0.109375 0.1103515625
0 0.22119140625 0.57177734375 0.1103515625 0.1103515625
0 0.21728515625 0.46728515625 0.1103515625 0.1103515625
0 0.22021484375 0.35595703125 0.1103515625 0.1103515625
0 0.2216796875 0.24462890625 0.109375 0.1103515625
0 0.220703125 0.13525390625 0.109375 0.1103515625
0 0.12890625 0.6376953125 0.109375 0.111328125
0 0.125 0.525390625 0.109375 0.111328125
0 0.126953125 0.41552734375 0.09765625 0.0986328125
0 0.11962890625 0.30322265625 0.1103515625 0.1103515625
0 0.12744140625 0.19580078125 0.1103515625 0.1103515625
0 0.12548828125 0.07763671875 0.1103515625 0.1103515625
0 0.31005859375 0.07861328125 0.1103515625 0.1103515625