0 0.1078125 0.6328125 0.071875 0.071875
0 0.1 0.85234375 0.084375 0.0859375
0 0.1953125 0.7921875 0.071875 0.071875
0 0.19453125 0.90703125 0.0609375 0.0609375
0 0.2015625 0.6875 0.071875 0.071875
0 0.1015625 0.18984375 0.071875 0.0734375
0 0.19609375 0.24453125 0.0859375 0.0859375
0 0.2 0.35703125 0.071875 0.0734375
0 0.10625 0.3 0.096875 0.096875
0 0.10625 0.4109375 0.096875 0.096875
0 0.10390625 0.52578125 0.0609375 0.0609375
0 0.19765625 0.46953125 0.0859375 0.0859375
0 0.19765625 0.57734375 0.0859375 0.0859375
0 0.1 0.7421875 0.071875 0.071875
0 0.10234375 0.959375 0.0765625 0.075
0 0.0265625 0.90625 0.053125 0.0875
0 0.025 0.79765625 0.05 0.0984375
0 0.0234375 0.68125 0.046875 0.078125
0 0.0265625 0.56796875 0.053125 0.0921875
0 0.025 0.4625 0.05 0.08125
0 0.0265625 0.3515625 0.053125 0.078125
0 0.0265625 0.24453125 0.053125 0.0921875