0 0.81884765625 0.6455078125 0.0732421875 0.07421875
0 0.72705078125 0.72607421875 0.0732421875 0.0732421875
0 0.91943359375 0.9326171875 0.0732421875 0.07421875
0 0.53857421875 0.806640625 0.0849609375 0.0859375
0 0.53369140625 0.7021484375 0.0849609375 0.0859375
0 0.53369140625 0.583984375 0.0849609375 0.0859375
0 0.4521484375 0.541015625 0.0859375 0.0859375
0 0.34521484375 0.5927734375 0.0849609375 0.0859375
0 0.3486328125 0.68408203125 0.0859375 0.0869140625
0 0.44580078125 0.642578125 0.0849609375 0.0859375
0 0.44189453125 0.740234375 0.0849609375 0.0859375
0 0.72216796875 0.61181640625 0.0615234375 0.0615234375
0 0.064453125 0.76025390625 0.09765625 0.0986328125
0 0.06201171875 0.64501953125 0.1103515625 0.1103515625
0 0.0673828125 0.5380859375 0.109375 0.111328125
0 0.0712890625 0.42724609375 0.09765625 0.0986328125
0 0.0712890625 0.32470703125 0.109375 0.1103515625
0 0.0673828125 0.2080078125 0.0859375 0.0859375
0 0.06494140625 0.1025390625 0.0849609375 0.0859375
0 0.169921875 0.0546875 0.0859375 0.0859375
0 0.1630859375 0.15576171875 0.09765625 0.0986328125
0 0.162109375 0.267578125 0.09765625 0.09765625
0 0.16015625 0.37451171875 0.09765625 0.0986328125
0 0.16796875 0.48779296875 0.109375 0.1103515625
0 0.1552734375 0.59912109375 0.09765625 0.0986328125
0 0.1591796875 0.71142578125 0.09765625 0.0986328125
0 0.16015625 0.81689453125 0.09765625 0.0986328125
0 0.265625 0.7568359375 0.09765625 0.09765625
0 0.26611328125 0.654296875 0.0849609375 0.0859375
0 0.255859375 0.537109375 0.109375 0.111328125
0 0.255859375 0.447265625 0.109375 0.111328125
0 0.2578125 0.08154296875 0.09765625 0.0986328125
0 0.2548828125 0.22607421875 0.09765625 0.0986328125
0 0.255859375 0.322265625 0.09765625 0.09765625
0 0.353515625 0.1611328125 0.09765625 0.09765625
0 0.357421875 0.26904296875 0.09765625 0.0986328125
0 0.3525390625 0.38232421875 0.09765625 0.0986328125
0 0.3505859375 0.47216796875 0.09765625 0.0986328125
0 0.349609375 0.8193359375 0.09765625 0.09765625
0 0.4453125 0.10009765625 0.109375 0.1103515625
0 0.4423828125 0.20556640625 0.109375 0.1103515625
0 0.4501953125 0.31591796875 0.109375 0.1103515625
0 0.4462890625 0.42431640625 0.09765625 0.0986328125
0 0.54443359375 0.1611328125 0.0849609375 0.0859375
0 0.53662109375 0.26513671875 0.1103515625 0.1103515625
0 0.54541015625 0.373046875 0.0849609375 0.0859375
0 0.5458984375 0.4501953125 0.09765625 0.09765625
0 0.6337890625 0.12255859375 0.09765625 0.0986328125
0 0.634765625 0.2138671875 0.0859375 0.0859375
0 0.642578125 0.33203125 0.0859375 0.0859375
0 0.642578125 0.42822265625 0.09765625 0.0986328125
0 0.634765625 0.546875 0.0859375 0.0859375
0 0.62939453125 0.650390625 0.0849609375 0.0859375
0 0.6318359375 0.7802734375 0.0859375 0.0859375
0 0.732421875 0.05517578125 0.09765625 0.0986328125
0 0.74072265625 0.16796875 0.0849609375 0.0859375
0 0.73681640625 0.26953125 0.1103515625 0.111328125
0 0.7353515625 0.37646484375 0.109375 0.1103515625
0 0.734375 0.47607421875 0.109375 0.1103515625
0 0.8349609375 0.53759765625 0.109375 0.1103515625
0 0.84033203125 0.43115234375 0.1103515625 0.1103515625
0 0.8388671875 0.328125 0.109375 0.111328125
0 0.837890625 0.2099609375 0.09765625 0.09765625
0 0.8369140625 0.09912109375 0.09765625 0.0986328125
0 0.92578125 0.15283203125 0.109375 0.1103515625
0 0.9267578125 0.25830078125 0.09765625 0.0986328125
0 0.92578125 0.37255859375 0.109375 0.1103515625
0 0.919921875 0.48681640625 0.09765625 0.0986328125
0 0.923828125 0.58837890625 0.109375 0.1103515625
0 0.9228515625 0.82275390625 0.09765625 0.0986328125
0 0.82666015625 0.8798828125 0.1103515625 0.111328125
0 0.7353515625 0.9287109375 0.09765625 0.09765625
0 0.44677734375 0.8740234375 0.0849609375 0.0859375
0 0.3388671875 0.92041015625 0.109375 0.1103515625
0 0.2646484375 0.85595703125 0.0859375 0.0869140625
0 0.15234375 0.93603515625 0.09765625 0.0986328125
0 0.05859375 0.86962890625 0.09765625 0.0986328125