0 0.27490234375 0.1748046875 0.0732421875 0.07421875
0 0.83935546875 0.93359375 0.0732421875 0.07421875
0 0.2783203125 0.06494140625 0.09765625 0.0986328125
0 0.6513671875 0.05859375 0.09765625 0.09765625
0 0.4599609375 0.05712890625 0.09765625 0.0986328125
0 0.9326171875 0.55908203125 0.109375 0.1103515625
0 0.92626953125 0.6748046875 0.1103515625 0.111328125
0 0.93359375 0.78564453125 0.109375 0.1103515625
0 0.9326171875 0.88525390625 0.109375 0.1103515625
0 0.84716796875 0.8193359375 0.0849609375 0.0859375
0 0.841796875 0.72412109375 0.09765625 0.0986328125
0 0.8408203125 0.61083984375 0.109375 0.1103515625
0 0.73876953125 0.56005859375 0.1103515625 0.1103515625
0 0.744140625 0.66943359375 0.109375 0.1103515625
0 0.74755859375 0.78369140625 0.1103515625 0.1103515625
0 0.7421875 0.88671875 0.109375 0.111328125
0 0.65087890625 0.828125 0.1103515625 0.111328125
0 0.65087890625 0.72021484375 0.1103515625 0.1103515625
0 0.55029296875 0.56103515625 0.1103515625 0.1103515625
0 0.6494140625 0.60693359375 0.109375 0.1103515625
0 0.548828125 0.67041015625 0.09765625 0.0986328125
0 0.556640625 0.77197265625 0.09765625 0.0986328125
0 0.55224609375 0.88818359375 0.1103515625 0.1103515625
0 0.4619140625 0.83447265625 0.09765625 0.0986328125
0 0.45849609375 0.71240234375 0.1103515625 0.1103515625
0 0.45947265625 0.61474609375 0.1103515625 0.1103515625
0 0.361328125 0.5703125 0.0859375 0.0859375
0 0.365234375 0.6796875 0.0859375 0.0859375
0 0.36669921875 0.7744140625 0.0849609375 0.0859375
0 0.36767578125 0.890625 0.0849609375 0.0859375
0 0.265625 0.9443359375 0.0859375 0.0859375
0 0.2666015625 0.8369140625 0.09765625 0.09765625
0 0.2734375 0.7119140625 0.109375 0.111328125
0 0.2783203125 0.63134765625 0.09765625 0.0986328125
0 0.1884765625 0.5712890625 0.0859375 0.0859375
0 0.1728515625 0.67822265625 0.09765625 0.0986328125
0 0.1748046875 0.78564453125 0.09765625 0.0986328125
0 0.177734375 0.892578125 0.09765625 0.09765625
0 0.0810546875 0.5087890625 0.09765625 0.09765625
0 0.083984375 0.6220703125 0.09765625 0.09765625
0 0.08203125 0.72314453125 0.09765625 0.0986328125
0 0.078125 0.8310546875 0.0859375 0.0859375
0 0.9326171875 0.44775390625 0.09765625 0.0986328125
0 0.93115234375 0.34326171875 0.1103515625 0.1103515625
0 0.931640625 0.22412109375 0.09765625 0.0986328125
0 0.93212890625 0.1142578125 0.1103515625 0.111328125
0 0.8427734375 0.064453125 0.09765625 0.09765625
0 0.8330078125 0.15576171875 0.09765625 0.0986328125
0 0.8369140625 0.28564453125 0.09765625 0.0986328125
0 0.8388671875 0.39111328125 0.109375 0.1103515625
0 0.83203125 0.50830078125 0.09765625 0.0986328125
0 0.7431640625 0.46435546875 0.09765625 0.0986328125
0 0.7451171875 0.33740234375 0.109375 0.1103515625
0 0.7392578125 0.22998046875 0.109375 0.1103515625
0 0.74609375 0.11279296875 0.109375 0.1103515625
0 0.65234375 0.28955078125 0.09765625 0.0986328125
0 0.64892578125 0.38623046875 0.1103515625 0.1103515625
0 0.6455078125 0.49853515625 0.09765625 0.0986328125
0 0.5595703125 0.44775390625 0.109375 0.1103515625
0 0.5595703125 0.33642578125 0.09765625 0.0986328125
0 0.55615234375 0.2197265625 0.0849609375 0.0859375
0 0.5625 0.11669921875 0.09765625 0.0986328125
0 0.4609375 0.17529296875 0.09765625 0.0986328125
0 0.4560546875 0.388671875 0.09765625 0.09765625
0 0.458984375 0.4931640625 0.0859375 0.0859375
0 0.36767578125 0.4482421875 0.0849609375 0.0859375
0 0.36474609375 0.328125 0.0849609375 0.0859375
0 0.37109375 0.1123046875 0.0859375 0.0859375
0 0.2744140625 0.2802734375 0.09765625 0.09765625
0 0.2744140625 0.390625 0.09765625 0.09765625
0 0.2734375 0.5029296875 0.09765625 0.09765625
0 0.1806640625 0.44970703125 0.09765625 0.0986328125
0 0.1845703125 0.3369140625 0.09765625 0.09765625
0 0.17919921875 0.23046875 0.0849609375 0.0859375
0 0.18212890625 0.1220703125 0.1103515625 0.111328125
0 0.0908203125 0.1708984375 0.09765625 0.09765625
0 0.08203125 0.2744140625 0.09765625 0.09765625
0 0.0751953125 0.39208984375 0.09765625 0.0986328125