0 0.072265625 0.90869140625 0.07421875 0.0732421875
0 0.19873046875 0.1357421875 0.1103515625 0.109375
0 0.52001953125 0.60595703125 0.0732421875 0.0732421875
0 0.4775390625 0.70068359375 0.07421875 0.0732421875
0 0.24853515625 0.0498046875 0.0986328125 0.09765625
0 0.0830078125 0.1376953125 0.09765625 0.09765625
0 0.30419921875 0.13330078125 0.0732421875 0.0732421875
0 0.14208984375 0.236328125 0.0986328125 0.09765625
0 0.24658203125 0.232421875 0.0986328125 0.09765625
0 0.07958984375 0.3271484375 0.0986328125 0.09765625
0 0.18603515625 0.3271484375 0.0986328125 0.09765625
0 0.29833984375 0.32470703125 0.0732421875 0.0732421875
0 0.13623046875 0.423828125 0.0986328125 0.09765625
0 0.24560546875 0.423828125 0.0986328125 0.09765625
0 0.06982421875 0.521484375 0.0986328125 0.09765625
0 0.18896484375 0.5205078125 0.0986328125 0.09765625
0 0.291015625 0.51611328125 0.07421875 0.0732421875
0 0.13427734375 0.61328125 0.0986328125 0.09765625
0 0.2392578125 0.61328125 0.0859375 0.0859375
0 0.07666015625 0.712890625 0.0986328125 0.09765625
0 0.1806640625 0.70654296875 0.0859375 0.0849609375
0 0.2880859375 0.7099609375 0.09765625 0.09765625
0 0.125 0.80810546875 0.0859375 0.0849609375
0 0.2392578125 0.8017578125 0.09765625 0.09765625
0 0.1787109375 0.90185546875 0.07421875 0.0732421875
0 0.28271484375 0.90625 0.0615234375 0.060546875
0 0.466796875 0.90087890625 0.0859375 0.0849609375
0 0.5791015625 0.89892578125 0.123046875 0.1220703125
0 0.79296875 0.88671875 0.0859375 0.0859375
0 0.91064453125 0.9033203125 0.1103515625 0.109375
0 0.5302734375 0.806640625 0.09765625 0.09765625
0 0.63671875 0.79833984375 0.123046875 0.1220703125
0 0.74609375 0.79833984375 0.111328125 0.1103515625
0 0.84814453125 0.80029296875 0.1103515625 0.1103515625
0 0.57275390625 0.7109375 0.1103515625 0.109375
0 0.685546875 0.7060546875 0.111328125 0.109375
0 0.7978515625 0.70654296875 0.123046875 0.1220703125
0 0.91259765625 0.70849609375 0.1103515625 0.1103515625
0 0.63037109375 0.61083984375 0.1103515625 0.1103515625
0 0.7412109375 0.60791015625 0.123046875 0.1220703125
0 0.853515625 0.60888671875 0.123046875 0.1220703125
0 0.46923828125 0.51318359375 0.0615234375 0.0615234375
0 0.57568359375 0.5146484375 0.0986328125 0.09765625
0 0.68798828125 0.515625 0.0986328125 0.09765625
0 0.78125 0.5087890625 0.09765625 0.09765625
0 0.908203125 0.51513671875 0.123046875 0.1220703125
0 0.51806640625 0.4150390625 0.0986328125 0.09765625
0 0.63623046875 0.4208984375 0.0986328125 0.09765625
0 0.732421875 0.42138671875 0.123046875 0.1220703125
0 0.8486328125 0.42236328125 0.123046875 0.1220703125
0 0.46728515625 0.318359375 0.0615234375 0.060546875
0 0.57373046875 0.326171875 0.0986328125 0.09765625
0 0.68310546875 0.326171875 0.0986328125 0.09765625
0 0.7998046875 0.32373046875 0.123046875 0.1220703125
0 0.9150390625 0.32568359375 0.123046875 0.1220703125
0 0.521484375 0.22900390625 0.0859375 0.0849609375
0 0.62939453125 0.2333984375 0.0986328125 0.09765625
0 0.74365234375 0.22998046875 0.1220703125 0.1220703125
0 0.85107421875 0.2255859375 0.0986328125 0.09765625
0 0.46826171875 0.13671875 0.0615234375 0.060546875
0 0.57763671875 0.1337890625 0.0986328125 0.09765625
0 0.68994140625 0.138671875 0.0986328125 0.09765625
0 0.80126953125 0.1376953125 0.0986328125 0.09765625
0 0.90283203125 0.1337890625 0.0986328125 0.09765625
0 0.5244140625 0.044921875 0.0859375 0.0859375