0 0.5908203125 0.53955078125 0.109375 0.1103515625
0 0.20751953125 0.10205078125 0.1103515625 0.1103515625
0 0.306640625 0.16357421875 0.09765625 0.0986328125
0 0.404296875 0.10693359375 0.09765625 0.0986328125
0 0.4912109375 0.15966796875 0.109375 0.1103515625
0 0.59033203125 0.103515625 0.1103515625 0.111328125
0 0.78125 0.10107421875 0.109375 0.1103515625
0 0.8779296875 0.15673828125 0.109375 0.1103515625
0 0.876953125 0.26904296875 0.109375 0.1103515625
0 0.87890625 0.373046875 0.109375 0.111328125
0 0.880859375 0.4873046875 0.109375 0.111328125
0 0.87548828125 0.5869140625 0.1103515625 0.111328125
0 0.779296875 0.21337890625 0.109375 0.1103515625
0 0.78076171875 0.32421875 0.1103515625 0.111328125
0 0.77783203125 0.431640625 0.1103515625 0.111328125
0 0.78271484375 0.53857421875 0.1103515625 0.1103515625
0 0.68115234375 0.1572265625 0.1103515625 0.111328125
0 0.68310546875 0.2646484375 0.1103515625 0.111328125
0 0.68701171875 0.38232421875 0.1103515625 0.1103515625
0 0.69140625 0.48681640625 0.109375 0.1103515625
0 0.59326171875 0.220703125 0.1103515625 0.111328125
0 0.591796875 0.32568359375 0.09765625 0.0986328125
0 0.5888671875 0.43212890625 0.109375 0.1103515625
0 0.49609375 0.26806640625 0.09765625 0.0986328125
0 0.4912109375 0.37939453125 0.109375 0.1103515625
0 0.4951171875 0.48388671875 0.109375 0.1103515625
0 0.498046875 0.59716796875 0.048828125 0.0498046875
0 0.58984375 0.65185546875 0.048828125 0.0498046875
0 0.6845703125 0.58984375 0.048828125 0.048828125
0 0.396484375 0.21240234375 0.109375 0.1103515625
0 0.40185546875 0.32763671875 0.1103515625 0.1103515625
0 0.40185546875 0.43798828125 0.1103515625 0.1103515625
0 0.40478515625 0.55029296875 0.1103515625 0.1103515625
0 0.40380859375 0.65625 0.0849609375 0.0859375
0 0.306640625 0.26513671875 0.09765625 0.0986328125
0 0.30224609375 0.37548828125 0.1103515625 0.1103515625
0 0.3076171875 0.48681640625 0.09765625 0.0986328125
0 0.212890625 0.21630859375 0.109375 0.1103515625
0 0.2099609375 0.32470703125 0.109375 0.1103515625
0 0.21484375 0.43408203125 0.109375 0.1103515625
0 0.2138671875 0.53857421875 0.109375 0.1103515625
0 0.21533203125 0.66015625 0.0732421875 0.07421875
0 0.1220703125 0.16259765625 0.109375 0.1103515625
0 0.12109375 0.27099609375 0.09765625 0.0986328125
0 0.12255859375 0.38623046875 0.1103515625 0.1103515625
0 0.11669921875 0.47900390625 0.1103515625 0.1103515625
0 0.11865234375 0.6005859375 0.1103515625 0.111328125
0 0.11279296875 0.72119140625 0.1103515625 0.1103515625
0 0.11669921875 0.82275390625 0.1103515625 0.1103515625
0 0.11669921875 0.94287109375 0.1103515625 0.1103515625
0 0.212890625 0.76416015625 0.0859375 0.0869140625
0 0.29931640625 0.70947265625 0.0732421875 0.0732421875
0 0.40478515625 0.75830078125 0.1103515625 0.1103515625
0 0.4951171875 0.70947265625 0.109375 0.1103515625
0 0.591796875 0.7587890625 0.109375 0.111328125
0 0.6943359375 0.8173828125 0.0859375 0.0859375
0 0.68798828125 0.705078125 0.0849609375 0.0859375
0 0.78466796875 0.65625 0.0849609375 0.0859375
0 0.78173828125 0.7626953125 0.0849609375 0.0859375
0 0.7890625 0.8701171875 0.09765625 0.09765625
0 0.87841796875 0.70458984375 0.0732421875 0.0732421875
0 0.88134765625 0.81640625 0.0849609375 0.0859375