0 0.13427734375 0.5537109375 0.0732421875 0.07421875
0 0.041015625 0.49267578125 0.060546875 0.0615234375
0 0.32958984375 0.423828125 0.0732421875 0.07421875
0 0.23095703125 0.93115234375 0.0732421875 0.0732421875
0 0.888671875 0.5390625 0.09765625 0.09765625
0 0.8896484375 0.6416015625 0.09765625 0.09765625
0 0.89013671875 0.751953125 0.0849609375 0.0859375
0 0.8896484375 0.86962890625 0.09765625 0.0986328125
0 0.80224609375 0.48974609375 0.1103515625 0.1103515625
0 0.7958984375 0.60400390625 0.09765625 0.0986328125
0 0.7919921875 0.71337890625 0.09765625 0.0986328125
0 0.7919921875 0.82666015625 0.09765625 0.0986328125
0 0.7939453125 0.939453125 0.09765625 0.09765625
0 0.69775390625 0.453125 0.0849609375 0.0859375
0 0.69482421875 0.5595703125 0.0849609375 0.0859375
0 0.69775390625 0.65625 0.0849609375 0.0859375
0 0.69482421875 0.7705078125 0.0849609375 0.0859375
0 0.697265625 0.884765625 0.09765625 0.09765625
0 0.6064453125 0.939453125 0.09765625 0.09765625
0 0.6123046875 0.82373046875 0.109375 0.1103515625
0 0.611328125 0.71826171875 0.09765625 0.0986328125
0 0.60693359375 0.6103515625 0.0849609375 0.0859375
0 0.60595703125 0.498046875 0.0849609375 0.0859375
0 0.51171875 0.439453125 0.0859375 0.0859375
0 0.5126953125 0.552734375 0.0859375 0.0859375
0 0.5078125 0.662109375 0.09765625 0.09765625
0 0.517578125 0.779296875 0.109375 0.111328125
0 0.5126953125 0.87548828125 0.09765625 0.0986328125
0 0.4130859375 0.93408203125 0.109375 0.1103515625
0 0.4130859375 0.82177734375 0.109375 0.1103515625
0 0.4169921875 0.71142578125 0.109375 0.1103515625
0 0.4208984375 0.607421875 0.109375 0.111328125
0 0.4267578125 0.48486328125 0.09765625 0.0986328125
0 0.33203125 0.537109375 0.0859375 0.0859375
0 0.328125 0.76220703125 0.09765625 0.0986328125
0 0.32421875 0.64501953125 0.0859375 0.0869140625
0 0.23095703125 0.7109375 0.0849609375 0.0859375
0 0.228515625 0.6083984375 0.0859375 0.0859375
0 0.32373046875 0.876953125 0.0849609375 0.0859375
0 0.2255859375 0.48486328125 0.09765625 0.0986328125
0 0.1416015625 0.4521484375 0.09765625 0.09765625
0 0.1357421875 0.6630859375 0.09765625 0.09765625
0 0.13671875 0.76611328125 0.09765625 0.0986328125
0 0.14306640625 0.88671875 0.0849609375 0.0859375
0 0.22802734375 0.8193359375 0.0849609375 0.0859375
0 0.04541015625 0.3935546875 0.0849609375 0.0859375
0 0.046875 0.154296875 0.0859375 0.0859375
0 0.14111328125 0.1279296875 0.0849609375 0.0859375
0 0.140625 0.21923828125 0.09765625 0.0986328125
0 0.1435546875 0.35595703125 0.09765625 0.0986328125
0 0.23388671875 0.3857421875 0.0849609375 0.0859375
0 0.23388671875 0.2705078125 0.0849609375 0.0859375
0 0.24072265625 0.1689453125 0.0849609375 0.0859375
0 0.22900390625 0.048828125 0.0849609375 0.0859375
0 0.32568359375 0.1103515625 0.0849609375 0.0859375
0 0.32470703125 0.216796875 0.0849609375 0.0859375
0 0.32177734375 0.322265625 0.0849609375 0.0859375
0 0.4150390625 0.0546875 0.0859375 0.0859375
0 0.412109375 0.17041015625 0.09765625 0.0986328125
0 0.4267578125 0.29248046875 0.09765625 0.0986328125
0 0.42138671875 0.388671875 0.1103515625 0.111328125
0 0.5107421875 0.1181640625 0.0859375 0.0859375
0 0.50927734375 0.22265625 0.0849609375 0.0859375
0 0.515625 0.3291015625 0.09765625 0.09765625
0 0.6064453125 0.38525390625 0.09765625 0.0986328125
0 0.60498046875 0.279296875 0.0849609375 0.0859375
0 0.6103515625 0.1611328125 0.0859375 0.0859375
0 0.60400390625 0.05712890625 0.0849609375 0.0869140625
0 0.703125 0.1123046875 0.0859375 0.0859375
0 0.7041015625 0.22216796875 0.09765625 0.0986328125
0 0.7021484375 0.32373046875 0.09765625 0.0986328125
0 0.802734375 0.16259765625 0.09765625 0.0986328125
0 0.7958984375 0.27490234375 0.09765625 0.0986328125
0 0.7998046875 0.38134765625 0.09765625 0.0986328125
0 0.8916015625 0.42333984375 0.09765625 0.0986328125
0 0.8984375 0.3125 0.09765625 0.09765625
0 0.890625 0.20458984375 0.09765625 0.0986328125
0 0.8935546875 0.09375 0.09765625 0.09765625