0 0.17919921875 0.341796875 0.0732421875 0.07421875
0 0.74755859375 0.08740234375 0.0732421875 0.0732421875
0 0.0859375 0.15283203125 0.109375 0.1103515625
0 0.08349609375 0.28271484375 0.1103515625 0.1103515625
0 0.08349609375 0.3974609375 0.1103515625 0.111328125
0 0.0859375 0.50830078125 0.09765625 0.0986328125
0 0.087890625 0.61474609375 0.09765625 0.0986328125
0 0.08837890625 0.71240234375 0.1103515625 0.1103515625
0 0.08544921875 0.81640625 0.1103515625 0.111328125
0 0.18359375 0.7724609375 0.09765625 0.09765625
0 0.17333984375 0.6669921875 0.0849609375 0.0859375
0 0.18359375 0.55126953125 0.09765625 0.0986328125
0 0.1904296875 0.11279296875 0.09765625 0.0986328125
0 0.18408203125 0.228515625 0.0849609375 0.0859375
0 0.1826171875 0.4482421875 0.09765625 0.09765625
0 0.2763671875 0.1298828125 0.09765625 0.09765625
0 0.27880859375 0.22998046875 0.0849609375 0.0869140625
0 0.28125 0.376953125 0.09765625 0.09765625
0 0.2744140625 0.490234375 0.09765625 0.09765625
0 0.2705078125 0.59521484375 0.09765625 0.0986328125
0 0.2744140625 0.7060546875 0.09765625 0.09765625
0 0.271484375 0.8076171875 0.0859375 0.0859375
0 0.17578125 0.890625 0.09765625 0.09765625
0 0.3681640625 0.85986328125 0.09765625 0.0986328125
0 0.36328125 0.65771484375 0.09765625 0.0986328125
0 0.3662109375 0.53564453125 0.09765625 0.0986328125
0 0.3740234375 0.43017578125 0.09765625 0.0986328125
0 0.3681640625 0.28369140625 0.09765625 0.0986328125
0 0.35546875 0.12841796875 0.09765625 0.0986328125
0 0.46337890625 0.1611328125 0.1103515625 0.111328125
0 0.46484375 0.26513671875 0.109375 0.1103515625
0 0.45947265625 0.37548828125 0.1103515625 0.1103515625
0 0.45703125 0.47607421875 0.09765625 0.0986328125
0 0.46044921875 0.568359375 0.1103515625 0.111328125
0 0.46435546875 0.701171875 0.1103515625 0.111328125
0 0.45751953125 0.81005859375 0.1103515625 0.1103515625
0 0.5556640625 0.861328125 0.09765625 0.09765625
0 0.5595703125 0.75048828125 0.09765625 0.0986328125
0 0.5595703125 0.63623046875 0.09765625 0.0986328125
0 0.5546875 0.52783203125 0.109375 0.1103515625
0 0.55517578125 0.42041015625 0.1103515625 0.1103515625
0 0.5576171875 0.29931640625 0.09765625 0.0986328125
0 0.55908203125 0.20166015625 0.0849609375 0.0869140625
0 0.55908203125 0.09130859375 0.1103515625 0.1103515625
0 0.6533203125 0.1513671875 0.0859375 0.0859375
0 0.6572265625 0.2578125 0.09765625 0.09765625
0 0.646484375 0.36279296875 0.09765625 0.0986328125
0 0.650390625 0.47216796875 0.109375 0.1103515625
0 0.646484375 0.58447265625 0.109375 0.1103515625
0 0.6416015625 0.69873046875 0.09765625 0.0986328125
0 0.646484375 0.80517578125 0.09765625 0.0986328125
0 0.73681640625 0.8681640625 0.0849609375 0.0859375
0 0.7421875 0.7392578125 0.0859375 0.0859375
0 0.7421875 0.62890625 0.0859375 0.0859375
0 0.74658203125 0.2109375 0.1103515625 0.111328125
0 0.7421875 0.3046875 0.09765625 0.09765625
0 0.744140625 0.4228515625 0.09765625 0.09765625
0 0.7421875 0.52294921875 0.09765625 0.0986328125
0 0.8349609375 0.8056640625 0.0859375 0.0859375
0 0.8515625 0.69482421875 0.09765625 0.0986328125
0 0.845703125 0.58447265625 0.109375 0.1103515625
0 0.84326171875 0.4765625 0.0849609375 0.0859375
0 0.8486328125 0.3681640625 0.0859375 0.0859375
0 0.853515625 0.26171875 0.109375 0.111328125
0 0.85400390625 0.16064453125 0.1103515625 0.1103515625
0 0.9375 0.09912109375 0.09765625 0.0986328125
0 0.93505859375 0.2109375 0.0849609375 0.0859375
0 0.93896484375 0.3154296875 0.0849609375 0.0859375
0 0.9326171875 0.43603515625 0.09765625 0.0986328125
0 0.9375 0.53125 0.09765625 0.09765625
0 0.931640625 0.64306640625 0.09765625 0.0986328125
0 0.92431640625 0.75341796875 0.1103515625 0.1103515625
0 0.9228515625 0.86669921875 0.09765625 0.0986328125
0 0.8369140625 0.91748046875 0.09765625 0.0986328125
0 0.642578125 0.919921875 0.0859375 0.0859375
0 0.46044921875 0.91455078125 0.1103515625 0.1103515625
0 0.267578125 0.923828125 0.09765625 0.09765625
0 0.08154296875 0.93310546875 0.1103515625 0.1103515625