0 0.35888671875 0.439453125 0.0869140625 0.0859375
0 0.5224609375 0.92529296875 0.07421875 0.0732421875
0 0.12744140625 0.06396484375 0.1103515625 0.1103515625
0 0.2451171875 0.06103515625 0.111328125 0.1103515625
0 0.3525390625 0.0634765625 0.0859375 0.0859375
0 0.083984375 0.15966796875 0.07421875 0.0732421875
0 0.1826171875 0.15625 0.09765625 0.09765625
0 0.30078125 0.1630859375 0.09765625 0.09765625
0 0.1181640625 0.251953125 0.111328125 0.109375
0 0.23779296875 0.2587890625 0.0986328125 0.09765625
0 0.3544921875 0.25830078125 0.0859375 0.0849609375
0 0.0625 0.34423828125 0.0859375 0.0849609375
0 0.18798828125 0.34765625 0.0986328125 0.09765625
0 0.29736328125 0.33984375 0.0986328125 0.09765625
0 0.1494140625 0.44873046875 0.0859375 0.0849609375
0 0.2529296875 0.4423828125 0.0859375 0.0859375
0 0.095703125 0.533203125 0.037109375 0.037109375
0 0.20166015625 0.53076171875 0.0244140625 0.0244140625
0 0.31494140625 0.53662109375 0.0244140625 0.0244140625
0 0.12353515625 0.62841796875 0.0244140625 0.0244140625
0 0.23388671875 0.62841796875 0.0244140625 0.0244140625
0 0.34912109375 0.63232421875 0.0244140625 0.0244140625
0 0.45849609375 0.63623046875 0.0244140625 0.0244140625
0 0.54052734375 0.63330078125 0.0244140625 0.0244140625
0 0.40185546875 0.53564453125 0.0244140625 0.0244140625
0 0.50927734375 0.54248046875 0.0244140625 0.0244140625
0 0.5400390625 0.4423828125 0.037109375 0.037109375
0 0.45751953125 0.4453125 0.1103515625 0.109375
0 0.4013671875 0.3359375 0.0859375 0.0859375
0 0.51025390625 0.33544921875 0.0732421875 0.0732421875
0 0.46044921875 0.2548828125 0.0986328125 0.09765625
0 0.57568359375 0.26416015625 0.0615234375 0.0615234375
0 0.40673828125 0.1630859375 0.0986328125 0.09765625
0 0.51416015625 0.158203125 0.0986328125 0.09765625
0 0.4638671875 0.0546875 0.09765625 0.09765625
0 0.08935546875 0.9189453125 0.0986328125 0.09765625
0 0.19287109375 0.9150390625 0.1103515625 0.109375
0 0.3037109375 0.923828125 0.09765625 0.09765625
0 0.4150390625 0.9189453125 0.09765625 0.09765625
0 0.69921875 0.91650390625 0.037109375 0.0361328125
0 0.7978515625 0.916015625 0.09765625 0.09765625
0 0.90673828125 0.9169921875 0.1103515625 0.109375
0 0.7568359375 0.82080078125 0.0859375 0.0849609375
0 0.8544921875 0.8232421875 0.09765625 0.09765625
0 0.70361328125 0.720703125 0.0615234375 0.060546875
0 0.8017578125 0.728515625 0.0859375 0.0859375
0 0.9130859375 0.72705078125 0.111328125 0.1103515625
0 0.751953125 0.6318359375 0.0859375 0.0859375
0 0.86181640625 0.6396484375 0.0986328125 0.09765625
0 0.71044921875 0.53466796875 0.0615234375 0.0615234375
0 0.80419921875 0.5380859375 0.0986328125 0.09765625
0 0.9189453125 0.53369140625 0.123046875 0.1220703125
0 0.75341796875 0.4404296875 0.0986328125 0.09765625
0 0.86279296875 0.44482421875 0.1103515625 0.1103515625
0 0.720703125 0.3505859375 0.048828125 0.048828125
0 0.80615234375 0.353515625 0.0986328125 0.09765625
0 0.92138671875 0.35400390625 0.1220703125 0.1220703125
0 0.75341796875 0.26513671875 0.0732421875 0.0732421875
0 0.86572265625 0.2607421875 0.1103515625 0.109375
0 0.8056640625 0.15478515625 0.123046875 0.1220703125
0 0.9140625 0.16650390625 0.123046875 0.1220703125
0 0.7509765625 0.06103515625 0.07421875 0.0732421875
0 0.86328125 0.0556640625 0.09765625 0.09765625