0 0.2744140625 0.96240234375 0.07421875 0.0732421875
0 0.52099609375 0.68310546875 0.0732421875 0.0732421875
0 0.04736328125 0.77587890625 0.0732421875 0.0732421875
0 0.9462890625 0.115234375 0.09765625 0.09765625
0 0.43603515625 0.8681640625 0.0869140625 0.0859375
0 0.546875 0.8681640625 0.0859375 0.0859375
0 0.4921875 0.77490234375 0.07421875 0.0732421875
0 0.38671875 0.77880859375 0.07421875 0.0732421875
0 0.4853515625 0.58251953125 0.0859375 0.0849609375
0 0.51611328125 0.1123046875 0.0986328125 0.09765625
0 0.400390625 0.1171875 0.09765625 0.09765625
0 0.2978515625 0.11083984375 0.0859375 0.0849609375
0 0.1884765625 0.1083984375 0.09765625 0.09765625
0 0.07275390625 0.1181640625 0.0986328125 0.09765625
0 0.1416015625 0.208984375 0.09765625 0.09765625
0 0.25439453125 0.2080078125 0.0986328125 0.09765625
0 0.365234375 0.2158203125 0.09765625 0.09765625
0 0.47314453125 0.208984375 0.0986328125 0.09765625
0 0.5302734375 0.2978515625 0.09765625 0.09765625
0 0.42333984375 0.3037109375 0.0986328125 0.09765625
0 0.31591796875 0.3017578125 0.0986328125 0.09765625
0 0.201171875 0.30078125 0.09765625 0.09765625
0 0.08544921875 0.296875 0.0986328125 0.09765625
0 0.14501953125 0.39599609375 0.1103515625 0.1103515625
0 0.25830078125 0.39501953125 0.1103515625 0.1103515625
0 0.37255859375 0.392578125 0.1103515625 0.109375
0 0.4833984375 0.39111328125 0.111328125 0.1103515625
0 0.5263671875 0.4892578125 0.09765625 0.09765625
0 0.42333984375 0.48046875 0.1103515625 0.109375
0 0.3193359375 0.4931640625 0.111328125 0.109375
0 0.20751953125 0.4853515625 0.1103515625 0.109375
0 0.1025390625 0.48779296875 0.0859375 0.0849609375
0 0.15283203125 0.5810546875 0.0986328125 0.09765625
0 0.2568359375 0.58642578125 0.0859375 0.0849609375
0 0.38330078125 0.5810546875 0.1103515625 0.109375
0 0.4228515625 0.67919921875 0.0859375 0.0849609375
0 0.3232421875 0.677734375 0.09765625 0.09765625
0 0.18798828125 0.6806640625 0.0986328125 0.09765625
0 0.09912109375 0.6787109375 0.0986328125 0.09765625
0 0.15234375 0.77490234375 0.0859375 0.0849609375
0 0.28759765625 0.76953125 0.0986328125 0.09765625
0 0.23046875 0.86669921875 0.0859375 0.0849609375
0 0.09912109375 0.8662109375 0.0986328125 0.09765625
0 0.86572265625 0.87109375 0.1103515625 0.109375
0 0.74267578125 0.8701171875 0.0986328125 0.09765625
0 0.64794921875 0.86962890625 0.0869140625 0.0849609375
0 0.576171875 0.78076171875 0.0859375 0.0849609375
0 0.69970703125 0.77490234375 0.1103515625 0.1103515625
0 0.80908203125 0.77587890625 0.1103515625 0.1103515625
0 0.91943359375 0.7763671875 0.0986328125 0.09765625
0 0.86083984375 0.6767578125 0.0986328125 0.09765625
0 0.75048828125 0.6787109375 0.0986328125 0.09765625
0 0.646484375 0.677734375 0.0859375 0.0859375
0 0.58837890625 0.580078125 0.1103515625 0.109375
0 0.69287109375 0.5830078125 0.0986328125 0.09765625
0 0.810546875 0.5830078125 0.0859375 0.0859375
0 0.9169921875 0.58203125 0.0859375 0.0859375
0 0.87060546875 0.4912109375 0.0986328125 0.09765625
0 0.76318359375 0.48828125 0.0986328125 0.09765625
0 0.6572265625 0.494140625 0.09765625 0.09765625
0 0.60546875 0.4013671875 0.111328125 0.109375
0 0.7060546875 0.39990234375 0.111328125 0.1103515625
0 0.79638671875 0.39404296875 0.1103515625 0.1103515625
0 0.92236328125 0.39990234375 0.1103515625 0.1103515625
0 0.8701171875 0.3095703125 0.09765625 0.09765625
0 0.7587890625 0.3095703125 0.09765625 0.09765625
0 0.6484375 0.302734375 0.0859375 0.0859375
0 0.58251953125 0.2109375 0.0986328125 0.09765625
0 0.685546875 0.20703125 0.0859375 0.0859375
0 0.806640625 0.21484375 0.09765625 0.09765625
0 0.9130859375 0.20703125 0.09765625 0.09765625
0 0.841796875 0.1181640625 0.09765625 0.09765625
0 0.74560546875 0.1123046875 0.0986328125 0.09765625
0 0.62255859375 0.1103515625 0.0986328125 0.09765625