0 0.1044921875 0.87353515625 0.09765625 0.0986328125
0 0.1025390625 0.75830078125 0.09765625 0.0986328125
0 0.193359375 0.92333984375 0.09765625 0.0986328125
0 0.18505859375 0.82177734375 0.0615234375 0.0615234375
0 0.2880859375 0.75927734375 0.109375 0.1103515625
0 0.28955078125 0.95703125 0.0361328125 0.037109375
0 0.29345703125 0.8681640625 0.0361328125 0.037109375
0 0.47412109375 0.76171875 0.1103515625 0.111328125
0 0.56005859375 0.92578125 0.1103515625 0.111328125
0 0.56005859375 0.8212890625 0.1103515625 0.111328125
0 0.662109375 0.87646484375 0.109375 0.1103515625
0 0.6552734375 0.76513671875 0.109375 0.1103515625
0 0.7578125 0.93994140625 0.09765625 0.0986328125
0 0.76171875 0.828125 0.0859375 0.0859375
0 0.7568359375 0.7138671875 0.0859375 0.0859375
0 0.857421875 0.884765625 0.0859375 0.0859375
0 0.85107421875 0.77001953125 0.0849609375 0.0869140625
0 0.9482421875 0.93994140625 0.09765625 0.0986328125
0 0.94873046875 0.82861328125 0.0849609375 0.0869140625
0 0.95068359375 0.7158203125 0.0849609375 0.0859375
0 0.9482421875 0.6064453125 0.0859375 0.0859375
0 0.951171875 0.4951171875 0.0859375 0.0859375
0 0.85595703125 0.65966796875 0.1103515625 0.1103515625
0 0.85498046875 0.54638671875 0.1103515625 0.1103515625
0 0.8466796875 0.44287109375 0.109375 0.1103515625
0 0.8525390625 0.33251953125 0.109375 0.1103515625
0 0.853515625 0.2177734375 0.109375 0.111328125
0 0.75439453125 0.61181640625 0.1103515625 0.1103515625
0 0.75634765625 0.49658203125 0.1103515625 0.1103515625
0 0.76171875 0.38818359375 0.09765625 0.0986328125
0 0.75927734375 0.2783203125 0.0849609375 0.0859375
0 0.7587890625 0.1650390625 0.09765625 0.09765625
0 0.66015625 0.65283203125 0.109375 0.1103515625
0 0.658203125 0.55322265625 0.109375 0.1103515625
0 0.66796875 0.44091796875 0.09765625 0.0986328125
0 0.66259765625 0.32861328125 0.1103515625 0.1103515625
0 0.67041015625 0.22216796875 0.1103515625 0.1103515625
0 0.57958984375 0.70947265625 0.1103515625 0.1103515625
0 0.5712890625 0.59326171875 0.109375 0.1103515625
0 0.5703125 0.48486328125 0.109375 0.1103515625
0 0.5703125 0.38232421875 0.09765625 0.0986328125
0 0.5654296875 0.26611328125 0.109375 0.1103515625
0 0.47900390625 0.64892578125 0.1103515625 0.1103515625
0 0.47509765625 0.54443359375 0.1103515625 0.1103515625
0 0.47802734375 0.43310546875 0.1103515625 0.1103515625
0 0.4794921875 0.32177734375 0.109375 0.1103515625
0 0.478515625 0.21240234375 0.109375 0.1103515625
0 0.38671875 0.71484375 0.109375 0.111328125
0 0.3828125 0.6025390625 0.109375 0.111328125
0 0.384765625 0.49267578125 0.09765625 0.0986328125
0 0.37744140625 0.38037109375 0.1103515625 0.1103515625
0 0.38525390625 0.27294921875 0.1103515625 0.1103515625
0 0.2900390625 0.6494140625 0.109375 0.111328125
0 0.29296875 0.5439453125 0.109375 0.111328125
0 0.291015625 0.4375 0.09765625 0.09765625
0 0.2919921875 0.32861328125 0.109375 0.1103515625
0 0.2919921875 0.20849609375 0.09765625 0.0986328125
0 0.1943359375 0.70068359375 0.09765625 0.0986328125
0 0.19970703125 0.6025390625 0.1103515625 0.111328125
0 0.1953125 0.4921875 0.109375 0.111328125
0 0.1982421875 0.3798828125 0.109375 0.111328125
0 0.1962890625 0.26513671875 0.109375 0.1103515625
0 0.09814453125 0.4326171875 0.1103515625 0.111328125
0 0.09619140625 0.349609375 0.0732421875 0.07421875
0 0.1064453125 0.2099609375 0.09765625 0.09765625
0 0.099609375 0.10791015625 0.09765625 0.0986328125
0 0.197265625 0.16162109375 0.09765625 0.0986328125
0 0.1962890625 0.05224609375 0.09765625 0.0986328125
0 0.28662109375 0.10205078125 0.1103515625 0.1103515625
0 0.38330078125 0.15478515625 0.1103515625 0.1103515625
0 0.4765625 0.10498046875 0.109375 0.1103515625
0 0.56787109375 0.15576171875 0.1103515625 0.1103515625
0 0.57666015625 0.05908203125 0.1103515625 0.1103515625
0 0.66552734375 0.10595703125 0.1103515625 0.1103515625
0 0.8564453125 0.1083984375 0.109375 0.111328125