0 0.57275390625 0.92919921875 0.0732421875 0.0732421875
0 0.47705078125 0.8779296875 0.0849609375 0.0859375
0 0.48046875 0.76171875 0.0859375 0.0859375
0 0.5751953125 0.8232421875 0.0859375 0.0859375
0 0.57421875 0.7119140625 0.09765625 0.09765625
0 0.671875 0.8779296875 0.0859375 0.0859375
0 0.671875 0.771484375 0.09765625 0.09765625
0 0.76513671875 0.9287109375 0.0849609375 0.0859375
0 0.76220703125 0.8203125 0.0849609375 0.0859375
0 0.763671875 0.7158203125 0.09765625 0.09765625
0 0.85986328125 0.8701171875 0.0849609375 0.0859375
0 0.861328125 0.767578125 0.09765625 0.09765625
0 0.94970703125 0.9287109375 0.0732421875 0.07421875
0 0.95166015625 0.8203125 0.0732421875 0.07421875
0 0.95947265625 0.70849609375 0.0732421875 0.0732421875
0 0.95458984375 0.6025390625 0.0732421875 0.07421875
0 0.95263671875 0.37890625 0.0849609375 0.0859375
0 0.8564453125 0.65966796875 0.09765625 0.0986328125
0 0.8603515625 0.5458984375 0.0859375 0.0859375
0 0.8623046875 0.443359375 0.09765625 0.09765625
0 0.861328125 0.3291015625 0.0859375 0.0859375
0 0.8583984375 0.212890625 0.0859375 0.0859375
0 0.763671875 0.60791015625 0.09765625 0.0986328125
0 0.7587890625 0.48974609375 0.09765625 0.0986328125
0 0.755859375 0.3837890625 0.09765625 0.09765625
0 0.7568359375 0.2666015625 0.09765625 0.09765625
0 0.669921875 0.65673828125 0.0859375 0.0869140625
0 0.669921875 0.54931640625 0.09765625 0.0986328125
0 0.6708984375 0.44091796875 0.09765625 0.0986328125
0 0.669921875 0.31103515625 0.09765625 0.0986328125
0 0.5703125 0.60302734375 0.09765625 0.0986328125
0 0.5771484375 0.49462890625 0.09765625 0.0986328125
0 0.578125 0.3798828125 0.0859375 0.0859375
0 0.57470703125 0.2705078125 0.0849609375 0.0859375
0 0.48095703125 0.6630859375 0.0849609375 0.0859375
0 0.48095703125 0.55078125 0.0849609375 0.0859375
0 0.48046875 0.43701171875 0.09765625 0.0986328125
0 0.478515625 0.3251953125 0.0859375 0.0859375
0 0.482421875 0.2138671875 0.0859375 0.0859375
0 0.66748046875 0.2001953125 0.0849609375 0.0859375
0 0.4814453125 0.1064453125 0.0859375 0.0859375
0 0.57763671875 0.162109375 0.0849609375 0.0859375
0 0.67138671875 0.10546875 0.0849609375 0.0859375
0 0.7607421875 0.158203125 0.0859375 0.0859375
0 0.85546875 0.10888671875 0.09765625 0.0986328125
0 0.95654296875 0.1552734375 0.0849609375 0.0859375