0 0.55810546875 0.13134765625 0.0732421875 0.0732421875
0 0.64794921875 0.27734375 0.0732421875 0.07421875
0 0.64892578125 0.17236328125 0.0732421875 0.0732421875
0 0.74462890625 0.21533203125 0.0732421875 0.0732421875
0 0.46435546875 0.1943359375 0.0849609375 0.0859375
0 0.56005859375 0.2265625 0.0732421875 0.07421875
0 0.28369140625 0.74951171875 0.0732421875 0.0732421875
0 0.56494140625 0.3427734375 0.0732421875 0.07421875
0 0.28271484375 0.64794921875 0.0732421875 0.0732421875
0 0.748046875 0.3203125 0.0859375 0.0859375
0 0.65185546875 0.3974609375 0.0732421875 0.07421875
0 0.93408203125 0.58251953125 0.0732421875 0.0732421875
0 0.92236328125 0.46923828125 0.0732421875 0.0732421875
0 0.8408203125 0.515625 0.0859375 0.0859375
0 0.83447265625 0.39697265625 0.0732421875 0.0732421875
0 0.08740234375 0.0869140625 0.1220703125 0.123046875
0 0.07568359375 0.1953125 0.1220703125 0.123046875
0 0.0830078125 0.31591796875 0.09765625 0.0986328125
0 0.083984375 0.41455078125 0.09765625 0.0986328125
0 0.08056640625 0.5341796875 0.1220703125 0.123046875
0 0.1865234375 0.14453125 0.09765625 0.09765625
0 0.19287109375 0.2578125 0.1220703125 0.123046875
0 0.1884765625 0.37060546875 0.09765625 0.0986328125
0 0.1767578125 0.47314453125 0.09765625 0.0986328125
0 0.28173828125 0.087890625 0.1220703125 0.123046875
0 0.27783203125 0.2080078125 0.1220703125 0.123046875
0 0.27978515625 0.31640625 0.0849609375 0.0859375
0 0.27734375 0.43701171875 0.09765625 0.0986328125
0 0.3759765625 0.15234375 0.09765625 0.09765625
0 0.3759765625 0.2568359375 0.09765625 0.09765625
0 0.3779296875 0.37109375 0.09765625 0.09765625
0 0.37744140625 0.4775390625 0.1220703125 0.123046875
0 0.27587890625 0.54736328125 0.0732421875 0.0732421875
0 0.37744140625 0.587890625 0.1220703125 0.123046875
0 0.46240234375 0.0908203125 0.0732421875 0.07421875
0 0.4697265625 0.3125 0.0859375 0.0859375
0 0.466796875 0.42578125 0.09765625 0.09765625
0 0.46728515625 0.5361328125 0.1220703125 0.123046875
0 0.556640625 0.03369140625 0.060546875 0.0615234375
0 0.55859375 0.4755859375 0.09765625 0.09765625
0 0.64453125 0.06591796875 0.060546875 0.0615234375
0 0.65869140625 0.5361328125 0.0849609375 0.0859375
0 0.73388671875 0.10498046875 0.0615234375 0.0615234375
0 0.751953125 0.45703125 0.0859375 0.0859375
0 0.75146484375 0.5732421875 0.0849609375 0.0859375
0 0.8388671875 0.08544921875 0.048828125 0.0498046875
0 0.837890625 0.18896484375 0.048828125 0.0498046875
0 0.84130859375 0.29833984375 0.0732421875 0.0732421875
0 0.9130859375 0.04833984375 0.060546875 0.0615234375
0 0.9169921875 0.14599609375 0.060546875 0.0615234375
0 0.9169921875 0.23095703125 0.060546875 0.0615234375
0 0.92626953125 0.33935546875 0.0615234375 0.0615234375
0 0.935546875 0.6884765625 0.0859375 0.0859375
0 0.939453125 0.8115234375 0.0859375 0.0859375
0 0.9462890625 0.9228515625 0.09765625 0.09765625
0 0.84228515625 0.63916015625 0.0732421875 0.0732421875
0 0.8505859375 0.75146484375 0.09765625 0.0986328125
0 0.84716796875 0.86328125 0.0849609375 0.0859375
0 0.75341796875 0.6689453125 0.0849609375 0.0859375
0 0.7470703125 0.8076171875 0.09765625 0.09765625
0 0.75390625 0.921875 0.0859375 0.0859375
0 0.6591796875 0.6474609375 0.09765625 0.09765625
0 0.6533203125 0.759765625 0.09765625 0.09765625
0 0.6572265625 0.8662109375 0.09765625 0.09765625
0 0.5654296875 0.5908203125 0.0859375 0.0859375
0 0.5595703125 0.69921875 0.109375 0.111328125
0 0.5595703125 0.802734375 0.0859375 0.0859375
0 0.55859375 0.91064453125 0.09765625 0.0986328125
0 0.46875 0.6396484375 0.09765625 0.09765625
0 0.4638671875 0.75146484375 0.09765625 0.0986328125
0 0.46044921875 0.86572265625 0.0732421875 0.0732421875
0 0.37353515625 0.69580078125 0.1103515625 0.1103515625
0 0.3720703125 0.80810546875 0.09765625 0.0986328125
0 0.3681640625 0.92138671875 0.09765625 0.0986328125
0 0.275390625 0.86572265625 0.09765625 0.0986328125
0 0.1728515625 0.58740234375 0.09765625 0.0986328125
0 0.1748046875 0.69677734375 0.09765625 0.0986328125
0 0.1826171875 0.80615234375 0.09765625 0.0986328125
0 0.177734375 0.90869140625 0.09765625 0.0986328125
0 0.07763671875 0.64892578125 0.1103515625 0.1103515625
0 0.080078125 0.75244140625 0.09765625 0.0986328125
0 0.07861328125 0.86376953125 0.0966796875 0.0986328125