0 0.5234375 0.2744140625 0.0859375 0.0859375
0 0.71728515625 0.27880859375 0.0732421875 0.0732421875
0 0.71044921875 0.49609375 0.0849609375 0.0859375
0 0.71533203125 0.61279296875 0.0732421875 0.0732421875
0 0.80517578125 0.43798828125 0.0732421875 0.0732421875
0 0.81103515625 0.6640625 0.0849609375 0.0859375
0 0.80419921875 0.55224609375 0.0615234375 0.0615234375
0 0.8076171875 0.7802734375 0.0859375 0.0859375
0 0.81201171875 0.33251953125 0.0732421875 0.0732421875
0 0.05908203125 0.318359375 0.1103515625 0.111328125
0 0.150390625 0.05908203125 0.109375 0.1103515625
0 0.1474609375 0.166015625 0.09765625 0.09765625
0 0.1494140625 0.2802734375 0.09765625 0.09765625
0 0.24169921875 0.11376953125 0.1103515625 0.1103515625
0 0.2412109375 0.22119140625 0.09765625 0.0986328125
0 0.33349609375 0.0625 0.0849609375 0.0859375
0 0.33642578125 0.169921875 0.0849609375 0.0859375
0 0.33642578125 0.2783203125 0.0732421875 0.07421875
0 0.42822265625 0.11474609375 0.0732421875 0.0732421875
0 0.43017578125 0.22607421875 0.0732421875 0.0732421875
0 0.525390625 0.0703125 0.0859375 0.0859375
0 0.5224609375 0.17041015625 0.0859375 0.0869140625
0 0.61767578125 0.1142578125 0.0849609375 0.0859375
0 0.61865234375 0.2216796875 0.0849609375 0.0859375
0 0.716796875 0.056640625 0.09765625 0.09765625
0 0.71337890625 0.17041015625 0.0615234375 0.0615234375
0 0.6220703125 0.33349609375 0.0859375 0.0869140625
0 0.4345703125 0.32763671875 0.09765625 0.0986328125
0 0.806640625 0.11328125 0.0859375 0.0859375
0 0.8076171875 0.2216796875 0.0859375 0.0859375
0 0.70947265625 0.38720703125 0.0732421875 0.0732421875
0 0.712890625 0.71875 0.0859375 0.0859375
0 0.7138671875 0.830078125 0.09765625 0.09765625
0 0.6171875 0.4443359375 0.0859375 0.0859375
0 0.61328125 0.55615234375 0.09765625 0.0986328125
0 0.6162109375 0.6640625 0.0859375 0.0859375
0 0.6162109375 0.7705078125 0.09765625 0.09765625
0 0.5205078125 0.39111328125 0.09765625 0.0986328125
0 0.5205078125 0.49853515625 0.09765625 0.0986328125
0 0.52294921875 0.61328125 0.0849609375 0.0859375
0 0.52587890625 0.7216796875 0.0849609375 0.0859375
0 0.5244140625 0.826171875 0.09765625 0.09765625
0 0.4287109375 0.43994140625 0.09765625 0.0986328125
0 0.431640625 0.552734375 0.09765625 0.09765625
0 0.42822265625 0.671875 0.0849609375 0.0859375
0 0.4267578125 0.7744140625 0.09765625 0.09765625
0 0.3388671875 0.384765625 0.09765625 0.09765625
0 0.3359375 0.5048828125 0.0859375 0.0859375
0 0.33837890625 0.61328125 0.0732421875 0.07421875
0 0.33642578125 0.7216796875 0.0732421875 0.07421875
0 0.32861328125 0.83349609375 0.0732421875 0.0732421875
0 0.2412109375 0.333984375 0.109375 0.111328125
0 0.240234375 0.4453125 0.09765625 0.09765625
0 0.244140625 0.55859375 0.09765625 0.09765625
0 0.24462890625 0.6640625 0.0849609375 0.0859375
0 0.24609375 0.77294921875 0.09765625 0.0986328125
0 0.146484375 0.3876953125 0.09765625 0.09765625
0 0.146484375 0.49853515625 0.09765625 0.0986328125
0 0.14892578125 0.609375 0.0849609375 0.0859375
0 0.1474609375 0.72119140625 0.09765625 0.0986328125
0 0.1474609375 0.83544921875 0.09765625 0.0986328125
0 0.0517578125 0.6650390625 0.0859375 0.0859375
0 0.0537109375 0.77392578125 0.09765625 0.0986328125
0 0.1484375 0.9365234375 0.09765625 0.09765625
0 0.24169921875 0.8876953125 0.0732421875 0.07421875
0 0.33349609375 0.939453125 0.0732421875 0.07421875
0 0.431640625 0.88232421875 0.09765625 0.0986328125
0 0.5244140625 0.93408203125 0.09765625 0.0986328125
0 0.6181640625 0.88525390625 0.0859375 0.0869140625
0 0.7177734375 0.93896484375 0.09765625 0.0986328125
0 0.80712890625 0.87890625 0.0849609375 0.0859375