0 0.6611328125 0.93896484375 0.0859375 0.0869140625
0 0.09033203125 0.9443359375 0.0849609375 0.0859375
0 0.28515625 0.9453125 0.0859375 0.0859375
0 0.47998046875 0.943359375 0.0849609375 0.0859375
0 0.75830078125 0.98291015625 0.0244140625 0.0244140625
0 0.85400390625 0.94873046875 0.0244140625 0.0244140625
0 0.85791015625 0.83935546875 0.0244140625 0.0244140625
0 0.85498046875 0.75732421875 0.0244140625 0.0244140625
0 0.75732421875 0.89599609375 0.0244140625 0.0244140625
0 0.76416015625 0.78857421875 0.0244140625 0.0244140625
0 0.6640625 0.7578125 0.037109375 0.037109375
0 0.6669921875 0.84033203125 0.109375 0.1103515625
0 0.5576171875 0.896484375 0.0859375 0.0859375
0 0.55712890625 0.78759765625 0.0732421875 0.0732421875
0 0.4765625 0.83740234375 0.09765625 0.0986328125
0 0.48583984375 0.72216796875 0.0615234375 0.0615234375
0 0.384765625 0.89111328125 0.09765625 0.0986328125
0 0.3798828125 0.78369140625 0.09765625 0.0986328125
0 0.2763671875 0.833984375 0.09765625 0.09765625
0 0.18505859375 0.8955078125 0.0849609375 0.0859375
0 0.1865234375 0.7841796875 0.09765625 0.09765625
0 0.0869140625 0.8369140625 0.09765625 0.09765625
0 0.09326171875 0.7421875 0.0849609375 0.0859375
0 0.9423828125 0.59423828125 0.060546875 0.0615234375
0 0.9501953125 0.49609375 0.0859375 0.0859375
0 0.853515625 0.5458984375 0.0859375 0.0859375
0 0.861328125 0.43603515625 0.09765625 0.0986328125
0 0.8515625 0.32568359375 0.109375 0.1103515625
0 0.85400390625 0.2138671875 0.1220703125 0.123046875
0 0.85498046875 0.10205078125 0.0615234375 0.0615234375
0 0.75634765625 0.58740234375 0.0615234375 0.0615234375
0 0.759765625 0.49365234375 0.09765625 0.0986328125
0 0.75537109375 0.37890625 0.1220703125 0.123046875
0 0.7626953125 0.27001953125 0.109375 0.1103515625
0 0.75927734375 0.1552734375 0.1220703125 0.123046875
0 0.662109375 0.54443359375 0.09765625 0.0986328125
0 0.66650390625 0.43505859375 0.1103515625 0.1103515625
0 0.67431640625 0.3310546875 0.1220703125 0.123046875
0 0.66552734375 0.20849609375 0.1103515625 0.1103515625
0 0.66455078125 0.10546875 0.1220703125 0.123046875
0 0.572265625 0.5771484375 0.048828125 0.048828125
0 0.5751953125 0.49169921875 0.09765625 0.0986328125
0 0.57568359375 0.37646484375 0.1220703125 0.1220703125
0 0.57177734375 0.2705078125 0.1220703125 0.123046875
0 0.57275390625 0.15380859375 0.1103515625 0.1103515625
0 0.48681640625 0.54443359375 0.0732421875 0.0732421875
0 0.482421875 0.43212890625 0.109375 0.1103515625
0 0.4814453125 0.32275390625 0.109375 0.1103515625
0 0.4814453125 0.21484375 0.0859375 0.0859375
0 0.47607421875 0.10107421875 0.1103515625 0.1103515625
0 0.37646484375 0.4921875 0.1220703125 0.123046875
0 0.38818359375 0.3837890625 0.1220703125 0.123046875
0 0.380859375 0.26318359375 0.09765625 0.0986328125
0 0.3798828125 0.16455078125 0.09765625 0.0986328125
0 0.28271484375 0.546875 0.0732421875 0.07421875
0 0.27734375 0.4345703125 0.09765625 0.09765625
0 0.27099609375 0.3212890625 0.1220703125 0.123046875
0 0.275390625 0.20849609375 0.09765625 0.0986328125
0 0.287109375 0.10595703125 0.09765625 0.0986328125
0 0.18212890625 0.4912109375 0.1220703125 0.123046875
0 0.18603515625 0.37109375 0.1220703125 0.123046875
0 0.18408203125 0.2626953125 0.0849609375 0.0859375
0 0.1865234375 0.14208984375 0.09765625 0.0986328125
0 0.091796875 0.5400390625 0.09765625 0.09765625
0 0.087890625 0.4267578125 0.09765625 0.09765625
0 0.087890625 0.322265625 0.09765625 0.09765625
0 0.0859375 0.2080078125 0.09765625 0.09765625
0 0.08642578125 0.1015625 0.1220703125 0.123046875