0 0.70458984375 0.14990234375 0.0732421875 0.0732421875
0 0.63037109375 0.0771484375 0.0732421875 0.07421875
0 0.0576171875 0.0830078125 0.09765625 0.09765625
0 0.0625 0.1923828125 0.09765625 0.09765625
0 0.06103515625 0.29638671875 0.1103515625 0.1103515625
0 0.0625 0.416015625 0.109375 0.111328125
0 0.06103515625 0.52001953125 0.1103515625 0.1103515625
0 0.1474609375 0.58154296875 0.09765625 0.0986328125
0 0.1474609375 0.47216796875 0.109375 0.1103515625
0 0.14501953125 0.35400390625 0.1103515625 0.1103515625
0 0.150390625 0.24169921875 0.109375 0.1103515625
0 0.15576171875 0.13623046875 0.1103515625 0.1103515625
0 0.2509765625 0.20263671875 0.09765625 0.0986328125
0 0.25 0.41259765625 0.09765625 0.0986328125
0 0.24609375 0.533203125 0.09765625 0.09765625
0 0.34130859375 0.466796875 0.0849609375 0.0859375
0 0.337890625 0.35888671875 0.109375 0.1103515625
0 0.34814453125 0.2470703125 0.1103515625 0.111328125
0 0.4375 0.3134765625 0.09765625 0.09765625
0 0.4384765625 0.45166015625 0.09765625 0.0986328125
0 0.4384765625 0.54150390625 0.109375 0.1103515625
0 0.5302734375 0.58154296875 0.09765625 0.0986328125
0 0.5263671875 0.46435546875 0.109375 0.1103515625
0 0.52392578125 0.3525390625 0.0849609375 0.0859375
0 0.8037109375 0.53125 0.048828125 0.048828125
0 0.62841796875 0.51806640625 0.0849609375 0.0869140625
0 0.62841796875 0.421875 0.0849609375 0.0859375
0 0.61572265625 0.296875 0.1103515625 0.111328125
0 0.70849609375 0.27490234375 0.1103515625 0.1103515625
0 0.80810546875 0.3203125 0.0849609375 0.0859375
0 0.71630859375 0.47265625 0.0849609375 0.0859375
0 0.71484375 0.3662109375 0.048828125 0.048828125
0 0.51123046875 0.1083984375 0.0849609375 0.0859375
0 0.8056640625 0.0888671875 0.109375 0.111328125
0 0.8984375 0.4697265625 0.048828125 0.048828125
0 0.8955078125 0.36328125 0.09765625 0.09765625
0 0.90478515625 0.25146484375 0.1103515625 0.1103515625
0 0.89453125 0.13720703125 0.109375 0.1103515625
0 0.810546875 0.42333984375 0.048828125 0.0498046875
0 0.1455078125 0.86083984375 0.109375 0.1103515625
0 0.33837890625 0.88818359375 0.1103515625 0.1103515625
0 0.2333984375 0.87890625 0.109375 0.111328125
0 0.43408203125 0.85009765625 0.1103515625 0.1103515625
0 0.517578125 0.8896484375 0.09765625 0.09765625
0 0.61474609375 0.94287109375 0.0732421875 0.0732421875
0 0.6083984375 0.84423828125 0.09765625 0.0986328125
0 0.7958984375 0.91455078125 0.09765625 0.0986328125