0 0.96044921875 0.12060546875 0.0732421875 0.0732421875
0 0.8623046875 0.05224609375 0.09765625 0.0986328125
0 0.859375 0.18212890625 0.09765625 0.0986328125
0 0.865234375 0.28759765625 0.109375 0.1103515625
0 0.7744140625 0.12744140625 0.09765625 0.0986328125
0 0.7744140625 0.22802734375 0.09765625 0.0986328125
0 0.7685546875 0.341796875 0.109375 0.111328125
0 0.67578125 0.06103515625 0.109375 0.1103515625
0 0.677734375 0.17041015625 0.109375 0.1103515625
0 0.67626953125 0.2822265625 0.1103515625 0.111328125
0 0.5830078125 0.109375 0.09765625 0.09765625
0 0.58447265625 0.2197265625 0.1103515625 0.111328125
0 0.58447265625 0.33837890625 0.1103515625 0.1103515625
0 0.49267578125 0.0673828125 0.1103515625 0.111328125
0 0.4833984375 0.1767578125 0.09765625 0.09765625
0 0.4931640625 0.29443359375 0.109375 0.1103515625
0 0.3935546875 0.12353515625 0.060546875 0.0615234375
0 0.3896484375 0.22998046875 0.109375 0.1103515625
0 0.3916015625 0.34033203125 0.109375 0.1103515625
0 0.302734375 0.05810546875 0.109375 0.1103515625
0 0.29443359375 0.16650390625 0.1103515625 0.1103515625
0 0.29833984375 0.28662109375 0.1103515625 0.1103515625
0 0.20166015625 0.10400390625 0.0615234375 0.0615234375
0 0.20263671875 0.22509765625 0.1103515625 0.1103515625
0 0.2021484375 0.34130859375 0.109375 0.1103515625
0 0.10693359375 0.06201171875 0.0615234375 0.0615234375
0 0.1083984375 0.17236328125 0.109375 0.1103515625
0 0.107421875 0.29150390625 0.109375 0.1103515625
0 0.1123046875 0.39111328125 0.09765625 0.0986328125
0 0.11328125 0.49853515625 0.09765625 0.0986328125
0 0.111328125 0.6103515625 0.09765625 0.09765625
0 0.107421875 0.7197265625 0.09765625 0.09765625
0 0.20263671875 0.44970703125 0.1103515625 0.1103515625
0 0.2001953125 0.56005859375 0.109375 0.1103515625
0 0.1982421875 0.66748046875 0.109375 0.1103515625
0 0.2001953125 0.767578125 0.109375 0.111328125
0 0.29345703125 0.39599609375 0.1103515625 0.1103515625
0 0.29638671875 0.50732421875 0.1103515625 0.1103515625
0 0.29736328125 0.60986328125 0.1103515625 0.1103515625
0 0.29296875 0.72802734375 0.09765625 0.0986328125
0 0.3857421875 0.45556640625 0.109375 0.1103515625
0 0.390625 0.56494140625 0.09765625 0.0986328125
0 0.38916015625 0.66845703125 0.1103515625 0.1103515625
0 0.4921875 0.39111328125 0.09765625 0.0986328125
0 0.48828125 0.49951171875 0.09765625 0.0986328125
0 0.4951171875 0.61474609375 0.109375 0.1103515625
0 0.49658203125 0.72607421875 0.1103515625 0.1103515625
0 0.58544921875 0.44873046875 0.1103515625 0.1103515625
0 0.5869140625 0.55810546875 0.109375 0.1103515625
0 0.5849609375 0.66162109375 0.109375 0.1103515625
0 0.68310546875 0.3896484375 0.1103515625 0.111328125
0 0.67822265625 0.50634765625 0.1103515625 0.1103515625
0 0.68017578125 0.60986328125 0.1103515625 0.1103515625
0 0.67431640625 0.72216796875 0.1103515625 0.1103515625
0 0.7763671875 0.447265625 0.109375 0.111328125
0 0.7734375 0.55908203125 0.109375 0.1103515625
0 0.771484375 0.66748046875 0.09765625 0.0986328125
0 0.7734375 0.78369140625 0.09765625 0.0986328125
0 0.86767578125 0.38818359375 0.1103515625 0.1103515625
0 0.8662109375 0.509765625 0.0859375 0.0859375
0 0.8662109375 0.6162109375 0.09765625 0.09765625
0 0.87109375 0.72705078125 0.09765625 0.0986328125
0 0.86328125 0.83251953125 0.109375 0.1103515625
0 0.7734375 0.88525390625 0.09765625 0.0986328125
0 0.6796875 0.83642578125 0.109375 0.1103515625
0 0.5888671875 0.78271484375 0.109375 0.1103515625
0 0.587890625 0.89111328125 0.09765625 0.0986328125
0 0.49267578125 0.84521484375 0.1103515625 0.1103515625
0 0.38623046875 0.78173828125 0.1103515625 0.1103515625
0 0.39111328125 0.89306640625 0.1103515625 0.1103515625
0 0.2939453125 0.84375 0.09765625 0.09765625
0 0.19921875 0.888671875 0.109375 0.111328125
0 0.10888671875 0.8310546875 0.1103515625 0.111328125
0 0.10595703125 0.94091796875 0.1103515625 0.1103515625