0 0.12890625 0.890625 0.0859375 0.0859375
0 0.234375 0.8984375 0.09765625 0.09765625
0 0.35498046875 0.9052734375 0.0986328125 0.09765625
0 0.4541015625 0.904296875 0.09765625 0.09765625
0 0.55810546875 0.8994140625 0.0986328125 0.09765625
0 0.66748046875 0.900390625 0.1103515625 0.109375
0 0.78466796875 0.904296875 0.0986328125 0.09765625
0 0.89013671875 0.90966796875 0.1103515625 0.1103515625
0 0.83056640625 0.81005859375 0.1103515625 0.1103515625
0 0.71826171875 0.8125 0.1103515625 0.109375
0 0.6181640625 0.81494140625 0.111328125 0.1103515625
0 0.50341796875 0.80859375 0.1103515625 0.109375
0 0.39453125 0.8095703125 0.111328125 0.109375
0 0.29150390625 0.8056640625 0.1103515625 0.109375
0 0.17041015625 0.79541015625 0.1103515625 0.1103515625
0 0.11474609375 0.6943359375 0.1103515625 0.109375
0 0.23681640625 0.70458984375 0.1103515625 0.1103515625
0 0.35009765625 0.71142578125 0.1103515625 0.1103515625
0 0.45849609375 0.70361328125 0.1103515625 0.1103515625
0 0.5625 0.712890625 0.09765625 0.09765625
0 0.6728515625 0.71435546875 0.111328125 0.1103515625
0 0.89306640625 0.7236328125 0.1103515625 0.109375
0 0.78466796875 0.716796875 0.1103515625 0.109375
0 0.83447265625 0.61767578125 0.1103515625 0.1103515625
0 0.73291015625 0.61865234375 0.1103515625 0.1103515625
0 0.61083984375 0.6123046875 0.1103515625 0.109375
0 0.50634765625 0.61181640625 0.1103515625 0.1103515625
0 0.40087890625 0.60693359375 0.1103515625 0.1103515625
0 0.27001953125 0.60400390625 0.1103515625 0.1103515625
0 0.18115234375 0.61328125 0.0986328125 0.09765625
0 0.12939453125 0.5185546875 0.1103515625 0.109375
0 0.24365234375 0.5146484375 0.0986328125 0.09765625
0 0.34423828125 0.50732421875 0.1103515625 0.1103515625
0 0.45361328125 0.517578125 0.1103515625 0.109375
0 0.5625 0.5244140625 0.111328125 0.109375
0 0.66796875 0.52685546875 0.111328125 0.1103515625
0 0.77685546875 0.51806640625 0.1103515625 0.1103515625
0 0.88623046875 0.521484375 0.0986328125 0.09765625
0 0.84130859375 0.427734375 0.1103515625 0.109375
0 0.73193359375 0.43408203125 0.1103515625 0.1103515625
0 0.63037109375 0.41455078125 0.1103515625 0.1103515625
0 0.50927734375 0.4208984375 0.1103515625 0.109375
0 0.39892578125 0.421875 0.1103515625 0.109375
0 0.2841796875 0.41650390625 0.111328125 0.1103515625
0 0.17724609375 0.4140625 0.1103515625 0.109375
0 0.126953125 0.31298828125 0.111328125 0.1103515625
0 0.23095703125 0.3212890625 0.0986328125 0.09765625
0 0.34716796875 0.3251953125 0.1103515625 0.109375
0 0.45849609375 0.3212890625 0.0986328125 0.09765625
0 0.5576171875 0.328125 0.09765625 0.09765625
0 0.890625 0.33203125 0.111328125 0.109375
0 0.78369140625 0.33447265625 0.1103515625 0.1103515625
0 0.66943359375 0.333984375 0.0986328125 0.09765625
0 0.84619140625 0.22998046875 0.1103515625 0.1103515625
0 0.72802734375 0.23095703125 0.1103515625 0.1103515625
0 0.61865234375 0.2451171875 0.1103515625 0.109375
0 0.5107421875 0.22705078125 0.111328125 0.1103515625
0 0.39599609375 0.22412109375 0.1103515625 0.1103515625
0 0.291015625 0.2265625 0.111328125 0.109375
0 0.89599609375 0.14599609375 0.1103515625 0.1103515625
0 0.78173828125 0.13916015625 0.1103515625 0.1103515625
0 0.67333984375 0.140625 0.1103515625 0.109375
0 0.57177734375 0.14306640625 0.1103515625 0.1103515625
0 0.47216796875 0.13623046875 0.1103515625 0.1103515625
0 0.365234375 0.1337890625 0.111328125 0.109375
0 0.248046875 0.126953125 0.09765625 0.09765625
0 0.12744140625 0.123046875 0.1103515625 0.109375
0 0.185546875 0.22119140625 0.111328125 0.1103515625
0 0.06787109375 0.80029296875 0.1103515625 0.1103515625
0 0.06787109375 0.59619140625 0.1103515625 0.1103515625
0 0.06982421875 0.4150390625 0.1103515625 0.109375
0 0.06982421875 0.2236328125 0.1103515625 0.109375
0 0.85107421875 0.05078125 0.0986328125 0.09765625
0 0.72509765625 0.0498046875 0.0986328125 0.09765625