0 0.13232421875 0.134765625 0.0986328125 0.09765625
0 0.07861328125 0.23046875 0.0986328125 0.09765625
0 0.07763671875 0.416015625 0.1103515625 0.109375
0 0.0751953125 0.60205078125 0.111328125 0.1103515625
0 0.07177734375 0.783203125 0.1103515625 0.109375
0 0.123046875 0.884765625 0.0859375 0.0859375
0 0.22509765625 0.88232421875 0.1103515625 0.1103515625
0 0.34033203125 0.88427734375 0.1103515625 0.1103515625
0 0.44873046875 0.8896484375 0.0986328125 0.09765625
0 0.55859375 0.88720703125 0.0859375 0.0849609375
0 0.671875 0.88671875 0.09765625 0.09765625
0 0.18408203125 0.7880859375 0.1103515625 0.109375
0 0.28369140625 0.7861328125 0.1103515625 0.109375
0 0.39599609375 0.7958984375 0.0986328125 0.09765625
0 0.50830078125 0.79052734375 0.1103515625 0.1103515625
0 0.61474609375 0.79833984375 0.1103515625 0.1103515625
0 0.12744140625 0.70751953125 0.1103515625 0.1103515625
0 0.24365234375 0.69921875 0.1103515625 0.109375
0 0.35205078125 0.6982421875 0.1103515625 0.109375
0 0.45458984375 0.6982421875 0.0986328125 0.09765625
0 0.57080078125 0.693359375 0.1103515625 0.109375
0 0.18798828125 0.60693359375 0.1103515625 0.1103515625
0 0.29248046875 0.60302734375 0.1103515625 0.1103515625
0 0.40380859375 0.60595703125 0.1103515625 0.1103515625
0 0.51513671875 0.607421875 0.1103515625 0.109375
0 0.62451171875 0.6064453125 0.1103515625 0.109375
0 0.1220703125 0.5146484375 0.111328125 0.109375
0 0.234375 0.5107421875 0.111328125 0.109375
0 0.34423828125 0.5126953125 0.0986328125 0.09765625
0 0.45654296875 0.50537109375 0.1103515625 0.1103515625
0 0.56396484375 0.51318359375 0.1103515625 0.1103515625
0 0.1875 0.41796875 0.111328125 0.109375
0 0.29296875 0.4208984375 0.111328125 0.109375
0 0.3994140625 0.4189453125 0.09765625 0.09765625
0 0.50830078125 0.419921875 0.1103515625 0.109375
0 0.62841796875 0.419921875 0.0986328125 0.09765625
0 0.13623046875 0.322265625 0.0986328125 0.09765625
0 0.234375 0.32763671875 0.111328125 0.1103515625
0 0.3447265625 0.3232421875 0.111328125 0.109375
0 0.45703125 0.326171875 0.111328125 0.109375
0 0.57177734375 0.32421875 0.1103515625 0.109375
0 0.404296875 0.22607421875 0.111328125 0.1103515625
0 0.4873046875 0.22412109375 0.07421875 0.0732421875
0 0.626953125 0.234375 0.09765625 0.09765625
0 0.23876953125 0.134765625 0.1103515625 0.109375
0 0.4541015625 0.134765625 0.09765625 0.09765625
0 0.5634765625 0.1376953125 0.09765625 0.09765625
0 0.658203125 0.13818359375 0.111328125 0.1103515625
0 0.77880859375 0.1279296875 0.0986328125 0.09765625
0 0.89892578125 0.1376953125 0.0615234375 0.060546875
0 0.72900390625 0.2275390625 0.0986328125 0.09765625
0 0.84521484375 0.2236328125 0.0986328125 0.09765625
0 0.67529296875 0.3251953125 0.0986328125 0.09765625
0 0.78466796875 0.32421875 0.0986328125 0.09765625
0 0.90087890625 0.32373046875 0.0732421875 0.0732421875
0 0.73486328125 0.41455078125 0.1103515625 0.1103515625
0 0.83251953125 0.421875 0.0986328125 0.09765625
0 0.68212890625 0.51123046875 0.1103515625 0.1103515625
0 0.79052734375 0.509765625 0.1103515625 0.109375
0 0.90771484375 0.509765625 0.0986328125 0.09765625
0 0.73193359375 0.6044921875 0.1103515625 0.109375
0 0.84130859375 0.6083984375 0.1103515625 0.109375
0 0.68115234375 0.69580078125 0.1103515625 0.1103515625
0 0.77783203125 0.70458984375 0.1103515625 0.1103515625
0 0.8896484375 0.701171875 0.09765625 0.09765625
0 0.73095703125 0.79345703125 0.1103515625 0.1103515625
0 0.84765625 0.79150390625 0.111328125 0.1103515625
0 0.7841796875 0.8896484375 0.111328125 0.109375
0 0.90380859375 0.890625 0.0615234375 0.060546875