0 0.86669921875 0.091796875 0.1103515625 0.109375
0 0.74853515625 0.09228515625 0.1103515625 0.1103515625
0 0.63232421875 0.08740234375 0.1103515625 0.1103515625
0 0.91845703125 0.1826171875 0.1103515625 0.109375
0 0.80712890625 0.1826171875 0.0986328125 0.09765625
0 0.69287109375 0.1796875 0.1103515625 0.109375
0 0.8544921875 0.27734375 0.09765625 0.09765625
0 0.7470703125 0.27587890625 0.0859375 0.0849609375
0 0.6337890625 0.2763671875 0.0859375 0.0859375
0 0.9091796875 0.37646484375 0.111328125 0.1103515625
0 0.798828125 0.36865234375 0.111328125 0.1103515625
0 0.69287109375 0.37451171875 0.1103515625 0.1103515625
0 0.865234375 0.4716796875 0.111328125 0.109375
0 0.755859375 0.46875 0.111328125 0.109375
0 0.63232421875 0.46435546875 0.1103515625 0.1103515625
0 0.91455078125 0.5703125 0.1103515625 0.109375
0 0.80419921875 0.564453125 0.1103515625 0.109375
0 0.689453125 0.5634765625 0.111328125 0.109375
0 0.85986328125 0.6552734375 0.0986328125 0.09765625
0 0.75 0.65771484375 0.0859375 0.0849609375
0 0.63671875 0.658203125 0.09765625 0.09765625
0 0.91259765625 0.7490234375 0.0986328125 0.09765625
0 0.80029296875 0.75439453125 0.1103515625 0.1103515625
0 0.69384765625 0.74658203125 0.1103515625 0.1103515625
0 0.85400390625 0.8466796875 0.0986328125 0.09765625
0 0.73779296875 0.8515625 0.1103515625 0.109375
0 0.90478515625 0.93896484375 0.1103515625 0.1103515625
0 0.79345703125 0.9375 0.1103515625 0.109375
0 0.68408203125 0.9384765625 0.1103515625 0.109375
0 0.57666015625 0.9404296875 0.1103515625 0.109375
0 0.46728515625 0.9365234375 0.1103515625 0.109375
0 0.35791015625 0.9384765625 0.1103515625 0.109375
0 0.24609375 0.93701171875 0.111328125 0.1103515625
0 0.62744140625 0.84912109375 0.1103515625 0.1103515625
0 0.53076171875 0.84033203125 0.1103515625 0.1103515625
0 0.4189453125 0.84375 0.09765625 0.09765625
0 0.30859375 0.84521484375 0.111328125 0.1103515625
0 0.18994140625 0.84521484375 0.1103515625 0.1103515625
0 0.57763671875 0.75146484375 0.1103515625 0.1103515625
0 0.4609375 0.75341796875 0.111328125 0.1103515625
0 0.3515625 0.744140625 0.09765625 0.09765625
0 0.23388671875 0.75390625 0.1103515625 0.109375
0 0.5244140625 0.6552734375 0.111328125 0.109375
0 0.40478515625 0.654296875 0.0615234375 0.060546875
0 0.29833984375 0.650390625 0.1103515625 0.109375
0 0.18798828125 0.65234375 0.1103515625 0.109375
0 0.580078125 0.560546875 0.111328125 0.109375
0 0.47021484375 0.5634765625 0.1103515625 0.109375
0 0.36181640625 0.55517578125 0.1103515625 0.1103515625
0 0.24169921875 0.55908203125 0.1103515625 0.1103515625
0 0.52392578125 0.46630859375 0.1103515625 0.1103515625
0 0.42431640625 0.46240234375 0.0615234375 0.0615234375
0 0.30322265625 0.46337890625 0.1103515625 0.1103515625
0 0.18701171875 0.462890625 0.1103515625 0.109375
0 0.57470703125 0.37255859375 0.0615234375 0.0615234375
0 0.46630859375 0.36767578125 0.0615234375 0.0615234375
0 0.35595703125 0.369140625 0.1103515625 0.109375
0 0.23681640625 0.3681640625 0.1103515625 0.109375
0 0.52490234375 0.279296875 0.1103515625 0.109375
0 0.3994140625 0.2734375 0.0859375 0.0859375
0 0.29931640625 0.2734375 0.1103515625 0.109375
0 0.19091796875 0.275390625 0.0986328125 0.09765625
0 0.58251953125 0.181640625 0.1103515625 0.109375
0 0.47021484375 0.17822265625 0.1103515625 0.1103515625
0 0.35986328125 0.18212890625 0.1103515625 0.1103515625
0 0.24755859375 0.18310546875 0.1103515625 0.1103515625
0 0.53076171875 0.08544921875 0.1103515625 0.1103515625
0 0.41357421875 0.08740234375 0.1103515625 0.1103515625
0 0.31396484375 0.087890625 0.1103515625 0.109375
0 0.19921875 0.0830078125 0.111328125 0.109375
0 0.140625 0.18603515625 0.111328125 0.1103515625
0 0.08984375 0.07373046875 0.111328125 0.1103515625
0 0.0888671875 0.2783203125 0.09765625 0.09765625
0 0.13720703125 0.373046875 0.0986328125 0.09765625
0 0.07861328125 0.46337890625 0.1103515625 0.1103515625
0 0.13232421875 0.55419921875 0.1103515625 0.1103515625
0 0.07275390625 0.646484375 0.1103515625 0.109375
0 0.13720703125 0.7529296875 0.0986328125 0.09765625
0 0.07958984375 0.84619140625 0.1103515625 0.1103515625
0 0.138671875 0.94384765625 0.111328125 0.1103515625