0 0.53271484375 0.32666015625 0.0732421875 0.0732421875
0 0.53369140625 0.21875 0.0849609375 0.0859375
0 0.15966796875 0.44140625 0.0732421875 0.07421875
0 0.14404296875 0.333984375 0.0732421875 0.07421875
0 0.45263671875 0.81640625 0.0849609375 0.0859375
0 0.45849609375 0.712890625 0.0849609375 0.0859375
0 0.15869140625 0.64306640625 0.0732421875 0.0732421875
0 0.36962890625 0.7568359375 0.0849609375 0.0859375
0 0.26123046875 0.71337890625 0.0732421875 0.0732421875
0 0.26318359375 0.58837890625 0.0732421875 0.0732421875
0 0.15966796875 0.52978515625 0.0732421875 0.0732421875
0 0.25537109375 0.4912109375 0.0732421875 0.07421875
0 0.7412109375 0.22998046875 0.060546875 0.0615234375
0 0.04150390625 0.28271484375 0.0615234375 0.0615234375
0 0.04931640625 0.38818359375 0.0732421875 0.0732421875
0 0.06298828125 0.47607421875 0.0732421875 0.0732421875
0 0.06103515625 0.58740234375 0.0732421875 0.0732421875
0 0.06396484375 0.70849609375 0.0732421875 0.0732421875
0 0.13134765625 0.22216796875 0.0615234375 0.0615234375
0 0.1748046875 0.75732421875 0.0859375 0.0869140625
0 0.25048828125 0.3740234375 0.0732421875 0.07421875
0 0.361328125 0.21630859375 0.09765625 0.0986328125
0 0.36669921875 0.3330078125 0.1103515625 0.111328125
0 0.37255859375 0.4375 0.1103515625 0.111328125
0 0.36767578125 0.54296875 0.0732421875 0.07421875
0 0.36572265625 0.654296875 0.0732421875 0.07421875
0 0.45703125 0.26611328125 0.09765625 0.0986328125
0 0.45703125 0.3828125 0.09765625 0.09765625
0 0.45751953125 0.4970703125 0.0732421875 0.07421875
0 0.45263671875 0.5986328125 0.0732421875 0.07421875
0 0.55712890625 0.431640625 0.0732421875 0.07421875
0 0.5517578125 0.5458984375 0.09765625 0.09765625
0 0.5546875 0.6572265625 0.09765625 0.09765625
0 0.64306640625 0.26513671875 0.0849609375 0.0869140625
0 0.64697265625 0.37841796875 0.1103515625 0.1103515625
0 0.65185546875 0.49462890625 0.1103515625 0.1103515625
0 0.64599609375 0.60107421875 0.1103515625 0.1103515625
0 0.6455078125 0.716796875 0.109375 0.111328125
0 0.74853515625 0.32177734375 0.1220703125 0.1220703125
0 0.7509765625 0.43701171875 0.09765625 0.0986328125
0 0.7412109375 0.54931640625 0.09765625 0.0986328125
0 0.7412109375 0.66748046875 0.09765625 0.0986328125
0 0.83203125 0.2783203125 0.0859375 0.0859375
0 0.8369140625 0.38427734375 0.09765625 0.0986328125
0 0.8291015625 0.49755859375 0.09765625 0.0986328125
0 0.8330078125 0.60546875 0.0859375 0.0859375
0 0.8427734375 0.71533203125 0.09765625 0.0986328125
0 0.744140625 0.775390625 0.09765625 0.09765625
0 0.92041015625 0.3310546875 0.0849609375 0.0859375
0 0.92236328125 0.453125 0.0849609375 0.0859375
0 0.9267578125 0.55224609375 0.0859375 0.0869140625
0 0.9267578125 0.6611328125 0.0859375 0.0859375
0 0.92578125 0.7783203125 0.0859375 0.0859375
0 0.923828125 0.880859375 0.0859375 0.0859375
0 0.837890625 0.83349609375 0.09765625 0.0986328125
0 0.83544921875 0.9453125 0.0849609375 0.0859375
0 0.7431640625 0.88134765625 0.109375 0.1103515625
0 0.642578125 0.8251953125 0.09765625 0.09765625
0 0.6484375 0.9404296875 0.109375 0.111328125
0 0.55078125 0.7734375 0.109375 0.111328125
0 0.54931640625 0.8837890625 0.1103515625 0.111328125
0 0.45654296875 0.9169921875 0.0849609375 0.0859375
0 0.36083984375 0.88330078125 0.0732421875 0.0732421875
0 0.2685546875 0.8271484375 0.0859375 0.0859375
0 0.263671875 0.94287109375 0.109375 0.1103515625
0 0.16845703125 0.88427734375 0.1103515625 0.1103515625
0 0.06787109375 0.82568359375 0.0849609375 0.0869140625
0 0.0791015625 0.93701171875 0.09765625 0.0986328125