0 0.90869140625 0.8603515625 0.0986328125 0.09765625
0 0.80322265625 0.8662109375 0.1103515625 0.109375
0 0.86279296875 0.775390625 0.0986328125 0.09765625
0 0.7490234375 0.76953125 0.111328125 0.109375
0 0.92041015625 0.6787109375 0.1103515625 0.109375
0 0.80859375 0.67724609375 0.111328125 0.1103515625
0 0.87109375 0.58544921875 0.111328125 0.1103515625
0 0.75244140625 0.58544921875 0.1103515625 0.1103515625
0 0.9140625 0.484375 0.09765625 0.09765625
0 0.79638671875 0.494140625 0.1103515625 0.109375
0 0.96728515625 0.39453125 0.0615234375 0.060546875
0 0.86083984375 0.390625 0.1103515625 0.109375
0 0.75048828125 0.392578125 0.1103515625 0.109375
0 0.92431640625 0.29541015625 0.1103515625 0.1103515625
0 0.80419921875 0.29931640625 0.1103515625 0.1103515625
0 0.86572265625 0.20361328125 0.1103515625 0.1103515625
0 0.74951171875 0.203125 0.1103515625 0.109375
0 0.91845703125 0.109375 0.1103515625 0.109375
0 0.79931640625 0.1083984375 0.1103515625 0.109375
0 0.69970703125 0.11328125 0.0986328125 0.09765625
0 0.59228515625 0.1142578125 0.0986328125 0.09765625
0 0.48046875 0.1123046875 0.09765625 0.09765625
0 0.37109375 0.1083984375 0.09765625 0.09765625
0 0.64111328125 0.20361328125 0.1103515625 0.1103515625
0 0.53076171875 0.201171875 0.1103515625 0.109375
0 0.42333984375 0.19921875 0.1103515625 0.109375
0 0.3232421875 0.201171875 0.111328125 0.109375
0 0.69482421875 0.29443359375 0.1103515625 0.1103515625
0 0.58349609375 0.29736328125 0.1103515625 0.1103515625
0 0.48095703125 0.29833984375 0.1103515625 0.1103515625
0 0.36279296875 0.2939453125 0.0986328125 0.09765625
0 0.63525390625 0.38671875 0.1103515625 0.109375
0 0.52587890625 0.3916015625 0.0986328125 0.09765625
0 0.42236328125 0.39013671875 0.1103515625 0.1103515625
0 0.69970703125 0.4931640625 0.0986328125 0.09765625
0 0.59130859375 0.4892578125 0.0986328125 0.09765625
0 0.47607421875 0.49609375 0.1103515625 0.109375
0 0.36474609375 0.49755859375 0.1103515625 0.1103515625
0 0.64208984375 0.58642578125 0.1103515625 0.1103515625
0 0.53271484375 0.587890625 0.1103515625 0.109375
0 0.42919921875 0.5859375 0.1103515625 0.109375
0 0.701171875 0.68408203125 0.111328125 0.1103515625
0 0.58447265625 0.67919921875 0.1103515625 0.1103515625
0 0.48095703125 0.68115234375 0.1103515625 0.1103515625
0 0.36865234375 0.67529296875 0.1103515625 0.1103515625
0 0.6435546875 0.77734375 0.111328125 0.109375
0 0.53173828125 0.7744140625 0.1103515625 0.109375
0 0.42333984375 0.7724609375 0.0986328125 0.09765625
0 0.30712890625 0.7744140625 0.0986328125 0.09765625
0 0.70263671875 0.86865234375 0.1103515625 0.1103515625
0 0.5810546875 0.8671875 0.0859375 0.0859375
0 0.474609375 0.8671875 0.09765625 0.09765625
0 0.36376953125 0.8720703125 0.0986328125 0.09765625
0 0.25830078125 0.8642578125 0.1103515625 0.109375
0 0.14306640625 0.86962890625 0.1103515625 0.1103515625
0 0.20556640625 0.7744140625 0.0986328125 0.09765625
0 0.09521484375 0.77001953125 0.1103515625 0.1103515625
0 0.25439453125 0.6806640625 0.1103515625 0.109375
0 0.14599609375 0.677734375 0.1103515625 0.109375
0 0.30810546875 0.58984375 0.1103515625 0.109375
0 0.19970703125 0.5888671875 0.0986328125 0.09765625
0 0.08447265625 0.59033203125 0.1103515625 0.1103515625
0 0.24560546875 0.49365234375 0.1103515625 0.1103515625
0 0.13232421875 0.49755859375 0.1103515625 0.1103515625
0 0.30908203125 0.38720703125 0.1103515625 0.1103515625
0 0.19775390625 0.39208984375 0.1103515625 0.1103515625
0 0.0859375 0.392578125 0.111328125 0.109375
0 0.2470703125 0.294921875 0.09765625 0.09765625
0 0.1357421875 0.2998046875 0.09765625 0.09765625
0 0.2021484375 0.2001953125 0.111328125 0.109375
0 0.0927734375 0.205078125 0.09765625 0.09765625
0 0.259765625 0.10986328125 0.111328125 0.1103515625
0 0.14990234375 0.10693359375 0.1103515625 0.1103515625