0 0.923828125 0.08740234375 0.09765625 0.0986328125
0 0.7275390625 0.09375 0.109375 0.111328125
0 0.53564453125 0.0791015625 0.1103515625 0.111328125
0 0.158203125 0.08935546875 0.048828125 0.0498046875
0 0.25 0.14404296875 0.048828125 0.0498046875
0 0.3447265625 0.08203125 0.048828125 0.048828125
0 0.06396484375 0.1484375 0.0849609375 0.0859375
0 0.06494140625 0.25048828125 0.1103515625 0.1103515625
0 0.1552734375 0.20166015625 0.109375 0.1103515625
0 0.251953125 0.2509765625 0.109375 0.111328125
0 0.3544921875 0.3095703125 0.0859375 0.0859375
0 0.34814453125 0.197265625 0.0849609375 0.0859375
0 0.44482421875 0.1484375 0.0849609375 0.0859375
0 0.44189453125 0.2548828125 0.0849609375 0.0859375
0 0.44921875 0.3623046875 0.09765625 0.09765625
0 0.4443359375 0.466796875 0.09765625 0.09765625
0 0.439453125 0.58349609375 0.09765625 0.0986328125
0 0.53857421875 0.19677734375 0.0732421875 0.0732421875
0 0.54150390625 0.30859375 0.0849609375 0.0859375
0 0.54052734375 0.525390625 0.0732421875 0.07421875
0 0.626953125 0.14306640625 0.09765625 0.0986328125
0 0.6328125 0.25244140625 0.09765625 0.0986328125
0 0.6279296875 0.36767578125 0.09765625 0.0986328125
0 0.6376953125 0.478515625 0.09765625 0.09765625
0 0.6396484375 0.5888671875 0.09765625 0.09765625
0 0.72998046875 0.19775390625 0.1103515625 0.1103515625
0 0.73095703125 0.31201171875 0.1103515625 0.1103515625
0 0.7255859375 0.41845703125 0.109375 0.1103515625
0 0.724609375 0.53662109375 0.109375 0.1103515625
0 0.7255859375 0.64453125 0.109375 0.111328125
0 0.82470703125 0.14697265625 0.1103515625 0.1103515625
0 0.82177734375 0.25830078125 0.1103515625 0.1103515625
0 0.81591796875 0.36669921875 0.1103515625 0.1103515625
0 0.82373046875 0.47900390625 0.1103515625 0.1103515625
0 0.8251953125 0.58740234375 0.109375 0.1103515625
0 0.92578125 0.19970703125 0.109375 0.1103515625
0 0.92578125 0.30810546875 0.09765625 0.0986328125
0 0.92138671875 0.42041015625 0.1103515625 0.1103515625
0 0.92431640625 0.53173828125 0.1103515625 0.1103515625
0 0.92333984375 0.64697265625 0.1103515625 0.1103515625
0 0.91455078125 0.75439453125 0.1103515625 0.1103515625
0 0.91357421875 0.876953125 0.0732421875 0.07421875
0 0.814453125 0.69970703125 0.109375 0.1103515625
0 0.8173828125 0.810546875 0.109375 0.111328125
0 0.8212890625 0.9111328125 0.109375 0.111328125
0 0.728515625 0.748046875 0.109375 0.111328125
0 0.72900390625 0.85546875 0.0849609375 0.0859375
0 0.62841796875 0.71484375 0.1103515625 0.111328125
0 0.63134765625 0.8232421875 0.0849609375 0.0859375
0 0.62451171875 0.9423828125 0.0849609375 0.0859375
0 0.53955078125 0.65625 0.0849609375 0.0859375
0 0.54638671875 0.77001953125 0.0244140625 0.0244140625
0 0.5400390625 0.888671875 0.037109375 0.037109375
0 0.44482421875 0.91650390625 0.0244140625 0.0244140625
0 0.447265625 0.69189453125 0.09765625 0.0986328125
0 0.4453125 0.79736328125 0.09765625 0.0986328125
0 0.154296875 0.88232421875 0.09765625 0.0986328125
0 0.056640625 0.9375 0.0859375 0.0859375