0 0.498046875 0.42431640625 0.109375 0.1103515625
0 0.67822265625 0.5244140625 0.0732421875 0.07421875
0 0.97509765625 0.12548828125 0.0244140625 0.0244140625
0 0.97509765625 0.23583984375 0.0244140625 0.0244140625
0 0.97119140625 0.35107421875 0.0244140625 0.0244140625
0 0.96728515625 0.46044921875 0.0244140625 0.0244140625
0 0.97021484375 0.54248046875 0.0244140625 0.0244140625
0 0.6845703125 0.09130859375 0.09765625 0.0986328125
0 0.6884765625 0.19482421875 0.109375 0.1103515625
0 0.6796875 0.3056640625 0.09765625 0.09765625
0 0.6845703125 0.4169921875 0.09765625 0.09765625
0 0.5869140625 0.146484375 0.0859375 0.0859375
0 0.587890625 0.259765625 0.09765625 0.09765625
0 0.58349609375 0.36474609375 0.1103515625 0.1103515625
0 0.583984375 0.47412109375 0.09765625 0.0986328125
0 0.49853515625 0.0830078125 0.1103515625 0.111328125
0 0.49658203125 0.1962890625 0.1103515625 0.111328125
0 0.49609375 0.30859375 0.09765625 0.09765625
0 0.50048828125 0.52978515625 0.0732421875 0.0732421875
0 0.3984375 0.138671875 0.109375 0.111328125
0 0.3955078125 0.26025390625 0.109375 0.1103515625
0 0.3974609375 0.36767578125 0.09765625 0.0986328125
0 0.4013671875 0.47216796875 0.09765625 0.0986328125
0 0.30078125 0.08642578125 0.109375 0.1103515625
0 0.3056640625 0.19482421875 0.09765625 0.0986328125
0 0.306640625 0.30517578125 0.09765625 0.0986328125
0 0.306640625 0.41162109375 0.09765625 0.0986328125
0 0.30908203125 0.52392578125 0.0732421875 0.0732421875
0 0.20361328125 0.13671875 0.0849609375 0.0859375
0 0.2080078125 0.23876953125 0.09765625 0.0986328125
0 0.2099609375 0.36181640625 0.09765625 0.0986328125
0 0.2099609375 0.47119140625 0.09765625 0.0986328125
0 0.10986328125 0.07763671875 0.1103515625 0.1103515625
0 0.1181640625 0.18994140625 0.09765625 0.0986328125
0 0.1123046875 0.29541015625 0.09765625 0.0986328125
0 0.11328125 0.41455078125 0.09765625 0.0986328125
0 0.11767578125 0.5166015625 0.0732421875 0.07421875
0 0.12060546875 0.69482421875 0.0615234375 0.0615234375
0 0.119140625 0.80126953125 0.09765625 0.0986328125
0 0.1181640625 0.91357421875 0.09765625 0.0986328125
0 0.21875 0.74365234375 0.09765625 0.0986328125
0 0.212890625 0.86181640625 0.09765625 0.0986328125
0 0.3154296875 0.69287109375 0.060546875 0.0615234375
0 0.3076171875 0.79931640625 0.09765625 0.0986328125
0 0.3076171875 0.90869140625 0.09765625 0.0986328125
0 0.40478515625 0.7470703125 0.0849609375 0.0859375
0 0.400390625 0.85498046875 0.09765625 0.0986328125
0 0.4970703125 0.69384765625 0.060546875 0.0615234375
0 0.5 0.80322265625 0.09765625 0.0986328125
0 0.4951171875 0.91552734375 0.09765625 0.0986328125
0 0.5888671875 0.75 0.0859375 0.0859375
0 0.58984375 0.85400390625 0.09765625 0.0986328125
0 0.68701171875 0.701171875 0.0361328125 0.037109375
0 0.6875 0.7998046875 0.09765625 0.09765625
0 0.6865234375 0.90869140625 0.109375 0.1103515625
0 0.78271484375 0.7587890625 0.0849609375 0.0859375
0 0.7802734375 0.8564453125 0.09765625 0.09765625
0 0.8828125 0.70556640625 0.060546875 0.0615234375
0 0.875 0.8037109375 0.0859375 0.0859375
0 0.87646484375 0.9150390625 0.1103515625 0.111328125