0 0.89306640625 0.13916015625 0.1103515625 0.1103515625
0 0.896484375 0.2509765625 0.09765625 0.09765625
0 0.89794921875 0.361328125 0.1103515625 0.111328125
0 0.89794921875 0.47998046875 0.1103515625 0.1103515625
0 0.80419921875 0.09228515625 0.1103515625 0.1103515625
0 0.80615234375 0.208984375 0.1103515625 0.111328125
0 0.796875 0.318359375 0.09765625 0.09765625
0 0.806640625 0.43603515625 0.109375 0.1103515625
0 0.7080078125 0.1455078125 0.109375 0.111328125
0 0.70703125 0.26513671875 0.060546875 0.0615234375
0 0.703125 0.37158203125 0.109375 0.1103515625
0 0.705078125 0.48193359375 0.109375 0.1103515625
0 0.61328125 0.08984375 0.109375 0.111328125
0 0.6162109375 0.19970703125 0.109375 0.1103515625
0 0.60791015625 0.30810546875 0.1103515625 0.1103515625
0 0.61181640625 0.42822265625 0.1103515625 0.1103515625
0 0.51904296875 0.14599609375 0.1103515625 0.1103515625
0 0.51513671875 0.24560546875 0.0615234375 0.0615234375
0 0.51611328125 0.36669921875 0.1103515625 0.1103515625
0 0.515625 0.48291015625 0.109375 0.1103515625
0 0.42529296875 0.09521484375 0.0615234375 0.0615234375
0 0.42041015625 0.20361328125 0.0615234375 0.0615234375
0 0.421875 0.31396484375 0.109375 0.1103515625
0 0.4208984375 0.43310546875 0.109375 0.1103515625
0 0.33203125 0.14501953125 0.109375 0.1103515625
0 0.326171875 0.2705078125 0.0859375 0.0859375
0 0.326171875 0.37060546875 0.109375 0.1103515625
0 0.328125 0.47900390625 0.09765625 0.0986328125
0 0.234375 0.08740234375 0.109375 0.1103515625
0 0.23095703125 0.19970703125 0.1103515625 0.1103515625
0 0.23486328125 0.31005859375 0.1103515625 0.1103515625
0 0.23583984375 0.42236328125 0.1103515625 0.1103515625
0 0.13818359375 0.13916015625 0.1103515625 0.1103515625
0 0.14013671875 0.25634765625 0.1103515625 0.1103515625
0 0.140625 0.35595703125 0.109375 0.1103515625
0 0.1357421875 0.470703125 0.109375 0.111328125
0 0.23876953125 0.529296875 0.1103515625 0.111328125
0 0.12646484375 0.580078125 0.1103515625 0.111328125
0 0.1376953125 0.69482421875 0.109375 0.1103515625
0 0.138671875 0.80712890625 0.109375 0.1103515625
0 0.23095703125 0.64453125 0.1103515625 0.111328125
0 0.22705078125 0.75439453125 0.1103515625 0.1103515625
0 0.2333984375 0.85888671875 0.109375 0.1103515625
0 0.3310546875 0.5810546875 0.09765625 0.09765625
0 0.32666015625 0.6962890625 0.1103515625 0.111328125
0 0.32373046875 0.8046875 0.1103515625 0.111328125
0 0.42578125 0.53271484375 0.09765625 0.0986328125
0 0.4267578125 0.64013671875 0.09765625 0.0986328125
0 0.4248046875 0.751953125 0.09765625 0.09765625
0 0.4208984375 0.861328125 0.09765625 0.09765625
0 0.51611328125 0.59130859375 0.1103515625 0.1103515625
0 0.513671875 0.70166015625 0.109375 0.1103515625
0 0.51171875 0.80908203125 0.109375 0.1103515625
0 0.513671875 0.9091796875 0.109375 0.111328125
0 0.60693359375 0.53759765625 0.1103515625 0.1103515625
0 0.60986328125 0.64892578125 0.1103515625 0.1103515625
0 0.61083984375 0.75146484375 0.1103515625 0.1103515625
0 0.6064453125 0.86962890625 0.09765625 0.0986328125
0 0.69921875 0.59716796875 0.109375 0.1103515625
0 0.7041015625 0.70654296875 0.09765625 0.0986328125
0 0.70263671875 0.81005859375 0.1103515625 0.1103515625
0 0.8056640625 0.53271484375 0.09765625 0.0986328125
0 0.8017578125 0.64111328125 0.09765625 0.0986328125
0 0.80859375 0.75634765625 0.109375 0.1103515625
0 0.81005859375 0.86767578125 0.1103515625 0.1103515625
0 0.89892578125 0.59033203125 0.1103515625 0.1103515625
0 0.900390625 0.69970703125 0.109375 0.1103515625
0 0.8984375 0.80322265625 0.109375 0.1103515625
0 0.90234375 0.92431640625 0.109375 0.1103515625
0 0.69970703125 0.92333984375 0.1103515625 0.1103515625
0 0.32177734375 0.91748046875 0.1103515625 0.1103515625
0 0.1337890625 0.92041015625 0.109375 0.1103515625