0 0.0771484375 0.74169921875 0.07421875 0.0732421875
0 0.908203125 0.8388671875 0.09765625 0.09765625
0 0.912109375 0.6494140625 0.09765625 0.09765625
0 0.90478515625 0.45361328125 0.0732421875 0.0732421875
0 0.90283203125 0.2724609375 0.0986328125 0.09765625
0 0.90869140625 0.083984375 0.0986328125 0.09765625
0 0.79638671875 0.0859375 0.1103515625 0.109375
0 0.68798828125 0.0859375 0.0986328125 0.09765625
0 0.57568359375 0.08154296875 0.1103515625 0.1103515625
0 0.46435546875 0.08447265625 0.1103515625 0.1103515625
0 0.34912109375 0.08349609375 0.1103515625 0.1103515625
0 0.85595703125 0.1787109375 0.1103515625 0.109375
0 0.73193359375 0.185546875 0.1103515625 0.109375
0 0.62841796875 0.1787109375 0.1103515625 0.109375
0 0.51220703125 0.1787109375 0.1103515625 0.109375
0 0.40869140625 0.17578125 0.1103515625 0.109375
0 0.8017578125 0.2734375 0.09765625 0.09765625
0 0.68603515625 0.27001953125 0.1103515625 0.1103515625
0 0.57080078125 0.2763671875 0.1103515625 0.109375
0 0.45947265625 0.271484375 0.0986328125 0.09765625
0 0.35205078125 0.27734375 0.1103515625 0.109375
0 0.8505859375 0.36669921875 0.07421875 0.0732421875
0 0.7431640625 0.369140625 0.09765625 0.09765625
0 0.63525390625 0.36572265625 0.1103515625 0.1103515625
0 0.51806640625 0.36865234375 0.1103515625 0.1103515625
0 0.4033203125 0.36767578125 0.0859375 0.0849609375
0 0.798828125 0.45849609375 0.07421875 0.0732421875
0 0.6865234375 0.455078125 0.09765625 0.09765625
0 0.5751953125 0.46044921875 0.0859375 0.0849609375
0 0.46435546875 0.458984375 0.0986328125 0.09765625
0 0.85595703125 0.556640625 0.0986328125 0.09765625
0 0.7421875 0.552734375 0.0859375 0.0859375
0 0.6396484375 0.55078125 0.09765625 0.09765625
0 0.525390625 0.5517578125 0.0859375 0.0859375
0 0.4091796875 0.5546875 0.0859375 0.0859375
0 0.80419921875 0.6494140625 0.0986328125 0.09765625
0 0.68603515625 0.654296875 0.0986328125 0.09765625
0 0.580078125 0.6572265625 0.09765625 0.09765625
0 0.462890625 0.65625 0.09765625 0.09765625
0 0.85302734375 0.7431640625 0.0869140625 0.0859375
0 0.74560546875 0.7431640625 0.0986328125 0.09765625
0 0.63720703125 0.7421875 0.0986328125 0.09765625
0 0.50732421875 0.7431640625 0.0986328125 0.09765625
0 0.79931640625 0.8427734375 0.0986328125 0.09765625
0 0.69091796875 0.8359375 0.0986328125 0.09765625
0 0.576171875 0.8349609375 0.0859375 0.0859375
0 0.466796875 0.83837890625 0.0859375 0.0849609375
0 0.859375 0.93212890625 0.0859375 0.0849609375
0 0.7470703125 0.93212890625 0.0859375 0.0849609375
0 0.63330078125 0.9326171875 0.0986328125 0.09765625
0 0.521484375 0.9345703125 0.0859375 0.0859375
0 0.41015625 0.9306640625 0.0859375 0.0859375
0 0.396484375 0.74560546875 0.0859375 0.0849609375
0 0.302734375 0.931640625 0.0859375 0.0859375
0 0.1943359375 0.927734375 0.09765625 0.09765625
0 0.0712890625 0.93115234375 0.0859375 0.0849609375
0 0.3583984375 0.83544921875 0.0859375 0.0849609375
0 0.2412109375 0.8349609375 0.09765625 0.09765625
0 0.1298828125 0.8369140625 0.09765625 0.09765625
0 0.3017578125 0.74169921875 0.0859375 0.0849609375
0 0.1904296875 0.7421875 0.09765625 0.09765625
0 0.3544921875 0.65234375 0.0859375 0.0859375
0 0.24267578125 0.6494140625 0.0986328125 0.09765625
0 0.12939453125 0.650390625 0.0986328125 0.09765625
0 0.30517578125 0.5576171875 0.0986328125 0.09765625
0 0.19091796875 0.5546875 0.0986328125 0.09765625
0 0.08447265625 0.5537109375 0.0986328125 0.09765625
0 0.3515625 0.45654296875 0.0859375 0.0849609375
0 0.2392578125 0.45947265625 0.0859375 0.0849609375
0 0.13232421875 0.4560546875 0.0986328125 0.09765625
0 0.29736328125 0.3681640625 0.0986328125 0.09765625
0 0.19091796875 0.3662109375 0.0986328125 0.09765625
0 0.07763671875 0.3642578125 0.0986328125 0.09765625
0 0.24169921875 0.2705078125 0.1103515625 0.109375
0 0.12646484375 0.27197265625 0.1103515625 0.1103515625
0 0.28955078125 0.17041015625 0.1103515625 0.1103515625
0 0.24169921875 0.07470703125 0.1103515625 0.1103515625
0 0.19091796875 0.17236328125 0.1103515625 0.1103515625
0 0.07568359375 0.16943359375 0.1103515625 0.1103515625
0 0.119140625 0.07373046875 0.07421875 0.0732421875