0 0.1296875 0.12734375 0.084375 0.0859375
0 0.134375 0.2421875 0.071875 0.071875
0 0.225 0.06875 0.071875 0.071875
0 0.2296875 0.29453125 0.084375 0.0859375
0 0.22421875 0.18359375 0.0609375 0.0609375
0 0.22734375 0.41171875 0.0859375 0.0859375
0 0.13359375 0.34921875 0.0859375 0.0859375
0 0.1328125 0.4609375 0.096875 0.096875
0 0.1375 0.56953125 0.096875 0.0984375
0 0.1296875 0.67890625 0.096875 0.0984375
0 0.13046875 0.79296875 0.0859375 0.0859375
0 0.1328125 0.90234375 0.084375 0.0859375
0 0.2265625 0.51015625 0.084375 0.0859375
0 0.2265625 0.62265625 0.084375 0.0859375
0 0.2265625 0.73515625 0.096875 0.0984375
0 0.22890625 0.84765625 0.0859375 0.0859375