0 0.1318359375 0.060546875 0.0859375 0.0859375
0 0.1376953125 0.162109375 0.109375 0.111328125
0 0.134765625 0.271484375 0.109375 0.111328125
0 0.13037109375 0.39501953125 0.1103515625 0.1103515625
0 0.236328125 0.11279296875 0.109375 0.1103515625
0 0.23046875 0.22314453125 0.109375 0.1103515625
0 0.2294921875 0.337890625 0.109375 0.111328125
0 0.32666015625 0.05908203125 0.1103515625 0.1103515625
0 0.3212890625 0.16748046875 0.09765625 0.0986328125
0 0.32373046875 0.27734375 0.0849609375 0.0859375
0 0.32421875 0.390625 0.09765625 0.09765625
0 0.4150390625 0.11474609375 0.09765625 0.0986328125
0 0.42041015625 0.22705078125 0.1103515625 0.1103515625
0 0.41259765625 0.33349609375 0.1103515625 0.1103515625
0 0.5126953125 0.07080078125 0.109375 0.1103515625
0 0.5126953125 0.17333984375 0.09765625 0.0986328125
0 0.517578125 0.28955078125 0.109375 0.1103515625
0 0.60498046875 0.12255859375 0.1103515625 0.1103515625
0 0.603515625 0.23388671875 0.109375 0.1103515625
0 0.6044921875 0.34326171875 0.109375 0.1103515625
0 0.6982421875 0.06298828125 0.09765625 0.0986328125
0 0.70556640625 0.17529296875 0.1103515625 0.1103515625
0 0.69775390625 0.28271484375 0.1103515625 0.1103515625
0 0.7919921875 0.1181640625 0.09765625 0.09765625
0 0.791015625 0.22705078125 0.109375 0.1103515625
0 0.791015625 0.34716796875 0.09765625 0.0986328125
0 0.8876953125 0.0634765625 0.109375 0.111328125
0 0.884765625 0.17578125 0.109375 0.111328125
0 0.88671875 0.29052734375 0.109375 0.1103515625
0 0.8857421875 0.39404296875 0.09765625 0.0986328125
0 0.88671875 0.50341796875 0.09765625 0.0986328125
0 0.88720703125 0.61962890625 0.0732421875 0.0732421875
0 0.888671875 0.72412109375 0.09765625 0.0986328125
0 0.88671875 0.83740234375 0.09765625 0.0986328125
0 0.79638671875 0.45361328125 0.1103515625 0.1103515625
0 0.7890625 0.55126953125 0.09765625 0.0986328125
0 0.7861328125 0.68115234375 0.09765625 0.0986328125
0 0.7919921875 0.78662109375 0.109375 0.1103515625
0 0.69970703125 0.40087890625 0.1103515625 0.1103515625
0 0.701171875 0.50927734375 0.109375 0.1103515625
0 0.701171875 0.62646484375 0.09765625 0.0986328125
0 0.701171875 0.72705078125 0.09765625 0.0986328125
0 0.6953125 0.8408203125 0.109375 0.111328125
0 0.6064453125 0.45068359375 0.109375 0.1103515625
0 0.6025390625 0.56005859375 0.109375 0.1103515625
0 0.6044921875 0.66943359375 0.109375 0.1103515625
0 0.60302734375 0.78125 0.1103515625 0.111328125
0 0.51513671875 0.39990234375 0.1103515625 0.1103515625
0 0.50634765625 0.49658203125 0.1103515625 0.1103515625
0 0.509765625 0.6083984375 0.09765625 0.09765625
0 0.51123046875 0.71875 0.1103515625 0.111328125
0 0.51123046875 0.83740234375 0.1103515625 0.1103515625
0 0.41748046875 0.44970703125 0.1103515625 0.1103515625
0 0.41943359375 0.56640625 0.1103515625 0.111328125
0 0.41015625 0.67578125 0.09765625 0.09765625
0 0.419921875 0.79345703125 0.109375 0.1103515625
0 0.3212890625 0.5029296875 0.109375 0.111328125
0 0.3203125 0.62255859375 0.060546875 0.0615234375
0 0.31640625 0.72900390625 0.109375 0.1103515625
0 0.318359375 0.83935546875 0.109375 0.1103515625
0 0.2265625 0.447265625 0.109375 0.111328125
0 0.2294921875 0.55712890625 0.109375 0.1103515625
0 0.22119140625 0.66552734375 0.1103515625 0.1103515625
0 0.22509765625 0.78564453125 0.1103515625 0.1103515625
0 0.13232421875 0.50341796875 0.1103515625 0.1103515625
0 0.12841796875 0.60302734375 0.0615234375 0.0615234375
0 0.12939453125 0.72412109375 0.1103515625 0.1103515625
0 0.12890625 0.84033203125 0.109375 0.1103515625
0 0.03857421875 0.45263671875 0.0615234375 0.0615234375
0 0.03369140625 0.56103515625 0.0615234375 0.0615234375
0 0.22021484375 0.89501953125 0.1103515625 0.1103515625
0 0.4189453125 0.89013671875 0.09765625 0.0986328125
0 0.60986328125 0.888671875 0.1103515625 0.111328125
0 0.79443359375 0.88720703125 0.1103515625 0.1103515625