0 0.29833984375 0.24755859375 0.0615234375 0.0615234375
0 0.220703125 0.39892578125 0.060546875 0.0615234375
0 0.58642578125 0.3134765625 0.0732421875 0.07421875
0 0.30224609375 0.3544921875 0.0732421875 0.07421875
0 0.9609375 0.32421875 0.037109375 0.037109375
0 0.95068359375 0.43994140625 0.0361328125 0.0361328125
0 0.77880859375 0.30859375 0.0361328125 0.037109375
0 0.681640625 0.47607421875 0.048828125 0.0498046875
0 0.5859375 0.517578125 0.048828125 0.048828125
0 0.5810546875 0.427734375 0.048828125 0.048828125
0 0.5048828125 0.37158203125 0.060546875 0.0615234375
0 0.40283203125 0.40673828125 0.0361328125 0.0361328125
0 0.78515625 0.416015625 0.0859375 0.0859375
0 0.67822265625 0.36572265625 0.0615234375 0.0615234375
0 0.85986328125 0.3642578125 0.0244140625 0.025390625
0 0.8759765625 0.49169921875 0.09765625 0.0986328125
0 0.876953125 0.595703125 0.09765625 0.09765625
0 0.8701171875 0.712890625 0.09765625 0.09765625
0 0.87255859375 0.8154296875 0.0849609375 0.0859375
0 0.8740234375 0.92626953125 0.109375 0.1103515625
0 0.779296875 0.85693359375 0.09765625 0.0986328125
0 0.7783203125 0.7548828125 0.0859375 0.0859375
0 0.7763671875 0.64501953125 0.09765625 0.0986328125
0 0.77734375 0.529296875 0.109375 0.111328125
0 0.685546875 0.5927734375 0.0859375 0.0859375
0 0.685546875 0.681640625 0.09765625 0.09765625
0 0.6845703125 0.79052734375 0.09765625 0.0986328125
0 0.6865234375 0.89990234375 0.109375 0.1103515625
0 0.58447265625 0.85205078125 0.1103515625 0.1103515625
0 0.5888671875 0.7373046875 0.09765625 0.09765625
0 0.5849609375 0.6318359375 0.09765625 0.09765625
0 0.49853515625 0.2529296875 0.0849609375 0.0859375
0 0.400390625 0.2958984375 0.0859375 0.0859375
0 0.216796875 0.2998046875 0.048828125 0.048828125
0 0.498046875 0.5810546875 0.09765625 0.09765625
0 0.50732421875 0.462890625 0.0849609375 0.0859375
0 0.4931640625 0.708984375 0.0859375 0.0859375
0 0.498046875 0.81005859375 0.09765625 0.0986328125
0 0.498046875 0.90380859375 0.09765625 0.0986328125
0 0.3984375 0.85302734375 0.109375 0.1103515625
0 0.3974609375 0.7451171875 0.09765625 0.09765625
0 0.40625 0.63720703125 0.109375 0.1103515625
0 0.40673828125 0.5068359375 0.1103515625 0.111328125
0 0.30859375 0.458984375 0.0859375 0.0859375
0 0.310546875 0.57958984375 0.09765625 0.0986328125
0 0.306640625 0.69140625 0.09765625 0.09765625
0 0.30029296875 0.8046875 0.1103515625 0.111328125
0 0.31298828125 0.90869140625 0.1103515625 0.1103515625
0 0.2099609375 0.84619140625 0.109375 0.1103515625
0 0.21484375 0.74072265625 0.109375 0.1103515625
0 0.21240234375 0.62890625 0.1103515625 0.111328125
0 0.220703125 0.51416015625 0.109375 0.1103515625
0 0.12744140625 0.46728515625 0.1103515625 0.1103515625
0 0.11962890625 0.35302734375 0.1103515625 0.1103515625
0 0.1181640625 0.5703125 0.109375 0.111328125
0 0.12109375 0.671875 0.09765625 0.09765625
0 0.11669921875 0.79638671875 0.1103515625 0.1103515625
0 0.12548828125 0.89013671875 0.1103515625 0.1103515625