0 0.72900390625 0.92919921875 0.0615234375 0.0615234375
0 0.92626953125 0.27978515625 0.1103515625 0.1103515625
0 0.92236328125 0.39599609375 0.1103515625 0.1103515625
0 0.91552734375 0.50927734375 0.1103515625 0.1103515625
0 0.9140625 0.6220703125 0.109375 0.111328125
0 0.91796875 0.7236328125 0.109375 0.111328125
0 0.822265625 0.779296875 0.109375 0.111328125
0 0.830078125 0.67041015625 0.109375 0.1103515625
0 0.830078125 0.54638671875 0.109375 0.1103515625
0 0.83056640625 0.4541015625 0.1103515625 0.111328125
0 0.8369140625 0.32666015625 0.109375 0.1103515625
0 0.72705078125 0.28369140625 0.1103515625 0.1103515625
0 0.724609375 0.38623046875 0.109375 0.1103515625
0 0.732421875 0.50341796875 0.09765625 0.0986328125
0 0.732421875 0.61279296875 0.09765625 0.0986328125
0 0.734375 0.71923828125 0.09765625 0.0986328125
0 0.734375 0.802734375 0.09765625 0.09765625
0 0.6318359375 0.75732421875 0.09765625 0.0986328125
0 0.64453125 0.33544921875 0.109375 0.1103515625
0 0.6416015625 0.47216796875 0.109375 0.1103515625
0 0.6337890625 0.5537109375 0.0859375 0.0859375
0 0.6416015625 0.65576171875 0.109375 0.1103515625
0 0.552734375 0.3876953125 0.0859375 0.0859375
0 0.5419921875 0.482421875 0.109375 0.111328125
0 0.53955078125 0.58154296875 0.1103515625 0.1103515625
0 0.55224609375 0.69580078125 0.1103515625 0.1103515625
0 0.44873046875 0.64404296875 0.1103515625 0.1103515625
0 0.44921875 0.55908203125 0.09765625 0.0986328125
0 0.453125 0.44873046875 0.09765625 0.0986328125
0 0.45703125 0.33837890625 0.109375 0.1103515625
0 0.3564453125 0.287109375 0.109375 0.111328125
0 0.35595703125 0.39111328125 0.1103515625 0.1103515625
0 0.35595703125 0.50732421875 0.1103515625 0.1103515625
0 0.34814453125 0.61865234375 0.1103515625 0.1103515625
0 0.5400390625 0.87158203125 0.09765625 0.0986328125
0 0.44873046875 0.90673828125 0.1103515625 0.1103515625
0 0.0615234375 0.7734375 0.09765625 0.09765625
0 0.26171875 0.33544921875 0.109375 0.1103515625
0 0.25537109375 0.44970703125 0.1103515625 0.1103515625
0 0.2578125 0.56005859375 0.09765625 0.0986328125
0 0.25537109375 0.67333984375 0.0732421875 0.0732421875
0 0.162109375 0.376953125 0.0859375 0.0859375
0 0.1572265625 0.49365234375 0.09765625 0.0986328125
0 0.15673828125 0.61474609375 0.1103515625 0.1103515625
0 0.158203125 0.72802734375 0.109375 0.1103515625
0 0.0615234375 0.33203125 0.0859375 0.0859375
0 0.0654296875 0.4521484375 0.09765625 0.09765625
0 0.05859375 0.55078125 0.09765625 0.09765625
0 0.06640625 0.6640625 0.109375 0.111328125
0 0.9189453125 0.05615234375 0.109375 0.1103515625
0 0.923828125 0.16357421875 0.109375 0.1103515625
0 0.828125 0.21728515625 0.109375 0.1103515625
0 0.8271484375 0.12841796875 0.109375 0.1103515625
0 0.73828125 0.06591796875 0.09765625 0.0986328125
0 0.736328125 0.17431640625 0.109375 0.1103515625
0 0.6435546875 0.220703125 0.109375 0.111328125
0 0.63671875 0.10888671875 0.09765625 0.0986328125
0 0.5556640625 0.060546875 0.0859375 0.0859375
0 0.560546875 0.177734375 0.0859375 0.0859375
0 0.55517578125 0.2802734375 0.0849609375 0.0859375
0 0.4521484375 0.24169921875 0.109375 0.1103515625
0 0.451171875 0.11669921875 0.09765625 0.0986328125
0 0.36328125 0.076171875 0.09765625 0.09765625
0 0.365234375 0.18408203125 0.09765625 0.0986328125
0 0.267578125 0.1318359375 0.109375 0.111328125
0 0.263671875 0.2294921875 0.09765625 0.09765625
0 0.1650390625 0.2763671875 0.0859375 0.0859375
0 0.169921875 0.17626953125 0.09765625 0.0986328125
0 0.1708984375 0.0576171875 0.09765625 0.09765625
0 0.064453125 0.11767578125 0.09765625 0.0986328125
0 0.0693359375 0.23291015625 0.109375 0.1103515625