0 0.20361328125 0.5712890625 0.0732421875 0.07421875
0 0.38037109375 0.0771484375 0.0732421875 0.07421875
0 0.58154296875 0.05908203125 0.0732421875 0.0732421875
0 0.30029296875 0.04443359375 0.0732421875 0.0732421875
0 0.4931640625 0.17236328125 0.060546875 0.0615234375
0 0.29833984375 0.14208984375 0.0732421875 0.0732421875
0 0.95654296875 0.89306640625 0.0732421875 0.0732421875
0 0.58447265625 0.90966796875 0.0732421875 0.0732421875
0 0.857421875 0.51171875 0.048828125 0.048828125
0 0.85302734375 0.72265625 0.0849609375 0.0859375
0 0.94482421875 0.5703125 0.0849609375 0.0859375
0 0.9462890625 0.6767578125 0.048828125 0.048828125
0 0.7626953125 0.5732421875 0.048828125 0.048828125
0 0.6728515625 0.5283203125 0.048828125 0.048828125
0 0.66796875 0.62890625 0.048828125 0.048828125
0 0.578125 0.58203125 0.037109375 0.037109375
0 0.56787109375 0.69775390625 0.0361328125 0.0361328125
0 0.39599609375 0.56640625 0.0361328125 0.037109375
0 0.298828125 0.73388671875 0.048828125 0.0498046875
0 0.203125 0.775390625 0.048828125 0.048828125
0 0.1982421875 0.685546875 0.048828125 0.048828125
0 0.1220703125 0.62939453125 0.060546875 0.0615234375
0 0.02001953125 0.66455078125 0.0361328125 0.0361328125
0 0.40234375 0.673828125 0.0859375 0.0859375
0 0.29541015625 0.62353515625 0.0615234375 0.0615234375
0 0.47705078125 0.6220703125 0.0244140625 0.025390625
0 0.765625 0.6796875 0.09765625 0.09765625
0 0.75634765625 0.79150390625 0.1103515625 0.1103515625
0 0.7666015625 0.90576171875 0.109375 0.1103515625
0 0.66748046875 0.73291015625 0.1103515625 0.1103515625
0 0.67236328125 0.86181640625 0.1103515625 0.1103515625
0 0.5849609375 0.8173828125 0.09765625 0.09765625
0 0.4931640625 0.74951171875 0.09765625 0.0986328125
0 0.494140625 0.853515625 0.09765625 0.09765625
0 0.3935546875 0.90283203125 0.09765625 0.0986328125
0 0.39453125 0.787109375 0.109375 0.111328125
0 0.302734375 0.8505859375 0.0859375 0.0859375
0 0.302734375 0.939453125 0.09765625 0.09765625
0 0.2021484375 0.8896484375 0.09765625 0.09765625
0 0.11572265625 0.5107421875 0.0849609375 0.0859375
0 0.115234375 0.8388671875 0.09765625 0.09765625
0 0.12451171875 0.720703125 0.0849609375 0.0859375
0 0.8505859375 0.61962890625 0.048828125 0.0498046875
0 0.865234375 0.12841796875 0.09765625 0.0986328125
0 0.76708984375 0.068359375 0.0849609375 0.0859375
0 0.67138671875 0.1162109375 0.0849609375 0.0859375
0 0.4892578125 0.0927734375 0.0859375 0.0859375
0 0.36376953125 0.17626953125 0.0615234375 0.0615234375
0 0.1171875 0.1298828125 0.0859375 0.0859375
0 0.19970703125 0.09765625 0.0849609375 0.0859375