0 0.88330078125 0.4423828125 0.1103515625 0.111328125
0 0.87939453125 0.55322265625 0.1103515625 0.1103515625
0 0.88330078125 0.646484375 0.1103515625 0.111328125
0 0.87646484375 0.76220703125 0.1103515625 0.1103515625
0 0.791015625 0.82177734375 0.109375 0.1103515625
0 0.78466796875 0.705078125 0.1103515625 0.111328125
0 0.78515625 0.60205078125 0.109375 0.1103515625
0 0.79150390625 0.49169921875 0.1103515625 0.1103515625
0 0.7890625 0.39501953125 0.109375 0.1103515625
0 0.697265625 0.431640625 0.109375 0.111328125
0 0.693359375 0.53857421875 0.09765625 0.0986328125
0 0.6923828125 0.646484375 0.09765625 0.09765625
0 0.69189453125 0.75927734375 0.1103515625 0.1103515625
0 0.693359375 0.87646484375 0.09765625 0.0986328125
0 0.779296875 0.92236328125 0.109375 0.1103515625
0 0.5986328125 0.91064453125 0.09765625 0.0986328125
0 0.59765625 0.8115234375 0.09765625 0.09765625
0 0.5927734375 0.70751953125 0.09765625 0.0986328125
0 0.59375 0.59814453125 0.109375 0.1103515625
0 0.59765625 0.48095703125 0.09765625 0.0986328125
0 0.60302734375 0.37548828125 0.1103515625 0.1103515625
0 0.50341796875 0.43505859375 0.1103515625 0.1103515625
0 0.505859375 0.54736328125 0.109375 0.1103515625
0 0.50830078125 0.6474609375 0.1103515625 0.111328125
0 0.501953125 0.76220703125 0.109375 0.1103515625
0 0.5029296875 0.87109375 0.109375 0.111328125
0 0.40478515625 0.91552734375 0.1103515625 0.1103515625
0 0.39697265625 0.80712890625 0.1103515625 0.1103515625
0 0.40625 0.703125 0.09765625 0.09765625
0 0.40771484375 0.5927734375 0.1103515625 0.111328125
0 0.4169921875 0.37255859375 0.109375 0.1103515625
0 0.41015625 0.48095703125 0.109375 0.1103515625
0 0.31103515625 0.43115234375 0.1103515625 0.1103515625
0 0.31201171875 0.53271484375 0.1103515625 0.1103515625
0 0.3056640625 0.65478515625 0.109375 0.1103515625
0 0.30517578125 0.75927734375 0.1103515625 0.1103515625
0 0.30029296875 0.86474609375 0.1103515625 0.1103515625
0 0.20068359375 0.92138671875 0.1103515625 0.1103515625
0 0.2109375 0.81201171875 0.109375 0.1103515625
0 0.2177734375 0.703125 0.109375 0.111328125
0 0.22021484375 0.59765625 0.1103515625 0.111328125
0 0.21142578125 0.48876953125 0.1103515625 0.1103515625
0 0.21484375 0.37939453125 0.09765625 0.0986328125
0 0.12109375 0.42431640625 0.109375 0.1103515625
0 0.12744140625 0.53369140625 0.1103515625 0.1103515625
0 0.10791015625 0.63525390625 0.1103515625 0.1103515625
0 0.1142578125 0.75634765625 0.109375 0.1103515625
0 0.115234375 0.86669921875 0.109375 0.1103515625
0 0.884765625 0.1220703125 0.109375 0.111328125
0 0.796875 0.06494140625 0.09765625 0.0986328125
0 0.7919921875 0.1787109375 0.0859375 0.0859375
0 0.7041015625 0.11767578125 0.109375 0.1103515625
0 0.6083984375 0.072265625 0.09765625 0.09765625
0 0.60302734375 0.1787109375 0.0849609375 0.0859375
0 0.51416015625 0.126953125 0.1220703125 0.123046875
0 0.41455078125 0.06005859375 0.1103515625 0.1103515625
0 0.41064453125 0.16455078125 0.1103515625 0.1103515625
0 0.3212890625 0.11376953125 0.109375 0.1103515625
0 0.224609375 0.0576171875 0.09765625 0.09765625
0 0.2177734375 0.15869140625 0.109375 0.1103515625
0 0.125 0.10791015625 0.109375 0.1103515625