0 0.26904296875 0.17333984375 0.0732421875 0.0732421875
0 0.4150390625 0.08349609375 0.07421875 0.0732421875
0 0.31005859375 0.08251953125 0.0732421875 0.0732421875
0 0.33203125 0.26708984375 0.0859375 0.0849609375
0 0.3642578125 0.17138671875 0.07421875 0.0732421875
0 0.88720703125 0.44775390625 0.0732421875 0.0732421875
0 0.48046875 0.16650390625 0.07421875 0.0732421875
0 0.78564453125 0.44873046875 0.0732421875 0.0732421875
0 0.53515625 0.07958984375 0.07421875 0.0732421875
0 0.17236328125 0.9296875 0.0986328125 0.09765625
0 0.28173828125 0.93408203125 0.1103515625 0.1103515625
0 0.50830078125 0.93310546875 0.1103515625 0.1103515625
0 0.611328125 0.93212890625 0.123046875 0.1220703125
0 0.1396484375 0.83984375 0.048828125 0.048828125
0 0.22509765625 0.8427734375 0.0986328125 0.09765625
0 0.34033203125 0.84326171875 0.1220703125 0.1220703125
0 0.4462890625 0.83935546875 0.123046875 0.1220703125
0 0.56298828125 0.84033203125 0.1103515625 0.1103515625
0 0.666015625 0.84423828125 0.123046875 0.1220703125
0 0.17236328125 0.75439453125 0.0732421875 0.0732421875
0 0.28466796875 0.75 0.1103515625 0.109375
0 0.39404296875 0.7490234375 0.1103515625 0.109375
0 0.501953125 0.7490234375 0.0859375 0.0859375
0 0.61572265625 0.74365234375 0.1103515625 0.1103515625
0 0.224609375 0.64404296875 0.123046875 0.1220703125
0 0.3330078125 0.65576171875 0.123046875 0.1220703125
0 0.45361328125 0.6484375 0.0986328125 0.09765625
0 0.55224609375 0.6474609375 0.0986328125 0.09765625
0 0.671875 0.65087890625 0.123046875 0.1220703125
0 0.169921875 0.55029296875 0.07421875 0.0732421875
0 0.2822265625 0.544921875 0.09765625 0.09765625
0 0.3955078125 0.53857421875 0.123046875 0.1220703125
0 0.50830078125 0.54296875 0.0986328125 0.09765625
0 0.61083984375 0.5546875 0.0986328125 0.09765625
0 0.2255859375 0.44970703125 0.123046875 0.1220703125
0 0.345703125 0.45361328125 0.123046875 0.1220703125
0 0.4541015625 0.45166015625 0.0859375 0.0849609375
0 0.57470703125 0.4541015625 0.0986328125 0.09765625
0 0.1767578125 0.359375 0.09765625 0.09765625
0 0.2900390625 0.35546875 0.09765625 0.09765625
0 0.39453125 0.35546875 0.09765625 0.09765625
0 0.5087890625 0.353515625 0.09765625 0.09765625
0 0.615234375 0.35400390625 0.123046875 0.1220703125
0 0.68505859375 0.45556640625 0.0732421875 0.0732421875
0 0.7255859375 0.35400390625 0.123046875 0.1220703125
0 0.228515625 0.26904296875 0.07421875 0.0732421875
0 0.4501953125 0.26171875 0.0859375 0.0859375
0 0.5634765625 0.2646484375 0.09765625 0.09765625
0 0.673828125 0.26416015625 0.123046875 0.1220703125
0 0.17138671875 0.1748046875 0.0615234375 0.060546875
0 0.61328125 0.1728515625 0.09765625 0.09765625
0 0.20361328125 0.0869140625 0.0615234375 0.060546875
0 0.673828125 0.07275390625 0.0859375 0.0849609375
0 0.78515625 0.072265625 0.09765625 0.09765625
0 0.8974609375 0.078125 0.09765625 0.09765625
0 0.728515625 0.166015625 0.0859375 0.0859375
0 0.8369140625 0.171875 0.111328125 0.109375
0 0.9404296875 0.171875 0.0859375 0.0859375
0 0.77734375 0.2626953125 0.09765625 0.09765625
0 0.88916015625 0.267578125 0.0986328125 0.09765625
0 0.83349609375 0.35791015625 0.1103515625 0.1103515625
0 0.94580078125 0.359375 0.0986328125 0.09765625
0 0.72509765625 0.55859375 0.0986328125 0.09765625
0 0.83447265625 0.556640625 0.0986328125 0.09765625
0 0.94384765625 0.548828125 0.0986328125 0.09765625
0 0.78662109375 0.65380859375 0.1103515625 0.1103515625
0 0.89013671875 0.6513671875 0.0986328125 0.09765625
0 0.72119140625 0.75537109375 0.1103515625 0.1103515625
0 0.83251953125 0.7470703125 0.0986328125 0.09765625
0 0.94091796875 0.7490234375 0.0986328125 0.09765625
0 0.77783203125 0.84375 0.0986328125 0.09765625
0 0.8837890625 0.841796875 0.09765625 0.09765625
0 0.72265625 0.93603515625 0.123046875 0.1220703125
0 0.833984375 0.9365234375 0.09765625 0.09765625
0 0.94140625 0.9365234375 0.09765625 0.09765625