0 0.86083984375 0.4443359375 0.0732421875 0.07421875
0 0.9521484375 0.7216796875 0.0859375 0.0859375
0 0.9521484375 0.59765625 0.0859375 0.0859375
0 0.955078125 0.47021484375 0.0859375 0.0869140625
0 0.955078125 0.3671875 0.0859375 0.0859375
0 0.95263671875 0.255859375 0.0849609375 0.0859375
0 0.85986328125 0.11328125 0.0849609375 0.0859375
0 0.85302734375 0.21484375 0.0849609375 0.0859375
0 0.86474609375 0.3349609375 0.0849609375 0.0859375
0 0.8671875 0.65625 0.09765625 0.09765625
0 0.8603515625 0.5546875 0.09765625 0.09765625
0 0.759765625 0.64697265625 0.09765625 0.0986328125
0 0.7529296875 0.50244140625 0.09765625 0.0986328125
0 0.763671875 0.3876953125 0.0859375 0.0859375
0 0.76806640625 0.2734375 0.0849609375 0.0859375
0 0.76904296875 0.1669921875 0.0849609375 0.0859375
0 0.77197265625 0.0615234375 0.0849609375 0.0859375
0 0.67578125 0.654296875 0.0859375 0.0859375
0 0.671875 0.5478515625 0.09765625 0.09765625
0 0.6748046875 0.4384765625 0.0859375 0.0859375
0 0.6787109375 0.3291015625 0.0859375 0.0859375
0 0.681640625 0.21337890625 0.09765625 0.0986328125
0 0.6669921875 0.09130859375 0.09765625 0.0986328125
0 0.580078125 0.59765625 0.0859375 0.0859375
0 0.580078125 0.4931640625 0.0859375 0.0859375
0 0.5791015625 0.37255859375 0.09765625 0.0986328125
0 0.5830078125 0.265625 0.0859375 0.0859375
0 0.58447265625 0.1611328125 0.0849609375 0.0859375
0 0.578125 0.0546875 0.09765625 0.09765625
0 0.48876953125 0.1044921875 0.0849609375 0.0859375
0 0.4833984375 0.22265625 0.0859375 0.0859375
0 0.48974609375 0.32666015625 0.0849609375 0.0869140625
0 0.486328125 0.43701171875 0.09765625 0.0986328125
0 0.484375 0.55322265625 0.09765625 0.0986328125
0 0.48828125 0.65966796875 0.09765625 0.0986328125
0 0.3916015625 0.60595703125 0.109375 0.1103515625
0 0.3916015625 0.50244140625 0.09765625 0.0986328125
0 0.388671875 0.39404296875 0.09765625 0.0986328125
0 0.390625 0.271484375 0.0859375 0.0859375
0 0.3896484375 0.16162109375 0.09765625 0.0986328125
0 0.3916015625 0.06005859375 0.09765625 0.0986328125
0 0.296875 0.66455078125 0.09765625 0.0986328125
0 0.2919921875 0.548828125 0.09765625 0.09765625
0 0.29833984375 0.4462890625 0.0849609375 0.0859375
0 0.30078125 0.3369140625 0.09765625 0.09765625
0 0.291015625 0.22119140625 0.09765625 0.0986328125
0 0.2978515625 0.10888671875 0.09765625 0.0986328125
0 0.1953125 0.0712890625 0.09765625 0.09765625
0 0.203125 0.17919921875 0.09765625 0.0986328125
0 0.2001953125 0.2900390625 0.09765625 0.09765625
0 0.201171875 0.40283203125 0.09765625 0.0986328125
0 0.193359375 0.513671875 0.09765625 0.09765625
0 0.2001953125 0.62158203125 0.09765625 0.0986328125
0 0.111328125 0.6787109375 0.09765625 0.09765625
0 0.10546875 0.57177734375 0.09765625 0.0986328125
0 0.107421875 0.46435546875 0.09765625 0.0986328125
0 0.1083984375 0.349609375 0.09765625 0.09765625
0 0.1123046875 0.23388671875 0.09765625 0.0986328125
0 0.10888671875 0.12890625 0.0849609375 0.0859375
0 0.099609375 0.9072265625 0.09765625 0.09765625
0 0.1064453125 0.796875 0.0859375 0.0859375
0 0.1982421875 0.73095703125 0.09765625 0.0986328125
0 0.2021484375 0.833984375 0.0859375 0.0859375
0 0.296875 0.89404296875 0.09765625 0.0986328125
0 0.298828125 0.77099609375 0.09765625 0.0986328125
0 0.3857421875 0.71435546875 0.109375 0.1103515625
0 0.39208984375 0.82763671875 0.1103515625 0.1103515625
0 0.37939453125 0.94091796875 0.1103515625 0.1103515625
0 0.4892578125 0.87451171875 0.109375 0.1103515625
0 0.4873046875 0.7685546875 0.0859375 0.0859375
0 0.58740234375 0.7060546875 0.0849609375 0.0859375
0 0.580078125 0.82177734375 0.09765625 0.0986328125
0 0.57421875 0.93017578125 0.09765625 0.0986328125
0 0.6748046875 0.87060546875 0.09765625 0.0986328125
0 0.67431640625 0.7724609375 0.0849609375 0.0859375
0 0.7685546875 0.7421875 0.09765625 0.09765625
0 0.7685546875 0.84130859375 0.109375 0.1103515625
0 0.76513671875 0.93212890625 0.1103515625 0.1103515625
0 0.8564453125 0.9013671875 0.09765625 0.09765625
0 0.8671875 0.767578125 0.0859375 0.0859375
0 0.9482421875 0.93359375 0.09765625 0.09765625