0 0.0576171875 0.111328125 0.111328125 0.109375
0 0.1708984375 0.09619140625 0.111328125 0.1103515625
0 0.275390625 0.09619140625 0.111328125 0.1103515625
0 0.107421875 0.20068359375 0.0859375 0.0849609375
0 0.22021484375 0.1982421875 0.1103515625 0.109375
0 0.33154296875 0.19140625 0.1103515625 0.109375
0 0.05078125 0.296875 0.09765625 0.09765625
0 0.15673828125 0.2939453125 0.0986328125 0.09765625
0 0.2685546875 0.2978515625 0.0859375 0.0859375
0 0.3828125 0.29296875 0.0859375 0.0859375
0 0.10302734375 0.390625 0.0986328125 0.09765625
0 0.2119140625 0.3935546875 0.0859375 0.0859375
0 0.32666015625 0.38720703125 0.0869140625 0.0849609375
0 0.15673828125 0.484375 0.0986328125 0.09765625
0 0.26806640625 0.48486328125 0.0869140625 0.0849609375
0 0.09375 0.57666015625 0.0859375 0.0849609375
0 0.21240234375 0.5771484375 0.0986328125 0.09765625
0 0.32275390625 0.576171875 0.0986328125 0.09765625
0 0.16357421875 0.673828125 0.0986328125 0.09765625
0 0.26806640625 0.669921875 0.1103515625 0.109375
0 0.09716796875 0.76611328125 0.1103515625 0.1103515625
0 0.21337890625 0.7685546875 0.0986328125 0.09765625
0 0.32421875 0.77001953125 0.0859375 0.0849609375
0 0.15380859375 0.85888671875 0.1103515625 0.1103515625
0 0.2587890625 0.8623046875 0.09765625 0.09765625
0 0.3779296875 0.8623046875 0.09765625 0.09765625
0 0.3779296875 0.67236328125 0.0859375 0.0849609375
0 0.4833984375 0.857421875 0.09765625 0.09765625
0 0.59423828125 0.865234375 0.0986328125 0.09765625
0 0.70166015625 0.861328125 0.1103515625 0.109375
0 0.81982421875 0.86083984375 0.1103515625 0.1103515625
0 0.93603515625 0.86572265625 0.1103515625 0.1103515625
0 0.4326171875 0.767578125 0.09765625 0.09765625
0 0.5458984375 0.76904296875 0.111328125 0.1103515625
0 0.64990234375 0.7705078125 0.1103515625 0.109375
0 0.76123046875 0.7705078125 0.0986328125 0.09765625
0 0.87548828125 0.7734375 0.1103515625 0.109375
0 0.4931640625 0.67138671875 0.111328125 0.1103515625
0 0.6025390625 0.67578125 0.09765625 0.09765625
0 0.7138671875 0.67578125 0.09765625 0.09765625
0 0.8212890625 0.67724609375 0.0859375 0.0849609375
0 0.9345703125 0.6767578125 0.0859375 0.0859375
0 0.4375 0.580078125 0.0859375 0.0859375
0 0.5498046875 0.5810546875 0.09765625 0.09765625
0 0.6591796875 0.57666015625 0.111328125 0.1103515625
0 0.76953125 0.58447265625 0.111328125 0.1103515625
0 0.87548828125 0.57861328125 0.1103515625 0.1103515625
0 0.380859375 0.48681640625 0.0859375 0.0849609375
0 0.490234375 0.484375 0.0859375 0.0859375
0 0.6015625 0.4873046875 0.0859375 0.0859375
0 0.703125 0.4814453125 0.111328125 0.109375
0 0.8125 0.484375 0.111328125 0.109375
0 0.93603515625 0.48876953125 0.1103515625 0.1103515625
0 0.43701171875 0.39208984375 0.1103515625 0.1103515625
0 0.55029296875 0.39111328125 0.1103515625 0.1103515625
0 0.65380859375 0.3828125 0.1103515625 0.109375
0 0.76416015625 0.388671875 0.1103515625 0.109375
0 0.87890625 0.3896484375 0.111328125 0.109375
0 0.48486328125 0.29052734375 0.1103515625 0.1103515625
0 0.60009765625 0.29248046875 0.1103515625 0.1103515625
0 0.70849609375 0.2978515625 0.0986328125 0.09765625
0 0.818359375 0.29541015625 0.0859375 0.0849609375
0 0.931640625 0.294921875 0.09765625 0.09765625
0 0.44384765625 0.1962890625 0.1103515625 0.109375
0 0.54345703125 0.1943359375 0.1103515625 0.109375
0 0.65576171875 0.2041015625 0.0986328125 0.09765625
0 0.76806640625 0.19873046875 0.1103515625 0.1103515625
0 0.87451171875 0.20654296875 0.1103515625 0.1103515625
0 0.38720703125 0.11572265625 0.1103515625 0.1103515625
0 0.50341796875 0.107421875 0.1103515625 0.109375
0 0.61181640625 0.1064453125 0.1103515625 0.109375
0 0.71435546875 0.1064453125 0.0986328125 0.09765625
0 0.83056640625 0.1015625 0.1103515625 0.109375
0 0.94091796875 0.10400390625 0.1103515625 0.1103515625