0 0.87255859375 0.5830078125 0.0732421875 0.07421875
0 0.78076171875 0.66357421875 0.0732421875 0.0732421875
0 0.59228515625 0.744140625 0.0849609375 0.0859375
0 0.58740234375 0.6396484375 0.0849609375 0.0859375
0 0.58740234375 0.521484375 0.0849609375 0.0859375
0 0.505859375 0.478515625 0.0859375 0.0859375
0 0.39892578125 0.5302734375 0.0849609375 0.0859375
0 0.40234375 0.62158203125 0.0859375 0.0869140625
0 0.49951171875 0.580078125 0.0849609375 0.0859375
0 0.49560546875 0.677734375 0.0849609375 0.0859375
0 0.77587890625 0.54931640625 0.0615234375 0.0615234375
0 0.1181640625 0.69775390625 0.09765625 0.0986328125
0 0.11572265625 0.58251953125 0.1103515625 0.1103515625
0 0.12109375 0.4755859375 0.109375 0.111328125
0 0.125 0.36474609375 0.09765625 0.0986328125
0 0.125 0.26220703125 0.109375 0.1103515625
0 0.12109375 0.1455078125 0.0859375 0.0859375
0 0.216796875 0.09326171875 0.09765625 0.0986328125
0 0.2158203125 0.205078125 0.09765625 0.09765625
0 0.2138671875 0.31201171875 0.09765625 0.0986328125
0 0.2216796875 0.42529296875 0.109375 0.1103515625
0 0.208984375 0.53662109375 0.09765625 0.0986328125
0 0.212890625 0.64892578125 0.09765625 0.0986328125
0 0.2138671875 0.75439453125 0.09765625 0.0986328125
0 0.3193359375 0.6943359375 0.09765625 0.09765625
0 0.31982421875 0.591796875 0.0849609375 0.0859375
0 0.3095703125 0.474609375 0.109375 0.111328125
0 0.3095703125 0.384765625 0.109375 0.111328125
0 0.30859375 0.16357421875 0.09765625 0.0986328125
0 0.3095703125 0.259765625 0.09765625 0.09765625
0 0.4072265625 0.0986328125 0.09765625 0.09765625
0 0.4111328125 0.20654296875 0.09765625 0.0986328125
0 0.40625 0.31982421875 0.09765625 0.0986328125
0 0.404296875 0.40966796875 0.09765625 0.0986328125
0 0.4033203125 0.7568359375 0.09765625 0.09765625
0 0.49609375 0.14306640625 0.109375 0.1103515625
0 0.50390625 0.25341796875 0.109375 0.1103515625
0 0.5 0.36181640625 0.09765625 0.0986328125
0 0.59814453125 0.0986328125 0.0849609375 0.0859375
0 0.59033203125 0.20263671875 0.1103515625 0.1103515625
0 0.59912109375 0.310546875 0.0849609375 0.0859375
0 0.599609375 0.3876953125 0.09765625 0.09765625
0 0.6875 0.06005859375 0.09765625 0.0986328125
0 0.6884765625 0.1513671875 0.0859375 0.0859375
0 0.6962890625 0.26953125 0.0859375 0.0859375
0 0.6962890625 0.36572265625 0.09765625 0.0986328125
0 0.6884765625 0.484375 0.0859375 0.0859375
0 0.68310546875 0.587890625 0.0849609375 0.0859375
0 0.685546875 0.7177734375 0.0859375 0.0859375
0 0.79443359375 0.10546875 0.0849609375 0.0859375
0 0.79052734375 0.20703125 0.1103515625 0.111328125
0 0.7890625 0.31396484375 0.109375 0.1103515625
0 0.7880859375 0.41357421875 0.109375 0.1103515625
0 0.888671875 0.47509765625 0.109375 0.1103515625
0 0.89404296875 0.36865234375 0.1103515625 0.1103515625
0 0.892578125 0.265625 0.109375 0.111328125
0 0.8916015625 0.1474609375 0.09765625 0.09765625
0 0.87744140625 0.92578125 0.0849609375 0.0859375
0 0.88037109375 0.8173828125 0.1103515625 0.111328125
0 0.7890625 0.8662109375 0.09765625 0.09765625
0 0.50048828125 0.8115234375 0.0849609375 0.0859375
0 0.48779296875 0.91943359375 0.1103515625 0.1103515625
0 0.392578125 0.85791015625 0.109375 0.1103515625
0 0.318359375 0.79345703125 0.0859375 0.0869140625
0 0.3193359375 0.89208984375 0.09765625 0.0986328125
0 0.2060546875 0.87353515625 0.09765625 0.0986328125
0 0.1123046875 0.80712890625 0.09765625 0.0986328125
0 0.111328125 0.91455078125 0.109375 0.1103515625