0 0.88525390625 0.91650390625 0.1103515625 0.1103515625
0 0.6962890625 0.91796875 0.0859375 0.0859375
0 0.50830078125 0.91650390625 0.1103515625 0.1103515625
0 0.314453125 0.9208984375 0.09765625 0.09765625
0 0.12353515625 0.91162109375 0.1103515625 0.1103515625
0 0.13232421875 0.81494140625 0.1103515625 0.1103515625
0 0.12890625 0.703125 0.09765625 0.09765625
0 0.12744140625 0.5927734375 0.1103515625 0.111328125
0 0.12744140625 0.47412109375 0.1103515625 0.1103515625
0 0.22119140625 0.86181640625 0.1103515625 0.1103515625
0 0.21923828125 0.7451171875 0.1103515625 0.111328125
0 0.228515625 0.6357421875 0.09765625 0.09765625
0 0.21875 0.51806640625 0.109375 0.1103515625
0 0.3173828125 0.80859375 0.109375 0.111328125
0 0.318359375 0.68896484375 0.060546875 0.0615234375
0 0.322265625 0.58251953125 0.109375 0.1103515625
0 0.3203125 0.47216796875 0.109375 0.1103515625
0 0.412109375 0.8642578125 0.109375 0.111328125
0 0.4091796875 0.75439453125 0.109375 0.1103515625
0 0.41748046875 0.64599609375 0.1103515625 0.1103515625
0 0.41357421875 0.52587890625 0.1103515625 0.1103515625
0 0.50634765625 0.80810546875 0.1103515625 0.1103515625
0 0.51025390625 0.70849609375 0.0615234375 0.0615234375
0 0.50927734375 0.58740234375 0.1103515625 0.1103515625
0 0.509765625 0.47119140625 0.109375 0.1103515625
0 0.60009765625 0.85888671875 0.0615234375 0.0615234375
0 0.60498046875 0.75048828125 0.0615234375 0.0615234375
0 0.603515625 0.64013671875 0.109375 0.1103515625
0 0.6044921875 0.52099609375 0.109375 0.1103515625
0 0.693359375 0.80908203125 0.109375 0.1103515625
0 0.69921875 0.68359375 0.0859375 0.0859375
0 0.69921875 0.58349609375 0.109375 0.1103515625
0 0.697265625 0.47509765625 0.09765625 0.0986328125
0 0.791015625 0.86669921875 0.109375 0.1103515625
0 0.79443359375 0.75439453125 0.1103515625 0.1103515625
0 0.79052734375 0.64404296875 0.1103515625 0.1103515625
0 0.78955078125 0.53173828125 0.1103515625 0.1103515625
0 0.88720703125 0.81494140625 0.1103515625 0.1103515625
0 0.88525390625 0.69775390625 0.1103515625 0.1103515625
0 0.884765625 0.59814453125 0.109375 0.1103515625
0 0.8896484375 0.4833984375 0.109375 0.111328125
0 0.78662109375 0.4248046875 0.1103515625 0.111328125
0 0.89892578125 0.3740234375 0.1103515625 0.111328125
0 0.8876953125 0.25927734375 0.109375 0.1103515625
0 0.88671875 0.14697265625 0.109375 0.1103515625
0 0.79443359375 0.3095703125 0.1103515625 0.111328125
0 0.79833984375 0.19970703125 0.1103515625 0.1103515625
0 0.7919921875 0.09521484375 0.109375 0.1103515625
0 0.6943359375 0.373046875 0.09765625 0.09765625
0 0.69873046875 0.2578125 0.1103515625 0.111328125
0 0.70166015625 0.1494140625 0.1103515625 0.111328125
0 0.599609375 0.42138671875 0.09765625 0.0986328125
0 0.5986328125 0.31396484375 0.09765625 0.0986328125
0 0.6005859375 0.2021484375 0.09765625 0.09765625
0 0.6044921875 0.0927734375 0.09765625 0.09765625
0 0.50927734375 0.36279296875 0.1103515625 0.1103515625
0 0.51171875 0.25244140625 0.109375 0.1103515625
0 0.513671875 0.14501953125 0.109375 0.1103515625
0 0.41845703125 0.41650390625 0.1103515625 0.1103515625
0 0.41552734375 0.30517578125 0.1103515625 0.1103515625
0 0.41455078125 0.20263671875 0.1103515625 0.1103515625
0 0.4189453125 0.08447265625 0.09765625 0.0986328125
0 0.326171875 0.35693359375 0.109375 0.1103515625
0 0.3212890625 0.24755859375 0.09765625 0.0986328125
0 0.32275390625 0.14404296875 0.1103515625 0.1103515625
0 0.2197265625 0.42138671875 0.09765625 0.0986328125
0 0.2236328125 0.31298828125 0.09765625 0.0986328125
0 0.216796875 0.19775390625 0.109375 0.1103515625
0 0.21533203125 0.08642578125 0.1103515625 0.1103515625
0 0.12646484375 0.36376953125 0.1103515625 0.1103515625
0 0.125 0.25439453125 0.109375 0.1103515625
0 0.126953125 0.15087890625 0.109375 0.1103515625