0 0.87744140625 0.642578125 0.0732421875 0.07421875
0 0.12841796875 0.13427734375 0.1103515625 0.1103515625
0 0.2255859375 0.1796875 0.09765625 0.09765625
0 0.2314453125 0.07568359375 0.09765625 0.0986328125
0 0.32080078125 0.12744140625 0.1103515625 0.1103515625
0 0.41650390625 0.18408203125 0.1103515625 0.1103515625
0 0.4140625 0.0810546875 0.109375 0.111328125
0 0.58935546875 0.1982421875 0.1103515625 0.111328125
0 0.59765625 0.09814453125 0.109375 0.1103515625
0 0.70703125 0.14013671875 0.109375 0.1103515625
0 0.7958984375 0.18310546875 0.09765625 0.0986328125
0 0.79638671875 0.08935546875 0.1103515625 0.1103515625
0 0.12939453125 0.24365234375 0.1103515625 0.1103515625
0 0.224609375 0.28564453125 0.109375 0.1103515625
0 0.33203125 0.24267578125 0.109375 0.1103515625
0 0.318359375 0.57421875 0.09765625 0.09765625
0 0.12451171875 0.89794921875 0.1103515625 0.1103515625
0 0.1220703125 0.78759765625 0.09765625 0.0986328125
0 0.12451171875 0.67431640625 0.0732421875 0.0732421875
0 0.22265625 0.85400390625 0.09765625 0.0986328125
0 0.22314453125 0.73291015625 0.1103515625 0.1103515625
0 0.2216796875 0.61962890625 0.109375 0.1103515625
0 0.314453125 0.8955078125 0.09765625 0.09765625
0 0.3212890625 0.796875 0.09765625 0.09765625
0 0.3134765625 0.68359375 0.109375 0.111328125
0 0.4091796875 0.85546875 0.109375 0.111328125
0 0.4091796875 0.76025390625 0.09765625 0.0986328125
0 0.4130859375 0.63037109375 0.109375 0.1103515625
0 0.4130859375 0.5029296875 0.09765625 0.09765625
0 0.416015625 0.3037109375 0.109375 0.111328125
0 0.5 0.44970703125 0.09765625 0.0986328125
0 0.50341796875 0.5615234375 0.1103515625 0.111328125
0 0.50244140625 0.68505859375 0.1103515625 0.1103515625
0 0.505859375 0.79541015625 0.109375 0.1103515625
0 0.501953125 0.90771484375 0.109375 0.1103515625
0 0.5908203125 0.84765625 0.09765625 0.09765625
0 0.587890625 0.74267578125 0.09765625 0.0986328125
0 0.583984375 0.64892578125 0.09765625 0.0986328125
0 0.587890625 0.50927734375 0.109375 0.1103515625
0 0.583984375 0.39794921875 0.109375 0.1103515625
0 0.59814453125 0.291015625 0.1103515625 0.111328125
0 0.69921875 0.248046875 0.109375 0.111328125
0 0.69775390625 0.353515625 0.1103515625 0.111328125
0 0.69775390625 0.4697265625 0.0849609375 0.0859375
0 0.6923828125 0.69189453125 0.09765625 0.0986328125
0 0.689453125 0.7919921875 0.109375 0.111328125
0 0.69580078125 0.89892578125 0.1103515625 0.1103515625
0 0.87451171875 0.5654296875 0.0849609375 0.0859375
0 0.875 0.46435546875 0.09765625 0.0986328125
0 0.77734375 0.30029296875 0.09765625 0.0986328125