0 0.9125 0.25234375 0.084375 0.0859375
0 0.9171875 0.36875 0.071875 0.071875
0 0.0671875 0.0921875 0.109375 0.109375
0 0.2609375 0.07578125 0.109375 0.1109375
0 0.82578125 0.08984375 0.0859375 0.0859375
0 0.6375 0.08515625 0.096875 0.0984375
0 0.9125 0.14375 0.071875 0.071875
0 0.91640625 0.47578125 0.0859375 0.0859375
0 0.915625 0.5859375 0.096875 0.096875
0 0.82109375 0.20078125 0.0859375 0.0859375
0 0.815625 0.31328125 0.096875 0.0984375
0 0.81953125 0.42109375 0.0859375 0.0859375
0 0.81875 0.5265625 0.096875 0.096875
0 0.7234375 0.14765625 0.096875 0.0984375
0 0.7234375 0.25546875 0.096875 0.0984375
0 0.725 0.36953125 0.084375 0.0859375
0 0.728125 0.47890625 0.084375 0.0859375
0 0.7265625 0.5828125 0.096875 0.096875
0 0.63125 0.19609375 0.096875 0.0984375
0 0.634375 0.309375 0.096875 0.096875
0 0.63125 0.42890625 0.084375 0.0859375
0 0.6296875 0.53125 0.096875 0.096875
0 0.540625 0.140625 0.096875 0.096875
0 0.53984375 0.26171875 0.0859375 0.0859375
0 0.540625 0.36953125 0.071875 0.0734375
0 0.5390625 0.47890625 0.071875 0.0734375
0 0.53125 0.5890625 0.071875 0.071875
0 0.44375 0.09140625 0.109375 0.1109375
0 0.4421875 0.2015625 0.096875 0.096875
0 0.446875 0.3140625 0.096875 0.096875
0 0.446875 0.42109375 0.084375 0.0859375
0 0.4484375 0.53046875 0.096875 0.0984375
0 0.3484375 0.14375 0.096875 0.096875
0 0.3484375 0.25546875 0.096875 0.0984375
0 0.3515625 0.36640625 0.084375 0.0859375
0 0.35 0.47734375 0.096875 0.0984375
0 0.35 0.59296875 0.096875 0.0984375
0 0.25625 0.203125 0.109375 0.109375
0 0.2578125 0.3109375 0.109375 0.109375
0 0.25546875 0.42265625 0.0859375 0.0859375
0 0.25625 0.53046875 0.096875 0.0984375
0 0.1578125 0.14453125 0.096875 0.0984375
0 0.1546875 0.25390625 0.096875 0.0984375
0 0.1640625 0.36796875 0.096875 0.0984375
0 0.1640625 0.47578125 0.096875 0.0984375
0 0.1609375 0.58671875 0.096875 0.0984375
0 0.059375 0.20625 0.109375 0.109375
0 0.0578125 0.31875 0.109375 0.109375
0 0.0609375 0.4203125 0.109375 0.109375
0 0.0578125 0.528125 0.109375 0.109375
0 0.0625 0.6453125 0.109375 0.109375
0 0.059375 0.75625 0.109375 0.109375
0 0.1640625 0.6984375 0.109375 0.109375
0 0.1640625 0.80703125 0.096875 0.0984375
0 0.159375 0.91875 0.109375 0.109375
0 0.25625 0.6390625 0.109375 0.109375
0 0.2625 0.7625 0.109375 0.109375
0 0.25625 0.865625 0.109375 0.109375
0 0.3515625 0.6921875 0.096875 0.096875
0 0.346875 0.8078125 0.109375 0.109375
0 0.353125 0.9234375 0.109375 0.109375
0 0.44375 0.64453125 0.071875 0.0734375
0 0.446875 0.7515625 0.096875 0.096875
0 0.44375 0.859375 0.109375 0.109375
0 0.5359375 0.69609375 0.071875 0.0734375
0 0.5328125 0.8078125 0.096875 0.096875
0 0.5375 0.91953125 0.084375 0.0859375
0 0.634375 0.63984375 0.096875 0.0984375
0 0.63046875 0.75234375 0.0859375 0.0859375
0 0.628125 0.8546875 0.096875 0.096875
0 0.7265625 0.69140625 0.096875 0.0984375
0 0.73125 0.80859375 0.096875 0.0984375
0 0.734375 0.9140625 0.096875 0.096875
0 0.82109375 0.64140625 0.0859375 0.0859375
0 0.8203125 0.74921875 0.096875 0.0984375
0 0.8203125 0.85859375 0.096875 0.0984375
0 0.9203125 0.69609375 0.096875 0.0984375
0 0.9140625 0.80390625 0.096875 0.0984375
0 0.91328125 0.91953125 0.0859375 0.0859375