0 0.94384765625 0.779296875 0.0732421875 0.07421875
0 0.85595703125 0.8388671875 0.0732421875 0.07421875
0 0.0830078125 0.71240234375 0.109375 0.1103515625
0 0.55322265625 0.39111328125 0.0732421875 0.0732421875
0 0.64794921875 0.43359375 0.0732421875 0.07421875
0 0.08447265625 0.9404296875 0.1103515625 0.111328125
0 0.0849609375 0.828125 0.09765625 0.09765625
0 0.08056640625 0.60693359375 0.0732421875 0.0732421875
0 0.185546875 0.87646484375 0.109375 0.1103515625
0 0.18359375 0.76904296875 0.09765625 0.0986328125
0 0.1796875 0.66455078125 0.09765625 0.0986328125
0 0.275390625 0.94189453125 0.09765625 0.0986328125
0 0.2744140625 0.83154296875 0.09765625 0.0986328125
0 0.2744140625 0.72509765625 0.09765625 0.0986328125
0 0.27197265625 0.61279296875 0.0732421875 0.0732421875
0 0.373046875 0.89794921875 0.09765625 0.0986328125
0 0.37109375 0.77490234375 0.09765625 0.0986328125
0 0.37109375 0.66552734375 0.09765625 0.0986328125
0 0.462890625 0.94677734375 0.09765625 0.0986328125
0 0.46875 0.84130859375 0.09765625 0.0986328125
0 0.4677734375 0.72216796875 0.09765625 0.0986328125
0 0.46337890625 0.6201171875 0.0732421875 0.07421875
0 0.5595703125 0.89111328125 0.09765625 0.0986328125
0 0.560546875 0.77685546875 0.09765625 0.0986328125
0 0.560546875 0.671875 0.0859375 0.0859375
0 0.6591796875 0.94775390625 0.09765625 0.0986328125
0 0.66015625 0.83447265625 0.09765625 0.0986328125
0 0.65380859375 0.73046875 0.0849609375 0.0859375
0 0.6572265625 0.623046875 0.09765625 0.09765625
0 0.75732421875 0.8955078125 0.0849609375 0.0859375
0 0.75537109375 0.7861328125 0.0849609375 0.0859375
0 0.7490234375 0.671875 0.09765625 0.09765625
0 0.85009765625 0.9453125 0.0849609375 0.0859375
0 0.84912109375 0.732421875 0.0732421875 0.07421875
0 0.853515625 0.62841796875 0.060546875 0.0615234375
0 0.9375 0.8955078125 0.0859375 0.0859375
0 0.94287109375 0.6923828125 0.0732421875 0.07421875
0 0.93994140625 0.4697265625 0.0849609375 0.0859375
0 0.939453125 0.38671875 0.09765625 0.09765625
0 0.9345703125 0.17041015625 0.109375 0.1103515625
0 0.84814453125 0.4443359375 0.0849609375 0.0859375
0 0.84619140625 0.33203125 0.1220703125 0.123046875
0 0.833984375 0.1181640625 0.0859375 0.0859375
0 0.75390625 0.380859375 0.09765625 0.09765625
0 0.74560546875 0.2744140625 0.1220703125 0.123046875
0 0.74560546875 0.1650390625 0.1103515625 0.111328125
0 0.74755859375 0.06298828125 0.1103515625 0.1103515625
0 0.658203125 0.33837890625 0.109375 0.1103515625
0 0.6533203125 0.2255859375 0.109375 0.111328125
0 0.65380859375 0.11328125 0.1220703125 0.123046875
0 0.55810546875 0.28076171875 0.1103515625 0.1103515625
0 0.55517578125 0.169921875 0.1220703125 0.123046875
0 0.46044921875 0.44189453125 0.0615234375 0.0615234375
0 0.4619140625 0.33544921875 0.09765625 0.0986328125
0 0.462890625 0.22314453125 0.09765625 0.0986328125
0 0.4560546875 0.1298828125 0.09765625 0.09765625
0 0.3623046875 0.39306640625 0.09765625 0.0986328125
0 0.3681640625 0.27490234375 0.09765625 0.0986328125
0 0.36865234375 0.1787109375 0.1220703125 0.123046875
0 0.36962890625 0.0625 0.1220703125 0.123046875
0 0.265625 0.44384765625 0.060546875 0.0615234375
0 0.2734375 0.33740234375 0.09765625 0.0986328125
0 0.2734375 0.22802734375 0.09765625 0.0986328125
0 0.27099609375 0.111328125 0.1220703125 0.123046875
0 0.17626953125 0.3896484375 0.0849609375 0.0859375
0 0.1806640625 0.28173828125 0.09765625 0.0986328125
0 0.17724609375 0.16748046875 0.1220703125 0.1220703125
0 0.1728515625 0.06005859375 0.09765625 0.0986328125
0 0.083984375 0.44287109375 0.060546875 0.0615234375
0 0.0810546875 0.33349609375 0.09765625 0.0986328125
0 0.0859375 0.22119140625 0.09765625 0.0986328125
0 0.0849609375 0.10986328125 0.09765625 0.0986328125