0 0.83349609375 0.115234375 0.1103515625 0.109375
0 0.7255859375 0.1162109375 0.111328125 0.109375
0 0.89111328125 0.21435546875 0.1103515625 0.1103515625
0 0.78271484375 0.2158203125 0.1103515625 0.109375
0 0.83837890625 0.31494140625 0.1103515625 0.1103515625
0 0.72314453125 0.31396484375 0.1103515625 0.1103515625
0 0.88623046875 0.4091796875 0.1103515625 0.109375
0 0.78271484375 0.40625 0.1103515625 0.109375
0 0.83349609375 0.501953125 0.0986328125 0.09765625
0 0.72607421875 0.5078125 0.1103515625 0.109375
0 0.89208984375 0.59912109375 0.1103515625 0.1103515625
0 0.77734375 0.59814453125 0.0859375 0.0849609375
0 0.94921875 0.69091796875 0.0859375 0.0849609375
0 0.83837890625 0.689453125 0.0986328125 0.09765625
0 0.8994140625 0.7822265625 0.0859375 0.0859375
0 0.783203125 0.78515625 0.0859375 0.0859375
0 0.8369140625 0.88671875 0.09765625 0.09765625
0 0.728515625 0.8828125 0.0859375 0.0859375
0 0.61669921875 0.8798828125 0.0986328125 0.09765625
0 0.50341796875 0.880859375 0.0986328125 0.09765625
0 0.400390625 0.87744140625 0.0859375 0.0849609375
0 0.28466796875 0.87890625 0.0986328125 0.09765625
0 0.67919921875 0.7880859375 0.0986328125 0.09765625
0 0.56494140625 0.78515625 0.0986328125 0.09765625
0 0.45849609375 0.7841796875 0.0986328125 0.09765625
0 0.34423828125 0.783203125 0.0986328125 0.09765625
0 0.23095703125 0.78125 0.0986328125 0.09765625
0 0.7255859375 0.68701171875 0.0859375 0.0849609375
0 0.61328125 0.68994140625 0.0859375 0.0849609375
0 0.50634765625 0.6865234375 0.0986328125 0.09765625
0 0.39599609375 0.69140625 0.0986328125 0.09765625
0 0.28125 0.6875 0.0859375 0.0859375
0 0.67138671875 0.5986328125 0.0986328125 0.09765625
0 0.56494140625 0.5966796875 0.0986328125 0.09765625
0 0.45166015625 0.5947265625 0.0986328125 0.09765625
0 0.34423828125 0.5966796875 0.0986328125 0.09765625
0 0.2236328125 0.59521484375 0.0859375 0.0849609375
0 0.61572265625 0.5009765625 0.1103515625 0.109375
0 0.50048828125 0.50244140625 0.1103515625 0.1103515625
0 0.39892578125 0.5068359375 0.0986328125 0.09765625
0 0.2900390625 0.49609375 0.09765625 0.09765625
0 0.66357421875 0.40087890625 0.1103515625 0.1103515625
0 0.61572265625 0.30517578125 0.1103515625 0.1103515625
0 0.56494140625 0.40283203125 0.1103515625 0.1103515625
0 0.44970703125 0.39990234375 0.1103515625 0.1103515625
0 0.33203125 0.40283203125 0.111328125 0.1103515625
0 0.224609375 0.400390625 0.0859375 0.0859375
0 0.4931640625 0.30419921875 0.07421875 0.0732421875
0 0.39453125 0.3076171875 0.09765625 0.09765625
0 0.2763671875 0.30078125 0.09765625 0.09765625
0 0.67041015625 0.205078125 0.1103515625 0.109375
0 0.5595703125 0.2080078125 0.111328125 0.109375
0 0.458984375 0.2119140625 0.111328125 0.109375
0 0.33935546875 0.205078125 0.0986328125 0.09765625
0 0.22265625 0.20556640625 0.0859375 0.0849609375
0 0.6220703125 0.119140625 0.111328125 0.109375
0 0.5146484375 0.11962890625 0.0859375 0.0849609375
0 0.38916015625 0.1162109375 0.0986328125 0.09765625
0 0.27978515625 0.1240234375 0.0986328125 0.09765625
0 0.037109375 0.021484375 0.037109375 0.037109375
0 0.17578125 0.1279296875 0.0859375 0.0859375
0 0.06689453125 0.12841796875 0.0732421875 0.0732421875
0 0.11669921875 0.208984375 0.0986328125 0.09765625
0 0.17041015625 0.30078125 0.0986328125 0.09765625
0 0.06298828125 0.3056640625 0.0986328125 0.09765625
0 0.11328125 0.4091796875 0.09765625 0.09765625
0 0.1748046875 0.50048828125 0.0859375 0.0849609375
0 0.0634765625 0.4990234375 0.09765625 0.09765625
0 0.1162109375 0.5986328125 0.09765625 0.09765625
0 0.1708984375 0.6875 0.0859375 0.0859375
0 0.0673828125 0.689453125 0.0859375 0.0859375
0 0.1259765625 0.783203125 0.0859375 0.0859375
0 0.177734375 0.88427734375 0.0859375 0.0849609375
0 0.07666015625 0.8759765625 0.0986328125 0.09765625