0 0.0537109375 0.21484375 0.060546875 0.060546875
0 0.15966796875 0.70458984375 0.0732421875 0.0732421875
0 0.15283203125 0.921875 0.0849609375 0.0859375
0 0.24755859375 0.86376953125 0.0732421875 0.0732421875
0 0.25439453125 0.75830078125 0.0732421875 0.0732421875
0 0.0625 0.318359375 0.09765625 0.09765625
0 0.06103515625 0.4267578125 0.0849609375 0.0859375
0 0.06005859375 0.5400390625 0.0849609375 0.0859375
0 0.06103515625 0.6474609375 0.0849609375 0.0859375
0 0.15380859375 0.2607421875 0.0732421875 0.07421875
0 0.2470703125 0.314453125 0.0859375 0.0859375
0 0.25244140625 0.4267578125 0.0732421875 0.07421875
0 0.1591796875 0.37109375 0.09765625 0.09765625
0 0.1591796875 0.482421875 0.09765625 0.09765625
0 0.15576171875 0.59619140625 0.0615234375 0.0615234375
0 0.064453125 0.75927734375 0.0859375 0.0869140625
0 0.2490234375 0.5390625 0.0859375 0.0859375
0 0.25 0.6474609375 0.0859375 0.0859375
0 0.15185546875 0.81298828125 0.0732421875 0.0732421875
0 0.0595703125 0.8701171875 0.0859375 0.0859375