0 0.9306640625 0.23095703125 0.09765625 0.0986328125
0 0.923828125 0.3388671875 0.109375 0.111328125
0 0.9287109375 0.44580078125 0.09765625 0.0986328125
0 0.92236328125 0.54443359375 0.1103515625 0.1103515625
0 0.921875 0.66015625 0.09765625 0.09765625
0 0.9208984375 0.76708984375 0.09765625 0.0986328125
0 0.8330078125 0.83056640625 0.09765625 0.0986328125
0 0.830078125 0.92138671875 0.09765625 0.0986328125
0 0.73095703125 0.8681640625 0.1103515625 0.111328125
0 0.83203125 0.6875 0.09765625 0.09765625
0 0.828125 0.59912109375 0.09765625 0.0986328125
0 0.83349609375 0.48291015625 0.1103515625 0.1103515625
0 0.83984375 0.3818359375 0.109375 0.111328125
0 0.83740234375 0.27392578125 0.1103515625 0.1103515625
0 0.84130859375 0.1630859375 0.1103515625 0.111328125
0 0.74169921875 0.2255859375 0.1103515625 0.111328125
0 0.73779296875 0.33642578125 0.1103515625 0.1103515625
0 0.74169921875 0.4296875 0.1103515625 0.111328125
0 0.73486328125 0.54541015625 0.1103515625 0.1103515625
0 0.6494140625 0.60498046875 0.109375 0.1103515625
0 0.64306640625 0.48828125 0.1103515625 0.111328125
0 0.6435546875 0.38525390625 0.109375 0.1103515625
0 0.64990234375 0.27490234375 0.1103515625 0.1103515625
0 0.6474609375 0.17822265625 0.109375 0.1103515625
0 0.5556640625 0.21484375 0.109375 0.111328125
0 0.5517578125 0.32177734375 0.09765625 0.0986328125
0 0.55078125 0.4296875 0.09765625 0.09765625
0 0.55029296875 0.54248046875 0.1103515625 0.1103515625
0 0.5517578125 0.65966796875 0.09765625 0.0986328125
0 0.5478515625 0.76806640625 0.09765625 0.0986328125
0 0.64013671875 0.83154296875 0.1103515625 0.1103515625
0 0.6376953125 0.70556640625 0.109375 0.1103515625
0 0.53564453125 0.865234375 0.0849609375 0.0859375
0 0.6376953125 0.935546875 0.09765625 0.09765625
0 0.4423828125 0.919921875 0.0859375 0.0859375
0 0.4501953125 0.814453125 0.09765625 0.09765625
0 0.45703125 0.69384765625 0.09765625 0.0986328125
0 0.4560546875 0.5947265625 0.09765625 0.09765625
0 0.451171875 0.49072265625 0.09765625 0.0986328125
0 0.4521484375 0.38134765625 0.109375 0.1103515625
0 0.4560546875 0.26416015625 0.09765625 0.0986328125
0 0.46142578125 0.15869140625 0.1103515625 0.1103515625
0 0.36181640625 0.21826171875 0.1103515625 0.1103515625
0 0.3642578125 0.33056640625 0.109375 0.1103515625
0 0.36669921875 0.4306640625 0.1103515625 0.111328125
0 0.3603515625 0.54541015625 0.109375 0.1103515625
0 0.361328125 0.654296875 0.109375 0.111328125
0 0.357421875 0.75732421875 0.109375 0.1103515625
0 0.34716796875 0.87841796875 0.1103515625 0.1103515625
0 0.24609375 0.93408203125 0.109375 0.1103515625
0 0.25634765625 0.81201171875 0.1103515625 0.1103515625
0 0.26318359375 0.69873046875 0.1103515625 0.1103515625
0 0.25537109375 0.59033203125 0.1103515625 0.1103515625
0 0.2646484375 0.486328125 0.09765625 0.09765625
0 0.26611328125 0.3759765625 0.1103515625 0.111328125
0 0.275390625 0.15576171875 0.109375 0.1103515625
0 0.2685546875 0.26416015625 0.109375 0.1103515625
0 0.16943359375 0.21435546875 0.1103515625 0.1103515625
0 0.17041015625 0.31591796875 0.1103515625 0.1103515625
0 0.1640625 0.43798828125 0.109375 0.1103515625
0 0.16357421875 0.54248046875 0.1103515625 0.1103515625
0 0.15869140625 0.64794921875 0.1103515625 0.1103515625
0 0.15576171875 0.77880859375 0.1103515625 0.1103515625
0 0.1650390625 0.86767578125 0.09765625 0.0986328125
0 0.0703125 0.91943359375 0.109375 0.1103515625
0 0.06640625 0.80517578125 0.09765625 0.0986328125
0 0.05908203125 0.70458984375 0.1103515625 0.1103515625
0 0.0693359375 0.59521484375 0.109375 0.1103515625
0 0.076171875 0.486328125 0.109375 0.111328125
0 0.07861328125 0.380859375 0.1103515625 0.111328125
0 0.06982421875 0.27197265625 0.1103515625 0.1103515625
0 0.0732421875 0.16259765625 0.09765625 0.0986328125