0 0.12939453125 0.03955078125 0.0732421875 0.0732421875
0 0.78759765625 0.09765625 0.0732421875 0.07421875
0 0.6943359375 0.03662109375 0.060546875 0.0615234375
0 0.79638671875 0.53759765625 0.0732421875 0.0732421875
0 0.86962890625 0.6884765625 0.0732421875 0.07421875
0 0.869140625 0.8056640625 0.0859375 0.0859375
0 0.87060546875 0.9189453125 0.0849609375 0.0859375
0 0.78857421875 0.8642578125 0.0732421875 0.07421875
0 0.69091796875 0.8017578125 0.0849609375 0.0859375
0 0.68798828125 0.9228515625 0.0849609375 0.0859375
0 0.6015625 0.8759765625 0.0859375 0.0859375
0 0.5078125 0.80517578125 0.09765625 0.0986328125
0 0.50341796875 0.92919921875 0.1103515625 0.1103515625
0 0.4169921875 0.87451171875 0.109375 0.1103515625
0 0.23095703125 0.853515625 0.0849609375 0.0859375
0 0.12890625 0.8115234375 0.09765625 0.09765625
0 0.1171875 0.92041015625 0.109375 0.1103515625
0 0.79345703125 0.740234375 0.0732421875 0.07421875
0 0.78857421875 0.63232421875 0.0732421875 0.0732421875
0 0.6953125 0.5908203125 0.0859375 0.0859375
0 0.6953125 0.7060546875 0.0859375 0.0859375
0 0.88427734375 0.5947265625 0.0732421875 0.07421875
0 0.88427734375 0.47509765625 0.0732421875 0.0732421875
0 0.88427734375 0.2548828125 0.0849609375 0.0859375
0 0.8818359375 0.15234375 0.0859375 0.0859375
0 0.5029296875 0.1689453125 0.0859375 0.0859375
0 0.3193359375 0.2822265625 0.0859375 0.0859375
0 0.41015625 0.3115234375 0.0859375 0.0859375
0 0.7890625 0.20703125 0.09765625 0.09765625
0 0.7900390625 0.31005859375 0.09765625 0.0986328125
0 0.79638671875 0.4306640625 0.0849609375 0.0859375
0 0.88134765625 0.36328125 0.0849609375 0.0859375
0 0.7021484375 0.15625 0.109375 0.111328125
0 0.69580078125 0.26318359375 0.1103515625 0.1103515625
0 0.69677734375 0.37060546875 0.1103515625 0.1103515625
0 0.69775390625 0.49072265625 0.1103515625 0.1103515625
0 0.607421875 0.5478515625 0.0859375 0.0859375
0 0.6083984375 0.6376953125 0.0859375 0.0859375
0 0.61279296875 0.439453125 0.0849609375 0.0859375
0 0.60888671875 0.30810546875 0.1103515625 0.1103515625
0 0.60498046875 0.20654296875 0.1103515625 0.1103515625
0 0.609375 0.1015625 0.0859375 0.0859375
0 0.50537109375 0.2861328125 0.1103515625 0.111328125
0 0.50146484375 0.39697265625 0.1103515625 0.1103515625
0 0.50390625 0.50439453125 0.09765625 0.0986328125
0 0.5087890625 0.58544921875 0.09765625 0.0986328125
0 0.40966796875 0.6591796875 0.0849609375 0.0859375
0 0.4111328125 0.75439453125 0.09765625 0.0986328125
0 0.5078125 0.69970703125 0.09765625 0.0986328125
0 0.6123046875 0.75048828125 0.09765625 0.0986328125
0 0.4130859375 0.55126953125 0.09765625 0.0986328125
0 0.3154296875 0.154296875 0.09765625 0.09765625
0 0.421875 0.0908203125 0.09765625 0.09765625
0 0.4150390625 0.20703125 0.0859375 0.0859375
0 0.31787109375 0.388671875 0.0849609375 0.0859375
0 0.4150390625 0.4580078125 0.0859375 0.0859375
0 0.2353515625 0.3427734375 0.0859375 0.0859375
0 0.22802734375 0.216796875 0.0849609375 0.0859375
0 0.3203125 0.7021484375 0.09765625 0.09765625
0 0.3193359375 0.58740234375 0.09765625 0.0986328125
0 0.32080078125 0.4873046875 0.0849609375 0.0859375
0 0.23828125 0.4365234375 0.09765625 0.09765625
0 0.2275390625 0.541015625 0.0859375 0.0859375
0 0.2314453125 0.642578125 0.0859375 0.0859375
0 0.224609375 0.75146484375 0.0859375 0.0869140625
0 0.1298828125 0.162109375 0.09765625 0.09765625
0 0.13232421875 0.263671875 0.0849609375 0.0859375
0 0.1298828125 0.3662109375 0.09765625 0.09765625
0 0.12890625 0.48095703125 0.09765625 0.0986328125
0 0.12939453125 0.59375 0.0849609375 0.0859375
0 0.1357421875 0.7041015625 0.0859375 0.0859375
0 0.22412109375 0.1201171875 0.0849609375 0.0859375
0 0.31787109375 0.92138671875 0.1103515625 0.1103515625
0 0.31982421875 0.8154296875 0.0849609375 0.0859375