0 0.70263671875 0.392578125 0.0986328125 0.09765625
0 0.64599609375 0.486328125 0.1103515625 0.109375
0 0.87109375 0.10205078125 0.111328125 0.1103515625
0 0.7607421875 0.1064453125 0.111328125 0.109375
0 0.6484375 0.103515625 0.111328125 0.109375
0 0.53369140625 0.10546875 0.1103515625 0.109375
0 0.701171875 0.20361328125 0.111328125 0.1103515625
0 0.6181640625 0.20556640625 0.07421875 0.0732421875
0 0.478515625 0.1953125 0.09765625 0.09765625
0 0.86669921875 0.294921875 0.1103515625 0.109375
0 0.6513671875 0.294921875 0.09765625 0.09765625
0 0.5419921875 0.2919921875 0.09765625 0.09765625
0 0.91650390625 0.38427734375 0.1103515625 0.1103515625
0 0.81494140625 0.388671875 0.1103515625 0.109375
0 0.58935546875 0.3935546875 0.1103515625 0.109375
0 0.4853515625 0.39111328125 0.111328125 0.1103515625
0 0.9375 0.51416015625 0.0859375 0.0849609375
0 0.85595703125 0.48388671875 0.1103515625 0.1103515625
0 0.54052734375 0.484375 0.0986328125 0.09765625
0 0.4296875 0.486328125 0.09765625 0.09765625
0 0.314453125 0.4853515625 0.0859375 0.0859375
0 0.20947265625 0.48583984375 0.0615234375 0.0615234375
0 0.09521484375 0.486328125 0.0986328125 0.09765625
0 0.15625 0.578125 0.0859375 0.0859375
0 0.37109375 0.3896484375 0.09765625 0.09765625
0 0.263671875 0.38916015625 0.0859375 0.0849609375
0 0.14404296875 0.39013671875 0.1103515625 0.1103515625
0 0.447265625 0.29150390625 0.111328125 0.1103515625
0 0.32666015625 0.3017578125 0.0986328125 0.09765625
0 0.20654296875 0.2919921875 0.0615234375 0.060546875
0 0.10791015625 0.2939453125 0.1103515625 0.109375
0 0.37646484375 0.2021484375 0.0986328125 0.09765625
0 0.26025390625 0.2060546875 0.0986328125 0.09765625
0 0.15478515625 0.1982421875 0.0986328125 0.09765625
0 0.43017578125 0.1044921875 0.0986328125 0.09765625
0 0.32080078125 0.10546875 0.0986328125 0.09765625
0 0.20458984375 0.10595703125 0.0732421875 0.0732421875
0 0.10009765625 0.107421875 0.0986328125 0.09765625
0 0.0966796875 0.6748046875 0.09765625 0.09765625
0 0.1533203125 0.77392578125 0.0859375 0.0849609375
0 0.09619140625 0.8740234375 0.0986328125 0.09765625