0 0.17431640625 0.86767578125 0.0615234375 0.0615234375
0 0.85009765625 0.92138671875 0.0615234375 0.0615234375
0 0.849609375 0.80712890625 0.09765625 0.0986328125
0 0.85107421875 0.70068359375 0.1103515625 0.1103515625
0 0.7578125 0.8681640625 0.0859375 0.0859375
0 0.74267578125 0.7509765625 0.0849609375 0.0859375
0 0.9462890625 0.64599609375 0.09765625 0.0986328125
0 0.943359375 0.42822265625 0.09765625 0.0986328125
0 0.9423828125 0.31591796875 0.109375 0.1103515625
0 0.84716796875 0.59912109375 0.1103515625 0.1103515625
0 0.85205078125 0.48486328125 0.1103515625 0.1103515625
0 0.84814453125 0.36572265625 0.1103515625 0.1103515625
0 0.845703125 0.26025390625 0.109375 0.1103515625
0 0.7470703125 0.6435546875 0.0859375 0.0859375
0 0.74365234375 0.5419921875 0.0849609375 0.0859375
0 0.74853515625 0.4306640625 0.0849609375 0.0859375
0 0.74755859375 0.3173828125 0.0849609375 0.0859375
0 0.6611328125 0.80859375 0.09765625 0.09765625
0 0.6484375 0.701171875 0.09765625 0.09765625
0 0.65234375 0.58935546875 0.109375 0.1103515625
0 0.654296875 0.48388671875 0.109375 0.1103515625
0 0.65234375 0.36865234375 0.09765625 0.0986328125
0 0.65478515625 0.26025390625 0.1103515625 0.1103515625
0 0.55615234375 0.7548828125 0.1103515625 0.111328125
0 0.55224609375 0.6455078125 0.1103515625 0.111328125
0 0.552734375 0.53369140625 0.109375 0.1103515625
0 0.556640625 0.43115234375 0.09765625 0.0986328125
0 0.5537109375 0.31494140625 0.109375 0.1103515625
0 0.56201171875 0.865234375 0.0849609375 0.0859375
0 0.4619140625 0.80810546875 0.09765625 0.0986328125
0 0.4619140625 0.7021484375 0.09765625 0.09765625
0 0.458984375 0.59375 0.09765625 0.09765625
0 0.45751953125 0.4853515625 0.1103515625 0.111328125
0 0.45703125 0.37548828125 0.09765625 0.0986328125
0 0.3662109375 0.85595703125 0.109375 0.1103515625
0 0.36328125 0.75048828125 0.09765625 0.0986328125
0 0.361328125 0.64697265625 0.09765625 0.0986328125
0 0.3701171875 0.5341796875 0.109375 0.111328125
0 0.36767578125 0.4296875 0.1103515625 0.111328125
0 0.35986328125 0.3330078125 0.1103515625 0.111328125
0 0.2724609375 0.81103515625 0.09765625 0.0986328125
0 0.2705078125 0.70751953125 0.09765625 0.0986328125
0 0.2685546875 0.59228515625 0.109375 0.1103515625
0 0.271484375 0.4853515625 0.09765625 0.09765625
0 0.26953125 0.37109375 0.09765625 0.09765625
0 0.1787109375 0.75439453125 0.09765625 0.0986328125
0 0.17578125 0.64892578125 0.09765625 0.0986328125
0 0.17724609375 0.53759765625 0.1103515625 0.1103515625
0 0.177734375 0.43017578125 0.09765625 0.0986328125
0 0.083984375 0.81494140625 0.09765625 0.0986328125
0 0.08203125 0.69970703125 0.0859375 0.0869140625
0 0.08544921875 0.5888671875 0.0849609375 0.0859375
0 0.08251953125 0.4814453125 0.0849609375 0.0859375
0 0.08251953125 0.373046875 0.0732421875 0.07421875
0 0.080078125 0.2666015625 0.09765625 0.09765625
0 0.0830078125 0.146484375 0.0859375 0.0859375
0 0.08056640625 0.0380859375 0.0732421875 0.07421875
0 0.177734375 0.3173828125 0.109375 0.111328125
0 0.1787109375 0.2060546875 0.09765625 0.09765625
0 0.1748046875 0.0927734375 0.09765625 0.09765625
0 0.2724609375 0.263671875 0.09765625 0.09765625
0 0.2724609375 0.15283203125 0.09765625 0.0986328125
0 0.36572265625 0.20458984375 0.1103515625 0.1103515625
0 0.36376953125 0.09716796875 0.1103515625 0.1103515625
0 0.4638671875 0.26318359375 0.09765625 0.0986328125
0 0.466796875 0.15380859375 0.09765625 0.0986328125
0 0.5625 0.20166015625 0.109375 0.1103515625
0 0.5634765625 0.08935546875 0.109375 0.1103515625
0 0.65283203125 0.14892578125 0.1103515625 0.1103515625
0 0.7451171875 0.20654296875 0.09765625 0.0986328125
0 0.7421875 0.0986328125 0.0859375 0.0859375
0 0.8466796875 0.14794921875 0.109375 0.1103515625
0 0.9443359375 0.20361328125 0.109375 0.1103515625
0 0.94287109375 0.0927734375 0.1103515625 0.111328125