0 0.53466796875 0.7880859375 0.0732421875 0.07421875
0 0.25537109375 0.54150390625 0.0732421875 0.0732421875
0 0.0673828125 0.0869140625 0.09765625 0.09765625
0 0.24853515625 0.09375 0.0849609375 0.0859375
0 0.4345703125 0.09228515625 0.09765625 0.0986328125
0 0.630859375 0.07568359375 0.109375 0.1103515625
0 0.82373046875 0.08984375 0.0849609375 0.0859375
0 0.6416015625 0.8896484375 0.0859375 0.0859375
0 0.4404296875 0.62646484375 0.0859375 0.0869140625
0 0.4404296875 0.515625 0.0859375 0.0859375
0 0.34716796875 0.5703125 0.0732421875 0.07421875
0 0.35107421875 0.67578125 0.0732421875 0.07421875
0 0.15478515625 0.5771484375 0.0849609375 0.0859375
0 0.0615234375 0.5361328125 0.09765625 0.09765625
0 0.0654296875 0.7431640625 0.109375 0.111328125
0 0.0576171875 0.85498046875 0.109375 0.1103515625
0 0.1533203125 0.90966796875 0.09765625 0.0986328125
0 0.15869140625 0.8056640625 0.0849609375 0.0859375
0 0.1533203125 0.67919921875 0.109375 0.1103515625
0 0.25146484375 0.6396484375 0.0849609375 0.0859375
0 0.25 0.7392578125 0.09765625 0.09765625
0 0.2529296875 0.87451171875 0.09765625 0.0986328125
0 0.34716796875 0.91015625 0.0849609375 0.0859375
0 0.341796875 0.77490234375 0.09765625 0.0986328125
0 0.43896484375 0.83203125 0.0849609375 0.0859375
0 0.533203125 0.90380859375 0.09765625 0.0986328125
0 0.91015625 0.490234375 0.09765625 0.09765625
0 0.912109375 0.58642578125 0.09765625 0.0986328125
0 0.9072265625 0.70361328125 0.109375 0.1103515625
0 0.904296875 0.80908203125 0.109375 0.1103515625
0 0.8125 0.53271484375 0.09765625 0.0986328125
0 0.8193359375 0.63818359375 0.09765625 0.0986328125
0 0.81396484375 0.75048828125 0.1103515625 0.1103515625
0 0.81103515625 0.86474609375 0.1103515625 0.1103515625
0 0.7197265625 0.80859375 0.109375 0.111328125
0 0.728515625 0.6748046875 0.09765625 0.09765625
0 0.7236328125 0.5732421875 0.109375 0.111328125
0 0.6279296875 0.5263671875 0.109375 0.111328125
0 0.63330078125 0.63427734375 0.1103515625 0.1103515625
0 0.63037109375 0.77880859375 0.1103515625 0.1103515625
0 0.724609375 0.91552734375 0.109375 0.1103515625
0 0.53369140625 0.58203125 0.0849609375 0.0859375
0 0.912109375 0.14990234375 0.09765625 0.0986328125
0 0.9111328125 0.25732421875 0.109375 0.1103515625
0 0.91015625 0.369140625 0.09765625 0.09765625
0 0.82421875 0.4130859375 0.09765625 0.09765625
0 0.81640625 0.1982421875 0.09765625 0.09765625
0 0.8212890625 0.3115234375 0.09765625 0.09765625
0 0.7294921875 0.1484375 0.09765625 0.09765625
0 0.7294921875 0.2626953125 0.09765625 0.09765625
0 0.7216796875 0.373046875 0.09765625 0.09765625
0 0.72119140625 0.47412109375 0.1103515625 0.1103515625
0 0.6328125 0.42333984375 0.09765625 0.0986328125
0 0.63037109375 0.31103515625 0.1103515625 0.1103515625
0 0.63037109375 0.1884765625 0.1103515625 0.111328125
0 0.5390625 0.2529296875 0.0859375 0.0859375
0 0.5361328125 0.119140625 0.09765625 0.09765625
0 0.443359375 0.19677734375 0.109375 0.1103515625
0 0.4423828125 0.31982421875 0.09765625 0.0986328125
0 0.44189453125 0.41455078125 0.0849609375 0.0869140625
0 0.35302734375 0.486328125 0.0849609375 0.0859375
0 0.34716796875 0.36279296875 0.1103515625 0.1103515625
0 0.34814453125 0.25341796875 0.1103515625 0.1103515625
0 0.3486328125 0.14306640625 0.09765625 0.0986328125
0 0.2490234375 0.20166015625 0.09765625 0.0986328125
0 0.2509765625 0.31201171875 0.09765625 0.0986328125
0 0.25 0.416015625 0.0859375 0.0859375
0 0.15234375 0.47412109375 0.109375 0.1103515625
0 0.1552734375 0.36962890625 0.09765625 0.0986328125
0 0.1552734375 0.251953125 0.0859375 0.0859375
0 0.154296875 0.1455078125 0.0859375 0.0859375
0 0.0634765625 0.19189453125 0.09765625 0.0986328125
0 0.060546875 0.29931640625 0.09765625 0.0986328125
0 0.06640625 0.4052734375 0.09765625 0.09765625
0 0.5390625 0.37548828125 0.109375 0.1103515625
0 0.5341796875 0.46630859375 0.109375 0.1103515625