0 0.91259765625 0.08935546875 0.0732421875 0.0732421875
0 0.9013671875 0.85302734375 0.09765625 0.0986328125
0 0.81005859375 0.90771484375 0.1103515625 0.1103515625
0 0.6240234375 0.8984375 0.0859375 0.0859375
0 0.5244140625 0.84912109375 0.09765625 0.0986328125
0 0.43359375 0.9140625 0.09765625 0.09765625
0 0.34716796875 0.86474609375 0.1103515625 0.1103515625
0 0.24267578125 0.828125 0.0849609375 0.0859375
0 0.23974609375 0.9345703125 0.0849609375 0.0859375
0 0.15087890625 0.873046875 0.0849609375 0.0859375
0 0.056640625 0.814453125 0.0859375 0.0859375
0 0.0576171875 0.927734375 0.0859375 0.0859375
0 0.81201171875 0.125 0.0849609375 0.0859375
0 0.05859375 0.1611328125 0.0859375 0.0859375
0 0.05859375 0.265625 0.0859375 0.0859375
0 0.0595703125 0.38623046875 0.09765625 0.0986328125
0 0.0556640625 0.4931640625 0.0859375 0.0859375
0 0.05419921875 0.59765625 0.0849609375 0.0859375
0 0.060546875 0.7041015625 0.09765625 0.09765625
0 0.1513671875 0.76025390625 0.09765625 0.0986328125
0 0.14990234375 0.654296875 0.0849609375 0.0859375
0 0.1552734375 0.5361328125 0.0859375 0.0859375
0 0.14892578125 0.43212890625 0.0849609375 0.0869140625
0 0.15234375 0.32177734375 0.09765625 0.0986328125
0 0.154296875 0.20556640625 0.09765625 0.0986328125
0 0.150390625 0.09912109375 0.09765625 0.0986328125
0 0.2470703125 0.15283203125 0.109375 0.1103515625
0 0.2470703125 0.25634765625 0.09765625 0.0986328125
0 0.25 0.36474609375 0.09765625 0.0986328125
0 0.248046875 0.4873046875 0.0859375 0.0859375
0 0.2490234375 0.59716796875 0.09765625 0.0986328125
0 0.2470703125 0.69873046875 0.09765625 0.0986328125
0 0.341796875 0.09423828125 0.09765625 0.0986328125
0 0.3466796875 0.2099609375 0.09765625 0.09765625
0 0.34033203125 0.3125 0.0849609375 0.0859375
0 0.337890625 0.421875 0.09765625 0.09765625
0 0.34765625 0.53759765625 0.09765625 0.0986328125
0 0.3408203125 0.64990234375 0.09765625 0.0986328125
0 0.3447265625 0.75634765625 0.09765625 0.0986328125
0 0.4365234375 0.79833984375 0.09765625 0.0986328125
0 0.443359375 0.6875 0.09765625 0.09765625
0 0.435546875 0.57958984375 0.09765625 0.0986328125
0 0.4384765625 0.46875 0.09765625 0.09765625
0 0.4375 0.35595703125 0.09765625 0.0986328125
0 0.4453125 0.2451171875 0.09765625 0.09765625
0 0.4384765625 0.13720703125 0.09765625 0.0986328125
0 0.52734375 0.080078125 0.09765625 0.09765625
0 0.533203125 0.18701171875 0.09765625 0.0986328125
0 0.53125 0.29443359375 0.09765625 0.0986328125
0 0.5302734375 0.4091796875 0.09765625 0.09765625
0 0.5263671875 0.52490234375 0.09765625 0.0986328125
0 0.52978515625 0.6298828125 0.0849609375 0.0859375
0 0.529296875 0.73193359375 0.09765625 0.0986328125
0 0.62548828125 0.78271484375 0.1103515625 0.1103515625
0 0.6240234375 0.67431640625 0.109375 0.1103515625
0 0.619140625 0.56689453125 0.109375 0.1103515625
0 0.62548828125 0.46533203125 0.1103515625 0.1103515625
0 0.62451171875 0.35205078125 0.1103515625 0.1103515625
0 0.6220703125 0.23779296875 0.109375 0.1103515625
0 0.62060546875 0.126953125 0.1103515625 0.111328125
0 0.71875 0.083984375 0.09765625 0.09765625
0 0.7099609375 0.18701171875 0.109375 0.1103515625
0 0.72265625 0.291015625 0.109375 0.111328125
0 0.71484375 0.40283203125 0.109375 0.1103515625
0 0.71728515625 0.5078125 0.0849609375 0.0859375
0 0.7197265625 0.59765625 0.0859375 0.0859375
0 0.71484375 0.73095703125 0.09765625 0.0986328125
0 0.8154296875 0.7958984375 0.109375 0.111328125
0 0.7158203125 0.8427734375 0.0859375 0.0859375
0 0.8115234375 0.6708984375 0.0859375 0.0859375
0 0.8115234375 0.57861328125 0.09765625 0.0986328125
0 0.810546875 0.45751953125 0.09765625 0.0986328125
0 0.81591796875 0.353515625 0.0849609375 0.0859375
0 0.810546875 0.22705078125 0.109375 0.1103515625
0 0.90869140625 0.1875 0.0849609375 0.0859375
0 0.9072265625 0.287109375 0.09765625 0.09765625
0 0.91015625 0.42236328125 0.09765625 0.0986328125
0 0.908203125 0.51123046875 0.09765625 0.0986328125
0 0.8994140625 0.62841796875 0.109375 0.1103515625
0 0.900390625 0.73974609375 0.109375 0.1103515625
0 0.05126953125 0.052734375 0.0849609375 0.0859375