0 0.42626953125 0.83642578125 0.0732421875 0.0732421875
0 0.84912109375 0.080078125 0.1103515625 0.109375
0 0.92578125 0.17822265625 0.111328125 0.1103515625
0 0.9345703125 0.3642578125 0.0859375 0.0859375
0 0.8515625 0.2685546875 0.09765625 0.09765625
0 0.88232421875 0.4609375 0.0986328125 0.09765625
0 0.93212890625 0.55029296875 0.1103515625 0.1103515625
0 0.880859375 0.6484375 0.09765625 0.09765625
0 0.93701171875 0.7392578125 0.0986328125 0.09765625
0 0.8740234375 0.82958984375 0.0859375 0.0849609375
0 0.9365234375 0.927734375 0.0859375 0.0859375
0 0.3974609375 0.92822265625 0.07421875 0.0732421875
0 0.2919921875 0.93212890625 0.07421875 0.0732421875
0 0.390625 0.73583984375 0.0859375 0.0849609375
0 0.08349609375 0.07275390625 0.0869140625 0.0849609375
0 0.19384765625 0.076171875 0.0986328125 0.09765625
0 0.31005859375 0.078125 0.0986328125 0.09765625
0 0.41650390625 0.07421875 0.0986328125 0.09765625
0 0.36279296875 0.1708984375 0.1103515625 0.109375
0 0.25927734375 0.1708984375 0.0986328125 0.09765625
0 0.15087890625 0.173828125 0.0986328125 0.09765625
0 0.42138671875 0.265625 0.0986328125 0.09765625
0 0.3056640625 0.2705078125 0.09765625 0.09765625
0 0.203125 0.26416015625 0.0859375 0.0849609375
0 0.09375 0.26171875 0.09765625 0.09765625
0 0.15966796875 0.361328125 0.0986328125 0.09765625
0 0.2705078125 0.369140625 0.09765625 0.09765625
0 0.37841796875 0.3623046875 0.0986328125 0.09765625
0 0.435546875 0.451171875 0.09765625 0.09765625
0 0.32861328125 0.45703125 0.0986328125 0.09765625
0 0.22119140625 0.455078125 0.0986328125 0.09765625
0 0.1064453125 0.4541015625 0.09765625 0.09765625
0 0.16357421875 0.54833984375 0.1103515625 0.1103515625
0 0.27783203125 0.5458984375 0.1103515625 0.109375
0 0.388671875 0.54443359375 0.111328125 0.1103515625
0 0.431640625 0.642578125 0.09765625 0.09765625
0 0.32861328125 0.6337890625 0.1103515625 0.109375
0 0.224609375 0.646484375 0.111328125 0.109375
0 0.11279296875 0.638671875 0.1103515625 0.109375
0 0.05810546875 0.734375 0.0986328125 0.09765625
0 0.162109375 0.73974609375 0.0859375 0.0849609375
0 0.28857421875 0.734375 0.1103515625 0.109375
0 0.328125 0.83251953125 0.0859375 0.0849609375
0 0.228515625 0.8310546875 0.09765625 0.09765625
0 0.09326171875 0.833984375 0.0986328125 0.09765625
0 0.0576171875 0.92822265625 0.0859375 0.0849609375
0 0.19287109375 0.9228515625 0.0986328125 0.09765625
0 0.4814453125 0.93408203125 0.0859375 0.0849609375
0 0.60498046875 0.92822265625 0.1103515625 0.1103515625
0 0.71435546875 0.92919921875 0.1103515625 0.1103515625
0 0.82470703125 0.9296875 0.0986328125 0.09765625
0 0.76611328125 0.830078125 0.0986328125 0.09765625
0 0.65576171875 0.83203125 0.0986328125 0.09765625
0 0.5517578125 0.8310546875 0.0859375 0.0859375
0 0.49365234375 0.7333984375 0.1103515625 0.109375
0 0.59814453125 0.736328125 0.0986328125 0.09765625
0 0.7158203125 0.736328125 0.0859375 0.0859375
0 0.822265625 0.7353515625 0.0859375 0.0859375
0 0.77587890625 0.64453125 0.0986328125 0.09765625
0 0.66845703125 0.6416015625 0.0986328125 0.09765625
0 0.5625 0.6474609375 0.09765625 0.09765625
0 0.5107421875 0.5546875 0.111328125 0.109375
0 0.611328125 0.55322265625 0.111328125 0.1103515625
0 0.70166015625 0.54736328125 0.1103515625 0.1103515625
0 0.82763671875 0.55322265625 0.1103515625 0.1103515625
0 0.775390625 0.462890625 0.09765625 0.09765625
0 0.6640625 0.462890625 0.09765625 0.09765625
0 0.5537109375 0.4560546875 0.0859375 0.0859375
0 0.48779296875 0.3642578125 0.0986328125 0.09765625
0 0.5908203125 0.3603515625 0.0859375 0.0859375
0 0.7119140625 0.3681640625 0.09765625 0.09765625
0 0.818359375 0.3603515625 0.09765625 0.09765625
0 0.7470703125 0.271484375 0.09765625 0.09765625
0 0.65087890625 0.265625 0.0986328125 0.09765625
0 0.52783203125 0.263671875 0.0986328125 0.09765625
0 0.47119140625 0.1767578125 0.1103515625 0.109375
0 0.58447265625 0.17041015625 0.1103515625 0.1103515625
0 0.69775390625 0.18310546875 0.1103515625 0.1103515625
0 0.80908203125 0.17431640625 0.1103515625 0.1103515625
0 0.74267578125 0.087890625 0.0986328125 0.09765625
0 0.63134765625 0.0732421875 0.1103515625 0.109375
0 0.525390625 0.0751953125 0.0859375 0.0859375