0 0.17626953125 0.36279296875 0.0732421875 0.0732421875
0 0.08154296875 0.3203125 0.0732421875 0.07421875
0 0.82666015625 0.1416015625 0.0732421875 0.07421875
0 0.732421875 0.09130859375 0.09765625 0.0986328125
0 0.64892578125 0.14697265625 0.0732421875 0.0732421875
0 0.5498046875 0.08935546875 0.09765625 0.0986328125
0 0.45751953125 0.14111328125 0.0732421875 0.0732421875
0 0.3583984375 0.08837890625 0.09765625 0.0986328125
0 0.26611328125 0.1337890625 0.0732421875 0.07421875
0 0.1689453125 0.08203125 0.0859375 0.0859375
0 0.072265625 0.130859375 0.09765625 0.09765625
0 0.0712890625 0.41552734375 0.109375 0.1103515625
0 0.076171875 0.5283203125 0.109375 0.111328125
0 0.07568359375 0.640625 0.1220703125 0.123046875
0 0.07373046875 0.75537109375 0.1103515625 0.1103515625
0 0.17138671875 0.47314453125 0.1103515625 0.1103515625
0 0.17431640625 0.583984375 0.1220703125 0.123046875
0 0.17333984375 0.6962890625 0.1220703125 0.123046875
0 0.1787109375 0.80078125 0.109375 0.111328125
0 0.26904296875 0.31201171875 0.0615234375 0.0615234375
0 0.267578125 0.41845703125 0.09765625 0.0986328125
0 0.2666015625 0.53076171875 0.09765625 0.0986328125
0 0.2734375 0.6240234375 0.09765625 0.09765625
0 0.26708984375 0.7509765625 0.1220703125 0.123046875
0 0.3671875 0.36083984375 0.09765625 0.0986328125
0 0.361328125 0.47900390625 0.09765625 0.0986328125
0 0.36083984375 0.5751953125 0.1220703125 0.123046875
0 0.35986328125 0.69140625 0.1220703125 0.123046875
0 0.35986328125 0.8046875 0.1220703125 0.123046875
0 0.4638671875 0.31005859375 0.060546875 0.0615234375
0 0.4560546875 0.41650390625 0.09765625 0.0986328125
0 0.4560546875 0.52587890625 0.09765625 0.0986328125
0 0.45849609375 0.642578125 0.1220703125 0.123046875
0 0.45654296875 0.7578125 0.1220703125 0.123046875
0 0.55322265625 0.3642578125 0.0849609375 0.0859375
0 0.548828125 0.47216796875 0.09765625 0.0986328125
0 0.55224609375 0.58642578125 0.1220703125 0.1220703125
0 0.556640625 0.69384765625 0.09765625 0.0986328125
0 0.55126953125 0.8046875 0.1220703125 0.123046875
0 0.6455078125 0.31103515625 0.060546875 0.0615234375
0 0.6484375 0.42041015625 0.09765625 0.0986328125
0 0.6435546875 0.53271484375 0.09765625 0.0986328125
0 0.64453125 0.64404296875 0.09765625 0.0986328125
0 0.6484375 0.74560546875 0.09765625 0.0986328125
0 0.7373046875 0.3671875 0.0859375 0.0859375
0 0.73828125 0.47119140625 0.09765625 0.0986328125
0 0.740234375 0.58447265625 0.09765625 0.0986328125
0 0.7373046875 0.69775390625 0.09765625 0.0986328125
0 0.73779296875 0.81201171875 0.1220703125 0.1220703125
0 0.83544921875 0.318359375 0.0361328125 0.037109375
0 0.8359375 0.4169921875 0.09765625 0.09765625
0 0.8349609375 0.52587890625 0.109375 0.1103515625
0 0.83251953125 0.646484375 0.1220703125 0.123046875
0 0.837890625 0.75634765625 0.109375 0.1103515625
0 0.83203125 0.86572265625 0.09765625 0.0986328125
0 0.93115234375 0.3759765625 0.0849609375 0.0859375
0 0.9287109375 0.4736328125 0.09765625 0.09765625
0 0.92724609375 0.58984375 0.1103515625 0.111328125
0 0.92333984375 0.7021484375 0.1220703125 0.123046875
0 0.92578125 0.80419921875 0.109375 0.1103515625
0 0.927734375 0.91455078125 0.109375 0.1103515625
0 0.74609375 0.91552734375 0.09765625 0.0986328125
0 0.64697265625 0.85986328125 0.1220703125 0.1220703125
0 0.54736328125 0.916015625 0.1220703125 0.123046875
0 0.45654296875 0.857421875 0.1220703125 0.123046875
0 0.36181640625 0.9130859375 0.1220703125 0.123046875
0 0.2724609375 0.849609375 0.09765625 0.09765625
0 0.1728515625 0.9150390625 0.09765625 0.09765625
0 0.07373046875 0.8671875 0.1103515625 0.111328125