0 0.10498046875 0.5859375 0.0732421875 0.07421875
0 0.21044921875 0.89013671875 0.0732421875 0.0732421875
0 0.10791015625 0.939453125 0.0732421875 0.07421875
0 0.86376953125 0.392578125 0.0732421875 0.07421875
0 0.2119140625 0.6875 0.0859375 0.0859375
0 0.107421875 0.81982421875 0.109375 0.1103515625
0 0.103515625 0.70166015625 0.09765625 0.0986328125
0 0.95556640625 0.337890625 0.0849609375 0.0859375
0 0.95166015625 0.4404296875 0.0849609375 0.0859375
0 0.390625 0.7744140625 0.048828125 0.048828125
0 0.39013671875 0.8759765625 0.0849609375 0.0859375
0 0.95166015625 0.5556640625 0.0849609375 0.0859375
0 0.94873046875 0.771484375 0.0849609375 0.0859375
0 0.947265625 0.89111328125 0.09765625 0.0986328125
0 0.85693359375 0.94287109375 0.1103515625 0.1103515625
0 0.85693359375 0.83447265625 0.1103515625 0.1103515625
0 0.85595703125 0.71923828125 0.1103515625 0.1103515625
0 0.85693359375 0.60693359375 0.1103515625 0.1103515625
0 0.8583984375 0.4951171875 0.09765625 0.09765625
0 0.76953125 0.431640625 0.0859375 0.0859375
0 0.75390625 0.55908203125 0.09765625 0.0986328125
0 0.759765625 0.66845703125 0.09765625 0.0986328125
0 0.75634765625 0.77783203125 0.1103515625 0.1103515625
0 0.7626953125 0.88916015625 0.109375 0.1103515625
0 0.6708984375 0.91796875 0.09765625 0.09765625
0 0.66796875 0.81884765625 0.09765625 0.0986328125
0 0.66796875 0.72900390625 0.09765625 0.0986328125
0 0.673828125 0.60595703125 0.09765625 0.0986328125
0 0.57275390625 0.87890625 0.0849609375 0.0859375
0 0.5732421875 0.33642578125 0.09765625 0.0986328125
0 0.48046875 0.2880859375 0.09765625 0.09765625
0 0.482421875 0.38427734375 0.09765625 0.0986328125
0 0.4775390625 0.50146484375 0.109375 0.1103515625
0 0.474609375 0.60693359375 0.109375 0.1103515625
0 0.3828125 0.33056640625 0.09765625 0.0986328125
0 0.3896484375 0.43603515625 0.09765625 0.0986328125
0 0.38427734375 0.54833984375 0.1103515625 0.1103515625
0 0.38134765625 0.66259765625 0.1103515625 0.1103515625
0 0.2900390625 0.6064453125 0.109375 0.111328125
0 0.298828125 0.47265625 0.09765625 0.09765625
0 0.2939453125 0.37109375 0.109375 0.111328125
0 0.1982421875 0.32421875 0.109375 0.111328125
0 0.20361328125 0.43212890625 0.1103515625 0.1103515625
0 0.20068359375 0.57666015625 0.1103515625 0.1103515625
0 0.294921875 0.71337890625 0.109375 0.1103515625
0 0.294921875 0.8212890625 0.0859375 0.0859375
0 0.10400390625 0.3798828125 0.0849609375 0.0859375
0 0.85791015625 0.06005859375 0.1103515625 0.1103515625
0 0.7626953125 0.11376953125 0.09765625 0.0986328125
0 0.68408203125 0.154296875 0.0849609375 0.0859375
0 0.58203125 0.20703125 0.09765625 0.09765625
0 0.576171875 0.10009765625 0.09765625 0.0986328125
0 0.48046875 0.1669921875 0.09765625 0.09765625
0 0.39453125 0.2109375 0.09765625 0.09765625
0 0.3916015625 0.109375 0.09765625 0.09765625
0 0.2998046875 0.060546875 0.09765625 0.09765625
0 0.2919921875 0.1708984375 0.09765625 0.09765625
0 0.29150390625 0.27197265625 0.1103515625 0.1103515625
0 0.203125 0.22119140625 0.09765625 0.0986328125
0 0.20068359375 0.10888671875 0.1103515625 0.1103515625
0 0.109375 0.05078125 0.0859375 0.0859375
0 0.109375 0.17333984375 0.109375 0.1103515625
0 0.1044921875 0.26416015625 0.109375 0.1103515625