0 0.22412109375 0.056640625 0.1103515625 0.109375
0 0.33740234375 0.0498046875 0.0986328125 0.09765625
0 0.44921875 0.05810546875 0.0859375 0.0849609375
0 0.5869140625 0.05810546875 0.0859375 0.0849609375
0 0.6728515625 0.06103515625 0.0859375 0.0849609375
0 0.77587890625 0.0595703125 0.1103515625 0.109375
0 0.16943359375 0.14697265625 0.1103515625 0.1103515625
0 0.2841796875 0.1484375 0.111328125 0.109375
0 0.39111328125 0.1474609375 0.0986328125 0.09765625
0 0.5 0.1513671875 0.09765625 0.09765625
0 0.61474609375 0.1435546875 0.0986328125 0.09765625
0 0.72509765625 0.15283203125 0.1103515625 0.1103515625
0 0.82373046875 0.15283203125 0.1103515625 0.1103515625
0 0.92822265625 0.15673828125 0.1103515625 0.1103515625
0 0.2255859375 0.23486328125 0.0859375 0.0849609375
0 0.33447265625 0.240234375 0.0986328125 0.09765625
0 0.45166015625 0.248046875 0.0986328125 0.09765625
0 0.54931640625 0.2431640625 0.0986328125 0.09765625
0 0.66796875 0.24560546875 0.0859375 0.0849609375
0 0.77587890625 0.2470703125 0.0986328125 0.09765625
0 0.87744140625 0.24609375 0.1103515625 0.109375
0 0.171875 0.33056640625 0.0859375 0.0849609375
0 0.28515625 0.3369140625 0.09765625 0.09765625
0 0.38818359375 0.33984375 0.0986328125 0.09765625
0 0.50146484375 0.3427734375 0.0986328125 0.09765625
0 0.6171875 0.3466796875 0.0859375 0.0859375
0 0.72216796875 0.34375 0.0986328125 0.09765625
0 0.8212890625 0.3427734375 0.09765625 0.09765625
0 0.92236328125 0.349609375 0.1103515625 0.109375
0 0.87158203125 0.4423828125 0.1103515625 0.109375
0 0.76904296875 0.44482421875 0.1103515625 0.1103515625
0 0.6572265625 0.4423828125 0.111328125 0.109375
0 0.54541015625 0.44189453125 0.1103515625 0.1103515625
0 0.4375 0.4287109375 0.09765625 0.09765625
0 0.33056640625 0.43798828125 0.1103515625 0.1103515625
0 0.22119140625 0.43408203125 0.1103515625 0.1103515625
0 0.17578125 0.53125 0.09765625 0.09765625
0 0.27978515625 0.537109375 0.0986328125 0.09765625
0 0.38916015625 0.53515625 0.0986328125 0.09765625
0 0.49462890625 0.5322265625 0.1103515625 0.109375
0 0.61279296875 0.53759765625 0.1103515625 0.1103515625
0 0.716796875 0.53662109375 0.111328125 0.1103515625
0 0.83154296875 0.53125 0.0986328125 0.09765625
0 0.93798828125 0.5341796875 0.0986328125 0.09765625
0 0.22802734375 0.62646484375 0.1103515625 0.1103515625
0 0.33544921875 0.626953125 0.0986328125 0.09765625
0 0.4462890625 0.634765625 0.09765625 0.09765625
0 0.55810546875 0.6279296875 0.0869140625 0.0859375
0 0.66748046875 0.6318359375 0.0986328125 0.09765625
0 0.77294921875 0.63232421875 0.1103515625 0.1103515625
0 0.90673828125 0.630859375 0.1103515625 0.109375
0 0.17138671875 0.72216796875 0.1103515625 0.1103515625
0 0.2744140625 0.7197265625 0.111328125 0.109375
0 0.38916015625 0.7236328125 0.0986328125 0.09765625
0 0.505859375 0.72509765625 0.111328125 0.1103515625
0 0.615234375 0.7216796875 0.09765625 0.09765625
0 0.73486328125 0.72021484375 0.1103515625 0.1103515625
0 0.82958984375 0.71875 0.1103515625 0.109375
0 0.955078125 0.72314453125 0.0859375 0.0849609375
0 0.34716796875 0.81640625 0.1103515625 0.109375
0 0.435546875 0.8193359375 0.09765625 0.09765625
0 0.521484375 0.81396484375 0.111328125 0.1103515625
0 0.63623046875 0.80908203125 0.1103515625 0.1103515625
0 0.76611328125 0.8271484375 0.1103515625 0.109375
0 0.8896484375 0.81982421875 0.111328125 0.1103515625
0 0.93896484375 0.9091796875 0.1103515625 0.109375
0 0.8310546875 0.92041015625 0.111328125 0.1103515625
0 0.7177734375 0.9140625 0.111328125 0.109375
0 0.61865234375 0.908203125 0.0986328125 0.09765625
0 0.1572265625 0.89501953125 0.111328125 0.1103515625
0 0.25732421875 0.9033203125 0.1103515625 0.109375
0 0.40185546875 0.9033203125 0.1103515625 0.109375
0 0.49169921875 0.9072265625 0.0986328125 0.09765625
0 0.06787109375 0.14404296875 0.1103515625 0.1103515625
0 0.10009765625 0.234375 0.1103515625 0.109375
0 0.06396484375 0.337890625 0.1103515625 0.109375
0 0.11181640625 0.43505859375 0.1103515625 0.1103515625
0 0.06982421875 0.5302734375 0.1103515625 0.109375
0 0.11279296875 0.6376953125 0.1103515625 0.109375
0 0.064453125 0.90380859375 0.111328125 0.1103515625