0 0.22900390625 0.06103515625 0.0615234375 0.0615234375
0 0.0703125 0.7373046875 0.0859375 0.0859375
0 0.17529296875 0.73681640625 0.0615234375 0.0615234375
0 0.28955078125 0.736328125 0.0986328125 0.09765625
0 0.39599609375 0.73779296875 0.1103515625 0.1103515625
0 0.228515625 0.64453125 0.0859375 0.0859375
0 0.345703125 0.62939453125 0.0859375 0.0849609375
0 0.12109375 0.83349609375 0.0859375 0.0849609375
0 0.24072265625 0.83251953125 0.1103515625 0.1103515625
0 0.34619140625 0.83203125 0.1103515625 0.109375
0 0.05810546875 0.9208984375 0.0986328125 0.09765625
0 0.17822265625 0.9306640625 0.0615234375 0.060546875
0 0.27685546875 0.9287109375 0.1103515625 0.109375
0 0.39599609375 0.9306640625 0.1103515625 0.109375
0 0.50048828125 0.9326171875 0.1103515625 0.109375
0 0.61376953125 0.93359375 0.1103515625 0.109375
0 0.72509765625 0.92578125 0.1103515625 0.109375
0 0.45068359375 0.8330078125 0.0986328125 0.09765625
0 0.56201171875 0.8330078125 0.1103515625 0.109375
0 0.66845703125 0.830078125 0.0986328125 0.09765625
0 0.78076171875 0.8291015625 0.1103515625 0.109375
0 0.49755859375 0.73388671875 0.1103515625 0.1103515625
0 0.61181640625 0.73876953125 0.1103515625 0.1103515625
0 0.73095703125 0.73486328125 0.1103515625 0.1103515625
0 0.83642578125 0.732421875 0.1103515625 0.109375
0 0.453125 0.6337890625 0.0859375 0.0859375
0 0.5546875 0.63037109375 0.0859375 0.0849609375
0 0.666015625 0.63525390625 0.0859375 0.0849609375
0 0.779296875 0.63427734375 0.0859375 0.0849609375
0 0.2880859375 0.5478515625 0.09765625 0.09765625
0 0.3955078125 0.53515625 0.09765625 0.09765625
0 0.50732421875 0.5390625 0.1103515625 0.109375
0 0.61279296875 0.541015625 0.1103515625 0.109375
0 0.72802734375 0.5390625 0.0986328125 0.09765625
0 0.83642578125 0.54150390625 0.1103515625 0.1103515625
0 0.341796875 0.44287109375 0.111328125 0.1103515625
0 0.451171875 0.43896484375 0.111328125 0.1103515625
0 0.56298828125 0.439453125 0.1103515625 0.109375
0 0.66552734375 0.443359375 0.0986328125 0.09765625
0 0.78173828125 0.4404296875 0.1103515625 0.109375
0 0.2314453125 0.44873046875 0.0859375 0.0849609375
0 0.28857421875 0.3486328125 0.0986328125 0.09765625
0 0.39453125 0.3486328125 0.09765625 0.09765625
0 0.5029296875 0.345703125 0.09765625 0.09765625
0 0.611328125 0.34423828125 0.111328125 0.1103515625
0 0.72119140625 0.34375 0.0986328125 0.09765625
0 0.24072265625 0.2529296875 0.1103515625 0.109375
0 0.34619140625 0.25 0.0986328125 0.09765625
0 0.44970703125 0.248046875 0.0986328125 0.09765625
0 0.5625 0.2568359375 0.111328125 0.109375
0 0.6669921875 0.25439453125 0.111328125 0.1103515625
0 0.763671875 0.24658203125 0.111328125 0.1103515625
0 0.28564453125 0.1591796875 0.0986328125 0.09765625
0 0.38916015625 0.1572265625 0.0986328125 0.09765625
0 0.50439453125 0.1552734375 0.1103515625 0.109375
0 0.611328125 0.158203125 0.09765625 0.09765625
0 0.7255859375 0.15625 0.09765625 0.09765625
0 0.34228515625 0.0654296875 0.0986328125 0.09765625
0 0.44775390625 0.0625 0.0986328125 0.09765625
0 0.55908203125 0.06396484375 0.1103515625 0.1103515625
0 0.66650390625 0.064453125 0.0986328125 0.09765625
0 0.779296875 0.064453125 0.111328125 0.109375
0 0.890625 0.0654296875 0.09765625 0.09765625
0 0.8330078125 0.1591796875 0.09765625 0.09765625
0 0.94384765625 0.1591796875 0.0986328125 0.09765625
0 0.89208984375 0.25244140625 0.1103515625 0.1103515625
0 0.83349609375 0.3505859375 0.0986328125 0.09765625
0 0.94287109375 0.353515625 0.0986328125 0.09765625
0 0.89501953125 0.44921875 0.1103515625 0.109375
0 0.89013671875 0.6318359375 0.0986328125 0.09765625
0 0.89306640625 0.8310546875 0.1103515625 0.109375
0 0.8369140625 0.92919921875 0.111328125 0.1103515625