0 0.5203125 0.21484375 0.096875 0.0984375
0 0.61875 0.2765625 0.109375 0.109375
0 0.05 0.16171875 0.096875 0.0984375
0 0.0578125 0.2734375 0.109375 0.109375
0 0.1421875 0.11015625 0.109375 0.1109375
0 0.14375 0.215625 0.096875 0.096875
0 0.1421875 0.325 0.109375 0.109375
0 0.1421875 0.44609375 0.096875 0.0984375
0 0.2390625 0.16171875 0.109375 0.1109375
0 0.2359375 0.27421875 0.109375 0.1109375
0 0.2390625 0.38125 0.109375 0.109375
0 0.340625 0.21171875 0.109375 0.1109375
0 0.3390625 0.30546875 0.071875 0.0734375
0 0.3359375 0.4390625 0.096875 0.096875
0 0.428125 0.0546875 0.109375 0.109375
0 0.428125 0.2703125 0.096875 0.096875
0 0.425 0.3796875 0.096875 0.096875
0 0.521875 0.1078125 0.109375 0.109375
0 0.5265625 0.3328125 0.109375 0.109375
0 0.5234375 0.43828125 0.109375 0.1109375
0 0.6171875 0.065625 0.109375 0.109375
0 0.6171875 0.38203125 0.096875 0.0984375
0 0.61875 0.4921875 0.096875 0.096875
0 0.62265625 0.60234375 0.0859375 0.0859375
0 0.61953125 0.71328125 0.0609375 0.0609375
0 0.61875 0.82734375 0.096875 0.0984375
0 0.6171875 0.9328125 0.109375 0.109375
0 0.71171875 0.76640625 0.0859375 0.0859375
0 0.7265625 0.88359375 0.084375 0.0859375
0 0.525 0.54375 0.096875 0.096875
0 0.5203125 0.65078125 0.084375 0.0859375
0 0.5234375 0.778125 0.109375 0.109375
0 0.5234375 0.8828125 0.109375 0.109375
0 0.425 0.47578125 0.109375 0.1109375
0 0.434375 0.59609375 0.096875 0.0984375
0 0.4265625 0.71171875 0.059375 0.0609375
0 0.4265625 0.8140625 0.109375 0.109375
0 0.425 0.9328125 0.109375 0.109375
0 0.3359375 0.54609375 0.096875 0.0984375
0 0.3390625 0.66328125 0.096875 0.0984375
0 0.33125 0.76796875 0.096875 0.0984375
0 0.33125 0.87578125 0.096875 0.0984375
0 0.2375 0.49296875 0.096875 0.0984375
0 0.2390625 0.60234375 0.096875 0.0984375
0 0.2390625 0.7171875 0.071875 0.071875
0 0.240625 0.82265625 0.096875 0.0984375
0 0.2390625 0.93671875 0.096875 0.0984375
0 0.1484375 0.5515625 0.109375 0.109375
0 0.140625 0.64921875 0.096875 0.0984375
0 0.14609375 0.7625 0.1015625 0.109375
0 0.14375 0.884375 0.109375 0.109375
0 0.053125 0.72578125 0.096875 0.0984375
0 0.053125 0.82578125 0.096875 0.0984375
0 0.8078125 0.825 0.096875 0.096875
0 0.8203125 0.9328125 0.096875 0.096875
0 0.9125 0.88046875 0.109375 0.1109375
0 0.90625 0.76953125 0.084375 0.0859375
0 0.24296875 0.053125 0.1265625 0.10625
0 0.13984375 0.028125 0.0921875 0.05625
0 0.0484375 0.05 0.096875 0.1
0 0.05 0.38203125 0.1 0.1140625
0 0.05 0.49296875 0.1 0.1046875
0 0.0484375 0.5984375 0.096875 0.1
0 0.0484375 0.93125 0.096875 0.1
0 0.140625 0.96640625 0.10625 0.0671875
0 0.33125 0.9640625 0.103125 0.06875
0 0.52265625 0.96640625 0.0953125 0.0671875
0 0.7234375 0.96796875 0.090625 0.0640625
0 0.9109375 0.96796875 0.096875 0.0640625