0 0.86083984375 0.146484375 0.0732421875 0.07421875
0 0.29052734375 0.37548828125 0.0732421875 0.0732421875
0 0.19775390625 0.7841796875 0.0732421875 0.07421875
0 0.38330078125 0.302734375 0.0732421875 0.07421875
0 0.08740234375 0.14501953125 0.0732421875 0.0732421875
0 0.20556640625 0.10107421875 0.0615234375 0.0615234375
0 0.09912109375 0.4755859375 0.1103515625 0.111328125
0 0.189453125 0.50048828125 0.109375 0.1103515625
0 0.197265625 0.404296875 0.09765625 0.09765625
0 0.29296875 0.47705078125 0.09765625 0.0986328125
0 0.28515625 0.248046875 0.09765625 0.09765625
0 0.0927734375 0.2666015625 0.0859375 0.0859375
0 0.3798828125 0.533203125 0.09765625 0.09765625
0 0.388671875 0.4248046875 0.0859375 0.0859375
0 0.376953125 0.1962890625 0.09765625 0.09765625
0 0.4755859375 0.234375 0.0859375 0.0859375
0 0.47314453125 0.14208984375 0.1103515625 0.1103515625
0 0.56640625 0.53369140625 0.09765625 0.0986328125
0 0.5732421875 0.4189453125 0.0859375 0.0859375
0 0.57080078125 0.3134765625 0.0849609375 0.0859375
0 0.56982421875 0.19677734375 0.1103515625 0.1103515625
0 0.56591796875 0.08837890625 0.1103515625 0.1103515625
0 0.662109375 0.5673828125 0.09765625 0.09765625
0 0.6572265625 0.47607421875 0.09765625 0.0986328125
0 0.671875 0.3720703125 0.09765625 0.09765625
0 0.6708984375 0.24462890625 0.09765625 0.0986328125
0 0.67578125 0.13525390625 0.09765625 0.0986328125
0 0.75537109375 0.5205078125 0.1103515625 0.111328125
0 0.75146484375 0.3955078125 0.1220703125 0.123046875
0 0.75830078125 0.2900390625 0.0849609375 0.0859375
0 0.775390625 0.1728515625 0.0859375 0.0859375
0 0.77294921875 0.08740234375 0.0849609375 0.0869140625
0 0.85107421875 0.57177734375 0.1103515625 0.1103515625
0 0.84716796875 0.46240234375 0.1103515625 0.1103515625
0 0.849609375 0.35009765625 0.09765625 0.0986328125
0 0.84765625 0.25146484375 0.09765625 0.0986328125
0 0.939453125 0.16455078125 0.060546875 0.0615234375
0 0.93994140625 0.0615234375 0.0732421875 0.07421875
0 0.93798828125 0.40869140625 0.1103515625 0.1103515625
0 0.9404296875 0.29345703125 0.109375 0.1103515625
0 0.38037109375 0.8505859375 0.0849609375 0.0859375
0 0.27294921875 0.833984375 0.0849609375 0.0859375
0 0.27685546875 0.9169921875 0.0849609375 0.0859375
0 0.19384765625 0.955078125 0.0849609375 0.0859375
0 0.19287109375 0.873046875 0.0849609375 0.0859375
0 0.0947265625 0.72265625 0.0859375 0.0859375
0 0.09716796875 0.830078125 0.0849609375 0.0859375
0 0.08935546875 0.9248046875 0.0849609375 0.0859375
0 0.0986328125 0.57373046875 0.09765625 0.0986328125
0 0.1904296875 0.59423828125 0.109375 0.1103515625
0 0.28759765625 0.57763671875 0.1103515625 0.1103515625
0 0.3818359375 0.6455078125 0.09765625 0.09765625
0 0.474609375 0.91064453125 0.09765625 0.0986328125
0 0.4736328125 0.79736328125 0.09765625 0.0986328125
0 0.56640625 0.8525390625 0.0859375 0.0859375
0 0.5693359375 0.7431640625 0.09765625 0.09765625
0 0.57421875 0.64453125 0.0859375 0.0859375
0 0.658203125 0.8955078125 0.09765625 0.09765625
0 0.658203125 0.7978515625 0.109375 0.111328125
0 0.66357421875 0.68603515625 0.1103515625 0.1103515625
0 0.7548828125 0.9501953125 0.09765625 0.09765625
0 0.75732421875 0.826171875 0.0849609375 0.0859375
0 0.75244140625 0.7236328125 0.0849609375 0.0859375
0 0.8466796875 0.67822265625 0.09765625 0.0986328125
0 0.85205078125 0.78515625 0.1103515625 0.111328125
0 0.845703125 0.8955078125 0.09765625 0.09765625
0 0.93310546875 0.83837890625 0.1103515625 0.1103515625
0 0.9384765625 0.73583984375 0.109375 0.1103515625
0 0.9384765625 0.6201171875 0.0859375 0.0859375
0 0.74853515625 0.61279296875 0.1103515625 0.1103515625