0 0.28271484375 0.41064453125 0.0615234375 0.0615234375
0 0.205078125 0.56201171875 0.060546875 0.0615234375
0 0.57080078125 0.4765625 0.0732421875 0.07421875
0 0.28662109375 0.517578125 0.0732421875 0.07421875
0 0.8603515625 0.07763671875 0.060546875 0.0615234375
0 0.66552734375 0.04736328125 0.0732421875 0.0732421875
0 0.95166015625 0.81494140625 0.0732421875 0.0732421875
0 0.9453125 0.4873046875 0.037109375 0.037109375
0 0.93505859375 0.60302734375 0.0361328125 0.0361328125
0 0.76318359375 0.4716796875 0.0361328125 0.037109375
0 0.666015625 0.63916015625 0.048828125 0.0498046875
0 0.5703125 0.6806640625 0.048828125 0.048828125
0 0.5654296875 0.5908203125 0.048828125 0.048828125
0 0.4892578125 0.53466796875 0.060546875 0.0615234375
0 0.38720703125 0.56982421875 0.0361328125 0.0361328125
0 0.76953125 0.5791015625 0.0859375 0.0859375
0 0.66259765625 0.52880859375 0.0615234375 0.0615234375
0 0.84423828125 0.52734375 0.0244140625 0.025390625
0 0.9501953125 0.9423828125 0.09765625 0.09765625
0 0.8603515625 0.65478515625 0.09765625 0.0986328125
0 0.861328125 0.7587890625 0.09765625 0.09765625
0 0.8544921875 0.8759765625 0.09765625 0.09765625
0 0.7626953125 0.91796875 0.0859375 0.0859375
0 0.7607421875 0.80810546875 0.09765625 0.0986328125
0 0.76171875 0.6923828125 0.109375 0.111328125
0 0.669921875 0.755859375 0.0859375 0.0859375
0 0.669921875 0.8447265625 0.09765625 0.09765625
0 0.5732421875 0.900390625 0.09765625 0.09765625
0 0.5693359375 0.794921875 0.09765625 0.09765625
0 0.48291015625 0.416015625 0.0849609375 0.0859375
0 0.384765625 0.458984375 0.0859375 0.0859375
0 0.201171875 0.462890625 0.048828125 0.048828125
0 0.482421875 0.744140625 0.09765625 0.09765625
0 0.49169921875 0.6259765625 0.0849609375 0.0859375
0 0.4775390625 0.8720703125 0.0859375 0.0859375
0 0.3818359375 0.908203125 0.09765625 0.09765625
0 0.390625 0.80029296875 0.109375 0.1103515625
0 0.39111328125 0.669921875 0.1103515625 0.111328125
0 0.29296875 0.6220703125 0.0859375 0.0859375
0 0.294921875 0.74267578125 0.09765625 0.0986328125
0 0.291015625 0.8544921875 0.09765625 0.09765625
0 0.19921875 0.90380859375 0.109375 0.1103515625
0 0.19677734375 0.7919921875 0.1103515625 0.111328125
0 0.205078125 0.67724609375 0.109375 0.1103515625
0 0.11181640625 0.63037109375 0.1103515625 0.1103515625
0 0.10400390625 0.51611328125 0.1103515625 0.1103515625
0 0.1025390625 0.7333984375 0.109375 0.111328125
0 0.10546875 0.8349609375 0.09765625 0.09765625
0 0.73095703125 0.08154296875 0.0615234375 0.0615234375
0 0.38720703125 0.0927734375 0.0849609375 0.0859375
0 0.31103515625 0.04833984375 0.0849609375 0.0869140625
0 0.2080078125 0.1015625 0.09765625 0.09765625