0 0.80126953125 0.63623046875 0.0732421875 0.0732421875
0 0.71142578125 0.490234375 0.0732421875 0.07421875
0 0.71044921875 0.59521484375 0.0732421875 0.0732421875
0 0.61474609375 0.55224609375 0.0732421875 0.0732421875
0 0.89501953125 0.5732421875 0.0849609375 0.0859375
0 0.79931640625 0.541015625 0.0732421875 0.07421875
0 0.79443359375 0.4248046875 0.0732421875 0.07421875
0 0.611328125 0.447265625 0.0859375 0.0859375
0 0.70751953125 0.3701171875 0.0732421875 0.07421875
0 0.23974609375 0.5087890625 0.0732421875 0.07421875
0 0.25537109375 0.6162109375 0.0732421875 0.07421875
0 0.42529296875 0.18505859375 0.0732421875 0.0732421875
0 0.43701171875 0.29833984375 0.0732421875 0.0732421875
0 0.24072265625 0.30712890625 0.0732421875 0.0732421875
0 0.13818359375 0.23681640625 0.0732421875 0.0732421875
0 0.13623046875 0.36181640625 0.0732421875 0.0732421875
0 0.5185546875 0.251953125 0.0859375 0.0859375
0 0.23974609375 0.42041015625 0.0732421875 0.0732421875
0 0.14404296875 0.458984375 0.0732421875 0.07421875
0 0.52490234375 0.37060546875 0.0732421875 0.0732421875
0 0.80078125 0.927734375 0.0859375 0.0859375
0 0.89697265625 0.6767578125 0.0732421875 0.07421875
0 0.8896484375 0.455078125 0.0859375 0.0859375
0 0.892578125 0.341796875 0.09765625 0.09765625
0 0.89208984375 0.2314453125 0.1220703125 0.123046875
0 0.802734375 0.73388671875 0.060546875 0.0615234375
0 0.80078125 0.2919921875 0.09765625 0.09765625
0 0.71484375 0.70166015625 0.060546875 0.0615234375
0 0.70068359375 0.2314453125 0.0849609375 0.0859375
0 0.62646484375 0.74951171875 0.0615234375 0.0615234375
0 0.62548828125 0.66259765625 0.0615234375 0.0615234375
0 0.607421875 0.310546875 0.0859375 0.0859375
0 0.60791015625 0.1943359375 0.0849609375 0.0859375
0 0.5205078125 0.68212890625 0.048828125 0.0498046875
0 0.521484375 0.57861328125 0.048828125 0.0498046875
0 0.51806640625 0.46923828125 0.0732421875 0.0732421875
0 0.4462890625 0.71923828125 0.060546875 0.0615234375
0 0.4423828125 0.62158203125 0.060546875 0.0615234375
0 0.4423828125 0.53662109375 0.060546875 0.0615234375
0 0.43310546875 0.42822265625 0.0615234375 0.0615234375
0 0.35791015625 0.66748046875 0.0615234375 0.0615234375
0 0.35009765625 0.56201171875 0.0732421875 0.0732421875
0 0.33642578125 0.47412109375 0.0732421875 0.0732421875
0 0.33837890625 0.36279296875 0.0732421875 0.0732421875
0 0.33544921875 0.24169921875 0.0732421875 0.0732421875
0 0.26806640625 0.72802734375 0.0615234375 0.0615234375
0 0.224609375 0.19287109375 0.0859375 0.0869140625
0 0.14892578125 0.576171875 0.0732421875 0.07421875
0 0.03857421875 0.06689453125 0.0732421875 0.0732421875
0 0.130859375 0.123046875 0.0859375 0.0859375
0 0.23095703125 0.06591796875 0.1103515625 0.1103515625
0 0.33154296875 0.12451171875 0.0849609375 0.0869140625
0 0.423828125 0.0791015625 0.0859375 0.0859375
0 0.51708984375 0.12841796875 0.0732421875 0.0732421875
0 0.60595703125 0.0986328125 0.0849609375 0.0859375
0 0.7001953125 0.1201171875 0.09765625 0.09765625
0 0.7939453125 0.1767578125 0.0859375 0.0859375
0 0.7998046875 0.068359375 0.109375 0.111328125
0 0.890625 0.1279296875 0.09765625 0.09765625