0 0.890625 0.94384765625 0.09765625 0.0986328125
0 0.88330078125 0.84326171875 0.1103515625 0.1103515625
0 0.8935546875 0.73388671875 0.109375 0.1103515625
0 0.900390625 0.625 0.109375 0.111328125
0 0.90283203125 0.51953125 0.1103515625 0.111328125
0 0.89404296875 0.41064453125 0.1103515625 0.1103515625
0 0.8974609375 0.30126953125 0.09765625 0.0986328125
0 0.8037109375 0.34619140625 0.109375 0.1103515625
0 0.81005859375 0.45556640625 0.1103515625 0.1103515625
0 0.79052734375 0.55712890625 0.1103515625 0.1103515625
0 0.796875 0.67822265625 0.109375 0.1103515625
0 0.7978515625 0.78857421875 0.109375 0.1103515625
0 0.79248046875 0.9033203125 0.1103515625 0.111328125
0 0.701171875 0.84033203125 0.109375 0.1103515625
0 0.697265625 0.72900390625 0.09765625 0.0986328125
0 0.7041015625 0.6298828125 0.09765625 0.09765625
0 0.7080078125 0.296875 0.109375 0.111328125
0 0.71044921875 0.40380859375 0.1103515625 0.1103515625
0 0.7099609375 0.51806640625 0.09765625 0.0986328125
0 0.60595703125 0.34130859375 0.1103515625 0.1103515625
0 0.60693359375 0.45947265625 0.1103515625 0.1103515625
0 0.62109375 0.56884765625 0.109375 0.1103515625
0 0.60302734375 0.6767578125 0.1103515625 0.111328125
0 0.60009765625 0.79150390625 0.1103515625 0.1103515625
0 0.6025390625 0.896484375 0.109375 0.111328125
0 0.52197265625 0.29150390625 0.1103515625 0.1103515625
0 0.51513671875 0.40576171875 0.1103515625 0.1103515625
0 0.5166015625 0.51416015625 0.109375 0.1103515625
0 0.51904296875 0.61572265625 0.1103515625 0.1103515625
0 0.51220703125 0.71533203125 0.1103515625 0.1103515625
0 0.509765625 0.822265625 0.109375 0.111328125
0 0.5029296875 0.939453125 0.09765625 0.09765625
0 0.4267578125 0.33642578125 0.09765625 0.0986328125
0 0.42578125 0.46240234375 0.09765625 0.0986328125
0 0.4296875 0.56396484375 0.109375 0.1103515625
0 0.4189453125 0.66650390625 0.09765625 0.0986328125
0 0.40966796875 0.79541015625 0.1103515625 0.1103515625
0 0.4150390625 0.86962890625 0.109375 0.1103515625
0 0.3203125 0.8330078125 0.09765625 0.09765625
0 0.3203125 0.71728515625 0.09765625 0.0986328125
0 0.3310546875 0.61181640625 0.109375 0.1103515625
0 0.330078125 0.50927734375 0.09765625 0.0986328125
0 0.3232421875 0.3984375 0.09765625 0.09765625
0 0.333984375 0.2841796875 0.09765625 0.09765625
0 0.234375 0.33984375 0.109375 0.111328125
0 0.2333984375 0.45166015625 0.109375 0.1103515625
0 0.22900390625 0.56201171875 0.1103515625 0.1103515625
0 0.22412109375 0.66650390625 0.1103515625 0.1103515625
0 0.22900390625 0.76806640625 0.1103515625 0.1103515625
0 0.21728515625 0.89111328125 0.1103515625 0.1103515625
0 0.130859375 0.93798828125 0.09765625 0.0986328125
0 0.130859375 0.81689453125 0.09765625 0.0986328125
0 0.130859375 0.71435546875 0.09765625 0.0986328125
0 0.1416015625 0.2744140625 0.0859375 0.0859375
0 0.13232421875 0.39306640625 0.1103515625 0.1103515625
0 0.134765625 0.4970703125 0.0859375 0.0859375
0 0.1396484375 0.61181640625 0.09765625 0.0986328125
0 0.900390625 0.08056640625 0.109375 0.1103515625
0 0.7158203125 0.09619140625 0.09765625 0.0986328125
0 0.619140625 0.06494140625 0.109375 0.1103515625
0 0.52685546875 0.11328125 0.0849609375 0.0859375
0 0.3408203125 0.09716796875 0.109375 0.1103515625
0 0.14990234375 0.087890625 0.1103515625 0.111328125