0 0.76708984375 0.5888671875 0.0732421875 0.07421875
0 0.67529296875 0.66943359375 0.0732421875 0.0732421875
0 0.86767578125 0.8759765625 0.0732421875 0.07421875
0 0.48681640625 0.75 0.0849609375 0.0859375
0 0.48193359375 0.6455078125 0.0849609375 0.0859375
0 0.48193359375 0.52734375 0.0849609375 0.0859375
0 0.400390625 0.484375 0.0859375 0.0859375
0 0.29345703125 0.5361328125 0.0849609375 0.0859375
0 0.296875 0.62744140625 0.0859375 0.0869140625
0 0.39404296875 0.5859375 0.0849609375 0.0859375
0 0.39013671875 0.68359375 0.0849609375 0.0859375
0 0.67041015625 0.55517578125 0.0615234375 0.0615234375
0 0.111328125 0.09912109375 0.09765625 0.0986328125
0 0.1103515625 0.2109375 0.09765625 0.09765625
0 0.1083984375 0.31787109375 0.09765625 0.0986328125
0 0.1162109375 0.43115234375 0.109375 0.1103515625
0 0.103515625 0.54248046875 0.09765625 0.0986328125
0 0.107421875 0.65478515625 0.09765625 0.0986328125
0 0.1083984375 0.76025390625 0.09765625 0.0986328125
0 0.2138671875 0.7001953125 0.09765625 0.09765625
0 0.21435546875 0.59765625 0.0849609375 0.0859375
0 0.2041015625 0.48046875 0.109375 0.111328125
0 0.2041015625 0.390625 0.109375 0.111328125
0 0.203125 0.16943359375 0.09765625 0.0986328125
0 0.2041015625 0.265625 0.09765625 0.09765625
0 0.3017578125 0.1044921875 0.09765625 0.09765625
0 0.3056640625 0.21240234375 0.09765625 0.0986328125
0 0.30078125 0.32568359375 0.09765625 0.0986328125
0 0.298828125 0.41552734375 0.09765625 0.0986328125
0 0.2978515625 0.7626953125 0.09765625 0.09765625
0 0.390625 0.14892578125 0.109375 0.1103515625
0 0.3984375 0.25927734375 0.109375 0.1103515625
0 0.39453125 0.36767578125 0.09765625 0.0986328125
0 0.49267578125 0.1044921875 0.0849609375 0.0859375
0 0.48486328125 0.20849609375 0.1103515625 0.1103515625
0 0.49365234375 0.31640625 0.0849609375 0.0859375
0 0.494140625 0.3935546875 0.09765625 0.09765625
0 0.58203125 0.06591796875 0.09765625 0.0986328125
0 0.5830078125 0.1572265625 0.0859375 0.0859375
0 0.5908203125 0.275390625 0.0859375 0.0859375
0 0.5908203125 0.37158203125 0.09765625 0.0986328125
0 0.5830078125 0.490234375 0.0859375 0.0859375
0 0.57763671875 0.59375 0.0849609375 0.0859375
0 0.580078125 0.7236328125 0.0859375 0.0859375
0 0.68896484375 0.111328125 0.0849609375 0.0859375
0 0.68505859375 0.212890625 0.1103515625 0.111328125
0 0.68359375 0.31982421875 0.109375 0.1103515625
0 0.6826171875 0.41943359375 0.109375 0.1103515625
0 0.783203125 0.48095703125 0.109375 0.1103515625
0 0.78857421875 0.37451171875 0.1103515625 0.1103515625
0 0.787109375 0.271484375 0.109375 0.111328125
0 0.7861328125 0.1533203125 0.09765625 0.09765625
0 0.8740234375 0.09619140625 0.109375 0.1103515625
0 0.875 0.20166015625 0.09765625 0.0986328125
0 0.8740234375 0.31591796875 0.109375 0.1103515625
0 0.8681640625 0.43017578125 0.09765625 0.0986328125
0 0.8720703125 0.53173828125 0.109375 0.1103515625
0 0.87109375 0.76611328125 0.09765625 0.0986328125
0 0.77197265625 0.931640625 0.0849609375 0.0859375
0 0.77490234375 0.8232421875 0.1103515625 0.111328125
0 0.68359375 0.8720703125 0.09765625 0.09765625
0 0.39501953125 0.8173828125 0.0849609375 0.0859375
0 0.38232421875 0.92529296875 0.1103515625 0.1103515625
0 0.287109375 0.86376953125 0.109375 0.1103515625
0 0.212890625 0.79931640625 0.0859375 0.0869140625
0 0.2138671875 0.89794921875 0.09765625 0.0986328125
0 0.1005859375 0.87939453125 0.09765625 0.0986328125