0 0.07275390625 0.45458984375 0.0732421875 0.0732421875
0 0.05810546875 0.64990234375 0.0732421875 0.0732421875
0 0.14404296875 0.73193359375 0.0732421875 0.0732421875
0 0.14111328125 0.8349609375 0.0732421875 0.07421875
0 0.9072265625 0.71484375 0.0859375 0.0859375
0 0.90234375 0.83154296875 0.09765625 0.0986328125
0 0.806640625 0.669921875 0.0859375 0.0859375
0 0.810546875 0.7900390625 0.09765625 0.09765625
0 0.8037109375 0.888671875 0.09765625 0.09765625
0 0.71484375 0.7197265625 0.109375 0.111328125
0 0.7158203125 0.830078125 0.109375 0.111328125
0 0.7158203125 0.92529296875 0.09765625 0.0986328125
0 0.619140625 0.89013671875 0.109375 0.1103515625
0 0.623046875 0.77783203125 0.109375 0.1103515625
0 0.61279296875 0.68212890625 0.1103515625 0.1103515625
0 0.5341796875 0.837890625 0.09765625 0.09765625
0 0.537109375 0.94287109375 0.09765625 0.0986328125
0 0.435546875 0.8935546875 0.109375 0.111328125
0 0.42919921875 0.78662109375 0.1103515625 0.1103515625
0 0.43310546875 0.666015625 0.1103515625 0.111328125
0 0.251953125 0.66552734375 0.09765625 0.0986328125
0 0.0673828125 0.76318359375 0.0859375 0.0869140625
0 0.06591796875 0.875 0.0849609375 0.0859375
0 0.1357421875 0.92578125 0.0859375 0.0859375
0 0.07275390625 0.54833984375 0.0732421875 0.0732421875
0 0.07421875 0.251953125 0.0859375 0.0859375
0 0.91015625 0.6142578125 0.0859375 0.0859375
0 0.9150390625 0.51416015625 0.09765625 0.0986328125
0 0.916015625 0.3955078125 0.09765625 0.09765625
0 0.916015625 0.07421875 0.0859375 0.0859375
0 0.9169921875 0.18359375 0.0859375 0.0859375
0 0.9169921875 0.2861328125 0.0859375 0.0859375
0 0.2529296875 0.3388671875 0.048828125 0.048828125
0 0.25244140625 0.4404296875 0.0849609375 0.0859375
0 0.2548828125 0.55615234375 0.0859375 0.0869140625
0 0.81396484375 0.1201171875 0.0849609375 0.0859375
0 0.8125 0.22900390625 0.109375 0.1103515625
0 0.81103515625 0.3359375 0.0849609375 0.0859375
0 0.8095703125 0.45556640625 0.09765625 0.0986328125
0 0.814453125 0.57080078125 0.109375 0.1103515625
0 0.72265625 0.619140625 0.109375 0.111328125
0 0.71923828125 0.50732421875 0.1103515625 0.1103515625
0 0.71923828125 0.39892578125 0.1103515625 0.1103515625
0 0.71826171875 0.28369140625 0.1103515625 0.1103515625
0 0.71923828125 0.17138671875 0.1103515625 0.1103515625
0 0.720703125 0.0595703125 0.09765625 0.09765625
0 0.6162109375 0.12353515625 0.09765625 0.0986328125
0 0.6220703125 0.23291015625 0.09765625 0.0986328125
0 0.61865234375 0.34228515625 0.1103515625 0.1103515625
0 0.625 0.45361328125 0.109375 0.1103515625
0 0.62060546875 0.56591796875 0.1103515625 0.1103515625
0 0.537109375 0.6201171875 0.09765625 0.09765625
0 0.533203125 0.482421875 0.09765625 0.09765625
0 0.5302734375 0.38330078125 0.09765625 0.0986328125
0 0.5302734375 0.29345703125 0.09765625 0.0986328125
0 0.5361328125 0.17041015625 0.09765625 0.0986328125
0 0.4345703125 0.55908203125 0.09765625 0.0986328125
0 0.43505859375 0.443359375 0.0849609375 0.0859375
0 0.33984375 0.06591796875 0.109375 0.1103515625
0 0.3369140625 0.17138671875 0.109375 0.1103515625
0 0.24658203125 0.11279296875 0.1103515625 0.1103515625
0 0.24365234375 0.22705078125 0.1103515625 0.1103515625
0 0.15234375 0.1708984375 0.109375 0.111328125
0 0.06298828125 0.14111328125 0.1103515625 0.1103515625
0 0.1572265625 0.27783203125 0.109375 0.1103515625
0 0.1572265625 0.3857421875 0.0859375 0.0859375
0 0.1513671875 0.619140625 0.0859375 0.0859375