0 0.95068359375 0.82275390625 0.0615234375 0.0615234375
0 0.853515625 0.65087890625 0.09765625 0.0986328125
0 0.8662109375 0.22900390625 0.109375 0.1103515625
0 0.86328125 0.36572265625 0.109375 0.1103515625
0 0.85546875 0.447265625 0.0859375 0.0859375
0 0.86328125 0.54931640625 0.109375 0.1103515625
0 0.7744140625 0.28125 0.0859375 0.0859375
0 0.763671875 0.3759765625 0.109375 0.111328125
0 0.76123046875 0.47509765625 0.1103515625 0.1103515625
0 0.77392578125 0.58935546875 0.1103515625 0.1103515625
0 0.67041015625 0.53759765625 0.1103515625 0.1103515625
0 0.6708984375 0.45263671875 0.09765625 0.0986328125
0 0.6748046875 0.34228515625 0.09765625 0.0986328125
0 0.6787109375 0.23193359375 0.109375 0.1103515625
0 0.578125 0.1806640625 0.109375 0.111328125
0 0.57763671875 0.28466796875 0.1103515625 0.1103515625
0 0.57763671875 0.40087890625 0.1103515625 0.1103515625
0 0.56982421875 0.51220703125 0.1103515625 0.1103515625
0 0.8603515625 0.8759765625 0.0859375 0.0859375
0 0.7685546875 0.83935546875 0.109375 0.1103515625
0 0.76171875 0.76513671875 0.09765625 0.0986328125
0 0.67041015625 0.80029296875 0.1103515625 0.1103515625
0 0.671875 0.89599609375 0.09765625 0.0986328125
0 0.283203125 0.6669921875 0.09765625 0.09765625
0 0.4833984375 0.22900390625 0.109375 0.1103515625
0 0.47705078125 0.34326171875 0.1103515625 0.1103515625
0 0.4794921875 0.45361328125 0.09765625 0.0986328125
0 0.47705078125 0.56689453125 0.0732421875 0.0732421875
0 0.3837890625 0.2705078125 0.0859375 0.0859375
0 0.37890625 0.38720703125 0.09765625 0.0986328125
0 0.37841796875 0.50830078125 0.1103515625 0.1103515625
0 0.3798828125 0.62158203125 0.109375 0.1103515625
0 0.283203125 0.2255859375 0.0859375 0.0859375
0 0.287109375 0.345703125 0.09765625 0.09765625
0 0.2802734375 0.4443359375 0.09765625 0.09765625
0 0.2880859375 0.5576171875 0.109375 0.111328125
0 0.19140625 0.275390625 0.109375 0.111328125
0 0.1923828125 0.3857421875 0.109375 0.111328125
0 0.1923828125 0.48095703125 0.09765625 0.0986328125
0 0.1884765625 0.61083984375 0.109375 0.1103515625
0 0.1884765625 0.73828125 0.09765625 0.09765625
0 0.185546875 0.9375 0.109375 0.111328125
0 0.1015625 0.79150390625 0.09765625 0.0986328125
0 0.09814453125 0.6796875 0.1103515625 0.111328125
0 0.09912109375 0.55615234375 0.1103515625 0.1103515625
0 0.095703125 0.44580078125 0.109375 0.1103515625
0 0.099609375 0.33349609375 0.109375 0.1103515625
0 0.08935546875 0.23779296875 0.1103515625 0.1103515625
0 0.865234375 0.1142578125 0.109375 0.111328125
0 0.7822265625 0.0712890625 0.0859375 0.0859375
0 0.77685546875 0.173828125 0.0849609375 0.0859375
0 0.673828125 0.13525390625 0.109375 0.1103515625
0 0.5869140625 0.07763671875 0.09765625 0.0986328125
0 0.4853515625 0.123046875 0.09765625 0.09765625
0 0.38671875 0.169921875 0.0859375 0.0859375
0 0.3916015625 0.06982421875 0.09765625 0.0986328125
0 0.291015625 0.12646484375 0.109375 0.1103515625
0 0.19921875 0.1748046875 0.109375 0.111328125
0 0.19580078125 0.06298828125 0.1103515625 0.1103515625
0 0.09716796875 0.12158203125 0.1103515625 0.1103515625