0 0.13134765625 0.44189453125 0.0732421875 0.0732421875
0 0.27734375 0.35205078125 0.07421875 0.0732421875
0 0.17236328125 0.35107421875 0.0732421875 0.0732421875
0 0.21533203125 0.25537109375 0.0732421875 0.0732421875
0 0.1943359375 0.53564453125 0.0859375 0.0849609375
0 0.2265625 0.43994140625 0.07421875 0.0732421875
0 0.74951171875 0.71630859375 0.0732421875 0.0732421875
0 0.3427734375 0.43505859375 0.07421875 0.0732421875
0 0.64794921875 0.71728515625 0.0732421875 0.0732421875
0 0.3203125 0.251953125 0.0859375 0.0859375
0 0.3974609375 0.34814453125 0.07421875 0.0732421875
0 0.58251953125 0.06591796875 0.0732421875 0.0732421875
0 0.46923828125 0.07763671875 0.0732421875 0.0732421875
0 0.515625 0.1591796875 0.0859375 0.0859375
0 0.39697265625 0.16552734375 0.0732421875 0.0732421875
0 0.0869140625 0.91259765625 0.123046875 0.1220703125
0 0.1953125 0.92431640625 0.123046875 0.1220703125
0 0.31591796875 0.9169921875 0.0986328125 0.09765625
0 0.41455078125 0.916015625 0.0986328125 0.09765625
0 0.5341796875 0.91943359375 0.123046875 0.1220703125
0 0.14453125 0.8134765625 0.09765625 0.09765625
0 0.2578125 0.80712890625 0.123046875 0.1220703125
0 0.37060546875 0.8115234375 0.0986328125 0.09765625
0 0.47314453125 0.8232421875 0.0986328125 0.09765625
0 0.087890625 0.71826171875 0.123046875 0.1220703125
0 0.2080078125 0.72216796875 0.123046875 0.1220703125
0 0.31640625 0.72021484375 0.0859375 0.0849609375
0 0.43701171875 0.72265625 0.0986328125 0.09765625
0 0.15234375 0.6240234375 0.09765625 0.09765625
0 0.2568359375 0.6240234375 0.09765625 0.09765625
0 0.37109375 0.6220703125 0.09765625 0.09765625
0 0.4775390625 0.62255859375 0.123046875 0.1220703125
0 0.54736328125 0.72412109375 0.0732421875 0.0732421875
0 0.587890625 0.62255859375 0.123046875 0.1220703125
0 0.0908203125 0.53759765625 0.07421875 0.0732421875
0 0.3125 0.5302734375 0.0859375 0.0859375
0 0.42578125 0.533203125 0.09765625 0.09765625
0 0.5361328125 0.53271484375 0.123046875 0.1220703125
0 0.03369140625 0.443359375 0.0615234375 0.060546875
0 0.4755859375 0.44140625 0.09765625 0.09765625
0 0.06591796875 0.35546875 0.0615234375 0.060546875
0 0.5361328125 0.34130859375 0.0859375 0.0849609375
0 0.10498046875 0.26611328125 0.0615234375 0.0615234375
0 0.45703125 0.248046875 0.0859375 0.0859375
0 0.5732421875 0.24853515625 0.0859375 0.0849609375
0 0.08544921875 0.1611328125 0.0498046875 0.048828125
0 0.18896484375 0.162109375 0.0498046875 0.048828125
0 0.29833984375 0.15869140625 0.0732421875 0.0732421875
0 0.04833984375 0.0869140625 0.0615234375 0.060546875
0 0.14599609375 0.0830078125 0.0615234375 0.060546875
0 0.23095703125 0.0830078125 0.0615234375 0.060546875
0 0.33935546875 0.07373046875 0.0615234375 0.0615234375
0 0.6884765625 0.064453125 0.0859375 0.0859375
0 0.8115234375 0.060546875 0.0859375 0.0859375
0 0.9228515625 0.0537109375 0.09765625 0.09765625
0 0.63916015625 0.15771484375 0.0732421875 0.0732421875
0 0.75146484375 0.1494140625 0.0986328125 0.09765625
0 0.86328125 0.15283203125 0.0859375 0.0849609375
0 0.6689453125 0.24658203125 0.0859375 0.0849609375
0 0.8076171875 0.2529296875 0.09765625 0.09765625
0 0.921875 0.24609375 0.0859375 0.0859375
0 0.6474609375 0.3408203125 0.09765625 0.09765625
0 0.759765625 0.3466796875 0.09765625 0.09765625
0 0.8662109375 0.3427734375 0.09765625 0.09765625
0 0.5908203125 0.4345703125 0.0859375 0.0859375
0 0.69921875 0.4404296875 0.111328125 0.109375
0 0.802734375 0.4404296875 0.0859375 0.0859375
0 0.91064453125 0.44140625 0.0986328125 0.09765625
0 0.6396484375 0.53125 0.09765625 0.09765625
0 0.75146484375 0.5361328125 0.0986328125 0.09765625
0 0.86572265625 0.53955078125 0.0732421875 0.0732421875
0 0.69580078125 0.62646484375 0.1103515625 0.1103515625
0 0.80810546875 0.6279296875 0.0986328125 0.09765625
0 0.92138671875 0.6318359375 0.0986328125 0.09765625
0 0.86572265625 0.724609375 0.0986328125 0.09765625
0 0.58740234375 0.8271484375 0.0986328125 0.09765625
0 0.69677734375 0.8251953125 0.0986328125 0.09765625
0 0.80615234375 0.8173828125 0.0986328125 0.09765625
0 0.90869140625 0.822265625 0.0986328125 0.09765625
0 0.64892578125 0.92236328125 0.1103515625 0.1103515625
0 0.75244140625 0.919921875 0.0986328125 0.09765625
0 0.86376953125 0.92138671875 0.0986328125 0.0966796875