0 0.91796875 0.90966796875 0.09765625 0.0986328125
0 0.9248046875 0.8056640625 0.09765625 0.09765625
0 0.921875 0.6923828125 0.09765625 0.09765625
0 0.9248046875 0.58984375 0.09765625 0.09765625
0 0.923828125 0.47900390625 0.09765625 0.0986328125
0 0.8291015625 0.53564453125 0.09765625 0.0986328125
0 0.822265625 0.6435546875 0.109375 0.111328125
0 0.8271484375 0.75048828125 0.09765625 0.0986328125
0 0.82080078125 0.84912109375 0.1103515625 0.1103515625
0 0.7265625 0.90380859375 0.09765625 0.0986328125
0 0.73193359375 0.78759765625 0.1103515625 0.1103515625
0 0.73828125 0.6865234375 0.109375 0.111328125
0 0.73583984375 0.57861328125 0.1103515625 0.1103515625
0 0.73974609375 0.4677734375 0.1103515625 0.111328125
0 0.64013671875 0.5302734375 0.1103515625 0.111328125
0 0.63623046875 0.64111328125 0.1103515625 0.1103515625
0 0.64013671875 0.734375 0.1103515625 0.111328125
0 0.63330078125 0.85009765625 0.1103515625 0.1103515625
0 0.5478515625 0.90966796875 0.109375 0.1103515625
0 0.54150390625 0.79296875 0.1103515625 0.111328125
0 0.5419921875 0.68994140625 0.109375 0.1103515625
0 0.54833984375 0.57958984375 0.1103515625 0.1103515625
0 0.5458984375 0.48291015625 0.109375 0.1103515625
0 0.4541015625 0.51953125 0.109375 0.111328125
0 0.4501953125 0.62646484375 0.09765625 0.0986328125
0 0.44921875 0.734375 0.09765625 0.09765625
0 0.44873046875 0.84716796875 0.1103515625 0.1103515625
0 0.3544921875 0.8994140625 0.09765625 0.09765625
0 0.349609375 0.79541015625 0.09765625 0.0986328125
0 0.3505859375 0.68603515625 0.109375 0.1103515625
0 0.3544921875 0.56884765625 0.09765625 0.0986328125
0 0.35986328125 0.46337890625 0.1103515625 0.1103515625
0 0.26025390625 0.52294921875 0.1103515625 0.1103515625
0 0.2626953125 0.63525390625 0.109375 0.1103515625
0 0.26513671875 0.7353515625 0.1103515625 0.111328125
0 0.2587890625 0.85009765625 0.109375 0.1103515625
0 0.15380859375 0.89501953125 0.1103515625 0.1103515625
0 0.1630859375 0.791015625 0.09765625 0.09765625
0 0.16455078125 0.6806640625 0.1103515625 0.111328125
0 0.173828125 0.46044921875 0.109375 0.1103515625
0 0.1669921875 0.56884765625 0.109375 0.1103515625
0 0.06787109375 0.51904296875 0.1103515625 0.1103515625
0 0.06884765625 0.62060546875 0.1103515625 0.1103515625
0 0.0625 0.74267578125 0.109375 0.1103515625
0 0.06201171875 0.84716796875 0.1103515625 0.1103515625
0 0.93505859375 0.15771484375 0.0615234375 0.0615234375
0 0.93115234375 0.25048828125 0.0849609375 0.0869140625
0 0.83447265625 0.103515625 0.0849609375 0.0859375
0 0.841796875 0.21630859375 0.09765625 0.0986328125
0 0.74365234375 0.1484375 0.0849609375 0.0859375
0 0.73828125 0.25927734375 0.09765625 0.0986328125
0 0.65234375 0.10205078125 0.109375 0.1103515625
0 0.6416015625 0.2099609375 0.109375 0.111328125
0 0.5537109375 0.15283203125 0.09765625 0.0986328125
0 0.548828125 0.2666015625 0.0859375 0.0859375
0 0.46240234375 0.09912109375 0.0849609375 0.0869140625
0 0.4609375 0.20556640625 0.109375 0.1103515625
0 0.365234375 0.16015625 0.09765625 0.09765625
0 0.35986328125 0.2666015625 0.0849609375 0.0859375
0 0.2646484375 0.10009765625 0.109375 0.1103515625
0 0.27099609375 0.21484375 0.1220703125 0.123046875
0 0.17138671875 0.14794921875 0.1103515625 0.1103515625
0 0.16748046875 0.25244140625 0.1103515625 0.1103515625
0 0.0771484375 0.10009765625 0.09765625 0.0986328125
0 0.078125 0.20166015625 0.109375 0.1103515625