0 0.08447265625 0.8486328125 0.0986328125 0.09765625
0 0.201171875 0.85498046875 0.111328125 0.1103515625
0 0.3037109375 0.85009765625 0.111328125 0.1103515625
0 0.4140625 0.84765625 0.111328125 0.109375
0 0.1455078125 0.759765625 0.0859375 0.0859375
0 0.248046875 0.76025390625 0.0859375 0.0849609375
0 0.3564453125 0.76025390625 0.111328125 0.1103515625
0 0.4794921875 0.75439453125 0.111328125 0.1103515625
0 0.0869140625 0.6611328125 0.0859375 0.0859375
0 0.19775390625 0.6630859375 0.0986328125 0.09765625
0 0.31982421875 0.66796875 0.0986328125 0.09765625
0 0.42578125 0.66455078125 0.111328125 0.1103515625
0 0.14892578125 0.564453125 0.0986328125 0.09765625
0 0.2587890625 0.5732421875 0.0859375 0.0859375
0 0.36669921875 0.5712890625 0.0986328125 0.09765625
0 0.4794921875 0.5712890625 0.09765625 0.09765625
0 0.08740234375 0.47216796875 0.1103515625 0.1103515625
0 0.19775390625 0.46630859375 0.1103515625 0.1103515625
0 0.30908203125 0.46630859375 0.1103515625 0.1103515625
0 0.42822265625 0.4658203125 0.1103515625 0.109375
0 0.14794921875 0.3798828125 0.1103515625 0.109375
0 0.25146484375 0.37841796875 0.1103515625 0.1103515625
0 0.37451171875 0.37646484375 0.1103515625 0.1103515625
0 0.48193359375 0.37353515625 0.1103515625 0.1103515625
0 0.09326171875 0.283203125 0.1103515625 0.109375
0 0.20263671875 0.27734375 0.1103515625 0.109375
0 0.31201171875 0.283203125 0.1103515625 0.109375
0 0.42236328125 0.2880859375 0.1103515625 0.109375
0 0.1533203125 0.1884765625 0.09765625 0.09765625
0 0.25634765625 0.1865234375 0.1103515625 0.109375
0 0.37060546875 0.18359375 0.0986328125 0.09765625
0 0.48095703125 0.189453125 0.1103515625 0.109375
0 0.0927734375 0.09033203125 0.111328125 0.1103515625
0 0.2080078125 0.09033203125 0.111328125 0.1103515625
0 0.31787109375 0.09423828125 0.1103515625 0.1103515625
0 0.43310546875 0.08740234375 0.1103515625 0.1103515625
0 0.65283203125 0.095703125 0.0869140625 0.0859375
0 0.76123046875 0.09375 0.1103515625 0.109375
0 0.86767578125 0.0927734375 0.0986328125 0.09765625
0 0.70166015625 0.1923828125 0.1103515625 0.109375
0 0.81298828125 0.1875 0.0986328125 0.09765625
0 0.919921875 0.19091796875 0.0859375 0.0849609375
0 0.63916015625 0.2880859375 0.0986328125 0.09765625
0 0.75390625 0.28955078125 0.0859375 0.0849609375
0 0.8701171875 0.28369140625 0.0859375 0.0849609375
0 0.53369140625 0.0947265625 0.1103515625 0.109375
0 0.59130859375 0.1884765625 0.1103515625 0.109375
0 0.53369140625 0.28369140625 0.1103515625 0.1103515625
0 0.59130859375 0.375 0.0986328125 0.09765625
0 0.7001953125 0.3759765625 0.09765625 0.09765625
0 0.80859375 0.3779296875 0.09765625 0.09765625
0 0.919921875 0.37109375 0.0859375 0.0859375
0 0.533203125 0.4716796875 0.0859375 0.0859375
0 0.5771484375 0.75830078125 0.0859375 0.0849609375
0 0.5185546875 0.8505859375 0.09765625 0.09765625
0 0.658203125 0.83984375 0.111328125 0.109375
0 0.76220703125 0.83984375 0.0986328125 0.09765625
0 0.86279296875 0.837890625 0.0986328125 0.09765625
0 0.69140625 0.7568359375 0.111328125 0.109375
0 0.8056640625 0.76171875 0.0859375 0.0859375
0 0.919921875 0.759765625 0.0859375 0.0859375
0 0.52099609375 0.66650390625 0.1103515625 0.1103515625
0 0.6435546875 0.66748046875 0.111328125 0.1103515625
0 0.7490234375 0.6669921875 0.09765625 0.09765625
0 0.8779296875 0.6630859375 0.09765625 0.09765625
0 0.57763671875 0.5634765625 0.0986328125 0.09765625
0 0.6962890625 0.56201171875 0.0859375 0.0849609375
0 0.8115234375 0.56103515625 0.0859375 0.0849609375
0 0.9150390625 0.56982421875 0.0859375 0.0849609375
0 0.63623046875 0.4638671875 0.0986328125 0.09765625
0 0.76318359375 0.4638671875 0.1103515625 0.109375
0 0.861328125 0.4658203125 0.0859375 0.0859375