0 0.06787109375 0.640625 0.0732421875 0.07421875
0 0.15576171875 0.5810546875 0.0732421875 0.07421875
0 0.9287109375 0.70751953125 0.109375 0.1103515625
0 0.07177734375 0.08642578125 0.1103515625 0.1103515625
0 0.255859375 0.08544921875 0.109375 0.1103515625
0 0.44873046875 0.09521484375 0.1103515625 0.1103515625
0 0.642578125 0.0947265625 0.109375 0.111328125
0 0.736328125 0.146484375 0.09765625 0.09765625
0 0.537109375 0.14111328125 0.109375 0.1103515625
0 0.92919921875 0.3662109375 0.1103515625 0.111328125
0 0.92724609375 0.4794921875 0.1103515625 0.111328125
0 0.9267578125 0.591796875 0.09765625 0.09765625
0 0.93115234375 0.81298828125 0.0732421875 0.0732421875
0 0.82958984375 0.318359375 0.1103515625 0.111328125
0 0.8291015625 0.421875 0.109375 0.111328125
0 0.826171875 0.54345703125 0.109375 0.1103515625
0 0.828125 0.65087890625 0.09765625 0.0986328125
0 0.83203125 0.75537109375 0.09765625 0.0986328125
0 0.7314453125 0.36962890625 0.109375 0.1103515625
0 0.736328125 0.47802734375 0.09765625 0.0986328125
0 0.7373046875 0.58837890625 0.09765625 0.0986328125
0 0.7373046875 0.69482421875 0.09765625 0.0986328125
0 0.73974609375 0.80712890625 0.0732421875 0.0732421875
0 0.734375 0.2587890625 0.109375 0.111328125
0 0.6376953125 0.31591796875 0.109375 0.1103515625
0 0.63427734375 0.419921875 0.0849609375 0.0859375
0 0.638671875 0.52197265625 0.09765625 0.0986328125
0 0.640625 0.64501953125 0.09765625 0.0986328125
0 0.640625 0.75439453125 0.09765625 0.0986328125
0 0.54150390625 0.25830078125 0.1103515625 0.1103515625
0 0.54052734375 0.36083984375 0.1103515625 0.1103515625
0 0.548828125 0.47314453125 0.09765625 0.0986328125
0 0.54296875 0.57861328125 0.09765625 0.0986328125
0 0.5439453125 0.69775390625 0.09765625 0.0986328125
0 0.54833984375 0.7998046875 0.0732421875 0.07421875
0 0.44580078125 0.31103515625 0.1103515625 0.1103515625
0 0.451171875 0.41552734375 0.109375 0.1103515625
0 0.4521484375 0.52880859375 0.09765625 0.0986328125
0 0.451171875 0.64306640625 0.09765625 0.0986328125
0 0.451171875 0.748046875 0.0859375 0.0859375
0 0.349609375 0.25732421875 0.0859375 0.0869140625
0 0.3515625 0.36572265625 0.109375 0.1103515625
0 0.3525390625 0.47216796875 0.09765625 0.0986328125
0 0.3515625 0.58544921875 0.09765625 0.0986328125
0 0.35791015625 0.689453125 0.0849609375 0.0859375
0 0.3544921875 0.796875 0.09765625 0.09765625
0 0.2529296875 0.30615234375 0.109375 0.1103515625
0 0.2578125 0.41748046875 0.09765625 0.0986328125
0 0.25439453125 0.5244140625 0.0849609375 0.0859375
0 0.25634765625 0.6337890625 0.0849609375 0.0859375
0 0.2626953125 0.748046875 0.09765625 0.09765625
0 0.1572265625 0.24365234375 0.09765625 0.0986328125
0 0.15576171875 0.3583984375 0.0849609375 0.0859375
0 0.16162109375 0.474609375 0.0849609375 0.0859375
0 0.16259765625 0.6875 0.0732421875 0.07421875
0 0.158203125 0.79150390625 0.060546875 0.0615234375
0 0.6396484375 0.20361328125 0.109375 0.1103515625
0 0.44775390625 0.201171875 0.0849609375 0.0859375
0 0.3505859375 0.13818359375 0.109375 0.1103515625
0 0.2568359375 0.19580078125 0.109375 0.1103515625
0 0.16162109375 0.13818359375 0.1103515625 0.1103515625
0 0.0703125 0.19580078125 0.09765625 0.0986328125
0 0.0693359375 0.3046875 0.09765625 0.09765625
0 0.0673828125 0.4130859375 0.09765625 0.09765625
0 0.07421875 0.5244140625 0.0859375 0.0859375
0 0.06884765625 0.7275390625 0.0732421875 0.07421875
0 0.07177734375 0.9501953125 0.0849609375 0.0859375