0 0.53271484375 0.85693359375 0.0732421875 0.0732421875
0 0.70166015625 0.75830078125 0.0615234375 0.0615234375
0 0.65576171875 0.85302734375 0.0615234375 0.0615234375
0 0.6943359375 0.9462890625 0.060546875 0.060546875
0 0.69970703125 0.57958984375 0.0615234375 0.0615234375
0 0.208984375 0.8583984375 0.0859375 0.0859375
0 0.640625 0.0927734375 0.09765625 0.09765625
0 0.533203125 0.10546875 0.09765625 0.09765625
0 0.42138671875 0.1015625 0.1103515625 0.109375
0 0.31591796875 0.099609375 0.1103515625 0.109375
0 0.20068359375 0.1015625 0.0986328125 0.09765625
0 0.09228515625 0.09912109375 0.1103515625 0.1103515625
0 0.5869140625 0.19775390625 0.111328125 0.1103515625
0 0.4775390625 0.20166015625 0.111328125 0.1103515625
0 0.36572265625 0.201171875 0.1103515625 0.109375
0 0.26318359375 0.197265625 0.0986328125 0.09765625
0 0.14697265625 0.2001953125 0.1103515625 0.109375
0 0.697265625 0.19189453125 0.0859375 0.0849609375
0 0.64013671875 0.2919921875 0.0986328125 0.09765625
0 0.5341796875 0.2919921875 0.09765625 0.09765625
0 0.42578125 0.294921875 0.09765625 0.09765625
0 0.3173828125 0.29638671875 0.111328125 0.1103515625
0 0.20751953125 0.296875 0.0986328125 0.09765625
0 0.68798828125 0.3876953125 0.1103515625 0.109375
0 0.58251953125 0.390625 0.0986328125 0.09765625
0 0.47900390625 0.392578125 0.0986328125 0.09765625
0 0.3662109375 0.3837890625 0.111328125 0.109375
0 0.26171875 0.38623046875 0.111328125 0.1103515625
0 0.1650390625 0.39404296875 0.111328125 0.1103515625
0 0.64306640625 0.4814453125 0.0986328125 0.09765625
0 0.53955078125 0.4833984375 0.0986328125 0.09765625
0 0.42431640625 0.4853515625 0.1103515625 0.109375
0 0.3173828125 0.482421875 0.09765625 0.09765625
0 0.203125 0.484375 0.09765625 0.09765625
0 0.58642578125 0.5751953125 0.0986328125 0.09765625
0 0.48095703125 0.578125 0.0986328125 0.09765625
0 0.36962890625 0.57666015625 0.1103515625 0.1103515625
0 0.26220703125 0.576171875 0.0986328125 0.09765625
0 0.64697265625 0.669921875 0.0986328125 0.09765625
0 0.53173828125 0.671875 0.0869140625 0.0859375
0 0.4208984375 0.66845703125 0.0859375 0.0849609375
0 0.3134765625 0.67138671875 0.0859375 0.0849609375
0 0.205078125 0.67138671875 0.07421875 0.0732421875
0 0.587890625 0.763671875 0.0859375 0.0859375
0 0.4775390625 0.7607421875 0.0859375 0.0859375
0 0.36865234375 0.76318359375 0.0732421875 0.0732421875
0 0.25732421875 0.76513671875 0.0732421875 0.0732421875
0 0.4130859375 0.8603515625 0.0859375 0.0859375
0 0.31298828125 0.857421875 0.0869140625 0.0859375
0 0.482421875 0.95361328125 0.0859375 0.0849609375
0 0.369140625 0.95263671875 0.0859375 0.0849609375
0 0.26171875 0.95361328125 0.0859375 0.0849609375
0 0.15576171875 0.76953125 0.0986328125 0.09765625
0 0.09228515625 0.85546875 0.0986328125 0.09765625
0 0.0986328125 0.673828125 0.09765625 0.09765625
0 0.1494140625 0.576171875 0.111328125 0.109375
0 0.095703125 0.4814453125 0.09765625 0.09765625
0 0.09521484375 0.2900390625 0.0986328125 0.09765625