0 0.43896484375 0.04833984375 0.0732421875 0.0732421875
0 0.27001953125 0.14697265625 0.0615234375 0.0615234375
0 0.31591796875 0.05224609375 0.0615234375 0.0615234375
0 0.27197265625 0.32568359375 0.0615234375 0.0615234375
0 0.7626953125 0.046875 0.0859375 0.0859375
0 0.271484375 0.9091796875 0.0859375 0.0859375
0 0.388671875 0.89404296875 0.0859375 0.0849609375
0 0.49609375 0.8984375 0.0859375 0.0859375
0 0.59765625 0.89501953125 0.0859375 0.0849609375
0 0.708984375 0.89990234375 0.0859375 0.0849609375
0 0.822265625 0.89892578125 0.0859375 0.0849609375
0 0.3310546875 0.8125 0.09765625 0.09765625
0 0.4384765625 0.7998046875 0.09765625 0.09765625
0 0.55029296875 0.8037109375 0.1103515625 0.109375
0 0.65576171875 0.8056640625 0.1103515625 0.109375
0 0.77099609375 0.8037109375 0.0986328125 0.09765625
0 0.87939453125 0.80615234375 0.1103515625 0.1103515625
0 0.384765625 0.70751953125 0.111328125 0.1103515625
0 0.494140625 0.70361328125 0.111328125 0.1103515625
0 0.60595703125 0.7041015625 0.1103515625 0.109375
0 0.70849609375 0.7080078125 0.0986328125 0.09765625
0 0.82470703125 0.705078125 0.1103515625 0.109375
0 0.2744140625 0.71337890625 0.0859375 0.0849609375
0 0.33154296875 0.61328125 0.0986328125 0.09765625
0 0.4375 0.61328125 0.09765625 0.09765625
0 0.5458984375 0.6103515625 0.09765625 0.09765625
0 0.654296875 0.60888671875 0.111328125 0.1103515625
0 0.76416015625 0.6083984375 0.0986328125 0.09765625
0 0.28369140625 0.517578125 0.1103515625 0.109375
0 0.38916015625 0.5146484375 0.0986328125 0.09765625
0 0.49267578125 0.5126953125 0.0986328125 0.09765625
0 0.60546875 0.521484375 0.111328125 0.109375
0 0.7099609375 0.51904296875 0.111328125 0.1103515625
0 0.806640625 0.51123046875 0.111328125 0.1103515625
0 0.32861328125 0.423828125 0.0986328125 0.09765625
0 0.43212890625 0.421875 0.0986328125 0.09765625
0 0.54736328125 0.419921875 0.1103515625 0.109375
0 0.654296875 0.4228515625 0.09765625 0.09765625
0 0.7685546875 0.4208984375 0.09765625 0.09765625
0 0.38525390625 0.330078125 0.0986328125 0.09765625
0 0.49072265625 0.3271484375 0.0986328125 0.09765625
0 0.60205078125 0.32861328125 0.1103515625 0.1103515625
0 0.70947265625 0.3291015625 0.0986328125 0.09765625
0 0.32470703125 0.2353515625 0.0986328125 0.09765625
0 0.43994140625 0.2333984375 0.0869140625 0.0859375
0 0.55078125 0.23681640625 0.0859375 0.0849609375
0 0.658203125 0.23388671875 0.0859375 0.0849609375
0 0.7666015625 0.23388671875 0.07421875 0.0732421875
0 0.3837890625 0.1416015625 0.0859375 0.0859375
0 0.494140625 0.14453125 0.0859375 0.0859375
0 0.60302734375 0.14208984375 0.0732421875 0.0732421875
0 0.71435546875 0.14013671875 0.0732421875 0.0732421875
0 0.55859375 0.044921875 0.0859375 0.0859375
0 0.65869140625 0.0478515625 0.0869140625 0.0859375
0 0.81591796875 0.1357421875 0.0986328125 0.09765625
0 0.87939453125 0.0498046875 0.0986328125 0.09765625
0 0.92822265625 0.1416015625 0.0986328125 0.09765625
0 0.873046875 0.2314453125 0.09765625 0.09765625
0 0.822265625 0.3291015625 0.111328125 0.109375
0 0.93359375 0.330078125 0.09765625 0.09765625
0 0.8759765625 0.423828125 0.09765625 0.09765625
0 0.93505859375 0.51708984375 0.1103515625 0.1103515625
0 0.87646484375 0.615234375 0.0986328125 0.09765625
0 0.93798828125 0.7138671875 0.1103515625 0.109375
0 0.93310546875 0.896484375 0.0986328125 0.09765625