0 0.68310546875 0.05224609375 0.0732421875 0.0732421875
0 0.904296875 0.70263671875 0.07421875 0.0732421875
0 0.89892578125 0.52490234375 0.0732421875 0.0732421875
0 0.90478515625 0.33349609375 0.0732421875 0.0732421875
0 0.912109375 0.14208984375 0.07421875 0.0732421875
0 0.73388671875 0.14501953125 0.0615234375 0.0615234375
0 0.62744140625 0.1435546875 0.0986328125 0.09765625
0 0.51513671875 0.142578125 0.0986328125 0.09765625
0 0.421875 0.1494140625 0.09765625 0.09765625
0 0.294921875 0.14306640625 0.123046875 0.1220703125
0 0.68505859375 0.2431640625 0.0986328125 0.09765625
0 0.56689453125 0.2373046875 0.0986328125 0.09765625
0 0.470703125 0.23681640625 0.123046875 0.1220703125
0 0.3544921875 0.23583984375 0.123046875 0.1220703125
0 0.2412109375 0.23583984375 0.123046875 0.1220703125
0 0.73583984375 0.33984375 0.0615234375 0.060546875
0 0.62939453125 0.33203125 0.0986328125 0.09765625
0 0.52001953125 0.33203125 0.0986328125 0.09765625
0 0.4033203125 0.33447265625 0.123046875 0.1220703125
0 0.2880859375 0.33251953125 0.123046875 0.1220703125
0 0.681640625 0.42919921875 0.0859375 0.0849609375
0 0.57373046875 0.4248046875 0.0986328125 0.09765625
0 0.45947265625 0.42822265625 0.1220703125 0.1220703125
0 0.35205078125 0.4326171875 0.0986328125 0.09765625
0 0.2412109375 0.42724609375 0.123046875 0.1220703125
0 0.73486328125 0.521484375 0.0615234375 0.060546875
0 0.62548828125 0.5244140625 0.0986328125 0.09765625
0 0.51318359375 0.51953125 0.0986328125 0.09765625
0 0.40185546875 0.5205078125 0.0986328125 0.09765625
0 0.30029296875 0.5244140625 0.0986328125 0.09765625
0 0.6787109375 0.61328125 0.0859375 0.0859375
0 0.57470703125 0.6142578125 0.0986328125 0.09765625
0 0.46142578125 0.6162109375 0.0986328125 0.09765625
0 0.34814453125 0.61328125 0.0986328125 0.09765625
0 0.23388671875 0.61376953125 0.1220703125 0.1220703125
0 0.7275390625 0.71142578125 0.037109375 0.0361328125
0 0.62890625 0.7119140625 0.09765625 0.09765625
0 0.52001953125 0.7109375 0.1103515625 0.109375
0 0.3994140625 0.70849609375 0.123046875 0.1220703125
0 0.28955078125 0.7138671875 0.1103515625 0.109375
0 0.18017578125 0.7080078125 0.0986328125 0.09765625
0 0.669921875 0.80712890625 0.0859375 0.0849609375
0 0.572265625 0.8046875 0.09765625 0.09765625
0 0.4560546875 0.80322265625 0.111328125 0.1103515625
0 0.34375 0.79931640625 0.123046875 0.1220703125
0 0.24169921875 0.8017578125 0.1103515625 0.109375
0 0.72314453125 0.9072265625 0.0615234375 0.060546875
0 0.625 0.8994140625 0.0859375 0.0859375
0 0.513671875 0.90087890625 0.111328125 0.1103515625
0 0.400390625 0.89306640625 0.123046875 0.1220703125
0 0.29248046875 0.89306640625 0.1103515625 0.1103515625
0 0.17822265625 0.89794921875 0.1103515625 0.1103515625
0 0.06689453125 0.896484375 0.1103515625 0.109375
0 0.13134765625 0.8037109375 0.1103515625 0.109375
0 0.06884765625 0.7119140625 0.0986328125 0.09765625
0 0.13037109375 0.6220703125 0.0986328125 0.09765625
0 0.18603515625 0.52294921875 0.1220703125 0.1220703125
0 0.07568359375 0.52294921875 0.1220703125 0.1220703125
0 0.1298828125 0.42333984375 0.123046875 0.1220703125
0 0.1884765625 0.33251953125 0.123046875 0.1220703125
0 0.07958984375 0.337890625 0.0986328125 0.09765625
0 0.1328125 0.23779296875 0.123046875 0.1220703125
0 0.1962890625 0.1484375 0.09765625 0.09765625
0 0.078125 0.1396484375 0.09765625 0.09765625