0 0.76806640625 0.9365234375 0.0732421875 0.07421875
0 0.58935546875 0.244140625 0.0732421875 0.07421875
0 0.58740234375 0.158203125 0.0732421875 0.07421875
0 0.38623046875 0.17626953125 0.0732421875 0.0732421875
0 0.39306640625 0.392578125 0.0732421875 0.07421875
0 0.66748046875 0.19091796875 0.0732421875 0.0732421875
0 0.474609375 0.06298828125 0.060546875 0.0615234375
0 0.66943359375 0.09326171875 0.0732421875 0.0732421875
0 0.0986328125 0.77978515625 0.09765625 0.0986328125
0 0.10546875 0.6650390625 0.0859375 0.0859375
0 0.10302734375 0.5595703125 0.0849609375 0.0859375
0 0.10205078125 0.44287109375 0.1103515625 0.1103515625
0 0.09814453125 0.33447265625 0.1103515625 0.1103515625
0 0.099609375 0.22509765625 0.109375 0.1103515625
0 0.1025390625 0.10693359375 0.09765625 0.0986328125
0 0.1943359375 0.8134765625 0.09765625 0.09765625
0 0.189453125 0.72216796875 0.09765625 0.0986328125
0 0.2041015625 0.6181640625 0.09765625 0.09765625
0 0.203125 0.49072265625 0.09765625 0.0986328125
0 0.2080078125 0.38134765625 0.09765625 0.0986328125
0 0.2119140625 0.27587890625 0.09765625 0.0986328125
0 0.20068359375 0.1669921875 0.0849609375 0.0859375
0 0.29638671875 0.119140625 0.0849609375 0.0859375
0 0.28759765625 0.7666015625 0.1103515625 0.111328125
0 0.28369140625 0.6416015625 0.1220703125 0.123046875
0 0.29052734375 0.5361328125 0.0849609375 0.0859375
0 0.3076171875 0.4189453125 0.0859375 0.0859375
0 0.30517578125 0.33349609375 0.0849609375 0.0869140625
0 0.298828125 0.2255859375 0.09765625 0.09765625
0 0.38330078125 0.81787109375 0.1103515625 0.1103515625
0 0.37939453125 0.70849609375 0.1103515625 0.1103515625
0 0.3818359375 0.59619140625 0.09765625 0.0986328125
0 0.3798828125 0.49755859375 0.09765625 0.0986328125
0 0.4716796875 0.41064453125 0.060546875 0.0615234375
0 0.47216796875 0.3076171875 0.0732421875 0.07421875
0 0.46923828125 0.2216796875 0.0849609375 0.0859375
0 0.478515625 0.142578125 0.0859375 0.0859375
0 0.60400390625 0.05908203125 0.0615234375 0.0615234375
0 0.8505859375 0.10546875 0.0859375 0.0859375
0 0.4775390625 0.75146484375 0.109375 0.1103515625
0 0.47021484375 0.65478515625 0.1103515625 0.1103515625
0 0.47265625 0.53955078125 0.109375 0.1103515625
0 0.568359375 0.8125 0.0859375 0.0859375
0 0.5732421875 0.70166015625 0.109375 0.1103515625
0 0.57080078125 0.59521484375 0.1103515625 0.1103515625
0 0.5712890625 0.4951171875 0.109375 0.111328125
0 0.5830078125 0.35302734375 0.09765625 0.0986328125
0 0.6669921875 0.30517578125 0.09765625 0.0986328125
0 0.65234375 0.419921875 0.0859375 0.0859375
0 0.66650390625 0.76318359375 0.0849609375 0.0869140625
0 0.66015625 0.6591796875 0.09765625 0.09765625
0 0.6669921875 0.52783203125 0.09765625 0.0986328125
0 0.7685546875 0.8193359375 0.0859375 0.0859375
0 0.76708984375 0.7060546875 0.0849609375 0.0859375
0 0.759765625 0.5927734375 0.09765625 0.09765625
0 0.755859375 0.48974609375 0.109375 0.1103515625
0 0.74560546875 0.3525390625 0.0849609375 0.0859375
0 0.7548828125 0.25830078125 0.09765625 0.0986328125
0 0.76806640625 0.1376953125 0.0849609375 0.0859375
0 0.84521484375 0.21044921875 0.1103515625 0.1103515625
0 0.85302734375 0.30419921875 0.1103515625 0.1103515625
0 0.85009765625 0.431640625 0.1103515625 0.111328125
0 0.84765625 0.533203125 0.109375 0.111328125
0 0.849609375 0.64892578125 0.09765625 0.0986328125
0 0.84912109375 0.7607421875 0.0732421875 0.07421875
0 0.94677734375 0.8232421875 0.0849609375 0.0859375
0 0.94970703125 0.7021484375 0.0849609375 0.0859375
0 0.9443359375 0.48486328125 0.09765625 0.0986328125
0 0.9384765625 0.361328125 0.0859375 0.0859375
0 0.943359375 0.2626953125 0.109375 0.111328125
0 0.9423828125 0.15576171875 0.09765625 0.0986328125
0 0.94775390625 0.0478515625 0.0849609375 0.0859375
0 0.84423828125 0.884765625 0.0732421875 0.07421875
0 0.9423828125 0.9189453125 0.0859375 0.0859375
0 0.1064453125 0.890625 0.0859375 0.0859375
0 0.19580078125 0.93212890625 0.1103515625 0.1103515625
0 0.37890625 0.92431640625 0.09765625 0.0986328125
0 0.56396484375 0.93017578125 0.1103515625 0.1103515625
0 0.470703125 0.8662109375 0.0859375 0.0859375
0 0.65966796875 0.8779296875 0.0849609375 0.0859375
0 0.28076171875 0.85888671875 0.1103515625 0.1103515625
0 0.388671875 0.28857421875 0.09765625 0.0986328125