0 0.73583984375 0.6669921875 0.0732421875 0.07421875
0 0.73779296875 0.7529296875 0.0732421875 0.07421875
0 0.93896484375 0.73486328125 0.0732421875 0.0732421875
0 0.93212890625 0.5185546875 0.0732421875 0.07421875
0 0.65771484375 0.72021484375 0.0732421875 0.0732421875
0 0.8505859375 0.84814453125 0.060546875 0.0615234375
0 0.65576171875 0.81787109375 0.0732421875 0.0732421875
0 0.94189453125 0.09326171875 0.1103515625 0.1103515625
0 0.943359375 0.31494140625 0.09765625 0.0986328125
0 0.9453125 0.41357421875 0.09765625 0.0986328125
0 0.853515625 0.50048828125 0.060546875 0.0615234375
0 0.85302734375 0.603515625 0.0732421875 0.07421875
0 0.85595703125 0.689453125 0.0849609375 0.0859375
0 0.8466796875 0.7685546875 0.0859375 0.0859375
0 0.72119140625 0.85205078125 0.0615234375 0.0615234375
0 0.474609375 0.8056640625 0.0859375 0.0859375
0 0.84765625 0.15966796875 0.109375 0.1103515625
0 0.85498046875 0.25634765625 0.1103515625 0.1103515625
0 0.8525390625 0.37158203125 0.109375 0.1103515625
0 0.7568359375 0.0986328125 0.0859375 0.0859375
0 0.751953125 0.20947265625 0.109375 0.1103515625
0 0.75439453125 0.31591796875 0.1103515625 0.1103515625
0 0.75390625 0.416015625 0.109375 0.111328125
0 0.7421875 0.55810546875 0.09765625 0.0986328125
0 0.658203125 0.60595703125 0.09765625 0.0986328125
0 0.6728515625 0.4912109375 0.0859375 0.0859375
0 0.65869140625 0.14794921875 0.0849609375 0.0869140625
0 0.6650390625 0.251953125 0.09765625 0.09765625
0 0.658203125 0.38330078125 0.09765625 0.0986328125
0 0.556640625 0.091796875 0.0859375 0.0859375
0 0.55810546875 0.205078125 0.0849609375 0.0859375
0 0.5654296875 0.318359375 0.09765625 0.09765625
0 0.5693359375 0.42138671875 0.109375 0.1103515625
0 0.57958984375 0.55859375 0.0849609375 0.0859375
0 0.5703125 0.65283203125 0.09765625 0.0986328125
0 0.55712890625 0.7734375 0.0849609375 0.0859375
0 0.47998046875 0.70068359375 0.1103515625 0.1103515625
0 0.47216796875 0.60693359375 0.1103515625 0.1103515625
0 0.47509765625 0.4794921875 0.1103515625 0.111328125
0 0.4775390625 0.3779296875 0.109375 0.111328125
0 0.4755859375 0.26220703125 0.09765625 0.0986328125
0 0.47607421875 0.150390625 0.0732421875 0.07421875
0 0.37841796875 0.087890625 0.0849609375 0.0859375
0 0.37548828125 0.208984375 0.0849609375 0.0859375
0 0.3779296875 0.31787109375 0.109375 0.1103515625
0 0.380859375 0.42626953125 0.09765625 0.0986328125
0 0.38671875 0.5498046875 0.0859375 0.0859375
0 0.3818359375 0.6484375 0.109375 0.111328125
0 0.3828125 0.75537109375 0.09765625 0.0986328125
0 0.37744140625 0.86328125 0.0849609375 0.0859375
0 0.30126953125 0.81884765625 0.0849609375 0.0869140625
0 0.291015625 0.7138671875 0.0859375 0.0859375
0 0.29150390625 0.5947265625 0.0849609375 0.0859375
0 0.30029296875 0.4853515625 0.0849609375 0.0859375
0 0.30322265625 0.373046875 0.0849609375 0.0859375
0 0.3037109375 0.26708984375 0.09765625 0.0986328125
0 0.2890625 0.162109375 0.0859375 0.0859375
0 0.1953125 0.09130859375 0.09765625 0.0986328125
0 0.19091796875 0.21533203125 0.1103515625 0.1103515625
0 0.19189453125 0.32177734375 0.1103515625 0.1103515625
0 0.19580078125 0.43115234375 0.0966796875 0.0986328125
0 0.19677734375 0.53515625 0.0849609375 0.0859375
0 0.189453125 0.65087890625 0.09765625 0.0986328125
0 0.1865234375 0.76806640625 0.109375 0.1103515625
0 0.1982421875 0.8720703125 0.09765625 0.09765625
0 0.10400390625 0.59228515625 0.0849609375 0.0869140625
0 0.1044921875 0.16064453125 0.109375 0.1103515625
0 0.1044921875 0.26708984375 0.09765625 0.0986328125
0 0.10400390625 0.37744140625 0.1103515625 0.1103515625
0 0.1015625 0.49072265625 0.109375 0.1103515625
0 0.095703125 0.68994140625 0.09765625 0.0986328125
0 0.10107421875 0.80859375 0.0849609375 0.0859375
0 0.8544921875 0.044921875 0.0859375 0.0859375
0 0.9365234375 0.62255859375 0.09765625 0.0986328125