0 0.630859375 0.42333984375 0.07421875 0.0732421875
0 0.71142578125 0.51513671875 0.0732421875 0.0732421875
0 0.91796875 0.32275390625 0.07421875 0.0732421875
0 0.7919921875 0.70361328125 0.0859375 0.0849609375
0 0.6875 0.70849609375 0.0859375 0.0849609375
0 0.5693359375 0.70849609375 0.0859375 0.0849609375
0 0.5263671875 0.7900390625 0.0859375 0.0859375
0 0.578125 0.89697265625 0.0859375 0.0849609375
0 0.66943359375 0.8935546875 0.0869140625 0.0859375
0 0.6279296875 0.79638671875 0.0859375 0.0849609375
0 0.7255859375 0.80029296875 0.0859375 0.0849609375
0 0.59716796875 0.52001953125 0.0615234375 0.0615234375
0 0.146484375 0.888671875 0.09765625 0.09765625
0 0.25439453125 0.884765625 0.0986328125 0.09765625
0 0.36767578125 0.8896484375 0.0986328125 0.09765625
0 0.45751953125 0.8916015625 0.0986328125 0.09765625
0 0.8046875 0.892578125 0.09765625 0.09765625
0 0.08544921875 0.796875 0.1103515625 0.109375
0 0.19091796875 0.7998046875 0.1103515625 0.109375
0 0.30126953125 0.7919921875 0.1103515625 0.109375
0 0.40966796875 0.7958984375 0.0986328125 0.09765625
0 0.146484375 0.69775390625 0.0859375 0.0849609375
0 0.25048828125 0.70556640625 0.1103515625 0.1103515625
0 0.3583984375 0.69677734375 0.0859375 0.0849609375
0 0.435546875 0.6962890625 0.09765625 0.09765625
0 0.10791015625 0.6083984375 0.0986328125 0.09765625
0 0.19921875 0.607421875 0.0859375 0.0859375
0 0.3173828125 0.599609375 0.0859375 0.0859375
0 0.41357421875 0.599609375 0.0986328125 0.09765625
0 0.5322265625 0.607421875 0.0859375 0.0859375
0 0.6357421875 0.61279296875 0.0859375 0.0849609375
0 0.765625 0.6103515625 0.0859375 0.0859375
0 0.1533203125 0.50146484375 0.0859375 0.0849609375
0 0.2548828125 0.50537109375 0.111328125 0.1103515625
0 0.36181640625 0.5068359375 0.1103515625 0.109375
0 0.46142578125 0.5078125 0.1103515625 0.109375
0 0.52294921875 0.4072265625 0.1103515625 0.109375
0 0.41650390625 0.40185546875 0.1103515625 0.1103515625
0 0.3134765625 0.4033203125 0.111328125 0.109375
0 0.1953125 0.404296875 0.09765625 0.09765625
0 0.08447265625 0.4052734375 0.0986328125 0.09765625
0 0.13818359375 0.31640625 0.1103515625 0.109375
0 0.24365234375 0.3154296875 0.0986328125 0.09765625
0 0.35791015625 0.31640625 0.1103515625 0.109375
0 0.47216796875 0.322265625 0.0986328125 0.09765625
0 0.57373046875 0.318359375 0.1103515625 0.109375
0 0.80810546875 0.3193359375 0.0986328125 0.09765625
0 0.5751953125 0.138671875 0.0859375 0.0859375
0 0.0859375 0.22705078125 0.0859375 0.0849609375
0 0.1923828125 0.224609375 0.0859375 0.0859375
0 0.3076171875 0.22216796875 0.0859375 0.0849609375
0 0.4296875 0.22607421875 0.0859375 0.0849609375
0 0.53759765625 0.2265625 0.0986328125 0.09765625
0 0.62890625 0.22412109375 0.0859375 0.0849609375
0 0.14111328125 0.1328125 0.1103515625 0.109375
0 0.24462890625 0.1357421875 0.0986328125 0.09765625
0 0.35302734375 0.13427734375 0.1103515625 0.1103515625
0 0.4736328125 0.13330078125 0.0859375 0.0849609375
0 0.80029296875 0.1376953125 0.0986328125 0.09765625
0 0.91845703125 0.13671875 0.0986328125 0.09765625
0 0.85546875 0.2265625 0.0859375 0.0859375
0 0.865234375 0.41552734375 0.111328125 0.1103515625
0 0.9140625 0.5068359375 0.09765625 0.09765625
0 0.859375 0.79541015625 0.0859375 0.0849609375
0 0.90576171875 0.9033203125 0.1103515625 0.109375