0 0.08203125 0.13134765625 0.09765625 0.0986328125
0 0.08203125 0.24072265625 0.09765625 0.0986328125
0 0.08447265625 0.357421875 0.1220703125 0.123046875
0 0.08251953125 0.47265625 0.1220703125 0.123046875
0 0.17919921875 0.0791015625 0.0849609375 0.0859375
0 0.1748046875 0.18701171875 0.09765625 0.0986328125
0 0.17822265625 0.30126953125 0.1220703125 0.1220703125
0 0.1826171875 0.40869140625 0.09765625 0.0986328125
0 0.17724609375 0.51953125 0.1220703125 0.123046875
0 0.2744140625 0.13525390625 0.09765625 0.0986328125
0 0.26953125 0.24755859375 0.09765625 0.0986328125
0 0.2705078125 0.35888671875 0.09765625 0.0986328125
0 0.2744140625 0.46044921875 0.09765625 0.0986328125
0 0.36328125 0.08203125 0.0859375 0.0859375
0 0.3642578125 0.18603515625 0.09765625 0.0986328125
0 0.3662109375 0.29931640625 0.09765625 0.0986328125
0 0.36328125 0.41259765625 0.09765625 0.0986328125
0 0.36376953125 0.52685546875 0.1220703125 0.1220703125
0 0.46142578125 0.033203125 0.0361328125 0.037109375
0 0.4619140625 0.1318359375 0.09765625 0.09765625
0 0.4609375 0.24072265625 0.109375 0.1103515625
0 0.45849609375 0.361328125 0.1220703125 0.123046875
0 0.4638671875 0.47119140625 0.109375 0.1103515625
0 0.4580078125 0.58056640625 0.09765625 0.0986328125
0 0.55712890625 0.0908203125 0.0849609375 0.0859375
0 0.5546875 0.1884765625 0.09765625 0.09765625
0 0.55322265625 0.3046875 0.1103515625 0.111328125
0 0.54931640625 0.4169921875 0.1220703125 0.123046875
0 0.5517578125 0.51904296875 0.109375 0.1103515625
0 0.6572265625 0.03759765625 0.060546875 0.0615234375
0 0.6494140625 0.1357421875 0.0859375 0.0859375
0 0.65087890625 0.2470703125 0.1103515625 0.111328125
0 0.64306640625 0.3603515625 0.1220703125 0.123046875
0 0.64306640625 0.46826171875 0.1103515625 0.1103515625
0 0.74609375 0.0859375 0.0859375 0.0859375
0 0.73828125 0.19580078125 0.09765625 0.0986328125
0 0.748046875 0.30615234375 0.109375 0.1103515625
0 0.74560546875 0.41796875 0.1220703125 0.123046875
0 0.74462890625 0.52978515625 0.0615234375 0.0615234375
0 0.64794921875 0.58251953125 0.1103515625 0.1103515625
0 0.84326171875 0.04443359375 0.0615234375 0.0615234375
0 0.83984375 0.13818359375 0.09765625 0.0986328125
0 0.84423828125 0.2529296875 0.1220703125 0.123046875
0 0.8369140625 0.36181640625 0.109375 0.1103515625
0 0.84033203125 0.4765625 0.1220703125 0.123046875
0 0.8427734375 0.5830078125 0.109375 0.111328125
0 0.9375 0.08740234375 0.09765625 0.0986328125
0 0.93310546875 0.19677734375 0.1103515625 0.1103515625
0 0.92529296875 0.30078125 0.1220703125 0.123046875
0 0.93408203125 0.42333984375 0.1103515625 0.1103515625
0 0.93505859375 0.5263671875 0.1220703125 0.123046875
0 0.93115234375 0.6376953125 0.1220703125 0.123046875
0 0.9306640625 0.7490234375 0.09765625 0.09765625
0 0.9306640625 0.8564453125 0.09765625 0.09765625
0 0.8330078125 0.6943359375 0.09765625 0.09765625
0 0.83984375 0.8046875 0.09765625 0.09765625
0 0.83056640625 0.908203125 0.0849609375 0.0859375
0 0.74755859375 0.6328125 0.1103515625 0.111328125
0 0.7431640625 0.748046875 0.09765625 0.09765625
0 0.74169921875 0.8486328125 0.0732421875 0.07421875
0 0.646484375 0.69384765625 0.109375 0.1103515625
0 0.646484375 0.79931640625 0.09765625 0.0986328125
0 0.642578125 0.90625 0.0859375 0.0859375
0 0.5537109375 0.62939453125 0.109375 0.1103515625
0 0.55810546875 0.74365234375 0.1103515625 0.1103515625
0 0.55517578125 0.85400390625 0.1103515625 0.1103515625
0 0.4619140625 0.69189453125 0.09765625 0.0986328125
0 0.4560546875 0.80029296875 0.09765625 0.0986328125
0 0.458984375 0.91064453125 0.09765625 0.0986328125
0 0.3720703125 0.63037109375 0.09765625 0.0986328125
0 0.36328125 0.74169921875 0.0859375 0.0869140625
0 0.3603515625 0.8505859375 0.0859375 0.0859375
0 0.27294921875 0.57470703125 0.1220703125 0.1220703125
0 0.27294921875 0.68505859375 0.1220703125 0.1220703125
0 0.271484375 0.79443359375 0.09765625 0.0986328125
0 0.271484375 0.90478515625 0.109375 0.1103515625
0 0.17333984375 0.630859375 0.1220703125 0.123046875
0 0.1767578125 0.73681640625 0.09765625 0.0986328125
0 0.17431640625 0.84130859375 0.1103515625 0.1103515625
0 0.08251953125 0.572265625 0.1220703125 0.123046875
0 0.087890625 0.68115234375 0.09765625 0.0986328125
0 0.08251953125 0.79296875 0.0849609375 0.0859375
0 0.08203125 0.892578125 0.109375 0.111328125