0 0.89501953125 0.841796875 0.0732421875 0.07421875
0 0.61572265625 0.59521484375 0.0732421875 0.0732421875
0 0.0556640625 0.0517578125 0.09765625 0.09765625
0 0.1435546875 0.0869140625 0.0859375 0.0859375
0 0.240234375 0.13916015625 0.09765625 0.0986328125
0 0.32958984375 0.08935546875 0.1103515625 0.1103515625
0 0.427734375 0.140625 0.09765625 0.09765625
0 0.5185546875 0.08447265625 0.09765625 0.0986328125
0 0.60888671875 0.1474609375 0.0849609375 0.0859375
0 0.70703125 0.0849609375 0.0859375 0.0859375
0 0.794921875 0.14599609375 0.09765625 0.0986328125
0 0.8955078125 0.07861328125 0.09765625 0.0986328125
0 0.80078125 0.68017578125 0.0859375 0.0869140625
0 0.80078125 0.5693359375 0.0859375 0.0859375
0 0.70751953125 0.6240234375 0.0732421875 0.07421875
0 0.71142578125 0.7294921875 0.0732421875 0.07421875
0 0.51513671875 0.630859375 0.0849609375 0.0859375
0 0.0498046875 0.7158203125 0.09765625 0.09765625
0 0.04345703125 0.818359375 0.0849609375 0.0859375
0 0.140625 0.86181640625 0.09765625 0.0986328125
0 0.1484375 0.7509765625 0.09765625 0.09765625
0 0.1416015625 0.64306640625 0.09765625 0.0986328125
0 0.23046875 0.5859375 0.09765625 0.09765625
0 0.236328125 0.69287109375 0.09765625 0.0986328125
0 0.234375 0.80029296875 0.09765625 0.0986328125
0 0.2333984375 0.9150390625 0.09765625 0.09765625
0 0.32763671875 0.85791015625 0.1103515625 0.1103515625
0 0.3251953125 0.74365234375 0.109375 0.1103515625
0 0.32373046875 0.6328125 0.1103515625 0.111328125
0 0.421875 0.58984375 0.09765625 0.09765625
0 0.4130859375 0.69287109375 0.109375 0.1103515625
0 0.42578125 0.796875 0.109375 0.111328125
0 0.41796875 0.90869140625 0.109375 0.1103515625
0 0.51904296875 0.859375 0.0849609375 0.0859375
0 0.513671875 0.73291015625 0.109375 0.1103515625
0 0.61181640625 0.693359375 0.0849609375 0.0859375
0 0.6103515625 0.79296875 0.09765625 0.09765625
0 0.61328125 0.92822265625 0.09765625 0.0986328125
0 0.7021484375 0.82861328125 0.09765625 0.0986328125
0 0.79931640625 0.8857421875 0.0849609375 0.0859375
0 0.89404296875 0.6357421875 0.0849609375 0.0859375
0 0.8994140625 0.306640625 0.0859375 0.0859375
0 0.896484375 0.1728515625 0.09765625 0.09765625
0 0.8037109375 0.25048828125 0.109375 0.1103515625
0 0.802734375 0.37353515625 0.09765625 0.0986328125
0 0.80224609375 0.46826171875 0.0849609375 0.0869140625
0 0.71337890625 0.5400390625 0.0849609375 0.0859375
0 0.70751953125 0.41650390625 0.1103515625 0.1103515625
0 0.70849609375 0.30712890625 0.1103515625 0.1103515625
0 0.708984375 0.19677734375 0.09765625 0.0986328125
0 0.609375 0.25537109375 0.09765625 0.0986328125
0 0.611328125 0.36572265625 0.09765625 0.0986328125
0 0.6103515625 0.4697265625 0.0859375 0.0859375
0 0.5126953125 0.52783203125 0.109375 0.1103515625
0 0.515625 0.42333984375 0.09765625 0.0986328125
0 0.515625 0.3056640625 0.0859375 0.0859375
0 0.5146484375 0.19921875 0.0859375 0.0859375
0 0.423828125 0.24560546875 0.09765625 0.0986328125
0 0.4208984375 0.35302734375 0.09765625 0.0986328125
0 0.4267578125 0.458984375 0.09765625 0.09765625
0 0.333984375 0.5107421875 0.109375 0.111328125
0 0.33251953125 0.41015625 0.1103515625 0.111328125
0 0.32666015625 0.31982421875 0.1103515625 0.1103515625
0 0.33251953125 0.19384765625 0.1103515625 0.1103515625
0 0.2421875 0.24609375 0.09765625 0.09765625
0 0.2421875 0.357421875 0.09765625 0.09765625
0 0.2353515625 0.4677734375 0.0859375 0.0859375
0 0.1435546875 0.53369140625 0.09765625 0.0986328125
0 0.1396484375 0.4306640625 0.0859375 0.0859375
0 0.1474609375 0.3095703125 0.09765625 0.09765625
0 0.1396484375 0.203125 0.09765625 0.09765625
0 0.05078125 0.2744140625 0.09765625 0.09765625
0 0.8994140625 0.42919921875 0.109375 0.1103515625
0 0.89453125 0.52001953125 0.109375 0.1103515625