0 0.52392578125 0.78662109375 0.0732421875 0.0732421875
0 0.05029296875 0.87939453125 0.0732421875 0.0732421875
0 0.94921875 0.21875 0.09765625 0.09765625
0 0.4951171875 0.87841796875 0.07421875 0.0732421875
0 0.3896484375 0.88232421875 0.07421875 0.0732421875
0 0.48828125 0.68603515625 0.0859375 0.0849609375
0 0.46044921875 0.12109375 0.1103515625 0.109375
0 0.35693359375 0.12109375 0.0986328125 0.09765625
0 0.24853515625 0.1240234375 0.0986328125 0.09765625
0 0.1259765625 0.1220703125 0.0859375 0.0859375
0 0.51904296875 0.2158203125 0.0986328125 0.09765625
0 0.4033203125 0.220703125 0.09765625 0.09765625
0 0.30078125 0.21435546875 0.0859375 0.0849609375
0 0.19140625 0.2119140625 0.09765625 0.09765625
0 0.07568359375 0.2216796875 0.0986328125 0.09765625
0 0.14453125 0.3125 0.09765625 0.09765625
0 0.25732421875 0.3115234375 0.0986328125 0.09765625
0 0.3681640625 0.3193359375 0.09765625 0.09765625
0 0.47607421875 0.3125 0.0986328125 0.09765625
0 0.533203125 0.4013671875 0.09765625 0.09765625
0 0.42626953125 0.4072265625 0.0986328125 0.09765625
0 0.31884765625 0.4052734375 0.0986328125 0.09765625
0 0.2041015625 0.404296875 0.09765625 0.09765625
0 0.08837890625 0.400390625 0.0986328125 0.09765625
0 0.14794921875 0.49951171875 0.1103515625 0.1103515625
0 0.26123046875 0.49853515625 0.1103515625 0.1103515625
0 0.37548828125 0.49609375 0.1103515625 0.109375
0 0.486328125 0.49462890625 0.111328125 0.1103515625
0 0.529296875 0.5927734375 0.09765625 0.09765625
0 0.42626953125 0.583984375 0.1103515625 0.109375
0 0.322265625 0.5966796875 0.111328125 0.109375
0 0.21044921875 0.5888671875 0.1103515625 0.109375
0 0.10546875 0.59130859375 0.0859375 0.0849609375
0 0.15576171875 0.6845703125 0.0986328125 0.09765625
0 0.259765625 0.68994140625 0.0859375 0.0849609375
0 0.38623046875 0.6845703125 0.1103515625 0.109375
0 0.42578125 0.78271484375 0.0859375 0.0849609375
0 0.326171875 0.78125 0.09765625 0.09765625
0 0.19091796875 0.7841796875 0.0986328125 0.09765625
0 0.10205078125 0.7822265625 0.0986328125 0.09765625
0 0.1552734375 0.87841796875 0.0859375 0.0849609375
0 0.29052734375 0.873046875 0.0986328125 0.09765625
0 0.5791015625 0.88427734375 0.0859375 0.0849609375
0 0.70263671875 0.87841796875 0.1103515625 0.1103515625
0 0.81201171875 0.87939453125 0.1103515625 0.1103515625
0 0.92236328125 0.8798828125 0.0986328125 0.09765625
0 0.86376953125 0.7802734375 0.0986328125 0.09765625
0 0.75341796875 0.7822265625 0.0986328125 0.09765625
0 0.6494140625 0.78125 0.0859375 0.0859375
0 0.59130859375 0.68359375 0.1103515625 0.109375
0 0.69580078125 0.6865234375 0.0986328125 0.09765625
0 0.8134765625 0.6865234375 0.0859375 0.0859375
0 0.919921875 0.685546875 0.0859375 0.0859375
0 0.87353515625 0.5947265625 0.0986328125 0.09765625
0 0.76611328125 0.591796875 0.0986328125 0.09765625
0 0.66015625 0.59765625 0.09765625 0.09765625
0 0.6083984375 0.5048828125 0.111328125 0.109375
0 0.708984375 0.50341796875 0.111328125 0.1103515625
0 0.79931640625 0.49755859375 0.1103515625 0.1103515625
0 0.92529296875 0.50341796875 0.1103515625 0.1103515625
0 0.873046875 0.4130859375 0.09765625 0.09765625
0 0.76171875 0.4130859375 0.09765625 0.09765625
0 0.6513671875 0.40625 0.0859375 0.0859375
0 0.58544921875 0.314453125 0.0986328125 0.09765625
0 0.6884765625 0.310546875 0.0859375 0.0859375
0 0.8095703125 0.318359375 0.09765625 0.09765625
0 0.916015625 0.310546875 0.09765625 0.09765625
0 0.8447265625 0.2216796875 0.09765625 0.09765625
0 0.74853515625 0.2158203125 0.0986328125 0.09765625
0 0.62548828125 0.2138671875 0.0986328125 0.09765625
0 0.56884765625 0.126953125 0.1103515625 0.109375
0 0.68212890625 0.12060546875 0.1103515625 0.1103515625
0 0.79541015625 0.13330078125 0.1103515625 0.1103515625
0 0.90673828125 0.12451171875 0.1103515625 0.1103515625