0 0.071875 0.14921875 0.096875 0.0984375
0 0.16875 0.0921875 0.109375 0.109375
0 0.2578125 0.146875 0.096875 0.096875
0 0.3546875 0.0828125 0.096875 0.096875
0 0.453125 0.14140625 0.109375 0.1109375
0 0.546875 0.08515625 0.096875 0.0984375
0 0.5484375 0.1953125 0.096875 0.096875
0 0.54921875 0.31171875 0.0859375 0.0859375
0 0.54921875 0.41640625 0.0609375 0.0609375
0 0.5484375 0.53046875 0.096875 0.0984375
0 0.546875 0.6359375 0.109375 0.109375
0 0.64140625 0.46953125 0.0859375 0.0859375
0 0.65625 0.58671875 0.084375 0.0859375
0 0.453125 0.2546875 0.096875 0.096875
0 0.453125 0.35703125 0.084375 0.0859375
0 0.453125 0.48125 0.109375 0.109375
0 0.453125 0.5859375 0.109375 0.109375
0 0.3546875 0.17890625 0.109375 0.1109375
0 0.3640625 0.29921875 0.096875 0.0984375
0 0.3546875 0.41953125 0.059375 0.0609375
0 0.35625 0.5171875 0.109375 0.109375
0 0.3546875 0.6359375 0.109375 0.109375
0 0.265625 0.24921875 0.096875 0.0984375
0 0.26875 0.36640625 0.096875 0.0984375
0 0.2609375 0.47109375 0.096875 0.0984375
0 0.2609375 0.57890625 0.096875 0.0984375
0 0.1671875 0.19609375 0.096875 0.0984375
0 0.16875 0.30546875 0.096875 0.0984375
0 0.16875 0.4203125 0.071875 0.071875
0 0.1703125 0.52578125 0.096875 0.0984375
0 0.16875 0.63984375 0.096875 0.0984375
0 0.078125 0.2546875 0.109375 0.109375
0 0.0703125 0.35234375 0.096875 0.0984375
0 0.0671875 0.48359375 0.096875 0.0984375
0 0.0734375 0.5875 0.109375 0.109375
0 0.0765625 0.6875 0.109375 0.109375
0 0.07578125 0.81015625 0.0859375 0.0859375
0 0.075 0.915625 0.096875 0.096875
0 0.1703125 0.746875 0.109375 0.109375
0 0.1703125 0.85234375 0.109375 0.1109375
0 0.265625 0.6890625 0.109375 0.109375
0 0.2625 0.80625 0.109375 0.109375
0 0.2640625 0.9125 0.109375 0.109375
0 0.353125 0.740625 0.109375 0.109375
0 0.3515625 0.8546875 0.109375 0.109375
0 0.453125 0.69140625 0.096875 0.0984375
0 0.453125 0.803125 0.109375 0.109375
0 0.4546875 0.91015625 0.096875 0.0984375
0 0.5515625 0.7375 0.109375 0.109375
0 0.546875 0.8515625 0.109375 0.109375
0 0.65234375 0.69453125 0.0859375 0.0859375
0 0.6546875 0.79609375 0.084375 0.0859375
0 0.65 0.90703125 0.084375 0.0859375
0 0.7375 0.5203125 0.096875 0.096875
0 0.75 0.6359375 0.096875 0.096875
0 0.746875 0.7484375 0.109375 0.109375
0 0.74375 0.853125 0.109375 0.109375
0 0.8421875 0.58359375 0.109375 0.1109375
0 0.846875 0.69296875 0.109375 0.1109375
0 0.8453125 0.803125 0.109375 0.109375
0 0.8421875 0.90703125 0.096875 0.0984375
0 0.8359375 0.47265625 0.084375 0.0859375
0 0.9375 0.53046875 0.096875 0.0984375
0 0.9375 0.634375 0.096875 0.096875
0 0.9390625 0.74375 0.096875 0.096875
0 0.940625 0.85234375 0.109375 0.1109375
0 0.17109375 0.95390625 0.0984375 0.0921875
0 0.36171875 0.95390625 0.1046875 0.0890625
0 0.55546875 0.95546875 0.1078125 0.0890625
0 0.74296875 0.95546875 0.0953125 0.0890625
0 0.07578125 0.0453125 0.1046875 0.090625
0 0.26796875 0.0265625 0.0796875 0.053125
0 0.4515625 0.040625 0.0875 0.08125
0 0.9375 0.953125 0.090625 0.090625