0 0.939453125 0.14013671875 0.109375 0.1103515625
0 0.93798828125 0.251953125 0.1103515625 0.111328125
0 0.8447265625 0.0791015625 0.09765625 0.09765625
0 0.84619140625 0.189453125 0.1103515625 0.111328125
0 0.84619140625 0.30810546875 0.1103515625 0.1103515625
0 0.7451171875 0.146484375 0.09765625 0.09765625
0 0.7548828125 0.26416015625 0.109375 0.1103515625
0 0.6552734375 0.09326171875 0.060546875 0.0615234375
0 0.6513671875 0.19970703125 0.109375 0.1103515625
0 0.6533203125 0.31005859375 0.109375 0.1103515625
0 0.55615234375 0.13623046875 0.1103515625 0.1103515625
0 0.56005859375 0.25634765625 0.1103515625 0.1103515625
0 0.46337890625 0.07373046875 0.0615234375 0.0615234375
0 0.46435546875 0.19482421875 0.1103515625 0.1103515625
0 0.4638671875 0.31103515625 0.109375 0.1103515625
0 0.36865234375 0.03173828125 0.0615234375 0.0615234375
0 0.3701171875 0.14208984375 0.109375 0.1103515625
0 0.369140625 0.26123046875 0.109375 0.1103515625
0 0.2744140625 0.0986328125 0.0859375 0.0859375
0 0.2744140625 0.19873046875 0.109375 0.1103515625
0 0.2763671875 0.30712890625 0.09765625 0.0986328125
0 0.18310546875 0.13818359375 0.1103515625 0.1103515625
0 0.18408203125 0.25048828125 0.1103515625 0.1103515625
0 0.08837890625 0.08447265625 0.1103515625 0.1103515625
0 0.0888671875 0.18408203125 0.109375 0.1103515625
0 0.083984375 0.298828125 0.109375 0.111328125
0 0.18701171875 0.357421875 0.1103515625 0.111328125
0 0.07470703125 0.408203125 0.1103515625 0.111328125
0 0.0859375 0.52294921875 0.109375 0.1103515625
0 0.0869140625 0.63525390625 0.109375 0.1103515625
0 0.17919921875 0.47265625 0.1103515625 0.111328125
0 0.17529296875 0.58251953125 0.1103515625 0.1103515625
0 0.181640625 0.68701171875 0.109375 0.1103515625
0 0.279296875 0.4091796875 0.09765625 0.09765625
0 0.27490234375 0.5244140625 0.1103515625 0.111328125
0 0.27197265625 0.6328125 0.1103515625 0.111328125
0 0.3740234375 0.36083984375 0.09765625 0.0986328125
0 0.375 0.46826171875 0.09765625 0.0986328125
0 0.373046875 0.580078125 0.09765625 0.09765625
0 0.369140625 0.689453125 0.09765625 0.09765625
0 0.46435546875 0.41943359375 0.1103515625 0.1103515625
0 0.4619140625 0.52978515625 0.109375 0.1103515625
0 0.4599609375 0.63720703125 0.109375 0.1103515625
0 0.4619140625 0.7373046875 0.109375 0.111328125
0 0.55517578125 0.36572265625 0.1103515625 0.1103515625
0 0.55810546875 0.47705078125 0.1103515625 0.1103515625
0 0.55908203125 0.57958984375 0.1103515625 0.1103515625
0 0.5546875 0.69775390625 0.09765625 0.0986328125
0 0.6474609375 0.42529296875 0.109375 0.1103515625
0 0.65234375 0.53466796875 0.09765625 0.0986328125
0 0.65087890625 0.63818359375 0.1103515625 0.1103515625
0 0.75390625 0.36083984375 0.09765625 0.0986328125
0 0.75 0.46923828125 0.09765625 0.0986328125
0 0.7568359375 0.58447265625 0.109375 0.1103515625
0 0.75830078125 0.69580078125 0.1103515625 0.1103515625
0 0.84716796875 0.41845703125 0.1103515625 0.1103515625
0 0.8486328125 0.52783203125 0.109375 0.1103515625
0 0.8466796875 0.63134765625 0.109375 0.1103515625
0 0.93994140625 0.47607421875 0.1103515625 0.1103515625
0 0.94189453125 0.57958984375 0.1103515625 0.1103515625
0 0.93603515625 0.69189453125 0.1103515625 0.1103515625
0 0.94140625 0.80615234375 0.109375 0.1103515625
0 0.9384765625 0.91455078125 0.109375 0.1103515625
0 0.8505859375 0.75244140625 0.109375 0.1103515625
0 0.849609375 0.86083984375 0.09765625 0.0986328125
0 0.75439453125 0.81494140625 0.1103515625 0.1103515625
0 0.75830078125 0.92822265625 0.1103515625 0.1103515625
0 0.64794921875 0.75146484375 0.1103515625 0.1103515625
0 0.65283203125 0.86279296875 0.1103515625 0.1103515625
0 0.5556640625 0.8134765625 0.09765625 0.09765625
0 0.560546875 0.9248046875 0.09765625 0.09765625
0 0.4609375 0.8583984375 0.109375 0.111328125
0 0.37060546875 0.80078125 0.1103515625 0.111328125
0 0.36767578125 0.91064453125 0.1103515625 0.1103515625
0 0.27001953125 0.74560546875 0.1103515625 0.1103515625
0 0.27197265625 0.86474609375 0.1103515625 0.1103515625
0 0.1796875 0.80322265625 0.109375 0.1103515625
0 0.1767578125 0.91162109375 0.109375 0.1103515625
0 0.08203125 0.74853515625 0.109375 0.1103515625
0 0.0849609375 0.86083984375 0.109375 0.1103515625