0 0.8740234375 0.49658203125 0.07421875 0.0732421875
0 0.2060546875 0.8720703125 0.111328125 0.109375
0 0.10205078125 0.87158203125 0.1103515625 0.1103515625
0 0.15771484375 0.77734375 0.1103515625 0.109375
0 0.1162109375 0.677734375 0.0859375 0.0859375
0 0.1611328125 0.5771484375 0.0859375 0.0859375
0 0.111328125 0.4853515625 0.111328125 0.109375
0 0.14892578125 0.38330078125 0.1103515625 0.1103515625
0 0.1650390625 0.20361328125 0.111328125 0.1103515625
0 0.859375 0.8896484375 0.0859375 0.0859375
0 0.75244140625 0.8740234375 0.0986328125 0.09765625
0 0.64501953125 0.8759765625 0.0986328125 0.09765625
0 0.5380859375 0.87890625 0.09765625 0.09765625
0 0.4169921875 0.87890625 0.09765625 0.09765625
0 0.30908203125 0.880859375 0.0986328125 0.09765625
0 0.921875 0.7822265625 0.09765625 0.09765625
0 0.80859375 0.78515625 0.09765625 0.09765625
0 0.70751953125 0.783203125 0.0986328125 0.09765625
0 0.599609375 0.779296875 0.0859375 0.0859375
0 0.4794921875 0.7861328125 0.09765625 0.09765625
0 0.361328125 0.783203125 0.111328125 0.109375
0 0.263671875 0.779296875 0.09765625 0.09765625
0 0.216796875 0.6806640625 0.0859375 0.0859375
0 0.31689453125 0.685546875 0.0986328125 0.09765625
0 0.435546875 0.6865234375 0.09765625 0.09765625
0 0.87109375 0.68408203125 0.0859375 0.0849609375
0 0.7568359375 0.6865234375 0.0859375 0.0859375
0 0.6474609375 0.6875 0.0859375 0.0859375
0 0.544921875 0.6875 0.0859375 0.0859375
0 0.9287109375 0.58837890625 0.0859375 0.0849609375
0 0.826171875 0.58447265625 0.0859375 0.0849609375
0 0.7109375 0.58447265625 0.0859375 0.0849609375
0 0.60205078125 0.5830078125 0.1103515625 0.109375
0 0.4951171875 0.58154296875 0.0859375 0.0849609375
0 0.37548828125 0.580078125 0.0986328125 0.09765625
0 0.26025390625 0.5849609375 0.1103515625 0.109375
0 0.2119140625 0.4931640625 0.111328125 0.109375
0 0.32373046875 0.48974609375 0.1103515625 0.1103515625
0 0.43212890625 0.48974609375 0.1103515625 0.1103515625
0 0.54736328125 0.48876953125 0.1103515625 0.1103515625
0 0.65966796875 0.48974609375 0.1103515625 0.1103515625
0 0.771484375 0.4912109375 0.09765625 0.09765625
0 0.8349609375 0.40234375 0.0859375 0.0859375
0 0.70751953125 0.38671875 0.0986328125 0.09765625
0 0.59814453125 0.392578125 0.0986328125 0.09765625
0 0.48876953125 0.38916015625 0.1103515625 0.1103515625
0 0.37744140625 0.3955078125 0.1103515625 0.109375
0 0.26513671875 0.39111328125 0.1103515625 0.1103515625
0 0.2109375 0.3076171875 0.09765625 0.09765625
0 0.3486328125 0.3037109375 0.09765625 0.09765625
0 0.44775390625 0.30078125 0.0986328125 0.09765625
0 0.53759765625 0.30078125 0.0986328125 0.09765625
0 0.66064453125 0.306640625 0.0986328125 0.09765625
0 0.27197265625 0.205078125 0.0986328125 0.09765625
0 0.3876953125 0.20556640625 0.0859375 0.0849609375
0 0.93017578125 0.2060546875 0.0986328125 0.09765625
0 0.88232421875 0.115234375 0.0986328125 0.09765625
0 0.76513671875 0.1103515625 0.1103515625 0.109375
0 0.65966796875 0.107421875 0.1103515625 0.109375