0 0.291015625 0.48583984375 0.109375 0.1103515625
0 0.76123046875 0.16455078125 0.0732421875 0.0732421875
0 0.85595703125 0.20703125 0.0732421875 0.07421875
0 0.11083984375 0.3857421875 0.0732421875 0.07421875
0 0.1044921875 0.81884765625 0.09765625 0.0986328125
0 0.1005859375 0.71533203125 0.109375 0.1103515625
0 0.109375 0.6044921875 0.09765625 0.09765625
0 0.1044921875 0.4931640625 0.09765625 0.09765625
0 0.2021484375 0.763671875 0.0859375 0.0859375
0 0.201171875 0.650390625 0.09765625 0.09765625
0 0.20556640625 0.54541015625 0.1103515625 0.1103515625
0 0.205078125 0.43603515625 0.09765625 0.0986328125
0 0.29052734375 0.8271484375 0.1103515625 0.111328125
0 0.29248046875 0.7138671875 0.1103515625 0.111328125
0 0.29296875 0.6015625 0.09765625 0.09765625
0 0.28857421875 0.38037109375 0.0732421875 0.0732421875
0 0.39013671875 0.875 0.1103515625 0.111328125
0 0.390625 0.771484375 0.109375 0.111328125
0 0.3935546875 0.64990234375 0.109375 0.1103515625
0 0.3916015625 0.54248046875 0.09765625 0.0986328125
0 0.3876953125 0.43798828125 0.09765625 0.0986328125
0 0.48828125 0.82373046875 0.109375 0.1103515625
0 0.4833984375 0.71533203125 0.09765625 0.0986328125
0 0.482421875 0.60498046875 0.09765625 0.0986328125
0 0.482421875 0.49853515625 0.09765625 0.0986328125
0 0.47998046875 0.38623046875 0.0732421875 0.0732421875
0 0.4853515625 0.9345703125 0.109375 0.111328125
0 0.58203125 0.87744140625 0.109375 0.1103515625
0 0.58544921875 0.7734375 0.0849609375 0.0859375
0 0.5810546875 0.67138671875 0.09765625 0.0986328125
0 0.5791015625 0.54833984375 0.09765625 0.0986328125
0 0.5791015625 0.43896484375 0.09765625 0.0986328125
0 0.67822265625 0.93505859375 0.1103515625 0.1103515625
0 0.67919921875 0.83251953125 0.1103515625 0.1103515625
0 0.6708984375 0.72021484375 0.09765625 0.0986328125
0 0.6767578125 0.61474609375 0.09765625 0.0986328125
0 0.67578125 0.49560546875 0.09765625 0.0986328125
0 0.67138671875 0.3935546875 0.0732421875 0.07421875
0 0.77392578125 0.88232421875 0.1103515625 0.1103515625
0 0.7685546875 0.77783203125 0.109375 0.1103515625
0 0.767578125 0.66455078125 0.09765625 0.0986328125
0 0.7685546875 0.55029296875 0.09765625 0.0986328125
0 0.7685546875 0.4453125 0.0859375 0.0859375
0 0.8701171875 0.93603515625 0.0859375 0.0869140625
0 0.8681640625 0.82763671875 0.109375 0.1103515625
0 0.8671875 0.72119140625 0.09765625 0.0986328125
0 0.8681640625 0.60791015625 0.09765625 0.0986328125
0 0.86181640625 0.50390625 0.0849609375 0.0859375
0 0.865234375 0.396484375 0.09765625 0.09765625
0 0.8662109375 0.11181640625 0.109375 0.1103515625
0 0.66845703125 0.21533203125 0.0615234375 0.0615234375
0 0.669921875 0.10888671875 0.09765625 0.0986328125
0 0.5703125 0.16650390625 0.09765625 0.0986328125
0 0.4736328125 0.21728515625 0.060546875 0.0615234375
0 0.4814453125 0.11083984375 0.09765625 0.0986328125
0 0.38427734375 0.1630859375 0.0849609375 0.0859375
0 0.388671875 0.05517578125 0.09765625 0.0986328125
0 0.2919921875 0.21630859375 0.060546875 0.0615234375
0 0.2890625 0.10693359375 0.09765625 0.0986328125
0 0.2001953125 0.16015625 0.0859375 0.0859375
0 0.19921875 0.05615234375 0.09765625 0.0986328125
0 0.10205078125 0.208984375 0.0361328125 0.037109375
0 0.1015625 0.1103515625 0.09765625 0.09765625