0 0.75048828125 0.08935546875 0.0732421875 0.0732421875
0 0.916015625 0.70654296875 0.09765625 0.0986328125
0 0.916015625 0.81591796875 0.109375 0.1103515625
0 0.91845703125 0.93408203125 0.1103515625 0.1103515625
0 0.8134765625 0.87548828125 0.09765625 0.0986328125
0 0.8173828125 0.7548828125 0.09765625 0.09765625
0 0.72216796875 0.8212890625 0.0849609375 0.0859375
0 0.7255859375 0.92919921875 0.109375 0.1103515625
0 0.625 0.83642578125 0.09765625 0.0986328125
0 0.625 0.74658203125 0.109375 0.1103515625
0 0.533203125 0.70654296875 0.09765625 0.0986328125
0 0.537109375 0.82373046875 0.109375 0.1103515625
0 0.53955078125 0.935546875 0.0849609375 0.0859375
0 0.259765625 0.7568359375 0.048828125 0.048828125
0 0.43505859375 0.77001953125 0.0849609375 0.0869140625
0 0.43505859375 0.8662109375 0.0849609375 0.0859375
0 0.34716796875 0.8154296875 0.0849609375 0.0859375
0 0.3486328125 0.921875 0.048828125 0.048828125
0 0.1650390625 0.818359375 0.048828125 0.048828125
0 0.0751953125 0.7734375 0.048828125 0.048828125
0 0.0703125 0.8740234375 0.048828125 0.048828125
0 0.16796875 0.9248046875 0.09765625 0.09765625
0 0.2529296875 0.86474609375 0.048828125 0.0498046875
0 0.63232421875 0.13330078125 0.0615234375 0.0615234375
0 0.91796875 0.42724609375 0.109375 0.1103515625
0 0.9189453125 0.31298828125 0.09765625 0.0986328125
0 0.9296875 0.197265625 0.109375 0.111328125
0 0.9208984375 0.09619140625 0.109375 0.1103515625
0 0.837890625 0.1552734375 0.0859375 0.0859375
0 0.74609375 0.2138671875 0.09765625 0.09765625
0 0.72802734375 0.31396484375 0.1103515625 0.1103515625
0 0.72509765625 0.39990234375 0.1103515625 0.1103515625
0 0.830078125 0.4091796875 0.109375 0.111328125
0 0.8212890625 0.26513671875 0.09765625 0.0986328125
0 0.62939453125 0.22412109375 0.0732421875 0.0732421875
0 0.6337890625 0.32958984375 0.09765625 0.0986328125
0 0.62939453125 0.43798828125 0.1103515625 0.1103515625
0 0.5458984375 0.3984375 0.09765625 0.09765625
0 0.55078125 0.32080078125 0.09765625 0.0986328125
0 0.36474609375 0.09228515625 0.1103515625 0.1103515625
0 0.357421875 0.20458984375 0.09765625 0.0986328125
0 0.44873046875 0.34521484375 0.0732421875 0.0732421875
0 0.455078125 0.44384765625 0.09765625 0.0986328125
0 0.27197265625 0.14599609375 0.1103515625 0.1103515625
0 0.2705078125 0.25537109375 0.109375 0.1103515625
0 0.267578125 0.37353515625 0.09765625 0.0986328125
0 0.162109375 0.09912109375 0.09765625 0.0986328125
0 0.158203125 0.20458984375 0.09765625 0.0986328125
0 0.16943359375 0.3134765625 0.0849609375 0.0859375
0 0.07373046875 0.361328125 0.0849609375 0.0859375
0 0.0625 0.0615234375 0.0859375 0.0859375
0 0.06494140625 0.14697265625 0.0849609375 0.0869140625
0 0.0712890625 0.2548828125 0.09765625 0.09765625