0 0.5341796875 0.14404296875 0.0859375 0.0869140625
0 0.04833984375 0.3076171875 0.0732421875 0.07421875
0 0.91015625 0.1376953125 0.0859375 0.0859375
0 0.810546875 0.0859375 0.09765625 0.09765625
0 0.71533203125 0.1396484375 0.0849609375 0.0859375
0 0.6337890625 0.08251953125 0.09765625 0.0986328125
0 0.43701171875 0.10009765625 0.0244140625 0.0244140625
0 0.34521484375 0.01904296875 0.0244140625 0.0244140625
0 0.34130859375 0.13427734375 0.0244140625 0.0244140625
0 0.33740234375 0.24365234375 0.0244140625 0.0244140625
0 0.34033203125 0.32568359375 0.0244140625 0.0244140625
0 0.43798828125 0.18701171875 0.0244140625 0.0244140625
0 0.43115234375 0.29443359375 0.0244140625 0.0244140625
0 0.53125 0.3251953125 0.037109375 0.037109375
0 0.5283203125 0.24267578125 0.109375 0.1103515625
0 0.6376953125 0.1865234375 0.0859375 0.0859375
0 0.63818359375 0.29541015625 0.0732421875 0.0732421875
0 0.71875 0.24560546875 0.09765625 0.0986328125
0 0.70947265625 0.36083984375 0.0615234375 0.0615234375
0 0.810546875 0.19189453125 0.09765625 0.0986328125
0 0.8154296875 0.29931640625 0.09765625 0.0986328125
0 0.9189453125 0.2490234375 0.09765625 0.09765625
0 0.0498046875 0.0888671875 0.09765625 0.09765625
0 0.0546875 0.2001953125 0.09765625 0.09765625
0 0.05712890625 0.484375 0.0361328125 0.037109375
0 0.0576171875 0.5830078125 0.09765625 0.09765625
0 0.056640625 0.69189453125 0.109375 0.1103515625
0 0.0595703125 0.92236328125 0.109375 0.1103515625
0 0.15283203125 0.5419921875 0.0849609375 0.0859375
0 0.150390625 0.6396484375 0.09765625 0.09765625
0 0.14892578125 0.755859375 0.1103515625 0.111328125
0 0.14501953125 0.8681640625 0.1220703125 0.123046875
0 0.2529296875 0.48876953125 0.060546875 0.0615234375
0 0.2451171875 0.5869140625 0.0859375 0.0859375
0 0.24658203125 0.6982421875 0.1103515625 0.111328125
0 0.23876953125 0.8115234375 0.1220703125 0.123046875
0 0.23876953125 0.91943359375 0.1103515625 0.1103515625
0 0.341796875 0.537109375 0.0859375 0.0859375
0 0.333984375 0.64697265625 0.09765625 0.0986328125
0 0.34375 0.75732421875 0.109375 0.1103515625
0 0.34130859375 0.869140625 0.1220703125 0.123046875
0 0.43896484375 0.49560546875 0.0615234375 0.0615234375
0 0.435546875 0.58935546875 0.09765625 0.0986328125
0 0.43994140625 0.7041015625 0.1220703125 0.123046875
0 0.4326171875 0.81298828125 0.109375 0.1103515625
0 0.43603515625 0.927734375 0.1220703125 0.123046875
0 0.533203125 0.53857421875 0.09765625 0.0986328125
0 0.52880859375 0.64794921875 0.1103515625 0.1103515625
0 0.52099609375 0.751953125 0.1220703125 0.123046875
0 0.52978515625 0.87451171875 0.1103515625 0.1103515625
0 0.623046875 0.505859375 0.048828125 0.048828125
0 0.6201171875 0.59130859375 0.09765625 0.0986328125
0 0.61962890625 0.70654296875 0.1220703125 0.1220703125
0 0.62353515625 0.8125 0.1220703125 0.123046875
0 0.62255859375 0.92919921875 0.1103515625 0.1103515625
0 0.70849609375 0.53857421875 0.0732421875 0.0732421875
0 0.712890625 0.65087890625 0.109375 0.1103515625
0 0.7138671875 0.76025390625 0.109375 0.1103515625
0 0.7138671875 0.8681640625 0.0859375 0.0859375
0 0.81884765625 0.5908203125 0.1220703125 0.123046875
0 0.80712890625 0.69921875 0.1220703125 0.123046875
0 0.814453125 0.81982421875 0.09765625 0.0986328125
0 0.8154296875 0.91845703125 0.09765625 0.0986328125
0 0.91259765625 0.5361328125 0.0732421875 0.07421875
0 0.91796875 0.6484375 0.09765625 0.09765625
0 0.92431640625 0.76171875 0.1220703125 0.123046875
0 0.919921875 0.87451171875 0.09765625 0.0986328125