0 0.16357421875 0.18798828125 0.0732421875 0.0732421875
0 0.07080078125 0.2607421875 0.0732421875 0.07421875
0 0.36669921875 0.41845703125 0.0732421875 0.0732421875
0 0.9453125 0.27587890625 0.048828125 0.0498046875
0 0.24853515625 0.46240234375 0.0615234375 0.0615234375
0 0.9140625 0.74658203125 0.09765625 0.0986328125
0 0.91796875 0.626953125 0.0859375 0.0859375
0 0.91796875 0.52783203125 0.109375 0.1103515625
0 0.830078125 0.46435546875 0.09765625 0.0986328125
0 0.8427734375 0.60888671875 0.109375 0.1103515625
0 0.830078125 0.70458984375 0.109375 0.1103515625
0 0.8154296875 0.8076171875 0.09765625 0.09765625
0 0.734375 0.75830078125 0.109375 0.1103515625
0 0.73046875 0.64013671875 0.109375 0.1103515625
0 0.73193359375 0.5419921875 0.0849609375 0.0859375
0 0.736328125 0.076171875 0.0859375 0.0859375
0 0.73828125 0.1728515625 0.09765625 0.09765625
0 0.7294921875 0.419921875 0.09765625 0.09765625
0 0.63623046875 0.3759765625 0.0849609375 0.0859375
0 0.630859375 0.48388671875 0.09765625 0.0986328125
0 0.630859375 0.5849609375 0.09765625 0.09765625
0 0.630859375 0.70068359375 0.109375 0.1103515625
0 0.63232421875 0.79833984375 0.1103515625 0.1103515625
0 0.5341796875 0.75634765625 0.109375 0.1103515625
0 0.53515625 0.64208984375 0.09765625 0.0986328125
0 0.5458984375 0.5263671875 0.109375 0.111328125
0 0.537109375 0.42529296875 0.109375 0.1103515625
0 0.54736328125 0.30029296875 0.1103515625 0.1103515625
0 0.5400390625 0.095703125 0.09765625 0.09765625
0 0.44384765625 0.37158203125 0.1103515625 0.1103515625
0 0.4541015625 0.484375 0.0859375 0.0859375
0 0.35498046875 0.087890625 0.1103515625 0.111328125
0 0.2646484375 0.06298828125 0.109375 0.1103515625
0 0.2568359375 0.1591796875 0.09765625 0.09765625
0 0.1611328125 0.08642578125 0.09765625 0.0986328125
0 0.1689453125 0.3154296875 0.09765625 0.09765625
0 0.361328125 0.296875 0.0859375 0.0859375
0 0.3623046875 0.54296875 0.09765625 0.09765625
0 0.34423828125 0.64306640625 0.1103515625 0.1103515625
0 0.34130859375 0.72900390625 0.1103515625 0.1103515625
0 0.4462890625 0.73828125 0.109375 0.111328125
0 0.4375 0.59423828125 0.09765625 0.0986328125
0 0.24560546875 0.55322265625 0.0732421875 0.0732421875
0 0.25 0.65869140625 0.09765625 0.0986328125
0 0.24560546875 0.76708984375 0.1103515625 0.1103515625
0 0.162109375 0.7275390625 0.09765625 0.09765625
0 0.1669921875 0.64990234375 0.09765625 0.0986328125
0 0.0654296875 0.138671875 0.0859375 0.0859375
0 0.0771484375 0.3671875 0.09765625 0.09765625
0 0.06494140625 0.67431640625 0.0732421875 0.0732421875
0 0.0712890625 0.77294921875 0.09765625 0.0986328125