0 0.71923828125 0.28369140625 0.0732421875 0.0732421875
0 0.62939453125 0.1376953125 0.0732421875 0.07421875
0 0.62841796875 0.24267578125 0.0732421875 0.0732421875
0 0.53271484375 0.19970703125 0.0732421875 0.0732421875
0 0.81298828125 0.220703125 0.0849609375 0.0859375
0 0.71728515625 0.1884765625 0.0732421875 0.07421875
0 0.71240234375 0.072265625 0.0732421875 0.07421875
0 0.529296875 0.0947265625 0.0859375 0.0859375
0 0.15771484375 0.15625 0.0732421875 0.07421875
0 0.17333984375 0.263671875 0.0732421875 0.07421875
0 0.15771484375 0.06787109375 0.0732421875 0.0732421875
0 0.06201171875 0.1064453125 0.0732421875 0.07421875
0 0.33642578125 0.9072265625 0.0849609375 0.0859375
0 0.33740234375 0.7841796875 0.0849609375 0.0859375
0 0.427734375 0.953125 0.0859375 0.0859375
0 0.43359375 0.845703125 0.0859375 0.0859375
0 0.521484375 0.89990234375 0.09765625 0.0986328125
0 0.6201171875 0.84130859375 0.09765625 0.0986328125
0 0.7158203125 0.90087890625 0.09765625 0.0986328125
0 0.7177734375 0.78759765625 0.09765625 0.0986328125
0 0.8115234375 0.837890625 0.0859375 0.0859375
0 0.90234375 0.90087890625 0.09765625 0.0986328125
0 0.90380859375 0.7802734375 0.0849609375 0.0859375
0 0.900390625 0.6728515625 0.09765625 0.09765625
0 0.90673828125 0.578125 0.0849609375 0.0859375
0 0.8115234375 0.7275390625 0.0859375 0.0859375
0 0.8095703125 0.6240234375 0.0859375 0.0859375
0 0.7158203125 0.6826171875 0.0859375 0.0859375
0 0.71875 0.5751953125 0.0859375 0.0859375
0 0.61474609375 0.734375 0.0849609375 0.0859375
0 0.623046875 0.63330078125 0.09765625 0.0986328125
0 0.5234375 0.78173828125 0.09765625 0.0986328125
0 0.525390625 0.68017578125 0.09765625 0.0986328125
0 0.43359375 0.7373046875 0.0859375 0.0859375
0 0.4287109375 0.62744140625 0.09765625 0.0986328125
0 0.3310546875 0.67578125 0.0859375 0.0859375
0 0.9052734375 0.3759765625 0.09765625 0.09765625
0 0.9013671875 0.2626953125 0.09765625 0.09765625
0 0.9013671875 0.158203125 0.09765625 0.09765625
0 0.81494140625 0.32421875 0.0732421875 0.07421875
0 0.8076171875 0.1025390625 0.0859375 0.0859375
0 0.720703125 0.38134765625 0.060546875 0.0615234375
0 0.6328125 0.34912109375 0.060546875 0.0615234375
0 0.54443359375 0.39697265625 0.0615234375 0.0615234375
0 0.54345703125 0.31005859375 0.0615234375 0.0615234375
0 0.4384765625 0.32958984375 0.048828125 0.0498046875
0 0.439453125 0.22607421875 0.048828125 0.0498046875
0 0.43603515625 0.11669921875 0.0732421875 0.0732421875
0 0.3642578125 0.36669921875 0.060546875 0.0615234375
0 0.3603515625 0.26904296875 0.060546875 0.0615234375
0 0.3603515625 0.18408203125 0.060546875 0.0615234375
0 0.35107421875 0.07568359375 0.0615234375 0.0615234375
0 0.27587890625 0.31494140625 0.0615234375 0.0615234375
0 0.26806640625 0.20947265625 0.0732421875 0.0732421875
0 0.25439453125 0.12158203125 0.0732421875 0.0732421875
0 0.18603515625 0.37548828125 0.0615234375 0.0615234375
0 0.06689453125 0.2236328125 0.0732421875 0.07421875