0 0.4658203125 0.05517578125 0.048828125 0.0498046875
0 0.27978515625 0.0595703125 0.0849609375 0.0859375
0 0.09130859375 0.0634765625 0.0732421875 0.07421875
0 0.0888671875 0.16748046875 0.0859375 0.0869140625
0 0.17529296875 0.11279296875 0.0732421875 0.0732421875
0 0.28076171875 0.16162109375 0.1103515625 0.1103515625
0 0.37109375 0.11279296875 0.109375 0.1103515625
0 0.4677734375 0.162109375 0.109375 0.111328125
0 0.5703125 0.220703125 0.0859375 0.0859375
0 0.56396484375 0.1083984375 0.0849609375 0.0859375
0 0.66064453125 0.0595703125 0.0849609375 0.0859375
0 0.65771484375 0.166015625 0.0849609375 0.0859375
0 0.6650390625 0.2734375 0.09765625 0.09765625
0 0.66015625 0.3779296875 0.09765625 0.09765625
0 0.6552734375 0.49462890625 0.09765625 0.0986328125
0 0.75439453125 0.10791015625 0.0732421875 0.0732421875
0 0.75732421875 0.2197265625 0.0849609375 0.0859375
0 0.75634765625 0.4365234375 0.0732421875 0.07421875
0 0.8427734375 0.05419921875 0.09765625 0.0986328125
0 0.8486328125 0.16357421875 0.09765625 0.0986328125
0 0.84375 0.27880859375 0.09765625 0.0986328125
0 0.853515625 0.3896484375 0.09765625 0.09765625
0 0.85546875 0.5 0.09765625 0.09765625
0 0.94140625 0.32958984375 0.109375 0.1103515625
0 0.9404296875 0.44775390625 0.109375 0.1103515625
0 0.94140625 0.5556640625 0.109375 0.111328125
0 0.9443359375 0.6591796875 0.109375 0.111328125
0 0.94482421875 0.7666015625 0.0849609375 0.0859375
0 0.94140625 0.89208984375 0.09765625 0.0986328125
0 0.84423828125 0.6259765625 0.1103515625 0.111328125
0 0.84716796875 0.734375 0.0849609375 0.0859375
0 0.84033203125 0.853515625 0.0849609375 0.0859375
0 0.75537109375 0.5673828125 0.0849609375 0.0859375
0 0.76220703125 0.68115234375 0.0244140625 0.0244140625
0 0.755859375 0.7998046875 0.037109375 0.037109375
0 0.75830078125 0.90576171875 0.0244140625 0.0244140625
0 0.66064453125 0.82763671875 0.0244140625 0.0244140625
0 0.66064453125 0.93798828125 0.0244140625 0.0244140625
0 0.6630859375 0.60302734375 0.09765625 0.0986328125
0 0.6611328125 0.70849609375 0.09765625 0.0986328125
0 0.3701171875 0.79345703125 0.09765625 0.0986328125
0 0.3740234375 0.89697265625 0.109375 0.1103515625
0 0.2724609375 0.8486328125 0.0859375 0.0859375
0 0.18408203125 0.78515625 0.1103515625 0.111328125
0 0.18212890625 0.8984375 0.1103515625 0.111328125
0 0.08447265625 0.7373046875 0.1103515625 0.111328125
0 0.083984375 0.8408203125 0.109375 0.111328125