0 0.6279296875 0.34912109375 0.07421875 0.0732421875
0 0.56689453125 0.4423828125 0.0615234375 0.060546875
0 0.498046875 0.15380859375 0.07421875 0.0732421875
0 0.89599609375 0.0703125 0.1103515625 0.109375
0 0.78564453125 0.06640625 0.1103515625 0.109375
0 0.681640625 0.0625 0.111328125 0.109375
0 0.55908203125 0.056640625 0.0986328125 0.09765625
0 0.611328125 0.1513671875 0.0859375 0.0859375
0 0.83642578125 0.1552734375 0.0986328125 0.09765625
0 0.71923828125 0.1591796875 0.0869140625 0.0859375
0 0.78515625 0.25244140625 0.0859375 0.0849609375
0 0.6826171875 0.2548828125 0.0859375 0.0859375
0 0.69921875 0.6337890625 0.0859375 0.0859375
0 0.8125 0.8173828125 0.0859375 0.0859375
0 0.841796875 0.7265625 0.0859375 0.0859375
0 0.951171875 0.15966796875 0.0859375 0.0849609375
0 0.55908203125 0.2578125 0.0986328125 0.09765625
0 0.5263671875 0.341796875 0.09765625 0.09765625
0 0.7373046875 0.34765625 0.09765625 0.09765625
0 0.84033203125 0.3466796875 0.0986328125 0.09765625
0 0.8935546875 0.25537109375 0.0859375 0.0849609375
0 0.6865234375 0.4345703125 0.111328125 0.109375
0 0.79345703125 0.44091796875 0.1103515625 0.1103515625
0 0.90087890625 0.43994140625 0.1103515625 0.1103515625
0 0.83837890625 0.52783203125 0.1103515625 0.1103515625
0 0.73681640625 0.53173828125 0.1103515625 0.1103515625
0 0.6318359375 0.52734375 0.0859375 0.0859375
0 0.52001953125 0.5244140625 0.0986328125 0.09765625
0 0.57568359375 0.6298828125 0.0986328125 0.09765625
0 0.81640625 0.63134765625 0.111328125 0.1103515625
0 0.92724609375 0.63525390625 0.1103515625 0.1103515625
0 0.6845703125 0.8212890625 0.09765625 0.09765625
0 0.5693359375 0.82470703125 0.0859375 0.0849609375
0 0.51953125 0.7265625 0.0859375 0.0859375
0 0.62109375 0.71484375 0.09765625 0.09765625
0 0.7373046875 0.7216796875 0.0859375 0.0859375
0 0.9189453125 0.81884765625 0.0859375 0.0849609375
0 0.873046875 0.9013671875 0.0859375 0.0859375
0 0.7470703125 0.90869140625 0.0859375 0.0849609375
0 0.06689453125 0.912109375 0.1103515625 0.109375
0 0.2333984375 0.91357421875 0.0859375 0.0849609375
0 0.30224609375 0.90625 0.0986328125 0.09765625
0 0.41357421875 0.91015625 0.0986328125 0.09765625
0 0.650390625 0.91259765625 0.0859375 0.0849609375
0 0.45947265625 0.8154296875 0.0986328125 0.09765625
0 0.3544921875 0.81689453125 0.0859375 0.0849609375
0 0.044921875 0.81396484375 0.0859375 0.0849609375
0 0.13818359375 0.81787109375 0.0869140625 0.0849609375
0 0.24072265625 0.8125 0.0986328125 0.09765625
0 0.40869140625 0.71875 0.0986328125 0.09765625
0 0.08203125 0.72216796875 0.0859375 0.0849609375
0 0.18798828125 0.7158203125 0.0986328125 0.09765625
0 0.3125 0.7236328125 0.09765625 0.09765625
0 0.123046875 0.62890625 0.0859375 0.0859375
0 0.240234375 0.6279296875 0.0859375 0.0859375
0 0.33349609375 0.6279296875 0.0986328125 0.09765625
0 0.46337890625 0.6298828125 0.0986328125 0.09765625
0 0.3896484375 0.52587890625 0.0859375 0.0849609375
0 0.0791015625 0.52294921875 0.0859375 0.0849609375
0 0.185546875 0.5166015625 0.0859375 0.0859375
0 0.296875 0.5234375 0.0859375 0.0859375
0 0.4677734375 0.43798828125 0.0859375 0.0849609375
0 0.1298828125 0.4404296875 0.0859375 0.0859375
0 0.228515625 0.4365234375 0.0859375 0.0859375
0 0.3544921875 0.4443359375 0.0859375 0.0859375
0 0.0908203125 0.3447265625 0.0859375 0.0859375
0 0.2021484375 0.34228515625 0.0859375 0.0849609375
0 0.29345703125 0.3427734375 0.0986328125 0.09765625
0 0.43017578125 0.33984375 0.0986328125 0.09765625
0 0.4599609375 0.24951171875 0.0859375 0.0849609375
0 0.3447265625 0.24951171875 0.0859375 0.0849609375
0 0.2431640625 0.24267578125 0.0859375 0.0849609375
0 0.123046875 0.25439453125 0.0859375 0.0849609375
0 0.0703125 0.1533203125 0.0859375 0.0859375
0 0.1845703125 0.15771484375 0.0859375 0.0849609375
0 0.291015625 0.15869140625 0.0859375 0.0849609375
0 0.396484375 0.16162109375 0.0859375 0.0849609375
0 0.12890625 0.068359375 0.0859375 0.0859375
0 0.24462890625 0.0712890625 0.0986328125 0.09765625
0 0.36669921875 0.056640625 0.0986328125 0.09765625
0 0.462890625 0.06201171875 0.111328125 0.1103515625
0 0.5400390625 0.904296875 0.0859375 0.0859375