0 0.4326171875 0.51123046875 0.07421875 0.0732421875
0 0.9404296875 0.60986328125 0.0859375 0.0849609375
0 0.93017578125 0.2314453125 0.0986328125 0.09765625
0 0.927734375 0.4208984375 0.09765625 0.09765625
0 0.41796875 0.904296875 0.0859375 0.0859375
0 0.31103515625 0.888671875 0.0986328125 0.09765625
0 0.20361328125 0.890625 0.0986328125 0.09765625
0 0.0966796875 0.8935546875 0.09765625 0.09765625
0 0.48046875 0.796875 0.09765625 0.09765625
0 0.3671875 0.7998046875 0.09765625 0.09765625
0 0.26611328125 0.7978515625 0.0986328125 0.09765625
0 0.158203125 0.7939453125 0.0859375 0.0859375
0 0.5283203125 0.697265625 0.0859375 0.0859375
0 0.4296875 0.69873046875 0.0859375 0.0849609375
0 0.3154296875 0.701171875 0.0859375 0.0859375
0 0.2060546875 0.7021484375 0.0859375 0.0859375
0 0.103515625 0.7021484375 0.0859375 0.0859375
0 0.4873046875 0.60302734375 0.0859375 0.0849609375
0 0.384765625 0.59912109375 0.0859375 0.0849609375
0 0.05078125 0.0380859375 0.048828125 0.048828125
0 0.26953125 0.59912109375 0.0859375 0.0849609375
0 0.16064453125 0.59765625 0.1103515625 0.109375
0 0.0537109375 0.59619140625 0.0859375 0.0849609375
0 0.10595703125 0.50341796875 0.1103515625 0.1103515625
0 0.21826171875 0.50439453125 0.1103515625 0.1103515625
0 0.330078125 0.505859375 0.09765625 0.09765625
0 0.3935546875 0.4169921875 0.0859375 0.0859375
0 0.26611328125 0.4013671875 0.0986328125 0.09765625
0 0.15673828125 0.4072265625 0.0986328125 0.09765625
0 0.09619140625 0.3154296875 0.0986328125 0.09765625
0 0.21923828125 0.3212890625 0.0986328125 0.09765625
0 0.48876953125 0.220703125 0.0986328125 0.09765625
0 0.537109375 0.1279296875 0.09765625 0.09765625
0 0.44091796875 0.1298828125 0.0986328125 0.09765625
0 0.32373046875 0.125 0.1103515625 0.109375
0 0.21826171875 0.1220703125 0.1103515625 0.109375
0 0.53955078125 0.896484375 0.0986328125 0.09765625
0 0.65234375 0.900390625 0.09765625 0.09765625
0 0.7587890625 0.89501953125 0.0859375 0.0849609375
0 0.8671875 0.89794921875 0.111328125 0.1103515625
0 0.818359375 0.806640625 0.09765625 0.09765625
0 0.71484375 0.7978515625 0.09765625 0.09765625
0 0.59716796875 0.791015625 0.0986328125 0.09765625
0 0.625 0.69873046875 0.0859375 0.0849609375
0 0.873046875 0.51806640625 0.0859375 0.0849609375
0 0.76513671875 0.50537109375 0.1103515625 0.1103515625
0 0.82666015625 0.41015625 0.1103515625 0.109375
0 0.71142578125 0.41015625 0.0986328125 0.09765625
0 0.89111328125 0.3359375 0.0869140625 0.0859375
0 0.79248046875 0.3369140625 0.0986328125 0.09765625
0 0.6708984375 0.33154296875 0.0859375 0.0849609375
0 0.6181640625 0.2294921875 0.09765625 0.09765625
0 0.72509765625 0.2236328125 0.0986328125 0.09765625
0 0.81103515625 0.2236328125 0.0986328125 0.09765625
0 0.87744140625 0.1298828125 0.0986328125 0.09765625
0 0.77001953125 0.12890625 0.1103515625 0.109375
0 0.658203125 0.1279296875 0.09765625 0.09765625