0 0.1396484375 0.20556640625 0.07421875 0.0732421875
0 0.0537109375 0.20751953125 0.07421875 0.0732421875
0 0.07177734375 0.40869140625 0.0732421875 0.0732421875
0 0.2880859375 0.40185546875 0.07421875 0.0732421875
0 0.08642578125 0.12744140625 0.0732421875 0.0732421875
0 0.4443359375 0.87939453125 0.07421875 0.0732421875
0 0.6748046875 0.8828125 0.09765625 0.09765625
0 0.56640625 0.8740234375 0.0859375 0.0859375
0 0.337890625 0.8857421875 0.09765625 0.09765625
0 0.3759765625 0.787109375 0.0859375 0.0859375
0 0.28369140625 0.78955078125 0.1103515625 0.1103515625
0 0.17138671875 0.7822265625 0.0986328125 0.09765625
0 0.67529296875 0.6962890625 0.0986328125 0.09765625
0 0.560546875 0.689453125 0.0859375 0.0859375
0 0.455078125 0.69189453125 0.0859375 0.0849609375
0 0.33837890625 0.69287109375 0.1103515625 0.1103515625
0 0.22998046875 0.69677734375 0.1103515625 0.1103515625
0 0.12060546875 0.6953125 0.1103515625 0.109375
0 0.708984375 0.6005859375 0.09765625 0.09765625
0 0.61767578125 0.60546875 0.0986328125 0.09765625
0 0.513671875 0.5908203125 0.09765625 0.09765625
0 0.38623046875 0.591796875 0.0986328125 0.09765625
0 0.27685546875 0.5869140625 0.0986328125 0.09765625
0 0.17138671875 0.5830078125 0.0986328125 0.09765625
0 0.0625 0.59423828125 0.0859375 0.0849609375
0 0.662109375 0.50732421875 0.111328125 0.1103515625
0 0.537109375 0.51123046875 0.123046875 0.1220703125
0 0.431640625 0.50439453125 0.0859375 0.0849609375
0 0.314453125 0.4873046875 0.0859375 0.0859375
0 0.22900390625 0.48974609375 0.0869140625 0.0849609375
0 0.12109375 0.49609375 0.09765625 0.09765625
0 0.71337890625 0.41162109375 0.1103515625 0.1103515625
0 0.60400390625 0.41552734375 0.1103515625 0.1103515625
0 0.49169921875 0.4130859375 0.0986328125 0.09765625
0 0.39306640625 0.4150390625 0.0986328125 0.09765625
0 0.30615234375 0.3232421875 0.0615234375 0.060546875
0 0.203125 0.32275390625 0.07421875 0.0732421875
0 0.1171875 0.32568359375 0.0859375 0.0849609375
0 0.64697265625 0.3173828125 0.1103515625 0.109375
0 0.55029296875 0.32470703125 0.1103515625 0.1103515625
0 0.43505859375 0.322265625 0.1103515625 0.109375
0 0.7080078125 0.2265625 0.0859375 0.0859375
0 0.59716796875 0.2216796875 0.1103515625 0.109375
0 0.49072265625 0.22412109375 0.1103515625 0.1103515625
0 0.390625 0.2236328125 0.111328125 0.109375
0 0.24853515625 0.2119140625 0.0986328125 0.09765625
0 0.20068359375 0.1279296875 0.0986328125 0.09765625
0 0.3154296875 0.142578125 0.0859375 0.0859375
0 0.65869140625 0.12841796875 0.0869140625 0.0849609375
0 0.5546875 0.134765625 0.09765625 0.09765625
0 0.42333984375 0.1279296875 0.0986328125 0.09765625
0 0.248046875 0.04931640625 0.0859375 0.0849609375
0 0.787109375 0.880859375 0.09765625 0.09765625
0 0.92578125 0.04150390625 0.07421875 0.0732421875
0 0.93896484375 0.7890625 0.0986328125 0.09765625
0 0.884765625 0.693359375 0.09765625 0.09765625
0 0.7861328125 0.6884765625 0.0859375 0.0859375
0 0.939453125 0.6044921875 0.111328125 0.109375
0 0.82763671875 0.59912109375 0.1103515625 0.1103515625
0 0.865234375 0.51025390625 0.0859375 0.0849609375
0 0.81982421875 0.416015625 0.0986328125 0.09765625
0 0.9267578125 0.41064453125 0.111328125 0.1103515625
0 0.87744140625 0.32421875 0.1103515625 0.109375
0 0.82568359375 0.23095703125 0.1103515625 0.1103515625
0 0.76171875 0.32421875 0.0859375 0.0859375
0 0.9189453125 0.236328125 0.111328125 0.109375
0 0.8798828125 0.13671875 0.0859375 0.0859375
0 0.7734375 0.13525390625 0.0859375 0.0849609375
0 0.75439453125 0.51416015625 0.1103515625 0.1103515625
0 0.18408203125 0.40625 0.0986328125 0.09765625