0 0.9267578125 0.85107421875 0.09765625 0.0986328125
0 0.8310546875 0.90771484375 0.109375 0.1103515625
0 0.7412109375 0.8525390625 0.09765625 0.09765625
0 0.64453125 0.916015625 0.09765625 0.09765625
0 0.54541015625 0.859375 0.1103515625 0.111328125
0 0.4521484375 0.91455078125 0.09765625 0.0986328125
0 0.4501953125 0.8037109375 0.09765625 0.09765625
0 0.451171875 0.6884765625 0.0859375 0.0859375
0 0.45068359375 0.58349609375 0.0615234375 0.0615234375
0 0.4501953125 0.46923828125 0.09765625 0.0986328125
0 0.45166015625 0.36279296875 0.1103515625 0.1103515625
0 0.3583984375 0.5302734375 0.0859375 0.0859375
0 0.34326171875 0.4130859375 0.0849609375 0.0859375
0 0.546875 0.7451171875 0.09765625 0.09765625
0 0.54736328125 0.6376953125 0.0849609375 0.0859375
0 0.54638671875 0.51806640625 0.1103515625 0.1103515625
0 0.5458984375 0.41259765625 0.109375 0.1103515625
0 0.64501953125 0.8212890625 0.1103515625 0.111328125
0 0.634765625 0.70068359375 0.09765625 0.0986328125
0 0.64453125 0.58056640625 0.060546875 0.0615234375
0 0.642578125 0.48193359375 0.109375 0.1103515625
0 0.64453125 0.36279296875 0.109375 0.1103515625
0 0.734375 0.75048828125 0.09765625 0.0986328125
0 0.73046875 0.63427734375 0.09765625 0.0986328125
0 0.73828125 0.52880859375 0.09765625 0.0986328125
0 0.73828125 0.42041015625 0.09765625 0.0986328125
0 0.83203125 0.80419921875 0.09765625 0.0986328125
0 0.8310546875 0.69482421875 0.09765625 0.0986328125
0 0.83056640625 0.57861328125 0.0732421875 0.0732421875
0 0.8291015625 0.47412109375 0.09765625 0.0986328125
0 0.8310546875 0.36083984375 0.09765625 0.0986328125
0 0.92138671875 0.74462890625 0.1103515625 0.1103515625
0 0.9287109375 0.64697265625 0.09765625 0.0986328125
0 0.931640625 0.51708984375 0.09765625 0.0986328125
0 0.92578125 0.41162109375 0.109375 0.1103515625
0 0.92333984375 0.31103515625 0.1103515625 0.1103515625
0 0.9248046875 0.189453125 0.0859375 0.0859375
0 0.9248046875 0.0830078125 0.09765625 0.09765625
0 0.82861328125 0.25244140625 0.1103515625 0.1103515625
0 0.82958984375 0.1474609375 0.1103515625 0.111328125
0 0.734375 0.31005859375 0.109375 0.1103515625
0 0.73681640625 0.19287109375 0.1103515625 0.1103515625
0 0.73486328125 0.08642578125 0.1103515625 0.1103515625
0 0.646484375 0.25830078125 0.109375 0.1103515625
0 0.6474609375 0.14501953125 0.109375 0.1103515625
0 0.546875 0.30810546875 0.09765625 0.0986328125
0 0.546875 0.19677734375 0.109375 0.1103515625
0 0.5439453125 0.09033203125 0.09765625 0.0986328125
0 0.44775390625 0.26123046875 0.1103515625 0.1103515625
0 0.45263671875 0.14697265625 0.1103515625 0.1103515625
0 0.34765625 0.3056640625 0.0859375 0.0859375
0 0.34423828125 0.2041015625 0.0849609375 0.0859375
0 0.34912109375 0.0927734375 0.0849609375 0.0859375
0 0.26171875 0.470703125 0.09765625 0.09765625
0 0.2490234375 0.36328125 0.09765625 0.09765625
0 0.2529296875 0.25146484375 0.109375 0.1103515625
0 0.2548828125 0.14599609375 0.109375 0.1103515625
0 0.15673828125 0.4169921875 0.1103515625 0.111328125
0 0.15283203125 0.3076171875 0.1103515625 0.111328125
0 0.1533203125 0.19580078125 0.109375 0.1103515625
0 0.1572265625 0.09326171875 0.09765625 0.0986328125
0 0.16259765625 0.52734375 0.0849609375 0.0859375
0 0.0625 0.47021484375 0.09765625 0.0986328125
0 0.0625 0.3642578125 0.09765625 0.09765625
0 0.0595703125 0.255859375 0.09765625 0.09765625
0 0.05810546875 0.1474609375 0.1103515625 0.111328125