0 0.380859375 0.38427734375 0.0859375 0.0869140625
0 0.86669921875 0.220703125 0.0732421875 0.07421875
0 0.375 0.947265625 0.09765625 0.09765625
0 0.2890625 0.8916015625 0.109375 0.111328125
0 0.09130859375 0.88916015625 0.1103515625 0.1103515625
0 0.10009765625 0.78173828125 0.1103515625 0.1103515625
0 0.10107421875 0.6591796875 0.0732421875 0.07421875
0 0.09765625 0.560546875 0.09765625 0.09765625
0 0.1044921875 0.4423828125 0.09765625 0.09765625
0 0.2001953125 0.83642578125 0.109375 0.1103515625
0 0.197265625 0.7255859375 0.109375 0.111328125
0 0.193359375 0.625 0.109375 0.111328125
0 0.2001953125 0.50537109375 0.09765625 0.0986328125
0 0.19970703125 0.388671875 0.0849609375 0.0859375
0 0.2861328125 0.7880859375 0.109375 0.111328125
0 0.28564453125 0.6806640625 0.0849609375 0.0859375
0 0.2890625 0.55517578125 0.09765625 0.0986328125
0 0.28125 0.44580078125 0.09765625 0.0986328125
0 0.38623046875 0.8212890625 0.1103515625 0.111328125
0 0.38330078125 0.712890625 0.0849609375 0.0859375
0 0.39013671875 0.59375 0.0849609375 0.0859375
0 0.3837890625 0.490234375 0.0859375 0.0859375
0 0.47509765625 0.8798828125 0.0849609375 0.0859375
0 0.46826171875 0.76611328125 0.0244140625 0.0244140625
0 0.474609375 0.6474609375 0.037109375 0.037109375
0 0.47216796875 0.54150390625 0.0244140625 0.0244140625
0 0.47802734375 0.42822265625 0.0244140625 0.0244140625
0 0.56982421875 0.61962890625 0.0244140625 0.0244140625
0 0.56982421875 0.50927734375 0.0244140625 0.0244140625
0 0.57373046875 0.39404296875 0.0244140625 0.0244140625
0 0.5673828125 0.84423828125 0.09765625 0.0986328125
0 0.5693359375 0.73876953125 0.09765625 0.0986328125
0 0.57763671875 0.28466796875 0.0244140625 0.0244140625
0 0.57470703125 0.20263671875 0.0244140625 0.0244140625
0 0.47705078125 0.34130859375 0.0244140625 0.0244140625
0 0.48388671875 0.23388671875 0.0244140625 0.0244140625
0 0.3837890625 0.203125 0.037109375 0.037109375
0 0.38671875 0.28564453125 0.109375 0.1103515625
0 0.27734375 0.341796875 0.0859375 0.0859375
0 0.27685546875 0.23291015625 0.0732421875 0.0732421875
0 0.1962890625 0.28271484375 0.09765625 0.0986328125
0 0.20556640625 0.16748046875 0.0615234375 0.0615234375
0 0.1044921875 0.33642578125 0.09765625 0.0986328125
0 0.099609375 0.22900390625 0.09765625 0.0986328125
0 0.8603515625 0.65380859375 0.09765625 0.0986328125
0 0.8564453125 0.55029296875 0.109375 0.1103515625
0 0.865234375 0.439453125 0.09765625 0.09765625
0 0.8603515625 0.328125 0.09765625 0.09765625
0 0.85791015625 0.0439453125 0.0361328125 0.037109375
0 0.662109375 0.03955078125 0.060546875 0.0615234375
0 0.47607421875 0.03271484375 0.0615234375 0.0615234375