0 0.74267578125 0.18798828125 0.0732421875 0.0732421875
0 0.81591796875 0.3388671875 0.0732421875 0.07421875
0 0.931640625 0.85546875 0.0859375 0.0859375
0 0.91748046875 0.51220703125 0.0849609375 0.0869140625
0 0.923828125 0.6162109375 0.09765625 0.09765625
0 0.9169921875 0.74755859375 0.09765625 0.0986328125
0 0.8154296875 0.4560546875 0.0859375 0.0859375
0 0.81689453125 0.5693359375 0.0849609375 0.0859375
0 0.82421875 0.6826171875 0.09765625 0.09765625
0 0.828125 0.78564453125 0.109375 0.1103515625
0 0.83837890625 0.9228515625 0.0849609375 0.0859375
0 0.73388671875 0.84375 0.1103515625 0.111328125
0 0.736328125 0.7421875 0.109375 0.111328125
0 0.734375 0.62646484375 0.09765625 0.0986328125
0 0.73486328125 0.5146484375 0.0732421875 0.07421875
0 0.63720703125 0.4521484375 0.0849609375 0.0859375
0 0.63427734375 0.5732421875 0.0849609375 0.0859375
0 0.63671875 0.68212890625 0.109375 0.1103515625
0 0.6396484375 0.79052734375 0.09765625 0.0986328125
0 0.6455078125 0.9140625 0.0859375 0.0859375
0 0.55908203125 0.849609375 0.0849609375 0.0859375
0 0.56201171875 0.7373046875 0.0849609375 0.0859375
0 0.5625 0.63134765625 0.09765625 0.0986328125
0 0.5478515625 0.5263671875 0.0859375 0.0859375
0 0.4541015625 0.45556640625 0.09765625 0.0986328125
0 0.44970703125 0.57958984375 0.1103515625 0.1103515625
0 0.45068359375 0.68603515625 0.1103515625 0.1103515625
0 0.45458984375 0.79541015625 0.0966796875 0.0986328125
0 0.45556640625 0.8994140625 0.0849609375 0.0859375
0 0.36328125 0.52490234375 0.109375 0.1103515625
0 0.36328125 0.63134765625 0.09765625 0.0986328125
0 0.36279296875 0.74169921875 0.1103515625 0.1103515625
0 0.3603515625 0.85498046875 0.109375 0.1103515625
0 0.17724609375 0.50390625 0.0849609375 0.0859375
0 0.1884765625 0.6337890625 0.09765625 0.09765625
0 0.1845703125 0.73876953125 0.09765625 0.0986328125
0 0.171875 0.85498046875 0.09765625 0.0986328125
0 0.0751953125 0.4619140625 0.09765625 0.09765625
0 0.0634765625 0.57080078125 0.109375 0.1103515625
0 0.072265625 0.685546875 0.09765625 0.09765625
0 0.0703125 0.80126953125 0.09765625 0.0986328125
0 0.072265625 0.912109375 0.09765625 0.09765625
0 0.73974609375 0.390625 0.0732421875 0.07421875
0 0.73486328125 0.28271484375 0.0732421875 0.0732421875
0 0.6416015625 0.2412109375 0.0859375 0.0859375
0 0.6416015625 0.3564453125 0.0859375 0.0859375
0 0.83056640625 0.2451171875 0.0732421875 0.07421875
0 0.83056640625 0.12548828125 0.0732421875 0.0732421875
0 0.9208984375 0.1708984375 0.0859375 0.0859375
0 0.92578125 0.291015625 0.0859375 0.0859375
0 0.92333984375 0.0712890625 0.0849609375 0.0859375
0 0.92431640625 0.3974609375 0.0849609375 0.0859375
0 0.74267578125 0.0810546875 0.0849609375 0.0859375
0 0.64404296875 0.14111328125 0.1103515625 0.1103515625
0 0.5537109375 0.1982421875 0.0859375 0.0859375
0 0.5546875 0.2880859375 0.0859375 0.0859375
0 0.55908203125 0.08984375 0.0849609375 0.0859375
0 0.4501953125 0.15478515625 0.09765625 0.0986328125
0 0.455078125 0.23583984375 0.09765625 0.0986328125
0 0.35595703125 0.3095703125 0.0849609375 0.0859375
0 0.357421875 0.40478515625 0.09765625 0.0986328125
0 0.4541015625 0.35009765625 0.09765625 0.0986328125
0 0.55859375 0.40087890625 0.09765625 0.0986328125
0 0.359375 0.20166015625 0.09765625 0.0986328125
0 0.361328125 0.1083984375 0.0859375 0.0859375
0 0.2666015625 0.3525390625 0.09765625 0.09765625
0 0.265625 0.23779296875 0.09765625 0.0986328125
0 0.26708984375 0.1376953125 0.0849609375 0.0859375
0 0.1845703125 0.0869140625 0.09765625 0.09765625
0 0.173828125 0.19140625 0.0859375 0.0859375
0 0.177734375 0.29296875 0.0859375 0.0859375
0 0.1708984375 0.40185546875 0.0859375 0.0869140625
0 0.0751953125 0.13134765625 0.09765625 0.0986328125
0 0.07568359375 0.244140625 0.0849609375 0.0859375
0 0.08203125 0.3544921875 0.0859375 0.0859375
0 0.26416015625 0.57177734375 0.1103515625 0.1103515625
0 0.265625 0.69384765625 0.109375 0.1103515625
0 0.265625 0.80908203125 0.109375 0.1103515625
0 0.2607421875 0.90478515625 0.109375 0.1103515625
0 0.26611328125 0.4658203125 0.0849609375 0.0859375