0 0.20458984375 0.60498046875 0.0732421875 0.0732421875
0 0.35546875 0.53173828125 0.07421875 0.0732421875
0 0.8994140625 0.15673828125 0.07421875 0.0732421875
0 0.755859375 0.05419921875 0.0859375 0.0849609375
0 0.873046875 0.0712890625 0.0859375 0.0859375
0 0.47412109375 0.14697265625 0.1103515625 0.1103515625
0 0.58349609375 0.14306640625 0.1103515625 0.1103515625
0 0.69580078125 0.1455078125 0.0986328125 0.09765625
0 0.79443359375 0.1435546875 0.0986328125 0.09765625
0 0.88134765625 0.2353515625 0.0615234375 0.060546875
0 0.54052734375 0.2412109375 0.1103515625 0.109375
0 0.63720703125 0.23388671875 0.1103515625 0.1103515625
0 0.75244140625 0.236328125 0.1103515625 0.109375
0 0.4794921875 0.33203125 0.0859375 0.0859375
0 0.59033203125 0.3369140625 0.1103515625 0.109375
0 0.69677734375 0.33447265625 0.1103515625 0.1103515625
0 0.796875 0.3349609375 0.111328125 0.109375
0 0.93896484375 0.3466796875 0.0986328125 0.09765625
0 0.8720703125 0.416015625 0.0859375 0.0859375
0 0.52880859375 0.43017578125 0.0869140625 0.0849609375
0 0.6328125 0.423828125 0.09765625 0.09765625
0 0.76416015625 0.4306640625 0.0986328125 0.09765625
0 0.47265625 0.5322265625 0.0859375 0.0859375
0 0.5859375 0.53076171875 0.0859375 0.0849609375
0 0.69921875 0.5234375 0.09765625 0.09765625
0 0.80224609375 0.51953125 0.1103515625 0.109375
0 0.939453125 0.50927734375 0.0859375 0.0849609375
0 0.8603515625 0.61376953125 0.111328125 0.1103515625
0 0.7587890625 0.611328125 0.111328125 0.109375
0 0.64306640625 0.61328125 0.0986328125 0.09765625
0 0.53125 0.61279296875 0.07421875 0.0732421875
0 0.46875 0.71044921875 0.0859375 0.0849609375
0 0.58984375 0.71337890625 0.0859375 0.0849609375
0 0.69873046875 0.7109375 0.1103515625 0.109375
0 0.80712890625 0.7080078125 0.0986328125 0.09765625
0 0.9306640625 0.7021484375 0.0859375 0.0859375
0 0.8662109375 0.78857421875 0.0859375 0.0849609375
0 0.75390625 0.78564453125 0.0859375 0.0849609375
0 0.64794921875 0.78515625 0.0986328125 0.09765625
0 0.54296875 0.7998046875 0.0859375 0.0859375
0 0.47216796875 0.8935546875 0.0986328125 0.09765625
0 0.59619140625 0.89794921875 0.1103515625 0.1103515625
0 0.70263671875 0.89697265625 0.1103515625 0.1103515625
0 0.81201171875 0.89306640625 0.0986328125 0.0966796875
0 0.916015625 0.89208984375 0.0859375 0.0849609375
0 0.4072265625 0.60791015625 0.07421875 0.0732421875
0 0.29931640625 0.61279296875 0.0732421875 0.0732421875
0 0.2578125 0.7060546875 0.0859375 0.0859375
0 0.373046875 0.7060546875 0.0859375 0.0859375
0 0.26171875 0.51708984375 0.07421875 0.0732421875
0 0.14208984375 0.51708984375 0.0732421875 0.0732421875
0 0.095703125 0.05078125 0.09765625 0.09765625
0 0.2197265625 0.05322265625 0.0859375 0.0849609375
0 0.322265625 0.04833984375 0.0859375 0.0849609375
0 0.36767578125 0.142578125 0.0986328125 0.09765625
0 0.2607421875 0.14794921875 0.111328125 0.1103515625
0 0.150390625 0.1416015625 0.09765625 0.09765625
0 0.08642578125 0.2353515625 0.0986328125 0.09765625
0 0.20751953125 0.22900390625 0.1103515625 0.1103515625
0 0.31005859375 0.234375 0.1103515625 0.109375
0 0.36181640625 0.32763671875 0.1103515625 0.1103515625
0 0.42578125 0.234375 0.0859375 0.0859375
0 0.2685546875 0.322265625 0.111328125 0.109375
0 0.14501953125 0.3349609375 0.1103515625 0.109375
0 0.1875 0.4267578125 0.0859375 0.0859375
0 0.3076171875 0.421875 0.0859375 0.0859375
0 0.087890625 0.42431640625 0.0859375 0.0849609375
0 0.4140625 0.42333984375 0.0859375 0.0849609375
0 0.09765625 0.60498046875 0.0859375 0.0849609375
0 0.15771484375 0.70361328125 0.1103515625 0.1103515625
0 0.21484375 0.7939453125 0.0859375 0.0859375
0 0.3046875 0.79296875 0.0859375 0.0859375
0 0.1064453125 0.78857421875 0.0859375 0.0849609375
0 0.06396484375 0.89990234375 0.1103515625 0.1103515625
0 0.17138671875 0.8974609375 0.0986328125 0.09765625
0 0.25244140625 0.892578125 0.0986328125 0.09765625
0 0.36669921875 0.8935546875 0.0986328125 0.09765625
0 0.41748046875 0.7890625 0.0986328125 0.09765625