0 0.92041015625 0.4267578125 0.0732421875 0.07421875
0 0.91845703125 0.3408203125 0.0732421875 0.07421875
0 0.71728515625 0.35888671875 0.0732421875 0.0732421875
0 0.72412109375 0.5751953125 0.0732421875 0.07421875
0 0.8056640625 0.24560546875 0.060546875 0.0615234375
0 0.15380859375 0.80419921875 0.0732421875 0.0732421875
0 0.24658203125 0.7314453125 0.0732421875 0.07421875
0 0.06884765625 0.52978515625 0.0615234375 0.0615234375
0 0.060546875 0.8330078125 0.09765625 0.09765625
0 0.15625 0.90576171875 0.09765625 0.0986328125
0 0.1484375 0.6767578125 0.09765625 0.09765625
0 0.07177734375 0.43896484375 0.0732421875 0.0732421875
0 0.0673828125 0.33349609375 0.09765625 0.0986328125
0 0.07177734375 0.22509765625 0.1103515625 0.1103515625
0 0.1552734375 0.2646484375 0.09765625 0.09765625
0 0.150390625 0.34228515625 0.09765625 0.0986328125
0 0.251953125 0.853515625 0.0859375 0.0859375
0 0.240234375 0.625 0.09765625 0.09765625
0 0.3388671875 0.6630859375 0.0859375 0.0859375
0 0.33642578125 0.57080078125 0.1103515625 0.1103515625
0 0.34375 0.45849609375 0.09765625 0.0986328125
0 0.25244140625 0.31787109375 0.0732421875 0.0732421875
0 0.24609375 0.21923828125 0.09765625 0.0986328125
0 0.4365234375 0.84765625 0.0859375 0.0859375
0 0.43408203125 0.7421875 0.0849609375 0.0859375
0 0.43310546875 0.62548828125 0.1103515625 0.1103515625
0 0.42919921875 0.51708984375 0.1103515625 0.1103515625
0 0.4306640625 0.40771484375 0.109375 0.1103515625
0 0.43359375 0.28955078125 0.09765625 0.0986328125
0 0.5205078125 0.90478515625 0.09765625 0.0986328125
0 0.53515625 0.80078125 0.09765625 0.09765625
0 0.5341796875 0.67333984375 0.09765625 0.0986328125
0 0.5390625 0.56396484375 0.09765625 0.0986328125
0 0.54296875 0.45849609375 0.09765625 0.0986328125
0 0.53173828125 0.349609375 0.0849609375 0.0859375
0 0.62744140625 0.3017578125 0.0849609375 0.0859375
0 0.61474609375 0.82421875 0.1220703125 0.123046875
0 0.62158203125 0.71875 0.0849609375 0.0859375
0 0.638671875 0.6015625 0.0859375 0.0859375
0 0.63623046875 0.51611328125 0.0849609375 0.0869140625
0 0.6298828125 0.408203125 0.09765625 0.09765625
0 0.71044921875 0.89111328125 0.1103515625 0.1103515625
0 0.712890625 0.77880859375 0.09765625 0.0986328125
0 0.7109375 0.68017578125 0.09765625 0.0986328125
0 0.802734375 0.59326171875 0.060546875 0.0615234375
0 0.80322265625 0.490234375 0.0732421875 0.07421875
0 0.80029296875 0.404296875 0.0849609375 0.0859375
0 0.8095703125 0.3251953125 0.0859375 0.0859375
0 0.93505859375 0.24169921875 0.0615234375 0.0615234375
0 0.80859375 0.93408203125 0.109375 0.1103515625
0 0.80126953125 0.83740234375 0.1103515625 0.1103515625
0 0.8037109375 0.72216796875 0.109375 0.1103515625
0 0.904296875 0.88427734375 0.109375 0.1103515625
0 0.90185546875 0.77783203125 0.1103515625 0.1103515625
0 0.90234375 0.677734375 0.109375 0.111328125
0 0.9140625 0.53564453125 0.09765625 0.0986328125
0 0.7197265625 0.47119140625 0.09765625 0.0986328125