0 0.4658203125 0.61279296875 0.09765625 0.0986328125
0 0.3720703125 0.55615234375 0.109375 0.1103515625
0 0.46728515625 0.93505859375 0.1103515625 0.1103515625
0 0.5634765625 0.88330078125 0.09765625 0.0986328125
0 0.6591796875 0.93701171875 0.09765625 0.0986328125
0 0.8447265625 0.93798828125 0.109375 0.1103515625
0 0.943359375 0.8935546875 0.109375 0.111328125
0 0.939453125 0.78125 0.109375 0.111328125
0 0.94140625 0.67138671875 0.09765625 0.0986328125
0 0.93408203125 0.55908203125 0.1103515625 0.1103515625
0 0.94189453125 0.45166015625 0.1103515625 0.1103515625
0 0.8466796875 0.828125 0.109375 0.111328125
0 0.849609375 0.72265625 0.109375 0.111328125
0 0.84765625 0.6162109375 0.09765625 0.09765625
0 0.8486328125 0.50732421875 0.109375 0.1103515625
0 0.8486328125 0.38720703125 0.09765625 0.0986328125
0 0.7509765625 0.87939453125 0.09765625 0.0986328125
0 0.75634765625 0.78125 0.1103515625 0.111328125
0 0.751953125 0.6708984375 0.109375 0.111328125
0 0.7548828125 0.55859375 0.109375 0.111328125
0 0.7529296875 0.44384765625 0.109375 0.1103515625
0 0.65478515625 0.611328125 0.1103515625 0.111328125
0 0.65283203125 0.5283203125 0.0732421875 0.07421875
0 0.6630859375 0.388671875 0.09765625 0.09765625
0 0.5634765625 0.77685546875 0.109375 0.1103515625
0 0.5634765625 0.5615234375 0.09765625 0.09765625
0 0.56640625 0.4521484375 0.09765625 0.09765625
0 0.47412109375 0.82666015625 0.1103515625 0.1103515625
0 0.4697265625 0.72509765625 0.109375 0.1103515625
0 0.46484375 0.49951171875 0.109375 0.1103515625
0 0.46728515625 0.3955078125 0.1103515625 0.111328125
0 0.37841796875 0.88671875 0.0849609375 0.0859375
0 0.34423828125 0.84765625 0.0849609375 0.0859375
0 0.37451171875 0.76611328125 0.1103515625 0.1103515625
0 0.3740234375 0.45068359375 0.09765625 0.0986328125
0 0.3720703125 0.33984375 0.09765625 0.09765625
0 0.373046875 0.224609375 0.0859375 0.0859375
0 0.37255859375 0.11962890625 0.0615234375 0.0615234375
0 0.2802734375 0.06640625 0.0859375 0.0859375
0 0.46875 0.28125 0.09765625 0.09765625
0 0.46923828125 0.173828125 0.0849609375 0.0859375
0 0.56689453125 0.357421875 0.1103515625 0.111328125
0 0.556640625 0.23681640625 0.09765625 0.0986328125
0 0.56640625 0.11669921875 0.060546875 0.0615234375
0 0.65625 0.28662109375 0.09765625 0.0986328125
0 0.65234375 0.17041015625 0.09765625 0.0986328125
0 0.66015625 0.06494140625 0.09765625 0.0986328125
0 0.75390625 0.34033203125 0.09765625 0.0986328125
0 0.7529296875 0.23095703125 0.09765625 0.0986328125
0 0.75244140625 0.11474609375 0.0732421875 0.0732421875
0 0.84326171875 0.28076171875 0.1103515625 0.1103515625
0 0.8505859375 0.18310546875 0.09765625 0.0986328125
0 0.853515625 0.05322265625 0.09765625 0.0986328125
0 0.93994140625 0.33349609375 0.1103515625 0.1103515625
0 0.9384765625 0.22509765625 0.109375 0.1103515625
0 0.9384765625 0.10791015625 0.09765625 0.0986328125
0 0.08447265625 0.0634765625 0.0849609375 0.0859375