0 0.04736328125 0.73974609375 0.0732421875 0.0732421875
0 0.2646484375 0.74658203125 0.0859375 0.0849609375
0 0.38134765625 0.74169921875 0.0732421875 0.0732421875
0 0.20654296875 0.65185546875 0.0732421875 0.0732421875
0 0.4326171875 0.64599609375 0.0859375 0.0849609375
0 0.32080078125 0.65283203125 0.0615234375 0.0615234375
0 0.548828125 0.6494140625 0.0859375 0.0859375
0 0.10107421875 0.64501953125 0.0732421875 0.0732421875
0 0.10205078125 0.8349609375 0.0869140625 0.0859375
0 0.15576171875 0.74755859375 0.0732421875 0.0732421875
0 0.4873046875 0.744140625 0.0859375 0.0859375
0 0.5986328125 0.7431640625 0.09765625 0.09765625
0 0.212890625 0.83984375 0.0859375 0.0859375
0 0.32470703125 0.84375 0.0986328125 0.09765625
0 0.4326171875 0.8408203125 0.0859375 0.0859375
0 0.5390625 0.8408203125 0.09765625 0.09765625
0 0.15966796875 0.9365234375 0.0986328125 0.09765625
0 0.26708984375 0.9365234375 0.0986328125 0.09765625
0 0.3818359375 0.93408203125 0.0859375 0.0849609375
0 0.490234375 0.93115234375 0.0859375 0.0849609375
0 0.5947265625 0.9326171875 0.09765625 0.09765625
0 0.70263671875 0.9326171875 0.0986328125 0.09765625
0 0.82080078125 0.927734375 0.0986328125 0.09765625
0 0.9267578125 0.9248046875 0.09765625 0.09765625
0 0.65380859375 0.8388671875 0.0869140625 0.0859375
0 0.76123046875 0.8388671875 0.0986328125 0.09765625
0 0.86962890625 0.83984375 0.0986328125 0.09765625
0 0.70751953125 0.7392578125 0.0986328125 0.09765625
0 0.81591796875 0.74609375 0.0986328125 0.09765625
0 0.9306640625 0.7470703125 0.0859375 0.0859375
0 0.6474609375 0.64990234375 0.0859375 0.0849609375
0 0.759765625 0.64990234375 0.0859375 0.0849609375
0 0.87353515625 0.6494140625 0.0986328125 0.09765625