0 0.13134765625 0.25537109375 0.0732421875 0.0732421875
0 0.24609375 0.62841796875 0.07421875 0.0732421875
0 0.138671875 0.64404296875 0.07421875 0.0732421875
0 0.62109375 0.33544921875 0.0859375 0.0849609375
0 0.56982421875 0.81396484375 0.0732421875 0.0732421875
0 0.45654296875 0.82568359375 0.0732421875 0.0732421875
0 0.517578125 0.32958984375 0.0859375 0.0849609375
0 0.44775390625 0.62939453125 0.0732421875 0.0732421875
0 0.5615234375 0.41845703125 0.0859375 0.0849609375
0 0.51806640625 0.52685546875 0.0732421875 0.0732421875
0 0.39306640625 0.52490234375 0.0732421875 0.0732421875
0 0.5029296875 0.9072265625 0.0859375 0.0859375
0 0.33447265625 0.62841796875 0.0732421875 0.0732421875
0 0.2958984375 0.53271484375 0.07421875 0.0732421875
0 0.38427734375 0.91357421875 0.0732421875 0.0732421875
0 0.03466796875 0.046875 0.0615234375 0.060546875
0 0.07275390625 0.9091796875 0.0498046875 0.048828125
0 0.17626953125 0.91015625 0.0498046875 0.048828125
0 0.28564453125 0.90673828125 0.0732421875 0.0732421875
0 0.03564453125 0.8349609375 0.0615234375 0.060546875
0 0.13330078125 0.8310546875 0.0615234375 0.060546875
0 0.21826171875 0.8310546875 0.0615234375 0.060546875
0 0.32666015625 0.82177734375 0.0615234375 0.0615234375
0 0.08740234375 0.74658203125 0.0615234375 0.0615234375
0 0.19287109375 0.73876953125 0.0732421875 0.0732421875
0 0.28076171875 0.72509765625 0.0732421875 0.0732421875
0 0.39208984375 0.72705078125 0.0732421875 0.0732421875
0 0.51318359375 0.72412109375 0.0732421875 0.0732421875
0 0.56201171875 0.61328125 0.0869140625 0.0859375
0 0.1787109375 0.53759765625 0.07421875 0.0732421875
0 0.1376953125 0.42138671875 0.111328125 0.1103515625
0 0.2421875 0.41552734375 0.111328125 0.1103515625
0 0.34765625 0.42041015625 0.07421875 0.0732421875
0 0.458984375 0.42236328125 0.07421875 0.0732421875
0 0.07080078125 0.3310546875 0.0986328125 0.09765625
0 0.1875 0.3310546875 0.09765625 0.09765625
0 0.3017578125 0.33056640625 0.07421875 0.0732421875
0 0.4033203125 0.33544921875 0.07421875 0.0732421875
0 0.236328125 0.23095703125 0.07421875 0.0732421875
0 0.3505859375 0.236328125 0.09765625 0.09765625
0 0.4619140625 0.2333984375 0.09765625 0.09765625
0 0.06982421875 0.14501953125 0.0869140625 0.0849609375
0 0.18310546875 0.14111328125 0.1103515625 0.1103515625
0 0.29931640625 0.13623046875 0.1103515625 0.1103515625
0 0.40576171875 0.14208984375 0.1103515625 0.1103515625
0 0.521484375 0.142578125 0.111328125 0.109375
0 0.6298828125 0.1455078125 0.09765625 0.09765625
0 0.7451171875 0.1396484375 0.111328125 0.109375
0 0.853515625 0.14111328125 0.111328125 0.1103515625
0 0.578125 0.2373046875 0.111328125 0.109375
0 0.6884765625 0.23876953125 0.111328125 0.1103515625
0 0.79736328125 0.23974609375 0.1103515625 0.1103515625
0 0.90966796875 0.24169921875 0.1103515625 0.1103515625
0 0.7216796875 0.33154296875 0.0859375 0.0849609375
0 0.8388671875 0.33642578125 0.0859375 0.0849609375
0 0.68798828125 0.42724609375 0.0732421875 0.0732421875
0 0.79345703125 0.427734375 0.1103515625 0.109375
0 0.90771484375 0.42578125 0.1103515625 0.109375
0 0.6318359375 0.51953125 0.0859375 0.0859375
0 0.74755859375 0.5244140625 0.1103515625 0.109375
0 0.85205078125 0.52294921875 0.1103515625 0.1103515625
0 0.68896484375 0.61962890625 0.1103515625 0.1103515625
0 0.79931640625 0.61962890625 0.1103515625 0.1103515625
0 0.912109375 0.61767578125 0.0859375 0.0849609375
0 0.63037109375 0.72021484375 0.0869140625 0.0849609375
0 0.74169921875 0.708984375 0.0986328125 0.09765625
0 0.853515625 0.7099609375 0.0859375 0.0859375
0 0.67578125 0.8125 0.0859375 0.0859375
0 0.798828125 0.80859375 0.0859375 0.0859375
0 0.91015625 0.8017578125 0.09765625 0.09765625
0 0.62646484375 0.90576171875 0.0732421875 0.0732421875
0 0.73876953125 0.8974609375 0.0986328125 0.09765625
0 0.8505859375 0.90087890625 0.0859375 0.0849609375