0 0.30224609375 0.93798828125 0.0615234375 0.0615234375
0 0.76513671875 0.423828125 0.0732421875 0.07421875
0 0.76708984375 0.509765625 0.0732421875 0.07421875
0 0.96142578125 0.275390625 0.0732421875 0.07421875
0 0.68701171875 0.47705078125 0.0732421875 0.0732421875
0 0.8798828125 0.60498046875 0.060546875 0.0615234375
0 0.68505859375 0.57470703125 0.0732421875 0.0732421875
0 0.50244140625 0.943359375 0.0849609375 0.0859375
0 0.8828125 0.25732421875 0.060546875 0.0615234375
0 0.88232421875 0.3603515625 0.0732421875 0.07421875
0 0.88525390625 0.4462890625 0.0849609375 0.0859375
0 0.8759765625 0.525390625 0.0859375 0.0859375
0 0.75048828125 0.60888671875 0.0615234375 0.0615234375
0 0.50390625 0.5625 0.0859375 0.0859375
0 0.8818359375 0.12841796875 0.109375 0.1103515625
0 0.78369140625 0.07275390625 0.1103515625 0.1103515625
0 0.783203125 0.1728515625 0.109375 0.111328125
0 0.771484375 0.31494140625 0.09765625 0.0986328125
0 0.6875 0.36279296875 0.09765625 0.0986328125
0 0.7021484375 0.248046875 0.0859375 0.0859375
0 0.6875 0.14013671875 0.09765625 0.0986328125
0 0.5947265625 0.0751953125 0.09765625 0.09765625
0 0.5986328125 0.17822265625 0.109375 0.1103515625
0 0.60888671875 0.3154296875 0.0849609375 0.0859375
0 0.599609375 0.40966796875 0.09765625 0.0986328125
0 0.58642578125 0.5302734375 0.0849609375 0.0859375
0 0.50927734375 0.45751953125 0.1103515625 0.1103515625
0 0.50146484375 0.36376953125 0.1103515625 0.1103515625
0 0.50439453125 0.236328125 0.1103515625 0.111328125
0 0.5068359375 0.134765625 0.109375 0.111328125
0 0.4072265625 0.07470703125 0.109375 0.1103515625
0 0.41015625 0.18310546875 0.09765625 0.0986328125
0 0.416015625 0.306640625 0.0859375 0.0859375
0 0.4111328125 0.4052734375 0.109375 0.111328125
0 0.412109375 0.51220703125 0.09765625 0.0986328125
0 0.40673828125 0.6201171875 0.0849609375 0.0859375
0 0.33056640625 0.57568359375 0.0849609375 0.0869140625
0 0.3203125 0.470703125 0.0859375 0.0859375
0 0.32080078125 0.3515625 0.0849609375 0.0859375
0 0.32958984375 0.2421875 0.0849609375 0.0859375
0 0.33251953125 0.1298828125 0.0849609375 0.0859375
0 0.22119140625 0.07861328125 0.1103515625 0.1103515625
0 0.22509765625 0.18798828125 0.0966796875 0.0986328125
0 0.22607421875 0.2919921875 0.0849609375 0.0859375
0 0.21875 0.40771484375 0.09765625 0.0986328125
0 0.2158203125 0.52490234375 0.109375 0.1103515625
0 0.2275390625 0.62890625 0.09765625 0.09765625
0 0.13330078125 0.34912109375 0.0849609375 0.0869140625
0 0.13330078125 0.13427734375 0.1103515625 0.1103515625
0 0.130859375 0.24755859375 0.109375 0.1103515625
0 0.125 0.44677734375 0.09765625 0.0986328125
0 0.13037109375 0.5654296875 0.0849609375 0.0859375