0 0.40576171875 0.181640625 0.0732421875 0.07421875
0 0.4072265625 0.06201171875 0.060546875 0.0615234375
0 0.12158203125 0.12548828125 0.1103515625 0.1103515625
0 0.22265625 0.17529296875 0.09765625 0.0986328125
0 0.21728515625 0.05908203125 0.1103515625 0.1103515625
0 0.31298828125 0.123046875 0.1103515625 0.111328125
0 0.501953125 0.09326171875 0.09765625 0.0986328125
0 0.60546875 0.17822265625 0.09765625 0.0986328125
0 0.5986328125 0.06494140625 0.09765625 0.0986328125
0 0.6904296875 0.12353515625 0.09765625 0.0986328125
0 0.7900390625 0.06787109375 0.109375 0.1103515625
0 0.88037109375 0.12255859375 0.1103515625 0.1103515625
0 0.3125 0.548828125 0.0859375 0.0859375
0 0.68994140625 0.35498046875 0.0615234375 0.0615234375
0 0.59716796875 0.28515625 0.0849609375 0.0859375
0 0.5 0.326171875 0.0859375 0.0859375
0 0.5 0.236328125 0.0859375 0.0859375
0 0.404296875 0.294921875 0.0859375 0.0859375
0 0.396484375 0.3818359375 0.0859375 0.0859375
0 0.12060546875 0.88671875 0.0849609375 0.0859375
0 0.12109375 0.5576171875 0.0859375 0.0859375
0 0.12353515625 0.45361328125 0.1103515625 0.1103515625
0 0.12255859375 0.33349609375 0.1103515625 0.1103515625
0 0.12109375 0.232421875 0.09765625 0.09765625
0 0.2138671875 0.94140625 0.0859375 0.0859375
0 0.2138671875 0.83349609375 0.09765625 0.0986328125
0 0.2177734375 0.74365234375 0.09765625 0.0986328125
0 0.216796875 0.50927734375 0.09765625 0.0986328125
0 0.216796875 0.40185546875 0.09765625 0.0986328125
0 0.2236328125 0.28173828125 0.09765625 0.0986328125
0 0.31396484375 0.236328125 0.0849609375 0.0859375
0 0.30859375 0.8818359375 0.09765625 0.09765625
0 0.310546875 0.78662109375 0.09765625 0.0986328125
0 0.3095703125 0.68017578125 0.09765625 0.0986328125
0 0.31640625 0.44873046875 0.09765625 0.0986328125
0 0.3173828125 0.34326171875 0.09765625 0.0986328125
0 0.4013671875 0.630859375 0.0859375 0.0859375
0 0.3974609375 0.736328125 0.0859375 0.0859375
0 0.39990234375 0.841796875 0.0849609375 0.0859375
0 0.39990234375 0.9443359375 0.0849609375 0.0859375
0 0.49658203125 0.88818359375 0.1103515625 0.1103515625
0 0.50341796875 0.77490234375 0.1103515625 0.1103515625
0 0.5048828125 0.662109375 0.109375 0.111328125
0 0.5009765625 0.560546875 0.109375 0.111328125
0 0.5966796875 0.5048828125 0.109375 0.111328125
0 0.5888671875 0.61376953125 0.109375 0.1103515625
0 0.5888671875 0.73779296875 0.109375 0.1103515625
0 0.58837890625 0.830078125 0.1103515625 0.111328125
0 0.6943359375 0.89794921875 0.109375 0.1103515625
0 0.6865234375 0.78076171875 0.09765625 0.0986328125
0 0.6865234375 0.67138671875 0.09765625 0.0986328125
0 0.6845703125 0.56494140625 0.09765625 0.0986328125
0 0.6845703125 0.4814453125 0.09765625 0.09765625
0 0.787109375 0.52685546875 0.09765625 0.0986328125
0 0.77734375 0.81201171875 0.109375 0.1103515625
0 0.78515625 0.73046875 0.0859375 0.0859375
0 0.77734375 0.62841796875 0.109375 0.1103515625
0 0.8662109375 0.896484375 0.0859375 0.0859375
0 0.876953125 0.8017578125 0.109375 0.111328125
0 0.87939453125 0.70263671875 0.1103515625 0.1103515625
0 0.86669921875 0.58837890625 0.1103515625 0.1103515625
0 0.69140625 0.23681640625 0.109375 0.1103515625
0 0.78564453125 0.17431640625 0.1103515625 0.1103515625
0 0.87744140625 0.22412109375 0.1103515625 0.1103515625
0 0.7802734375 0.3017578125 0.0859375 0.0859375
0 0.8720703125 0.33837890625 0.109375 0.1103515625
0 0.87890625 0.41259765625 0.09765625 0.0986328125