0 0.2158203125 0.20654296875 0.07421875 0.0732421875
0 0.92919921875 0.107421875 0.0986328125 0.09765625
0 0.81201171875 0.1162109375 0.0986328125 0.09765625
0 0.71728515625 0.115234375 0.0986328125 0.09765625
0 0.88427734375 0.21728515625 0.1103515625 0.1103515625
0 0.77490234375 0.22509765625 0.0869140625 0.0849609375
0 0.93896484375 0.3134765625 0.1103515625 0.109375
0 0.82373046875 0.314453125 0.1103515625 0.109375
0 0.70654296875 0.31298828125 0.1103515625 0.1103515625
0 0.88134765625 0.4072265625 0.1103515625 0.109375
0 0.76904296875 0.408203125 0.1103515625 0.109375
0 0.931640625 0.50048828125 0.111328125 0.1103515625
0 0.82177734375 0.49658203125 0.1103515625 0.1103515625
0 0.71728515625 0.5029296875 0.1103515625 0.109375
0 0.8798828125 0.59619140625 0.111328125 0.1103515625
0 0.771484375 0.59326171875 0.111328125 0.1103515625
0 0.93603515625 0.6962890625 0.0986328125 0.09765625
0 0.82421875 0.6943359375 0.09765625 0.09765625
0 0.71484375 0.6904296875 0.09765625 0.09765625
0 0.87451171875 0.783203125 0.1103515625 0.109375
0 0.76708984375 0.78125 0.1103515625 0.109375
0 0.6669921875 0.783203125 0.111328125 0.109375
0 0.92724609375 0.87939453125 0.1103515625 0.1103515625
0 0.82470703125 0.88037109375 0.1103515625 0.1103515625
0 0.70654296875 0.8759765625 0.0986328125 0.09765625
0 0.5908203125 0.876953125 0.09765625 0.09765625
0 0.4794921875 0.8818359375 0.09765625 0.09765625
0 0.36865234375 0.8779296875 0.1103515625 0.109375
0 0.26123046875 0.8818359375 0.1103515625 0.109375
0 0.5458984375 0.7822265625 0.111328125 0.109375
0 0.4365234375 0.787109375 0.09765625 0.09765625
0 0.32763671875 0.78564453125 0.1103515625 0.1103515625
0 0.21826171875 0.78271484375 0.1103515625 0.1103515625
0 0.603515625 0.69189453125 0.111328125 0.1103515625
0 0.49365234375 0.68896484375 0.1103515625 0.1103515625
0 0.37744140625 0.69384765625 0.1103515625 0.1103515625
0 0.26806640625 0.68701171875 0.1103515625 0.1103515625
0 0.65869140625 0.59130859375 0.1103515625 0.1103515625
0 0.53955078125 0.59326171875 0.1103515625 0.1103515625
0 0.43603515625 0.59375 0.1103515625 0.109375
0 0.32568359375 0.591796875 0.1103515625 0.109375
0 0.21533203125 0.5888671875 0.0986328125 0.09765625
0 0.60107421875 0.5009765625 0.1103515625 0.109375
0 0.49267578125 0.498046875 0.1103515625 0.109375
0 0.37939453125 0.4990234375 0.0986328125 0.09765625
0 0.27587890625 0.50390625 0.0986328125 0.09765625
0 0.65576171875 0.4033203125 0.1103515625 0.109375
0 0.54345703125 0.40625 0.1103515625 0.109375
0 0.43994140625 0.40283203125 0.1103515625 0.1103515625
0 0.32666015625 0.40283203125 0.1103515625 0.1103515625
0 0.21728515625 0.40087890625 0.1103515625 0.1103515625
0 0.60400390625 0.306640625 0.0986328125 0.09765625
0 0.49365234375 0.3037109375 0.0986328125 0.09765625
0 0.38330078125 0.3056640625 0.0986328125 0.09765625
0 0.2705078125 0.306640625 0.09765625 0.09765625
0 0.1689453125 0.306640625 0.09765625 0.09765625
0 0.66357421875 0.2158203125 0.0986328125 0.09765625
0 0.54345703125 0.212890625 0.1103515625 0.109375
0 0.43505859375 0.208984375 0.0986328125 0.09765625
0 0.3330078125 0.20703125 0.09765625 0.09765625
0 0.60107421875 0.11328125 0.0986328125 0.09765625
0 0.49853515625 0.1083984375 0.0986328125 0.09765625
0 0.38720703125 0.1142578125 0.0986328125 0.09765625
0 0.2744140625 0.11572265625 0.0859375 0.0849609375
0 0.15283203125 0.1171875 0.1103515625 0.109375
0 0.048828125 0.1142578125 0.0859375 0.0859375
0 0.107421875 0.212890625 0.0859375 0.0859375
0 0.10693359375 0.40185546875 0.1103515625 0.1103515625
0 0.15966796875 0.4912109375 0.1103515625 0.109375
0 0.10107421875 0.5908203125 0.1103515625 0.109375
0 0.158203125 0.68115234375 0.111328125 0.1103515625
0 0.1015625 0.78369140625 0.111328125 0.1103515625
0 0.15478515625 0.8759765625 0.1103515625 0.109375