0 0.86474609375 0.95458984375 0.0732421875 0.0732421875
0 0.76904296875 0.9033203125 0.0849609375 0.0859375
0 0.7724609375 0.787109375 0.0859375 0.0859375
0 0.8671875 0.8486328125 0.0859375 0.0859375
0 0.8662109375 0.7373046875 0.09765625 0.09765625
0 0.8623046875 0.62841796875 0.09765625 0.0986328125
0 0.869140625 0.52001953125 0.09765625 0.0986328125
0 0.8701171875 0.4052734375 0.0859375 0.0859375
0 0.86669921875 0.2958984375 0.0849609375 0.0859375
0 0.77294921875 0.6884765625 0.0849609375 0.0859375
0 0.77294921875 0.576171875 0.0849609375 0.0859375
0 0.7724609375 0.46240234375 0.09765625 0.0986328125
0 0.7705078125 0.3505859375 0.0859375 0.0859375
0 0.7744140625 0.2392578125 0.0859375 0.0859375
0 0.7734375 0.1318359375 0.0859375 0.0859375
0 0.86962890625 0.1875 0.0849609375 0.0859375
0 0.8701171875 0.0703125 0.09765625 0.09765625