0 0.28173828125 0.1201171875 0.1103515625 0.109375
0 0.083984375 0.12158203125 0.037109375 0.0361328125
0 0.1728515625 0.12548828125 0.037109375 0.0361328125
0 0.279296875 0.30615234375 0.111328125 0.1103515625
0 0.115234375 0.39208984375 0.111328125 0.1103515625
0 0.2197265625 0.39208984375 0.111328125 0.1103515625
0 0.0517578125 0.49658203125 0.0859375 0.0849609375
0 0.16455078125 0.494140625 0.1103515625 0.109375
0 0.27587890625 0.4873046875 0.1103515625 0.109375
0 0.10107421875 0.58984375 0.0986328125 0.09765625
0 0.212890625 0.59375 0.0859375 0.0859375
0 0.3271484375 0.5888671875 0.0859375 0.0859375
0 0.15625 0.689453125 0.0859375 0.0859375
0 0.27099609375 0.68310546875 0.0869140625 0.0849609375
0 0.10107421875 0.7802734375 0.0986328125 0.09765625
0 0.21240234375 0.78076171875 0.0869140625 0.0849609375
0 0.15673828125 0.873046875 0.0986328125 0.09765625
0 0.26708984375 0.8720703125 0.0986328125 0.09765625
0 0.3818359375 0.8759765625 0.0859375 0.0859375
0 0.494140625 0.876953125 0.09765625 0.09765625
0 0.603515625 0.87255859375 0.111328125 0.1103515625
0 0.7138671875 0.88037109375 0.111328125 0.1103515625
0 0.81982421875 0.87451171875 0.1103515625 0.1103515625
0 0.3251953125 0.78271484375 0.0859375 0.0849609375
0 0.4345703125 0.7802734375 0.0859375 0.0859375
0 0.5458984375 0.783203125 0.0859375 0.0859375
0 0.6474609375 0.77734375 0.111328125 0.109375
0 0.7568359375 0.7802734375 0.111328125 0.109375
0 0.88037109375 0.78466796875 0.1103515625 0.1103515625
0 0.38134765625 0.68798828125 0.1103515625 0.1103515625
0 0.49462890625 0.68701171875 0.1103515625 0.1103515625
0 0.59814453125 0.6787109375 0.1103515625 0.109375
0 0.70849609375 0.6845703125 0.1103515625 0.109375
0 0.8232421875 0.685546875 0.111328125 0.109375
0 0.42919921875 0.58642578125 0.1103515625 0.1103515625
0 0.54443359375 0.58837890625 0.1103515625 0.1103515625
0 0.65283203125 0.59375 0.0986328125 0.09765625
0 0.7626953125 0.59130859375 0.0859375 0.0849609375
0 0.8759765625 0.5908203125 0.09765625 0.09765625
0 0.38818359375 0.4921875 0.1103515625 0.109375
0 0.48779296875 0.490234375 0.1103515625 0.109375
0 0.60009765625 0.5 0.0986328125 0.09765625
0 0.71240234375 0.49462890625 0.1103515625 0.1103515625
0 0.81884765625 0.50244140625 0.1103515625 0.1103515625
0 0.33154296875 0.41162109375 0.1103515625 0.1103515625
0 0.44775390625 0.4033203125 0.1103515625 0.109375
0 0.55615234375 0.40234375 0.1103515625 0.109375
0 0.65869140625 0.40234375 0.0986328125 0.09765625
0 0.77490234375 0.3974609375 0.1103515625 0.109375
0 0.39208984375 0.31103515625 0.1103515625 0.1103515625
0 0.49658203125 0.30712890625 0.1103515625 0.1103515625
0 0.60791015625 0.31005859375 0.1103515625 0.1103515625
0 0.71923828125 0.3115234375 0.1103515625 0.109375
0 0.82861328125 0.310546875 0.1103515625 0.109375
0 0.326171875 0.21875 0.111328125 0.109375
0 0.4384765625 0.21484375 0.111328125 0.109375
0 0.54833984375 0.216796875 0.0986328125 0.09765625
0 0.66064453125 0.20947265625 0.1103515625 0.1103515625
0 0.76806640625 0.21728515625 0.1103515625 0.1103515625
0 0.3916015625 0.1220703125 0.111328125 0.109375
0 0.4970703125 0.125 0.111328125 0.109375
0 0.603515625 0.123046875 0.09765625 0.09765625
0 0.71240234375 0.1240234375 0.1103515625 0.109375
0 0.83251953125 0.1240234375 0.0986328125 0.09765625
0 0.93896484375 0.11865234375 0.1103515625 0.1103515625
0 0.88623046875 0.21533203125 0.1103515625 0.1103515625
0 0.93603515625 0.30859375 0.1103515625 0.109375
0 0.88525390625 0.39990234375 0.1103515625 0.1103515625
0 0.93505859375 0.49755859375 0.1103515625 0.1103515625
0 0.9326171875 0.6884765625 0.111328125 0.109375
0 0.93798828125 0.87646484375 0.0615234375 0.0615234375