0 0.8720703125 0.39208984375 0.09765625 0.0986328125
0 0.86962890625 0.50830078125 0.1103515625 0.1103515625
0 0.771484375 0.55517578125 0.09765625 0.0986328125
0 0.78076171875 0.44677734375 0.1103515625 0.1103515625
0 0.6826171875 0.48974609375 0.109375 0.1103515625
0 0.5947265625 0.4375 0.0859375 0.0859375
0 0.583984375 0.5419921875 0.0859375 0.0859375
0 0.587890625 0.6669921875 0.0859375 0.0859375
0 0.5810546875 0.7666015625 0.0859375 0.0859375
0 0.58740234375 0.8984375 0.0849609375 0.0859375
0 0.69482421875 0.9150390625 0.0849609375 0.0859375
0 0.69091796875 0.83203125 0.0849609375 0.0859375
0 0.6806640625 0.7158203125 0.0859375 0.0859375
0 0.68212890625 0.6015625 0.0849609375 0.0859375
0 0.7763671875 0.671875 0.0859375 0.0859375
0 0.77392578125 0.7939453125 0.0849609375 0.0859375
0 0.77490234375 0.8759765625 0.0849609375 0.0859375
0 0.87060546875 0.9189453125 0.0849609375 0.0859375
0 0.87841796875 0.82421875 0.0849609375 0.0859375
0 0.87060546875 0.7294921875 0.0849609375 0.0859375
0 0.875 0.619140625 0.0859375 0.0859375
0 0.4951171875 0.38818359375 0.09765625 0.0986328125
0 0.4990234375 0.50390625 0.0859375 0.0859375
0 0.4970703125 0.61181640625 0.09765625 0.0986328125
0 0.49462890625 0.720703125 0.0849609375 0.0859375
0 0.4931640625 0.83837890625 0.09765625 0.0986328125
0 0.404296875 0.453125 0.09765625 0.09765625
0 0.4052734375 0.5556640625 0.09765625 0.09765625
0 0.40576171875 0.666015625 0.0849609375 0.0859375
0 0.4052734375 0.78369140625 0.09765625 0.0986328125
0 0.4013671875 0.896484375 0.0859375 0.0859375
0 0.31787109375 0.40380859375 0.1103515625 0.1103515625
0 0.3115234375 0.51806640625 0.09765625 0.0986328125
0 0.3076171875 0.62744140625 0.09765625 0.0986328125
0 0.3076171875 0.74072265625 0.09765625 0.0986328125
0 0.3095703125 0.853515625 0.09765625 0.09765625
0 0.21337890625 0.3671875 0.0849609375 0.0859375
0 0.21044921875 0.4736328125 0.0849609375 0.0859375
0 0.21337890625 0.5703125 0.0849609375 0.0859375
0 0.21044921875 0.6845703125 0.0849609375 0.0859375
0 0.212890625 0.798828125 0.09765625 0.09765625
0 0.21044921875 0.9228515625 0.0849609375 0.0859375
0 0.1220703125 0.853515625 0.09765625 0.09765625
0 0.1279296875 0.73779296875 0.109375 0.1103515625
0 0.126953125 0.63232421875 0.09765625 0.0986328125
0 0.12255859375 0.5244140625 0.0849609375 0.0859375
0 0.12158203125 0.412109375 0.0849609375 0.0859375
0 0.1220703125 0.29931640625 0.09765625 0.0986328125
0 0.12060546875 0.193359375 0.0849609375 0.0859375
0 0.1259765625 0.0751953125 0.0859375 0.0859375
0 0.2197265625 0.13623046875 0.09765625 0.0986328125
0 0.2177734375 0.23779296875 0.09765625 0.0986328125
0 0.318359375 0.07666015625 0.09765625 0.0986328125
0 0.3115234375 0.18896484375 0.09765625 0.0986328125
0 0.3154296875 0.29541015625 0.09765625 0.0986328125
0 0.4072265625 0.33740234375 0.09765625 0.0986328125
0 0.4140625 0.2265625 0.09765625 0.09765625
0 0.40625 0.11865234375 0.09765625 0.0986328125
0 0.4970703125 0.06396484375 0.09765625 0.0986328125
0 0.50048828125 0.1689453125 0.0849609375 0.0859375
0 0.5 0.27099609375 0.09765625 0.0986328125
0 0.59619140625 0.32177734375 0.1103515625 0.1103515625
0 0.5947265625 0.21337890625 0.109375 0.1103515625
0 0.58984375 0.10595703125 0.109375 0.1103515625
0 0.68798828125 0.046875 0.0849609375 0.0859375
0 0.6904296875 0.13671875 0.0859375 0.0859375
0 0.685546875 0.27001953125 0.09765625 0.0986328125
0 0.7861328125 0.3349609375 0.109375 0.111328125
0 0.6865234375 0.3818359375 0.0859375 0.0859375
0 0.7822265625 0.2099609375 0.0859375 0.0859375
0 0.7822265625 0.11767578125 0.09765625 0.0986328125
0 0.87890625 0.05029296875 0.09765625 0.0986328125
0 0.8701171875 0.16748046875 0.109375 0.1103515625
0 0.87109375 0.27880859375 0.109375 0.1103515625