0 0.81591796875 0.44189453125 0.0615234375 0.0615234375
0 0.8935546875 0.29052734375 0.060546875 0.0615234375
0 0.52783203125 0.3759765625 0.0732421875 0.07421875
0 0.81201171875 0.3349609375 0.0732421875 0.07421875
0 0.35302734375 0.9560546875 0.0732421875 0.07421875
0 0.35107421875 0.8701171875 0.0732421875 0.07421875
0 0.14990234375 0.88818359375 0.0732421875 0.0732421875
0 0.43115234375 0.90283203125 0.0732421875 0.0732421875
0 0.23828125 0.77490234375 0.060546875 0.0615234375
0 0.43310546875 0.80517578125 0.0732421875 0.0732421875
0 0.14697265625 0.03759765625 0.0732421875 0.0732421875
0 0.05859375 0.4189453125 0.048828125 0.048828125
0 0.0634765625 0.318359375 0.048828125 0.048828125
0 0.1533203125 0.365234375 0.037109375 0.037109375
0 0.16357421875 0.24951171875 0.0361328125 0.0361328125
0 0.33544921875 0.380859375 0.0361328125 0.037109375
0 0.4326171875 0.21337890625 0.048828125 0.0498046875
0 0.5283203125 0.171875 0.048828125 0.048828125
0 0.533203125 0.26171875 0.048828125 0.048828125
0 0.609375 0.31787109375 0.060546875 0.0615234375
0 0.71142578125 0.28271484375 0.0361328125 0.0361328125
0 0.3291015625 0.2734375 0.0859375 0.0859375
0 0.43603515625 0.32373046875 0.0615234375 0.0615234375
0 0.25439453125 0.3251953125 0.0244140625 0.025390625
0 0.06396484375 0.21435546875 0.1103515625 0.1103515625
0 0.05908203125 0.08544921875 0.1103515625 0.1103515625
0 0.146484375 0.1298828125 0.09765625 0.09765625
0 0.23828125 0.19775390625 0.09765625 0.0986328125
0 0.2373046875 0.09375 0.09765625 0.09765625
0 0.3369140625 0.16015625 0.109375 0.111328125
0 0.4287109375 0.0966796875 0.0859375 0.0859375
0 0.529296875 0.0576171875 0.09765625 0.09765625
0 0.61572265625 0.4365234375 0.0849609375 0.0859375
0 0.7138671875 0.3935546875 0.0859375 0.0859375
0 0.8974609375 0.3896484375 0.048828125 0.048828125
0 0.6162109375 0.1083984375 0.09765625 0.09765625
0 0.60693359375 0.2265625 0.0849609375 0.0859375
0 0.70751953125 0.1826171875 0.1103515625 0.111328125
0 0.8056640625 0.23046875 0.0859375 0.0859375
0 0.8037109375 0.10986328125 0.09765625 0.0986328125
0 0.90185546875 0.060546875 0.1103515625 0.111328125
0 0.8935546875 0.17529296875 0.109375 0.1103515625
0 0.06005859375 0.8310546875 0.0849609375 0.0859375
0 0.0625 0.9375 0.09765625 0.09765625
0 0.23291015625 0.93359375 0.0849609375 0.0859375
0 0.2421875 0.8544921875 0.0859375 0.0859375
0 0.36767578125 0.77099609375 0.0615234375 0.0615234375
0 0.6142578125 0.8173828125 0.0859375 0.0859375
0 0.53173828125 0.849609375 0.0849609375 0.0859375
0 0.60888671875 0.92236328125 0.1103515625 0.1103515625
0 0.7060546875 0.86767578125 0.09765625 0.0986328125
0 0.71142578125 0.759765625 0.0849609375 0.0859375
0 0.78759765625 0.80419921875 0.0849609375 0.0869140625
0 0.7978515625 0.9091796875 0.0859375 0.0859375
0 0.90234375 0.85498046875 0.109375 0.1103515625
0 0.890625 0.7509765625 0.09765625 0.09765625