0 0.06494140625 0.4736328125 0.0732421875 0.07421875
0 0.91748046875 0.9326171875 0.0849609375 0.0859375
0 0.716796875 0.9365234375 0.09765625 0.09765625
0 0.52587890625 0.93212890625 0.1103515625 0.1103515625
0 0.35302734375 0.91796875 0.1103515625 0.111328125
0 0.146484375 0.93310546875 0.09765625 0.0986328125
0 0.91845703125 0.15966796875 0.1103515625 0.1103515625
0 0.91845703125 0.27587890625 0.1103515625 0.1103515625
0 0.91064453125 0.38720703125 0.1103515625 0.1103515625
0 0.91015625 0.82470703125 0.109375 0.1103515625
0 0.81298828125 0.87255859375 0.1103515625 0.1103515625
0 0.7177734375 0.83056640625 0.109375 0.1103515625
0 0.6103515625 0.87353515625 0.109375 0.1103515625
0 0.6240234375 0.5419921875 0.09765625 0.09765625
0 0.82421875 0.10400390625 0.109375 0.1103515625
0 0.81787109375 0.21826171875 0.1103515625 0.1103515625
0 0.8203125 0.32861328125 0.09765625 0.0986328125
0 0.81787109375 0.44189453125 0.0732421875 0.0732421875
0 0.724609375 0.1455078125 0.0859375 0.0859375
0 0.7197265625 0.26220703125 0.09765625 0.0986328125
0 0.71923828125 0.38330078125 0.1103515625 0.1103515625
0 0.720703125 0.49658203125 0.109375 0.1103515625
0 0.6240234375 0.1005859375 0.0859375 0.0859375
0 0.6279296875 0.220703125 0.09765625 0.09765625
0 0.62109375 0.3193359375 0.09765625 0.09765625
0 0.62890625 0.4326171875 0.109375 0.111328125
0 0.5322265625 0.150390625 0.109375 0.111328125
0 0.533203125 0.2607421875 0.109375 0.111328125
0 0.533203125 0.35595703125 0.09765625 0.0986328125
0 0.529296875 0.48583984375 0.109375 0.1103515625
0 0.529296875 0.61328125 0.09765625 0.09765625
0 0.5263671875 0.8125 0.109375 0.111328125
0 0.4423828125 0.66650390625 0.09765625 0.0986328125
0 0.43896484375 0.5546875 0.1103515625 0.111328125
0 0.43994140625 0.43115234375 0.1103515625 0.1103515625
0 0.4365234375 0.32080078125 0.109375 0.1103515625
0 0.4404296875 0.20849609375 0.109375 0.1103515625
0 0.43017578125 0.11279296875 0.1103515625 0.1103515625
0 0.3515625 0.2685546875 0.09765625 0.09765625
0 0.3544921875 0.37353515625 0.09765625 0.0986328125
0 0.3583984375 0.46728515625 0.09765625 0.0986328125
0 0.3544921875 0.60693359375 0.109375 0.1103515625
0 0.3583984375 0.71826171875 0.109375 0.1103515625
0 0.34423828125 0.8251953125 0.1103515625 0.111328125
0 0.2431640625 0.8681640625 0.109375 0.111328125
0 0.24462890625 0.7626953125 0.1103515625 0.111328125
0 0.24462890625 0.646484375 0.0849609375 0.0859375
0 0.25 0.42431640625 0.09765625 0.0986328125
0 0.2529296875 0.32421875 0.109375 0.111328125
0 0.24658203125 0.21728515625 0.1103515625 0.1103515625
0 0.25048828125 0.0966796875 0.1103515625 0.111328125
0 0.0693359375 0.09619140625 0.09765625 0.0986328125
0 0.06787109375 0.55078125 0.0849609375 0.0859375
0 0.0673828125 0.65185546875 0.09765625 0.0986328125
0 0.7275390625 0.044921875 0.0859375 0.0859375
0 0.3544921875 0.05078125 0.09765625 0.09765625
0 0.1650390625 0.81591796875 0.09765625 0.0986328125