0 0.28759765625 0.7685546875 0.0732421875 0.07421875
0 0.27880859375 0.64892578125 0.0732421875 0.0732421875
0 0.46728515625 0.87939453125 0.0732421875 0.0732421875
0 0.35302734375 0.7216796875 0.0732421875 0.07421875
0 0.9111328125 0.9384765625 0.0859375 0.0859375
0 0.91796875 0.82763671875 0.09765625 0.0986328125
0 0.92578125 0.7158203125 0.09765625 0.09765625
0 0.9208984375 0.6064453125 0.09765625 0.09765625
0 0.92236328125 0.50244140625 0.1103515625 0.1103515625
0 0.9208984375 0.3828125 0.109375 0.111328125
0 0.92236328125 0.27880859375 0.1103515625 0.1103515625
0 0.8359375 0.21728515625 0.09765625 0.0986328125
0 0.8359375 0.32666015625 0.109375 0.1103515625
0 0.83837890625 0.44482421875 0.1103515625 0.1103515625
0 0.8330078125 0.55712890625 0.109375 0.1103515625
0 0.82763671875 0.66259765625 0.1103515625 0.1103515625
0 0.82763671875 0.7744140625 0.1103515625 0.111328125
0 0.82080078125 0.8876953125 0.0849609375 0.0859375
0 0.732421875 0.59619140625 0.09765625 0.0986328125
0 0.7333984375 0.38623046875 0.09765625 0.0986328125
0 0.7373046875 0.265625 0.09765625 0.09765625
0 0.64208984375 0.33203125 0.0849609375 0.0859375
0 0.6455078125 0.43994140625 0.109375 0.1103515625
0 0.63525390625 0.5517578125 0.1103515625 0.111328125
0 0.5458984375 0.4853515625 0.09765625 0.09765625
0 0.544921875 0.34716796875 0.09765625 0.0986328125
0 0.544921875 0.25732421875 0.109375 0.1103515625
0 0.453125 0.21728515625 0.09765625 0.0986328125
0 0.45703125 0.33447265625 0.109375 0.1103515625
0 0.45947265625 0.4462890625 0.0849609375 0.0859375
0 0.3515625 0.814453125 0.048828125 0.048828125
0 0.1796875 0.267578125 0.048828125 0.048828125
0 0.35498046875 0.28076171875 0.0849609375 0.0869140625
0 0.35498046875 0.376953125 0.0849609375 0.0859375
0 0.36767578125 0.501953125 0.1103515625 0.111328125
0 0.27490234375 0.52392578125 0.1103515625 0.1103515625
0 0.17529296875 0.478515625 0.0849609375 0.0859375
0 0.26708984375 0.326171875 0.0849609375 0.0859375
0 0.2685546875 0.4326171875 0.048828125 0.048828125
0 0.47216796875 0.6904296875 0.0849609375 0.0859375
0 0.2783203125 0.88134765625 0.109375 0.1103515625
0 0.18017578125 0.83251953125 0.1103515625 0.1103515625
0 0.177734375 0.7099609375 0.109375 0.111328125
0 0.1796875 0.92431640625 0.09765625 0.0986328125
0 0.0849609375 0.3291015625 0.048828125 0.048828125
0 0.087890625 0.435546875 0.09765625 0.09765625
0 0.07861328125 0.54736328125 0.1103515625 0.1103515625
0 0.0888671875 0.66162109375 0.109375 0.1103515625
0 0.09130859375 0.77490234375 0.1103515625 0.1103515625
0 0.0859375 0.8779296875 0.0859375 0.0859375
0 0.1728515625 0.37548828125 0.048828125 0.0498046875