0 0.89794921875 0.22998046875 0.0732421875 0.0732421875
0 0.06640625 0.0615234375 0.109375 0.111328125
0 0.060546875 0.16064453125 0.09765625 0.0986328125
0 0.0556640625 0.52197265625 0.109375 0.1103515625
0 0.0556640625 0.37744140625 0.109375 0.1103515625
0 0.0595703125 0.28759765625 0.09765625 0.0986328125
0 0.1650390625 0.56396484375 0.109375 0.1103515625
0 0.15625 0.3359375 0.09765625 0.09765625
0 0.1552734375 0.2294921875 0.09765625 0.09765625
0 0.1552734375 0.1162109375 0.09765625 0.09765625
0 0.25390625 0.60693359375 0.09765625 0.0986328125
0 0.3193359375 0.37255859375 0.048828125 0.0498046875
0 0.25439453125 0.51318359375 0.1103515625 0.1103515625
0 0.2509765625 0.1552734375 0.09765625 0.09765625
0 0.25341796875 0.06591796875 0.1103515625 0.1103515625
0 0.3466796875 0.12060546875 0.109375 0.1103515625
0 0.4345703125 0.18408203125 0.09765625 0.0986328125
0 0.53271484375 0.1064453125 0.0849609375 0.0859375
0 0.5283203125 0.572265625 0.0859375 0.0859375
0 0.5263671875 0.4755859375 0.09765625 0.09765625
0 0.6279296875 0.61767578125 0.109375 0.1103515625
0 0.53515625 0.228515625 0.09765625 0.09765625
0 0.62841796875 0.2724609375 0.0849609375 0.0859375
0 0.6337890625 0.16455078125 0.09765625 0.0986328125
0 0.6337890625 0.0634765625 0.09765625 0.09765625
0 0.71875 0.1220703125 0.109375 0.111328125
0 0.7275390625 0.22314453125 0.109375 0.1103515625
0 0.71728515625 0.34814453125 0.1103515625 0.1103515625
0 0.724609375 0.552734375 0.09765625 0.09765625
0 0.8125 0.61767578125 0.109375 0.1103515625
0 0.82080078125 0.27685546875 0.1103515625 0.1103515625
0 0.810546875 0.1640625 0.0859375 0.0859375
0 0.90966796875 0.560546875 0.1103515625 0.111328125
0 0.9033203125 0.3515625 0.0859375 0.0859375
0 0.90234375 0.10546875 0.09765625 0.09765625
0 0.8271484375 0.05419921875 0.09765625 0.0986328125
0 0.05615234375 0.71484375 0.1103515625 0.111328125
0 0.1572265625 0.671875 0.109375 0.111328125
0 0.15576171875 0.77734375 0.1103515625 0.111328125
0 0.15576171875 0.8935546875 0.0849609375 0.0859375
0 0.43359375 0.6357421875 0.0859375 0.0859375
0 0.53076171875 0.67919921875 0.1103515625 0.1103515625
0 0.5263671875 0.7841796875 0.09765625 0.09765625
0 0.5224609375 0.8779296875 0.09765625 0.09765625
0 0.3330078125 0.88818359375 0.09765625 0.0986328125
0 0.4384765625 0.82861328125 0.09765625 0.0986328125
0 0.43603515625 0.7255859375 0.0849609375 0.0859375
0 0.44091796875 0.94140625 0.0849609375 0.0859375
0 0.62744140625 0.9365234375 0.1103515625 0.111328125
0 0.62353515625 0.84130859375 0.1103515625 0.1103515625
0 0.6171875 0.716796875 0.109375 0.111328125
0 0.7138671875 0.77685546875 0.109375 0.1103515625
0 0.7138671875 0.88330078125 0.109375 0.1103515625
0 0.8125 0.93310546875 0.09765625 0.0986328125
0 0.8134765625 0.830078125 0.09765625 0.09765625
0 0.9052734375 0.8076171875 0.0859375 0.0859375
0 0.90771484375 0.9150390625 0.0849609375 0.0859375
0 0.9091796875 0.65869140625 0.09765625 0.0986328125
0 0.2353515625 0.72412109375 0.09765625 0.0986328125