0 0.0927734375 0.67626953125 0.07421875 0.0732421875
0 0.13623046875 0.77880859375 0.0732421875 0.0732421875
0 0.044921875 0.37158203125 0.0859375 0.0849609375
0 0.03271484375 0.955078125 0.0498046875 0.048828125
0 0.09912109375 0.8515625 0.0986328125 0.09765625
0 0.20654296875 0.85302734375 0.1103515625 0.1103515625
0 0.32763671875 0.853515625 0.1103515625 0.109375
0 0.43212890625 0.8525390625 0.0986328125 0.09765625
0 0.54052734375 0.8564453125 0.1103515625 0.109375
0 0.28076171875 0.765625 0.0986328125 0.09765625
0 0.37548828125 0.767578125 0.0986328125 0.09765625
0 0.49365234375 0.7548828125 0.1103515625 0.109375
0 0.22119140625 0.677734375 0.0986328125 0.09765625
0 0.3203125 0.67138671875 0.0859375 0.0849609375
0 0.43115234375 0.67431640625 0.0869140625 0.0849609375
0 0.53173828125 0.6708984375 0.0986328125 0.09765625
0 0.150390625 0.556640625 0.09765625 0.09765625
0 0.26123046875 0.564453125 0.0986328125 0.09765625
0 0.36865234375 0.560546875 0.1103515625 0.109375
0 0.48681640625 0.56005859375 0.1103515625 0.1103515625
0 0.60302734375 0.56494140625 0.1103515625 0.1103515625
0 0.099609375 0.466796875 0.09765625 0.09765625
0 0.212890625 0.46826171875 0.111328125 0.1103515625
0 0.31689453125 0.4697265625 0.1103515625 0.109375
0 0.42822265625 0.4697265625 0.0986328125 0.09765625
0 0.54248046875 0.47265625 0.1103515625 0.109375
0 0.16015625 0.37060546875 0.111328125 0.1103515625
0 0.26953125 0.375 0.09765625 0.09765625
0 0.380859375 0.375 0.09765625 0.09765625
0 0.48828125 0.37646484375 0.0859375 0.0849609375
0 0.6015625 0.3759765625 0.0859375 0.0859375
0 0.1044921875 0.279296875 0.0859375 0.0859375
0 0.216796875 0.2802734375 0.09765625 0.09765625
0 0.326171875 0.27587890625 0.111328125 0.1103515625
0 0.4365234375 0.28369140625 0.111328125 0.1103515625
0 0.54248046875 0.27783203125 0.1103515625 0.1103515625
0 0.0478515625 0.18603515625 0.0859375 0.0849609375
0 0.1572265625 0.18359375 0.0859375 0.0859375
0 0.2685546875 0.1865234375 0.0859375 0.0859375
0 0.3701171875 0.1806640625 0.111328125 0.109375
0 0.4794921875 0.18359375 0.111328125 0.109375
0 0.60302734375 0.18798828125 0.1103515625 0.1103515625
0 0.10400390625 0.09130859375 0.1103515625 0.1103515625
0 0.21728515625 0.09033203125 0.1103515625 0.1103515625
0 0.32080078125 0.08203125 0.1103515625 0.109375
0 0.43115234375 0.087890625 0.1103515625 0.109375
0 0.5458984375 0.0888671875 0.111328125 0.109375
0 0.6552734375 0.091796875 0.111328125 0.109375
0 0.76513671875 0.0888671875 0.1103515625 0.109375
0 0.87353515625 0.09716796875 0.1103515625 0.1103515625
0 0.71142578125 0.18603515625 0.1103515625 0.1103515625
0 0.81103515625 0.18994140625 0.0615234375 0.0615234375
0 0.93212890625 0.18896484375 0.1103515625 0.1103515625
0 0.66064453125 0.27978515625 0.0615234375 0.0615234375
0 0.76904296875 0.28466796875 0.0615234375 0.0615234375
0 0.87939453125 0.283203125 0.1103515625 0.109375
0 0.71044921875 0.373046875 0.1103515625 0.109375
0 0.8359375 0.37890625 0.0859375 0.0859375
0 0.93603515625 0.37890625 0.1103515625 0.109375
0 0.65283203125 0.470703125 0.1103515625 0.109375
0 0.76513671875 0.47412109375 0.1103515625 0.1103515625
0 0.87548828125 0.47021484375 0.1103515625 0.1103515625
0 0.70458984375 0.56689453125 0.1103515625 0.1103515625
0 0.82177734375 0.56494140625 0.1103515625 0.1103515625
0 0.92138671875 0.564453125 0.1103515625 0.109375
0 0.63818359375 0.6650390625 0.0986328125 0.09765625
0 0.75732421875 0.65625 0.1103515625 0.109375
0 0.87109375 0.6572265625 0.111328125 0.109375
0 0.59521484375 0.7578125 0.1103515625 0.109375
0 0.6953125 0.759765625 0.09765625 0.09765625
0 0.822265625 0.7587890625 0.09765625 0.09765625
0 0.923828125 0.75146484375 0.111328125 0.1103515625
0 0.6611328125 0.8564453125 0.111328125 0.109375
0 0.7685546875 0.86181640625 0.0859375 0.0849609375
0 0.8642578125 0.857421875 0.09765625 0.09765625