0 0.24609375 0.14111328125 0.109375 0.1103515625
0 0.912109375 0.07763671875 0.0859375 0.0869140625
0 0.42626953125 0.2412109375 0.0732421875 0.07421875
0 0.81494140625 0.03369140625 0.0244140625 0.0244140625
0 0.71923828125 0.06787109375 0.0244140625 0.0244140625
0 0.71533203125 0.17724609375 0.0244140625 0.0244140625
0 0.71826171875 0.25927734375 0.0244140625 0.0244140625
0 0.81591796875 0.12060546875 0.0244140625 0.0244140625
0 0.80908203125 0.22802734375 0.0244140625 0.0244140625
0 0.9091796875 0.2587890625 0.037109375 0.037109375
0 0.90625 0.17626953125 0.109375 0.1103515625
0 0.4326171875 0.1337890625 0.09765625 0.09765625
0 0.33154296875 0.08154296875 0.1103515625 0.1103515625
0 0.33203125 0.19091796875 0.09765625 0.0986328125
0 0.24853515625 0.24658203125 0.0732421875 0.0732421875
0 0.1455078125 0.08447265625 0.09765625 0.0986328125
0 0.1494140625 0.18896484375 0.09765625 0.0986328125
0 0.0546875 0.12841796875 0.09765625 0.0986328125
0 0.05712890625 0.24072265625 0.0732421875 0.0732421875
0 0.0634765625 0.40966796875 0.060546875 0.0615234375
0 0.0556640625 0.51611328125 0.09765625 0.0986328125
0 0.0556640625 0.62548828125 0.09765625 0.0986328125
0 0.15283203125 0.4638671875 0.0849609375 0.0859375
0 0.1484375 0.57177734375 0.09765625 0.0986328125
0 0.15185546875 0.68603515625 0.1220703125 0.1220703125
0 0.15625 0.79345703125 0.09765625 0.0986328125
0 0.15087890625 0.904296875 0.1220703125 0.123046875
0 0.2451171875 0.41064453125 0.060546875 0.0615234375
0 0.248046875 0.52001953125 0.09765625 0.0986328125
0 0.2431640625 0.63232421875 0.09765625 0.0986328125
0 0.244140625 0.74365234375 0.09765625 0.0986328125
0 0.248046875 0.84521484375 0.09765625 0.0986328125
0 0.3369140625 0.466796875 0.0859375 0.0859375
0 0.337890625 0.57080078125 0.09765625 0.0986328125
0 0.33984375 0.68408203125 0.09765625 0.0986328125
0 0.3369140625 0.79736328125 0.09765625 0.0986328125
0 0.33740234375 0.91162109375 0.1220703125 0.1220703125
0 0.43505859375 0.41796875 0.0361328125 0.037109375
0 0.435546875 0.5166015625 0.09765625 0.09765625
0 0.4345703125 0.62548828125 0.109375 0.1103515625
0 0.43212890625 0.74609375 0.1220703125 0.123046875
0 0.4375 0.85595703125 0.109375 0.1103515625
0 0.53076171875 0.4755859375 0.0849609375 0.0859375
0 0.5283203125 0.5732421875 0.09765625 0.09765625
0 0.52685546875 0.689453125 0.1103515625 0.111328125
0 0.52294921875 0.8017578125 0.1220703125 0.123046875
0 0.525390625 0.90380859375 0.109375 0.1103515625
0 0.630859375 0.42236328125 0.060546875 0.0615234375
0 0.623046875 0.5205078125 0.0859375 0.0859375
0 0.62451171875 0.6318359375 0.1103515625 0.111328125
0 0.61669921875 0.7451171875 0.1220703125 0.123046875
0 0.61669921875 0.85302734375 0.1103515625 0.1103515625
0 0.7197265625 0.470703125 0.0859375 0.0859375
0 0.7119140625 0.58056640625 0.09765625 0.0986328125
0 0.7216796875 0.69091796875 0.109375 0.1103515625
0 0.71923828125 0.802734375 0.1220703125 0.123046875
0 0.71826171875 0.91455078125 0.0615234375 0.0615234375
0 0.81689453125 0.42919921875 0.0615234375 0.0615234375
0 0.8134765625 0.52294921875 0.09765625 0.0986328125
0 0.81787109375 0.6376953125 0.1220703125 0.123046875
0 0.810546875 0.74658203125 0.109375 0.1103515625
0 0.81396484375 0.861328125 0.1220703125 0.123046875
0 0.9111328125 0.47216796875 0.09765625 0.0986328125
0 0.90673828125 0.58154296875 0.1103515625 0.1103515625
0 0.89892578125 0.685546875 0.1220703125 0.123046875
0 0.90771484375 0.80810546875 0.1103515625 0.1103515625
0 0.90869140625 0.9111328125 0.1220703125 0.123046875