0 0.59423828125 0.818359375 0.0732421875 0.07421875
0 0.5927734375 0.93798828125 0.060546875 0.0615234375
0 0.87841796875 0.87451171875 0.1103515625 0.1103515625
0 0.77734375 0.82470703125 0.09765625 0.0986328125
0 0.78271484375 0.94091796875 0.1103515625 0.1103515625
0 0.68701171875 0.876953125 0.1103515625 0.111328125
0 0.498046875 0.90673828125 0.09765625 0.0986328125
0 0.39453125 0.82177734375 0.09765625 0.0986328125
0 0.4013671875 0.93505859375 0.09765625 0.0986328125
0 0.3095703125 0.87646484375 0.09765625 0.0986328125
0 0.2099609375 0.93212890625 0.109375 0.1103515625
0 0.11962890625 0.87744140625 0.1103515625 0.1103515625
0 0.6875 0.451171875 0.0859375 0.0859375
0 0.31005859375 0.64501953125 0.0615234375 0.0615234375
0 0.40283203125 0.71484375 0.0849609375 0.0859375
0 0.5 0.673828125 0.0859375 0.0859375
0 0.5 0.763671875 0.0859375 0.0859375
0 0.595703125 0.705078125 0.0859375 0.0859375
0 0.603515625 0.6181640625 0.0859375 0.0859375
0 0.87939453125 0.11328125 0.0849609375 0.0859375
0 0.87890625 0.4423828125 0.0859375 0.0859375
0 0.87646484375 0.54638671875 0.1103515625 0.1103515625
0 0.87744140625 0.66650390625 0.1103515625 0.1103515625
0 0.87890625 0.767578125 0.09765625 0.09765625
0 0.7861328125 0.05859375 0.0859375 0.0859375
0 0.7861328125 0.16650390625 0.09765625 0.0986328125
0 0.7822265625 0.25634765625 0.09765625 0.0986328125
0 0.783203125 0.49072265625 0.09765625 0.0986328125
0 0.783203125 0.59814453125 0.09765625 0.0986328125
0 0.7763671875 0.71826171875 0.09765625 0.0986328125
0 0.68603515625 0.763671875 0.0849609375 0.0859375
0 0.69140625 0.1181640625 0.09765625 0.09765625
0 0.689453125 0.21337890625 0.09765625 0.0986328125
0 0.6904296875 0.31982421875 0.09765625 0.0986328125
0 0.68359375 0.55126953125 0.09765625 0.0986328125
0 0.6826171875 0.65673828125 0.09765625 0.0986328125
0 0.5986328125 0.369140625 0.0859375 0.0859375
0 0.6025390625 0.263671875 0.0859375 0.0859375
0 0.60009765625 0.158203125 0.0849609375 0.0859375
0 0.60009765625 0.0556640625 0.0849609375 0.0859375
0 0.50341796875 0.11181640625 0.1103515625 0.1103515625
0 0.49658203125 0.22509765625 0.1103515625 0.1103515625
0 0.4951171875 0.337890625 0.109375 0.111328125
0 0.4990234375 0.439453125 0.109375 0.111328125
0 0.4033203125 0.4951171875 0.109375 0.111328125
0 0.4111328125 0.38623046875 0.109375 0.1103515625
0 0.4111328125 0.26220703125 0.109375 0.1103515625
0 0.41162109375 0.169921875 0.1103515625 0.111328125
0 0.3056640625 0.10205078125 0.109375 0.1103515625
0 0.3134765625 0.21923828125 0.09765625 0.0986328125
0 0.3134765625 0.32861328125 0.09765625 0.0986328125
0 0.3154296875 0.43505859375 0.09765625 0.0986328125
0 0.3154296875 0.5185546875 0.09765625 0.09765625
0 0.212890625 0.47314453125 0.09765625 0.0986328125
0 0.22265625 0.18798828125 0.109375 0.1103515625
0 0.21484375 0.26953125 0.0859375 0.0859375
0 0.22265625 0.37158203125 0.109375 0.1103515625
0 0.1337890625 0.103515625 0.0859375 0.0859375
0 0.123046875 0.1982421875 0.109375 0.111328125
0 0.12060546875 0.29736328125 0.1103515625 0.1103515625
0 0.13330078125 0.41162109375 0.1103515625 0.1103515625
0 0.30859375 0.76318359375 0.109375 0.1103515625
0 0.21435546875 0.82568359375 0.1103515625 0.1103515625
0 0.12255859375 0.77587890625 0.1103515625 0.1103515625
0 0.2197265625 0.6982421875 0.0859375 0.0859375
0 0.1279296875 0.66162109375 0.109375 0.1103515625
0 0.12109375 0.58740234375 0.09765625 0.0986328125