0 0.75341796875 0.07763671875 0.0732421875 0.0732421875
0 0.1396484375 0.43310546875 0.0859375 0.0849609375
0 0.07470703125 0.32958984375 0.1103515625 0.1103515625
0 0.13623046875 0.2431640625 0.0986328125 0.09765625
0 0.087890625 0.14453125 0.09765625 0.09765625
0 0.0625 0.896484375 0.09765625 0.09765625
0 0.1767578125 0.9072265625 0.09765625 0.09765625
0 0.12109375 0.8076171875 0.111328125 0.109375
0 0.1865234375 0.71484375 0.0859375 0.0859375
0 0.06787109375 0.70556640625 0.1103515625 0.1103515625
0 0.1318359375 0.619140625 0.09765625 0.09765625
0 0.1708984375 0.5263671875 0.111328125 0.109375
0 0.06787109375 0.5224609375 0.0986328125 0.09765625
0 0.36376953125 0.9140625 0.1103515625 0.109375
0 0.4716796875 0.90283203125 0.111328125 0.1103515625
0 0.5849609375 0.9091796875 0.111328125 0.109375
0 0.68408203125 0.9150390625 0.0986328125 0.09765625
0 0.90087890625 0.919921875 0.1103515625 0.109375
0 0.81103515625 0.916015625 0.0986328125 0.09765625
0 0.859375 0.8193359375 0.09765625 0.09765625
0 0.7529296875 0.8203125 0.09765625 0.09765625
0 0.6396484375 0.8203125 0.09765625 0.09765625
0 0.5263671875 0.81640625 0.09765625 0.09765625
0 0.89599609375 0.65625 0.0498046875 0.048828125
0 0.6787109375 0.724609375 0.09765625 0.09765625
0 0.58935546875 0.72216796875 0.1103515625 0.1103515625
0 0.46826171875 0.7216796875 0.0986328125 0.09765625
0 0.373046875 0.72314453125 0.111328125 0.1103515625
0 0.419921875 0.80810546875 0.111328125 0.1103515625
0 0.42529296875 0.625 0.0986328125 0.09765625
0 0.544921875 0.62890625 0.0859375 0.0859375
0 0.64404296875 0.62890625 0.1103515625 0.109375
0 0.70751953125 0.541015625 0.0986328125 0.09765625
0 0.56298828125 0.5537109375 0.1103515625 0.109375
0 0.46728515625 0.541015625 0.1103515625 0.109375
0 0.3642578125 0.5263671875 0.09765625 0.09765625
0 0.41357421875 0.4453125 0.1103515625 0.109375
0 0.53173828125 0.44140625 0.1103515625 0.109375
0 0.6298828125 0.44287109375 0.0859375 0.0849609375
0 0.751953125 0.4404296875 0.09765625 0.09765625
0 0.7958984375 0.34716796875 0.0859375 0.0849609375
0 0.68798828125 0.341796875 0.0986328125 0.09765625
0 0.5869140625 0.341796875 0.09765625 0.09765625
0 0.47119140625 0.341796875 0.1103515625 0.109375
0 0.37353515625 0.34326171875 0.1103515625 0.1103515625
0 0.41552734375 0.2451171875 0.1103515625 0.109375
0 0.52978515625 0.24609375 0.0986328125 0.09765625
0 0.6455078125 0.2568359375 0.111328125 0.109375
0 0.74658203125 0.248046875 0.1103515625 0.109375
0 0.87158203125 0.25830078125 0.1103515625 0.1103515625
0 0.80029296875 0.15478515625 0.1103515625 0.1103515625
0 0.6875 0.1650390625 0.0859375 0.0859375
0 0.875 0.072265625 0.0859375 0.0859375
0 0.62890625 0.0732421875 0.09765625 0.09765625
0 0.43359375 0.1572265625 0.111328125 0.109375
0 0.57763671875 0.1484375 0.0986328125 0.09765625