0 0.36376953125 0.32421875 0.0732421875 0.07421875
0 0.93505859375 0.5537109375 0.0732421875 0.07421875
0 0.9228515625 0.8740234375 0.09765625 0.09765625
0 0.9189453125 0.78173828125 0.109375 0.1103515625
0 0.8330078125 0.8310546875 0.09765625 0.09765625
0 0.7275390625 0.703125 0.0859375 0.0859375
0 0.72998046875 0.8935546875 0.0849609375 0.0859375
0 0.638671875 0.61767578125 0.109375 0.1103515625
0 0.63720703125 0.7255859375 0.0849609375 0.0859375
0 0.5439453125 0.6708984375 0.0859375 0.0859375
0 0.5439453125 0.77880859375 0.09765625 0.0986328125
0 0.5400390625 0.86865234375 0.09765625 0.0986328125
0 0.4541015625 0.6044921875 0.09765625 0.09765625
0 0.44921875 0.73046875 0.09765625 0.09765625
0 0.447265625 0.82568359375 0.09765625 0.0986328125
0 0.4482421875 0.93212890625 0.09765625 0.0986328125
0 0.3603515625 0.8759765625 0.0859375 0.0859375
0 0.35791015625 0.7705078125 0.0849609375 0.0859375
0 0.35791015625 0.66796875 0.0849609375 0.0859375
0 0.26513671875 0.60791015625 0.1103515625 0.1103515625
0 0.26123046875 0.72412109375 0.1103515625 0.1103515625
0 0.25439453125 0.83740234375 0.1103515625 0.1103515625
0 0.1689453125 0.87451171875 0.109375 0.1103515625
0 0.16943359375 0.7822265625 0.1103515625 0.111328125
0 0.17578125 0.65478515625 0.109375 0.1103515625
0 0.06591796875 0.61181640625 0.1103515625 0.1103515625
0 0.0634765625 0.71435546875 0.109375 0.1103515625
0 0.0712890625 0.83154296875 0.09765625 0.0986328125
0 0.0712890625 0.94091796875 0.09765625 0.0986328125
0 0.9365234375 0.1103515625 0.109375 0.111328125
0 0.9326171875 0.236328125 0.09765625 0.09765625
0 0.9296875 0.337890625 0.09765625 0.09765625
0 0.9296875 0.44580078125 0.09765625 0.0986328125
0 0.8369140625 0.060546875 0.09765625 0.09765625
0 0.8369140625 0.17138671875 0.109375 0.1103515625
0 0.8408203125 0.275390625 0.0859375 0.0859375
0 0.83251953125 0.3896484375 0.0849609375 0.0859375
0 0.837890625 0.5068359375 0.0859375 0.0859375
0 0.837890625 0.60986328125 0.09765625 0.0986328125
0 0.7451171875 0.11669921875 0.109375 0.1103515625
0 0.744140625 0.224609375 0.09765625 0.09765625
0 0.734375 0.33642578125 0.09765625 0.0986328125
0 0.73583984375 0.443359375 0.0849609375 0.0859375
0 0.73193359375 0.556640625 0.0849609375 0.0859375
0 0.640625 0.06689453125 0.109375 0.1103515625
0 0.63916015625 0.16845703125 0.1103515625 0.1103515625
0 0.64306640625 0.28271484375 0.1103515625 0.1103515625
0 0.63623046875 0.39599609375 0.1103515625 0.1103515625
0 0.642578125 0.50634765625 0.109375 0.1103515625
0 0.5546875 0.55859375 0.109375 0.111328125
0 0.5458984375 0.43994140625 0.109375 0.1103515625
0 0.5419921875 0.33349609375 0.109375 0.1103515625
0 0.55078125 0.23486328125 0.09765625 0.0986328125
0 0.55126953125 0.11669921875 0.1103515625 0.1103515625
0 0.45068359375 0.0654296875 0.1103515625 0.111328125
0 0.4580078125 0.17626953125 0.109375 0.1103515625
0 0.45703125 0.27587890625 0.109375 0.1103515625
0 0.4580078125 0.39208984375 0.109375 0.1103515625
0 0.447265625 0.51025390625 0.109375 0.1103515625
0 0.36083984375 0.55859375 0.0849609375 0.0859375
0 0.36083984375 0.4375 0.0849609375 0.0859375
0 0.37158203125 0.2099609375 0.0849609375 0.0859375
0 0.3662109375 0.11474609375 0.09765625 0.0986328125
0 0.2685546875 0.06005859375 0.109375 0.1103515625
0 0.27197265625 0.17431640625 0.1103515625 0.1103515625
0 0.2666015625 0.27734375 0.109375 0.111328125
0 0.2578125 0.38427734375 0.109375 0.1103515625
0 0.2626953125 0.49169921875 0.109375 0.1103515625
0 0.1669921875 0.54541015625 0.109375 0.1103515625
0 0.166015625 0.45654296875 0.109375 0.1103515625
0 0.16845703125 0.35107421875 0.1103515625 0.1103515625
0 0.17529296875 0.21875 0.1103515625 0.111328125
0 0.17529296875 0.11083984375 0.1103515625 0.1103515625
0 0.0732421875 0.06103515625 0.09765625 0.0986328125
0 0.0810546875 0.16259765625 0.09765625 0.0986328125
0 0.07666015625 0.27880859375 0.1103515625 0.1103515625
0 0.0771484375 0.39404296875 0.09765625 0.0986328125
0 0.0751953125 0.50244140625 0.109375 0.1103515625