0 0.05322265625 0.67919921875 0.0615234375 0.0615234375
0 0.43017578125 0.46875 0.0732421875 0.07421875
0 0.32763671875 0.51220703125 0.0732421875 0.0732421875
0 0.9228515625 0.09033203125 0.09765625 0.0986328125
0 0.9228515625 0.19970703125 0.09765625 0.0986328125
0 0.92236328125 0.31103515625 0.0849609375 0.0869140625
0 0.83056640625 0.13671875 0.0849609375 0.0859375
0 0.830078125 0.25537109375 0.09765625 0.0986328125
0 0.8310546875 0.36572265625 0.09765625 0.0986328125
0 0.734375 0.07958984375 0.0859375 0.0869140625
0 0.7333984375 0.20654296875 0.09765625 0.0986328125
0 0.7373046875 0.31103515625 0.109375 0.1103515625
0 0.64111328125 0.14013671875 0.1103515625 0.1103515625
0 0.638671875 0.25634765625 0.09765625 0.0986328125
0 0.63720703125 0.3671875 0.0849609375 0.0859375
0 0.54931640625 0.08642578125 0.1103515625 0.1103515625
0 0.54833984375 0.19677734375 0.1103515625 0.1103515625
0 0.544921875 0.3017578125 0.09765625 0.09765625
0 0.544921875 0.4208984375 0.09765625 0.09765625
0 0.73486328125 0.4208984375 0.0849609375 0.0859375
0 0.4189453125 0.1259765625 0.09765625 0.09765625
0 0.4189453125 0.2578125 0.09765625 0.09765625
0 0.4228515625 0.369140625 0.09765625 0.09765625
0 0.32568359375 0.0595703125 0.0849609375 0.0859375
0 0.3212890625 0.171875 0.0859375 0.0859375
0 0.3212890625 0.28515625 0.09765625 0.09765625
0 0.3232421875 0.39306640625 0.09765625 0.0986328125
0 0.2529296875 0.1337890625 0.109375 0.111328125
0 0.25244140625 0.22998046875 0.1103515625 0.1103515625
0 0.2548828125 0.35498046875 0.09765625 0.0986328125
0 0.1357421875 0.0654296875 0.048828125 0.048828125
0 0.1396484375 0.1884765625 0.048828125 0.048828125
0 0.142578125 0.31884765625 0.048828125 0.0498046875
0 0.1513671875 0.40869140625 0.048828125 0.0498046875
0 0.056640625 0.48291015625 0.060546875 0.0615234375
0 0.0546875 0.59619140625 0.09765625 0.0986328125
0 0.06494140625 0.8193359375 0.1103515625 0.111328125
0 0.06103515625 0.9248046875 0.1103515625 0.111328125
0 0.1474609375 0.5390625 0.0859375 0.0859375
0 0.1494140625 0.64306640625 0.109375 0.1103515625
0 0.150390625 0.75537109375 0.109375 0.1103515625
0 0.15234375 0.8671875 0.09765625 0.09765625
0 0.2548828125 0.47509765625 0.09765625 0.0986328125
0 0.25341796875 0.58251953125 0.1103515625 0.1103515625
0 0.2529296875 0.70361328125 0.109375 0.1103515625
0 0.25390625 0.80810546875 0.09765625 0.0986328125
0 0.25 0.91650390625 0.109375 0.1103515625
0 0.3408203125 0.65673828125 0.09765625 0.0986328125
0 0.3388671875 0.75146484375 0.09765625 0.0986328125
0 0.3515625 0.86962890625 0.109375 0.1103515625
0 0.4287109375 0.59716796875 0.09765625 0.0986328125
0 0.43505859375 0.6962890625 0.0849609375 0.0859375
0 0.43212890625 0.80712890625 0.0849609375 0.0869140625
0 0.435546875 0.90771484375 0.09765625 0.0986328125
0 0.5498046875 0.5263671875 0.09765625 0.09765625
0 0.5419921875 0.63720703125 0.09765625 0.0986328125
0 0.5458984375 0.74462890625 0.109375 0.1103515625
0 0.54638671875 0.86279296875 0.1103515625 0.1103515625
0 0.6396484375 0.4755859375 0.09765625 0.09765625
0 0.63818359375 0.5888671875 0.1103515625 0.111328125
0 0.63671875 0.69287109375 0.109375 0.1103515625
0 0.63671875 0.80419921875 0.09765625 0.0986328125
0 0.6337890625 0.91845703125 0.109375 0.1103515625
0 0.73583984375 0.5361328125 0.1103515625 0.111328125
0 0.7314453125 0.6455078125 0.09765625 0.09765625
0 0.7314453125 0.7568359375 0.09765625 0.09765625
0 0.72998046875 0.8642578125 0.0849609375 0.0859375
0 0.8271484375 0.48046875 0.0859375 0.0859375
0 0.826171875 0.5927734375 0.09765625 0.09765625
0 0.83056640625 0.7021484375 0.1103515625 0.111328125
0 0.82275390625 0.8125 0.1103515625 0.111328125
0 0.82861328125 0.91845703125 0.1103515625 0.1103515625
0 0.92041015625 0.423828125 0.0849609375 0.0859375
0 0.9228515625 0.533203125 0.0859375 0.0859375
0 0.919921875 0.64453125 0.0859375 0.0859375
0 0.92578125 0.74609375 0.109375 0.111328125
0 0.9228515625 0.85546875 0.109375 0.111328125