0 0.11376953125 0.708984375 0.0732421875 0.07421875
0 0.12109375 0.0517578125 0.0859375 0.0859375
0 0.1171875 0.1572265625 0.0859375 0.0859375
0 0.11962890625 0.2626953125 0.0849609375 0.0859375
0 0.11962890625 0.365234375 0.0849609375 0.0859375
0 0.21240234375 0.42529296875 0.1103515625 0.1103515625
0 0.21630859375 0.30908203125 0.1103515625 0.1103515625
0 0.22314453125 0.19580078125 0.1103515625 0.1103515625
0 0.224609375 0.0830078125 0.109375 0.111328125
0 0.30859375 0.15869140625 0.109375 0.1103515625
0 0.30810546875 0.2509765625 0.1103515625 0.111328125
0 0.3017578125 0.37841796875 0.109375 0.1103515625
0 0.41162109375 0.42138671875 0.1103515625 0.1103515625
0 0.4140625 0.31884765625 0.109375 0.1103515625
0 0.40625 0.20166015625 0.09765625 0.0986328125
0 0.40625 0.09228515625 0.09765625 0.0986328125
0 0.494140625 0.36962890625 0.109375 0.1103515625
0 0.4970703125 0.23291015625 0.109375 0.1103515625
0 0.5048828125 0.1513671875 0.0859375 0.0859375
0 0.5859375 0.3173828125 0.0859375 0.0859375
0 0.5966796875 0.22265625 0.109375 0.111328125
0 0.59912109375 0.12353515625 0.1103515625 0.1103515625
0 0.68994140625 0.06103515625 0.1103515625 0.1103515625
0 0.689453125 0.14599609375 0.09765625 0.0986328125
0 0.685546875 0.25634765625 0.09765625 0.0986328125
0 0.681640625 0.36669921875 0.109375 0.1103515625
0 0.7822265625 0.41796875 0.109375 0.111328125
0 0.78271484375 0.31396484375 0.1103515625 0.1103515625
0 0.78271484375 0.19775390625 0.1103515625 0.1103515625
0 0.79052734375 0.08642578125 0.1103515625 0.1103515625
0 0.876953125 0.36962890625 0.109375 0.1103515625
0 0.88330078125 0.25537109375 0.1103515625 0.1103515625
0 0.880859375 0.14501953125 0.09765625 0.0986328125
0 0.11669921875 0.474609375 0.0849609375 0.0859375
0 0.11669921875 0.595703125 0.0849609375 0.0859375
0 0.10595703125 0.8232421875 0.0849609375 0.0859375
0 0.111328125 0.91845703125 0.09765625 0.0986328125
0 0.20556640625 0.85888671875 0.1103515625 0.1103515625
0 0.2109375 0.755859375 0.109375 0.111328125
0 0.2197265625 0.64892578125 0.109375 0.1103515625
0 0.21484375 0.54150390625 0.109375 0.1103515625
0 0.310546875 0.48779296875 0.109375 0.1103515625
0 0.3115234375 0.57666015625 0.109375 0.1103515625
0 0.30908203125 0.68212890625 0.1103515625 0.1103515625
0 0.30224609375 0.814453125 0.1103515625 0.111328125
0 0.30224609375 0.92236328125 0.1103515625 0.1103515625
0 0.396484375 0.87060546875 0.09765625 0.0986328125
0 0.40087890625 0.75439453125 0.1103515625 0.1103515625
0 0.400390625 0.63916015625 0.09765625 0.0986328125
0 0.40234375 0.53076171875 0.109375 0.1103515625
0 0.4951171875 0.484375 0.109375 0.111328125
0 0.501953125 0.59619140625 0.09765625 0.0986328125
0 0.49267578125 0.69384765625 0.1103515625 0.1103515625
0 0.4912109375 0.80810546875 0.09765625 0.0986328125
0 0.49462890625 0.93017578125 0.1103515625 0.1103515625
0 0.58642578125 0.8681640625 0.0849609375 0.0859375
0 0.58544921875 0.751953125 0.0849609375 0.0859375
0 0.5830078125 0.64453125 0.0859375 0.0859375
0 0.578125 0.52734375 0.0859375 0.0859375
0 0.58349609375 0.4248046875 0.0849609375 0.0859375
0 0.6865234375 0.46337890625 0.109375 0.1103515625
0 0.6875 0.58837890625 0.09765625 0.0986328125
0 0.6875 0.6982421875 0.0859375 0.0859375
0 0.6865234375 0.8056640625 0.09765625 0.09765625
0 0.6796875 0.9306640625 0.109375 0.111328125
0 0.7783203125 0.85693359375 0.09765625 0.0986328125
0 0.775390625 0.75 0.09765625 0.09765625
0 0.775390625 0.62890625 0.09765625 0.09765625
0 0.7734375 0.52099609375 0.09765625 0.0986328125
0 0.87109375 0.91943359375 0.09765625 0.0986328125
0 0.875 0.8115234375 0.0859375 0.0859375
0 0.8681640625 0.69140625 0.09765625 0.09765625
0 0.87109375 0.5732421875 0.109375 0.111328125
0 0.875 0.4755859375 0.09765625 0.09765625