0 0.7724609375 0.94384765625 0.109375 0.1103515625
0 0.5859375 0.93994140625 0.09765625 0.0986328125
0 0.400390625 0.94140625 0.09765625 0.09765625
0 0.109375 0.892578125 0.09765625 0.09765625
0 0.1103515625 0.77734375 0.0859375 0.0859375
0 0.10986328125 0.67236328125 0.0615234375 0.0615234375
0 0.109375 0.55810546875 0.09765625 0.0986328125
0 0.11083984375 0.45166015625 0.1103515625 0.1103515625
0 0.2060546875 0.833984375 0.09765625 0.09765625
0 0.20654296875 0.7265625 0.0849609375 0.0859375
0 0.20556640625 0.60693359375 0.1103515625 0.1103515625
0 0.205078125 0.50146484375 0.109375 0.1103515625
0 0.30419921875 0.91015625 0.1103515625 0.111328125
0 0.2939453125 0.78955078125 0.09765625 0.0986328125
0 0.3037109375 0.66943359375 0.060546875 0.0615234375
0 0.3017578125 0.57080078125 0.109375 0.1103515625
0 0.3037109375 0.45166015625 0.109375 0.1103515625
0 0.3935546875 0.83935546875 0.09765625 0.0986328125
0 0.3896484375 0.72314453125 0.09765625 0.0986328125
0 0.3974609375 0.61767578125 0.09765625 0.0986328125
0 0.3974609375 0.50927734375 0.09765625 0.0986328125
0 0.4912109375 0.89306640625 0.09765625 0.0986328125
0 0.490234375 0.78369140625 0.09765625 0.0986328125
0 0.48974609375 0.66748046875 0.0732421875 0.0732421875
0 0.48828125 0.56298828125 0.09765625 0.0986328125
0 0.490234375 0.44970703125 0.09765625 0.0986328125
0 0.58056640625 0.83349609375 0.1103515625 0.1103515625
0 0.587890625 0.73583984375 0.09765625 0.0986328125
0 0.5908203125 0.60595703125 0.09765625 0.0986328125
0 0.5849609375 0.50048828125 0.109375 0.1103515625
0 0.67724609375 0.88623046875 0.1103515625 0.1103515625
0 0.67578125 0.77783203125 0.109375 0.1103515625
0 0.67578125 0.66064453125 0.09765625 0.0986328125
0 0.67578125 0.56005859375 0.09765625 0.0986328125
0 0.681640625 0.4462890625 0.109375 0.111328125
0 0.7705078125 0.83642578125 0.109375 0.1103515625
0 0.7744140625 0.72705078125 0.109375 0.1103515625
0 0.7724609375 0.61767578125 0.109375 0.1103515625
0 0.77392578125 0.505859375 0.1103515625 0.111328125
0 0.86181640625 0.88720703125 0.1103515625 0.1103515625
0 0.87060546875 0.79052734375 0.1103515625 0.1103515625
0 0.8671875 0.6787109375 0.09765625 0.09765625
0 0.86572265625 0.568359375 0.1103515625 0.111328125
0 0.86572265625 0.44970703125 0.1103515625 0.1103515625
0 0.86474609375 0.33935546875 0.1103515625 0.1103515625
0 0.86328125 0.22998046875 0.109375 0.1103515625
0 0.865234375 0.12646484375 0.109375 0.1103515625
0 0.76708984375 0.3984375 0.1103515625 0.111328125
0 0.77197265625 0.28173828125 0.1103515625 0.1103515625
0 0.77001953125 0.17822265625 0.1103515625 0.1103515625
0 0.77587890625 0.06591796875 0.1103515625 0.1103515625
0 0.673828125 0.3408203125 0.109375 0.111328125
0 0.6767578125 0.22900390625 0.109375 0.1103515625
0 0.6787109375 0.12060546875 0.09765625 0.0986328125
0 0.58251953125 0.39990234375 0.1103515625 0.1103515625
0 0.583984375 0.2783203125 0.0859375 0.0859375
0 0.583984375 0.171875 0.09765625 0.09765625
0 0.5791015625 0.06103515625 0.09765625 0.0986328125
0 0.48779296875 0.34130859375 0.1103515625 0.1103515625
0 0.48876953125 0.236328125 0.1103515625 0.111328125
0 0.48828125 0.1142578125 0.109375 0.111328125
0 0.3935546875 0.39892578125 0.109375 0.1103515625
0 0.39599609375 0.28173828125 0.1103515625 0.1103515625
0 0.39404296875 0.17529296875 0.1103515625 0.1103515625
0 0.39306640625 0.064453125 0.1103515625 0.111328125
0 0.3056640625 0.34716796875 0.109375 0.1103515625
0 0.306640625 0.23388671875 0.109375 0.1103515625
0 0.298828125 0.12255859375 0.109375 0.1103515625
0 0.2060546875 0.39697265625 0.09765625 0.0986328125
0 0.2060546875 0.28564453125 0.109375 0.1103515625
0 0.203125 0.17919921875 0.09765625 0.0986328125
0 0.2021484375 0.06689453125 0.109375 0.1103515625
0 0.10693359375 0.35009765625 0.1103515625 0.1103515625
0 0.11181640625 0.23583984375 0.1103515625 0.1103515625
0 0.10791015625 0.11669921875 0.1103515625 0.1103515625