0 0.392578125 0.29736328125 0.09765625 0.0986328125
0 0.486328125 0.35400390625 0.109375 0.1103515625
0 0.10205078125 0.12890625 0.1103515625 0.111328125
0 0.1064453125 0.2392578125 0.109375 0.111328125
0 0.103515625 0.3515625 0.109375 0.111328125
0 0.10546875 0.46630859375 0.109375 0.1103515625
0 0.20361328125 0.298828125 0.1103515625 0.111328125
0 0.20556640625 0.3818359375 0.0732421875 0.07421875
0 0.1953125 0.521484375 0.09765625 0.09765625
0 0.294921875 0.13330078125 0.109375 0.1103515625
0 0.294921875 0.3486328125 0.09765625 0.09765625
0 0.2919921875 0.4580078125 0.09765625 0.09765625
0 0.38427734375 0.08349609375 0.1103515625 0.1103515625
0 0.388671875 0.18505859375 0.109375 0.1103515625
0 0.3935546875 0.41064453125 0.109375 0.1103515625
0 0.39111328125 0.5146484375 0.1103515625 0.111328125
0 0.51416015625 0.0625 0.0849609375 0.0859375
0 0.48388671875 0.14404296875 0.1103515625 0.1103515625
0 0.484375 0.45947265625 0.09765625 0.0986328125
0 0.486328125 0.5703125 0.09765625 0.09765625
0 0.4853515625 0.685546875 0.0859375 0.0859375
0 0.48583984375 0.79052734375 0.0615234375 0.0615234375
0 0.486328125 0.90478515625 0.09765625 0.0986328125
0 0.578125 0.84375 0.0859375 0.0859375
0 0.3896484375 0.62890625 0.09765625 0.09765625
0 0.38916015625 0.736328125 0.0849609375 0.0859375
0 0.39013671875 0.85595703125 0.1103515625 0.1103515625
0 0.29150390625 0.552734375 0.1103515625 0.111328125
0 0.3017578125 0.67333984375 0.09765625 0.0986328125
0 0.2919921875 0.79345703125 0.060546875 0.0615234375
0 0.2939453125 0.89208984375 0.109375 0.1103515625
0 0.2021484375 0.62353515625 0.09765625 0.0986328125
0 0.2060546875 0.73974609375 0.09765625 0.0986328125
0 0.1982421875 0.84521484375 0.09765625 0.0986328125
0 0.1044921875 0.56982421875 0.09765625 0.0986328125
0 0.10546875 0.67919921875 0.09765625 0.0986328125
0 0.10595703125 0.79541015625 0.0732421875 0.0732421875
0 0.107421875 0.89990234375 0.09765625 0.0986328125
0 0.6748046875 0.9033203125 0.09765625 0.09765625
0 0.77392578125 0.8466796875 0.0849609375 0.0859375
0 0.8740234375 0.90380859375 0.09765625 0.0986328125