0 0.15087890625 0.76220703125 0.0615234375 0.0615234375
0 0.0732421875 0.91357421875 0.060546875 0.0615234375
0 0.43896484375 0.828125 0.0732421875 0.07421875
0 0.15478515625 0.869140625 0.0732421875 0.07421875
0 0.61376953125 0.248046875 0.0732421875 0.07421875
0 0.61572265625 0.333984375 0.0732421875 0.07421875
0 0.81689453125 0.31591796875 0.0732421875 0.0732421875
0 0.81005859375 0.099609375 0.0732421875 0.07421875
0 0.53564453125 0.30126953125 0.0732421875 0.0732421875
0 0.728515625 0.42919921875 0.060546875 0.0615234375
0 0.53369140625 0.39892578125 0.0732421875 0.0732421875
0 0.908203125 0.78515625 0.048828125 0.048828125
0 0.9033203125 0.8857421875 0.048828125 0.048828125
0 0.8134765625 0.8388671875 0.037109375 0.037109375
0 0.80322265625 0.95458984375 0.0361328125 0.0361328125
0 0.63134765625 0.8232421875 0.0361328125 0.037109375
0 0.43359375 0.9423828125 0.048828125 0.048828125
0 0.357421875 0.88623046875 0.060546875 0.0615234375
0 0.25537109375 0.92138671875 0.0361328125 0.0361328125
0 0.6376953125 0.9306640625 0.0859375 0.0859375
0 0.53076171875 0.88037109375 0.0615234375 0.0615234375
0 0.71240234375 0.87890625 0.0244140625 0.025390625
0 0.35107421875 0.767578125 0.0849609375 0.0859375
0 0.2529296875 0.810546875 0.0859375 0.0859375
0 0.0693359375 0.814453125 0.048828125 0.048828125
0 0.90673828125 0.373046875 0.0849609375 0.0859375
0 0.8955078125 0.0732421875 0.0859375 0.0859375
0 0.89794921875 0.15869140625 0.0849609375 0.0869140625
0 0.904296875 0.2666015625 0.09765625 0.09765625
0 0.7314453125 0.08154296875 0.060546875 0.0615234375
0 0.73095703125 0.1845703125 0.0732421875 0.07421875
0 0.73388671875 0.2705078125 0.0849609375 0.0859375
0 0.724609375 0.349609375 0.0859375 0.0859375
0 0.59912109375 0.43310546875 0.0615234375 0.0615234375
0 0.3525390625 0.38671875 0.0859375 0.0859375
0 0.6201171875 0.13916015625 0.09765625 0.0986328125
0 0.5361328125 0.18701171875 0.09765625 0.0986328125
0 0.55078125 0.072265625 0.0859375 0.0859375
0 0.45751953125 0.1396484375 0.0849609375 0.0859375
0 0.4482421875 0.23388671875 0.09765625 0.0986328125
0 0.43505859375 0.3544921875 0.0849609375 0.0859375
0 0.35791015625 0.28173828125 0.1103515625 0.1103515625
0 0.35009765625 0.18798828125 0.1103515625 0.1103515625
0 0.35302734375 0.060546875 0.1103515625 0.111328125
0 0.2646484375 0.130859375 0.0859375 0.0859375
0 0.259765625 0.2294921875 0.109375 0.111328125
0 0.2607421875 0.33642578125 0.09765625 0.0986328125
0 0.25537109375 0.4443359375 0.0849609375 0.0859375
0 0.17919921875 0.39990234375 0.0849609375 0.0869140625
0 0.1689453125 0.294921875 0.0859375 0.0859375
0 0.16943359375 0.17578125 0.0849609375 0.0859375
0 0.17822265625 0.06640625 0.0849609375 0.0859375
0 0.07470703125 0.1162109375 0.0849609375 0.0859375
0 0.0673828125 0.23193359375 0.09765625 0.0986328125
0 0.064453125 0.34912109375 0.109375 0.1103515625
0 0.076171875 0.453125 0.09765625 0.09765625
0 0.814453125 0.20361328125 0.09765625 0.0986328125