0 0.90185546875 0.08642578125 0.1103515625 0.1103515625
0 0.7822265625 0.087890625 0.111328125 0.109375
0 0.67822265625 0.08642578125 0.1103515625 0.1103515625
0 0.61669921875 0.1728515625 0.0986328125 0.09765625
0 0.72607421875 0.1728515625 0.1103515625 0.109375
0 0.84423828125 0.17041015625 0.1103515625 0.1103515625
0 0.78564453125 0.275390625 0.0986328125 0.09765625
0 0.6650390625 0.271484375 0.09765625 0.09765625
0 0.7314453125 0.36669921875 0.0859375 0.0849609375
0 0.83935546875 0.36328125 0.1103515625 0.109375
0 0.884765625 0.462890625 0.09765625 0.09765625
0 0.74658203125 0.4638671875 0.0986328125 0.09765625
0 0.65673828125 0.4638671875 0.1103515625 0.109375
0 0.61669921875 0.5556640625 0.0986328125 0.09765625
0 0.73388671875 0.5517578125 0.1103515625 0.109375
0 0.845703125 0.54931640625 0.0859375 0.0849609375
0 0.6669921875 0.8291015625 0.048828125 0.048828125
0 0.68017578125 0.65380859375 0.0869140625 0.0849609375
0 0.7763671875 0.65380859375 0.0859375 0.0849609375
0 0.9013671875 0.64111328125 0.111328125 0.1103515625
0 0.92333984375 0.73388671875 0.1103515625 0.1103515625
0 0.8779296875 0.83349609375 0.0859375 0.0849609375
0 0.7255859375 0.74169921875 0.0859375 0.0849609375
0 0.83203125 0.740234375 0.048828125 0.048828125
0 0.728515625 0.923828125 0.048828125 0.048828125
0 0.8349609375 0.9208984375 0.09765625 0.09765625
0 0.77490234375 0.8359375 0.0498046875 0.048828125
0 0.04345703125 0.45654296875 0.0615234375 0.0615234375
0 0.06494140625 0.07421875 0.0986328125 0.09765625
0 0.166015625 0.07421875 0.09765625 0.09765625
0 0.28173828125 0.07421875 0.1103515625 0.109375
0 0.37939453125 0.07275390625 0.1103515625 0.1103515625
0 0.33740234375 0.1708984375 0.1103515625 0.109375
0 0.22314453125 0.169921875 0.0986328125 0.09765625
0 0.107421875 0.1591796875 0.111328125 0.109375
0 0.0654296875 0.2509765625 0.0859375 0.0859375
0 0.1240234375 0.3427734375 0.09765625 0.09765625
0 0.22412109375 0.36083984375 0.1103515625 0.1103515625
0 0.31005859375 0.36376953125 0.1103515625 0.1103515625
0 0.3193359375 0.2587890625 0.111328125 0.109375
0 0.17529296875 0.267578125 0.0986328125 0.09765625
0 0.13427734375 0.45947265625 0.0732421875 0.0732421875
0 0.23974609375 0.455078125 0.0986328125 0.09765625
0 0.34814453125 0.45947265625 0.1103515625 0.1103515625
0 0.30859375 0.54296875 0.09765625 0.09765625
0 0.23095703125 0.5380859375 0.0986328125 0.09765625
0 0.11474609375 0.7314453125 0.0986328125 0.09765625
0 0.25537109375 0.64013671875 0.0732421875 0.0732421875
0 0.35400390625 0.6337890625 0.0986328125 0.09765625
0 0.05615234375 0.81689453125 0.1103515625 0.1103515625
0 0.16552734375 0.818359375 0.1103515625 0.109375
0 0.28369140625 0.8212890625 0.0986328125 0.09765625
0 0.11474609375 0.9306640625 0.0986328125 0.09765625
0 0.2236328125 0.91943359375 0.0859375 0.0849609375