0 0.6828125 0.25546875 0.071875 0.0734375
0 0.78125 0.084375 0.071875 0.071875
0 0.4796875 0.76796875 0.071875 0.0734375
0 0.87421875 0.23671875 0.0859375 0.0859375
0 0.86171875 0.34921875 0.0859375 0.0859375
0 0.8671875 0.4828125 0.109375 0.109375
0 0.865625 0.5734375 0.109375 0.109375
0 0.8609375 0.70078125 0.109375 0.1109375
0 0.865625 0.7953125 0.109375 0.109375
0 0.871875 0.92109375 0.109375 0.1109375
0 0.775 0.859375 0.109375 0.109375
0 0.775 0.753125 0.109375 0.109375
0 0.7703125 0.64375 0.109375 0.109375
0 0.68203125 0.48984375 0.0859375 0.0859375
0 0.68203125 0.58828125 0.0859375 0.0859375
0 0.6765625 0.70390625 0.096875 0.0984375
0 0.675 0.80625 0.096875 0.096875
0 0.5828125 0.19609375 0.096875 0.0984375
0 0.5796875 0.3109375 0.109375 0.109375
0 0.48125 0.35859375 0.096875 0.0984375
0 0.490625 0.25 0.109375 0.109375
0 0.3921875 0.2921875 0.109375 0.109375
0 0.30546875 0.24140625 0.0859375 0.0859375
0 0.29453125 0.34609375 0.0859375 0.0859375
0 0.29921875 0.47109375 0.0859375 0.0859375
0 0.29140625 0.57109375 0.0859375 0.0859375
0 0.296875 0.70234375 0.084375 0.0859375
0 0.4046875 0.71953125 0.084375 0.0859375
0 0.4015625 0.63515625 0.084375 0.0859375
0 0.39140625 0.51953125 0.0859375 0.0859375
0 0.3921875 0.40546875 0.084375 0.0859375
0 0.48671875 0.47578125 0.0859375 0.0859375
0 0.484375 0.59765625 0.084375 0.0859375
0 0.484375 0.68046875 0.084375 0.0859375
0 0.58359375 0.83046875 0.0859375 0.0859375
0 0.58125 0.72265625 0.084375 0.0859375
0 0.5890625 0.62734375 0.084375 0.0859375
0 0.58125 0.53359375 0.084375 0.0859375
0 0.58671875 0.42265625 0.0859375 0.0859375
0 0.771875 0.29765625 0.084375 0.0859375
0 0.77109375 0.42421875 0.0859375 0.0859375
0 0.76875 0.53359375 0.084375 0.0859375
0 0.684375 0.36953125 0.084375 0.0859375
0 0.296875 0.90625 0.096875 0.096875
0 0.2046875 0.19140625 0.096875 0.0984375
0 0.21015625 0.30703125 0.0859375 0.0859375
0 0.2078125 0.41484375 0.096875 0.0984375
0 0.2046875 0.52421875 0.084375 0.0859375
0 0.203125 0.64140625 0.096875 0.0984375
0 0.2046875 0.75546875 0.096875 0.0984375
0 0.1140625 0.25625 0.096875 0.096875
0 0.115625 0.359375 0.096875 0.096875
0 0.115625 0.46953125 0.084375 0.0859375
0 0.115625 0.58671875 0.096875 0.0984375
0 0.11171875 0.70078125 0.0859375 0.0859375
0 0.109375 0.809375 0.096875 0.096875
0 0.10390625 0.90859375 0.0859375 0.0859375
0 0.8734375 0.14140625 0.071875 0.0734375
0 0.1171875 0.14140625 0.096875 0.0984375
0 0.2109375 0.07421875 0.096875 0.0984375
0 0.30625 0.125 0.109375 0.109375
0 0.3953125 0.07421875 0.096875 0.0984375
0 0.496875 0.13828125 0.109375 0.1109375
0 0.39765625 0.18515625 0.0859375 0.0859375
0 0.58125 0.08125 0.109375 0.109375
0 0.68203125 0.14296875 0.0859375 0.0859375