0 0.17919921875 0.27783203125 0.0732421875 0.0732421875
0 0.08056640625 0.10888671875 0.0615234375 0.0615234375
0 0.17529296875 0.15478515625 0.0615234375 0.0615234375
0 0.2685546875 0.1162109375 0.060546875 0.060546875
0 0.1806640625 0.6015625 0.0859375 0.0859375
0 0.37451171875 0.60595703125 0.0732421875 0.0732421875
0 0.36767578125 0.8232421875 0.0849609375 0.0859375
0 0.37255859375 0.93994140625 0.0732421875 0.0732421875
0 0.46240234375 0.76513671875 0.0732421875 0.0732421875
0 0.46142578125 0.87939453125 0.0615234375 0.0615234375
0 0.46923828125 0.65966796875 0.0732421875 0.0732421875
0 0.0859375 0.22265625 0.0859375 0.0859375
0 0.0830078125 0.3330078125 0.0859375 0.0859375
0 0.08544921875 0.44189453125 0.0732421875 0.0732421875
0 0.08740234375 0.55322265625 0.0732421875 0.0732421875
0 0.1826171875 0.3974609375 0.0859375 0.0859375
0 0.1796875 0.49755859375 0.0859375 0.0869140625
0 0.27734375 0.2197265625 0.09765625 0.09765625
0 0.27587890625 0.328125 0.0849609375 0.0859375
0 0.27490234375 0.44140625 0.0849609375 0.0859375
0 0.27587890625 0.548828125 0.0849609375 0.0859375
0 0.36865234375 0.162109375 0.0732421875 0.07421875
0 0.4619140625 0.2158203125 0.0859375 0.0859375
0 0.46728515625 0.328125 0.0732421875 0.07421875
0 0.3740234375 0.2724609375 0.09765625 0.09765625
0 0.3740234375 0.3837890625 0.09765625 0.09765625
0 0.37060546875 0.49755859375 0.0615234375 0.0615234375
0 0.279296875 0.66064453125 0.0859375 0.0869140625
0 0.091796875 0.65478515625 0.09765625 0.0986328125
0 0.4638671875 0.4404296875 0.0859375 0.0859375
0 0.46484375 0.548828125 0.0859375 0.0859375
0 0.36669921875 0.71435546875 0.0732421875 0.0732421875
0 0.2744140625 0.771484375 0.0859375 0.0859375
0 0.2705078125 0.88330078125 0.09765625 0.0986328125
0 0.177734375 0.71826171875 0.09765625 0.0986328125
0 0.177734375 0.82568359375 0.09765625 0.0986328125
0 0.18017578125 0.9404296875 0.0849609375 0.0859375
0 0.0859375 0.76708984375 0.09765625 0.0986328125
0 0.0888671875 0.8798828125 0.09765625 0.09765625