0 0.0947265625 0.048828125 0.0859375 0.0859375
0 0.1005859375 0.150390625 0.109375 0.111328125
0 0.09765625 0.259765625 0.109375 0.111328125
0 0.09326171875 0.38330078125 0.1103515625 0.1103515625
0 0.19921875 0.10107421875 0.109375 0.1103515625
0 0.193359375 0.21142578125 0.109375 0.1103515625
0 0.1923828125 0.326171875 0.109375 0.111328125
0 0.2841796875 0.15576171875 0.09765625 0.0986328125
0 0.28662109375 0.265625 0.0849609375 0.0859375
0 0.287109375 0.37890625 0.09765625 0.09765625
0 0.3779296875 0.10302734375 0.09765625 0.0986328125
0 0.38330078125 0.21533203125 0.1103515625 0.1103515625
0 0.37548828125 0.32177734375 0.1103515625 0.1103515625
0 0.4755859375 0.05908203125 0.109375 0.1103515625
0 0.4755859375 0.16162109375 0.09765625 0.0986328125
0 0.48046875 0.27783203125 0.109375 0.1103515625
0 0.56787109375 0.11083984375 0.1103515625 0.1103515625
0 0.56640625 0.22216796875 0.109375 0.1103515625
0 0.5673828125 0.33154296875 0.109375 0.1103515625
0 0.6611328125 0.05126953125 0.09765625 0.0986328125
0 0.66845703125 0.16357421875 0.1103515625 0.1103515625
0 0.66064453125 0.27099609375 0.1103515625 0.1103515625
0 0.7548828125 0.1064453125 0.09765625 0.09765625
0 0.75390625 0.21533203125 0.109375 0.1103515625
0 0.75390625 0.33544921875 0.09765625 0.0986328125
0 0.84765625 0.1640625 0.109375 0.111328125
0 0.849609375 0.27880859375 0.109375 0.1103515625
0 0.94970703125 0.1943359375 0.0732421875 0.07421875
0 0.939453125 0.333984375 0.09765625 0.09765625
0 0.9462890625 0.43603515625 0.09765625 0.0986328125
0 0.9501953125 0.55224609375 0.09765625 0.0986328125
0 0.9423828125 0.65771484375 0.09765625 0.0986328125
0 0.9423828125 0.76611328125 0.09765625 0.0986328125
0 0.8486328125 0.38232421875 0.09765625 0.0986328125
0 0.849609375 0.49169921875 0.09765625 0.0986328125
0 0.85009765625 0.60791015625 0.0732421875 0.0732421875
0 0.8515625 0.71240234375 0.09765625 0.0986328125
0 0.849609375 0.82568359375 0.09765625 0.0986328125
0 0.75927734375 0.44189453125 0.1103515625 0.1103515625
0 0.751953125 0.53955078125 0.09765625 0.0986328125
0 0.7490234375 0.66943359375 0.09765625 0.0986328125
0 0.7548828125 0.77490234375 0.109375 0.1103515625
0 0.66259765625 0.38916015625 0.1103515625 0.1103515625
0 0.6640625 0.49755859375 0.109375 0.1103515625
0 0.6640625 0.61474609375 0.09765625 0.0986328125
0 0.6640625 0.71533203125 0.09765625 0.0986328125
0 0.658203125 0.8291015625 0.109375 0.111328125
0 0.5693359375 0.43896484375 0.109375 0.1103515625
0 0.5654296875 0.54833984375 0.109375 0.1103515625
0 0.5673828125 0.65771484375 0.109375 0.1103515625
0 0.56591796875 0.76953125 0.1103515625 0.111328125
0 0.47802734375 0.38818359375 0.1103515625 0.1103515625
0 0.46923828125 0.48486328125 0.1103515625 0.1103515625
0 0.47265625 0.5966796875 0.09765625 0.09765625
0 0.47412109375 0.70703125 0.1103515625 0.111328125
0 0.47412109375 0.82568359375 0.1103515625 0.1103515625
0 0.38037109375 0.43798828125 0.1103515625 0.1103515625
0 0.38232421875 0.5546875 0.1103515625 0.111328125
0 0.373046875 0.6640625 0.09765625 0.09765625
0 0.3828125 0.78173828125 0.109375 0.1103515625
0 0.2841796875 0.4912109375 0.109375 0.111328125
0 0.283203125 0.61083984375 0.060546875 0.0615234375
0 0.279296875 0.71728515625 0.109375 0.1103515625
0 0.28125 0.82763671875 0.109375 0.1103515625
0 0.189453125 0.435546875 0.109375 0.111328125
0 0.1923828125 0.54541015625 0.109375 0.1103515625
0 0.18408203125 0.65380859375 0.1103515625 0.1103515625
0 0.18798828125 0.77392578125 0.1103515625 0.1103515625
0 0.09521484375 0.49169921875 0.1103515625 0.1103515625
0 0.09130859375 0.59130859375 0.0615234375 0.0615234375
0 0.09228515625 0.71240234375 0.1103515625 0.1103515625
0 0.091796875 0.82861328125 0.109375 0.1103515625
0 0.09228515625 0.93701171875 0.1103515625 0.1103515625
0 0.18310546875 0.88330078125 0.1103515625 0.1103515625
0 0.275390625 0.94287109375 0.109375 0.1103515625
0 0.3818359375 0.87841796875 0.09765625 0.0986328125
0 0.47509765625 0.93603515625 0.1103515625 0.1103515625
0 0.57275390625 0.876953125 0.1103515625 0.111328125
0 0.666015625 0.9345703125 0.109375 0.111328125
0 0.75732421875 0.87548828125 0.1103515625 0.1103515625
0 0.85205078125 0.93408203125 0.1103515625 0.1103515625