0 0.69873046875 0.86328125 0.0732421875 0.07421875
0 0.890625 0.31201171875 0.109375 0.1103515625
0 0.88427734375 0.435546875 0.1103515625 0.111328125
0 0.890625 0.541015625 0.09765625 0.09765625
0 0.8837890625 0.6513671875 0.09765625 0.09765625
0 0.884765625 0.7568359375 0.09765625 0.09765625
0 0.8876953125 0.87158203125 0.09765625 0.0986328125
0 0.79443359375 0.92236328125 0.1103515625 0.1103515625
0 0.79443359375 0.8076171875 0.1103515625 0.111328125
0 0.7919921875 0.69677734375 0.09765625 0.0986328125
0 0.7900390625 0.59033203125 0.09765625 0.0986328125
0 0.78955078125 0.49267578125 0.1103515625 0.1103515625
0 0.79248046875 0.388671875 0.1103515625 0.111328125
0 0.6943359375 0.4326171875 0.09765625 0.09765625
0 0.70458984375 0.5380859375 0.0849609375 0.0859375
0 0.6943359375 0.65380859375 0.09765625 0.0986328125
0 0.6953125 0.7568359375 0.09765625 0.09765625
0 0.5966796875 0.828125 0.09765625 0.09765625
0 0.603515625 0.71484375 0.09765625 0.09765625
0 0.607421875 0.60986328125 0.09765625 0.0986328125
0 0.603515625 0.4990234375 0.09765625 0.09765625
0 0.6064453125 0.3974609375 0.0859375 0.0859375
0 0.7021484375 0.314453125 0.09765625 0.09765625
0 0.509765625 0.34521484375 0.09765625 0.0986328125
0 0.5146484375 0.54736328125 0.09765625 0.0986328125
0 0.51171875 0.66943359375 0.09765625 0.0986328125
0 0.50390625 0.77490234375 0.09765625 0.0986328125
0 0.509765625 0.92138671875 0.09765625 0.0986328125
0 0.4130859375 0.93994140625 0.109375 0.1103515625
0 0.41845703125 0.82958984375 0.1103515625 0.1103515625
0 0.4208984375 0.72900390625 0.09765625 0.0986328125
0 0.41748046875 0.63671875 0.1103515625 0.111328125
0 0.41357421875 0.50390625 0.1103515625 0.111328125
0 0.42041015625 0.39501953125 0.1103515625 0.1103515625
0 0.322265625 0.34375 0.09765625 0.09765625
0 0.318359375 0.45458984375 0.09765625 0.0986328125
0 0.318359375 0.56884765625 0.09765625 0.0986328125
0 0.3232421875 0.67724609375 0.109375 0.1103515625
0 0.32275390625 0.78466796875 0.1103515625 0.1103515625
0 0.3203125 0.90576171875 0.09765625 0.0986328125
0 0.220703125 0.947265625 0.09765625 0.09765625
0 0.2314453125 0.84228515625 0.09765625 0.0986328125
0 0.2275390625 0.73291015625 0.109375 0.1103515625
0 0.2314453125 0.62060546875 0.109375 0.1103515625
0 0.236328125 0.50634765625 0.09765625 0.0986328125
0 0.2314453125 0.39990234375 0.09765625 0.0986328125
0 0.14111328125 0.3369140625 0.0849609375 0.0859375
0 0.1357421875 0.4658203125 0.0859375 0.0859375
0 0.1357421875 0.576171875 0.0859375 0.0859375
0 0.1357421875 0.900390625 0.09765625 0.09765625
0 0.1337890625 0.7822265625 0.09765625 0.09765625
0 0.1357421875 0.68212890625 0.09765625 0.0986328125
0 0.140625 0.22900390625 0.09765625 0.0986328125
0 0.138671875 0.11865234375 0.09765625 0.0986328125
0 0.234375 0.06103515625 0.09765625 0.0986328125
0 0.234375 0.1787109375 0.0859375 0.0859375
0 0.2353515625 0.28515625 0.0859375 0.0859375
0 0.326171875 0.23876953125 0.09765625 0.0986328125
0 0.3291015625 0.13134765625 0.09765625 0.0986328125
0 0.41748046875 0.07421875 0.1103515625 0.111328125
0 0.42333984375 0.16455078125 0.1103515625 0.1103515625
0 0.41748046875 0.29052734375 0.1103515625 0.1103515625
0 0.5078125 0.23828125 0.09765625 0.09765625
0 0.5078125 0.126953125 0.09765625 0.09765625
0 0.6103515625 0.0537109375 0.0859375 0.0859375
0 0.6025390625 0.1748046875 0.09765625 0.09765625
0 0.6103515625 0.28125 0.09765625 0.09765625
0 0.69921875 0.2099609375 0.09765625 0.09765625
0 0.705078125 0.11376953125 0.09765625 0.0986328125
0 0.78759765625 0.16064453125 0.1103515625 0.1103515625
0 0.79638671875 0.27197265625 0.1103515625 0.1103515625
0 0.8828125 0.20556640625 0.09765625 0.0986328125
0 0.8974609375 0.09423828125 0.109375 0.1103515625