0 0.09716796875 0.46630859375 0.0732421875 0.0732421875
0 0.2119140625 0.83935546875 0.07421875 0.0732421875
0 0.1044921875 0.85498046875 0.07421875 0.0732421875
0 0.5869140625 0.54638671875 0.0859375 0.0849609375
0 0.4833984375 0.54052734375 0.0859375 0.0849609375
0 0.41357421875 0.84033203125 0.0732421875 0.0732421875
0 0.52734375 0.62939453125 0.0859375 0.0849609375
0 0.48388671875 0.73779296875 0.0732421875 0.0732421875
0 0.35888671875 0.73583984375 0.0732421875 0.0732421875
0 0.30029296875 0.83935546875 0.0732421875 0.0732421875
0 0.26171875 0.74365234375 0.07421875 0.0732421875
0 0.81640625 0.15966796875 0.07421875 0.0732421875
0 0.05322265625 0.95751953125 0.0615234375 0.0615234375
0 0.15869140625 0.94970703125 0.0732421875 0.0732421875
0 0.24658203125 0.93603515625 0.0732421875 0.0732421875
0 0.35791015625 0.93798828125 0.0732421875 0.0732421875
0 0.47900390625 0.93505859375 0.0732421875 0.0732421875
0 0.52783203125 0.82421875 0.0869140625 0.0859375
0 0.14453125 0.74853515625 0.07421875 0.0732421875
0 0.103515625 0.63232421875 0.111328125 0.1103515625
0 0.2080078125 0.62646484375 0.111328125 0.1103515625
0 0.3134765625 0.63134765625 0.07421875 0.0732421875
0 0.4248046875 0.63330078125 0.07421875 0.0732421875
0 0.1533203125 0.5419921875 0.09765625 0.09765625
0 0.267578125 0.54150390625 0.07421875 0.0732421875
0 0.369140625 0.54638671875 0.07421875 0.0732421875
0 0.2021484375 0.44189453125 0.07421875 0.0732421875
0 0.31640625 0.447265625 0.09765625 0.09765625
0 0.427734375 0.4443359375 0.09765625 0.09765625
0 0.14892578125 0.35205078125 0.1103515625 0.1103515625
0 0.26513671875 0.34716796875 0.1103515625 0.1103515625
0 0.37158203125 0.35302734375 0.1103515625 0.1103515625
0 0.4873046875 0.353515625 0.111328125 0.109375
0 0.09228515625 0.25048828125 0.1220703125 0.1220703125
0 0.20751953125 0.248046875 0.0986328125 0.09765625
0 0.31982421875 0.2578125 0.0986328125 0.09765625
0 0.43798828125 0.2578125 0.0986328125 0.09765625
0 0.048828125 0.1669921875 0.0859375 0.0859375
0 0.15478515625 0.162109375 0.0986328125 0.09765625
0 0.26806640625 0.169921875 0.0986328125 0.09765625
0 0.3759765625 0.166015625 0.0859375 0.0859375
0 0.48583984375 0.15625 0.0986328125 0.09765625
0 0.5458984375 0.2548828125 0.09765625 0.09765625
0 0.1015625 0.07861328125 0.0859375 0.0849609375
0 0.2236328125 0.07666015625 0.0859375 0.0849609375
0 0.32275390625 0.072265625 0.0869140625 0.0859375
0 0.431640625 0.072265625 0.0859375 0.0859375
0 0.548828125 0.0732421875 0.0859375 0.0859375
0 0.6513671875 0.0751953125 0.0859375 0.0859375
0 0.75830078125 0.0849609375 0.0986328125 0.09765625
0 0.8798828125 0.07958984375 0.0859375 0.0849609375
0 0.60400390625 0.1611328125 0.0986328125 0.09765625
0 0.7158203125 0.16357421875 0.0859375 0.0849609375
0 0.923828125 0.16455078125 0.07421875 0.0732421875
0 0.65185546875 0.255859375 0.1103515625 0.109375
0 0.7626953125 0.2578125 0.09765625 0.09765625
0 0.8759765625 0.2607421875 0.111328125 0.109375
0 0.595703125 0.3564453125 0.09765625 0.09765625
0 0.7109375 0.3505859375 0.111328125 0.109375
0 0.8193359375 0.35205078125 0.111328125 0.1103515625
0 0.93310546875 0.35498046875 0.1103515625 0.1103515625
0 0.5439453125 0.4482421875 0.111328125 0.109375
0 0.654296875 0.44970703125 0.111328125 0.1103515625
0 0.76318359375 0.45068359375 0.1103515625 0.1103515625
0 0.87548828125 0.45263671875 0.1103515625 0.1103515625
0 0.6875 0.54248046875 0.0859375 0.0849609375
0 0.8046875 0.54736328125 0.0859375 0.0849609375
0 0.92626953125 0.5478515625 0.1103515625 0.109375
0 0.65380859375 0.63818359375 0.0732421875 0.0732421875
0 0.75927734375 0.638671875 0.1103515625 0.109375
0 0.87353515625 0.63671875 0.1103515625 0.109375
0 0.59765625 0.73046875 0.0859375 0.0859375
0 0.71337890625 0.7353515625 0.1103515625 0.109375
0 0.81787109375 0.73388671875 0.1103515625 0.1103515625
0 0.9267578125 0.73388671875 0.0859375 0.0849609375
0 0.65478515625 0.83056640625 0.1103515625 0.1103515625
0 0.76513671875 0.83056640625 0.1103515625 0.1103515625
0 0.8779296875 0.82861328125 0.0859375 0.0849609375
0 0.59619140625 0.93115234375 0.0869140625 0.0849609375
0 0.70751953125 0.919921875 0.0986328125 0.09765625
0 0.8193359375 0.9208984375 0.0859375 0.0859375
0 0.9228515625 0.92333984375 0.123046875 0.1220703125