0 0.78955078125 0.62744140625 0.0732421875 0.0732421875
0 0.79638671875 0.84375 0.0732421875 0.07421875
0 0.8779296875 0.51416015625 0.060546875 0.0615234375
0 0.05126953125 0.1103515625 0.0849609375 0.0859375
0 0.1484375 0.09521484375 0.09765625 0.0986328125
0 0.1484375 0.18505859375 0.109375 0.1103515625
0 0.240234375 0.22509765625 0.09765625 0.0986328125
0 0.236328125 0.10791015625 0.109375 0.1103515625
0 0.513671875 0.1748046875 0.048828125 0.048828125
0 0.33837890625 0.16162109375 0.0849609375 0.0869140625
0 0.33837890625 0.0654296875 0.0849609375 0.0859375
0 0.42626953125 0.1162109375 0.0849609375 0.0859375
0 0.6083984375 0.11328125 0.048828125 0.048828125
0 0.6982421875 0.158203125 0.048828125 0.048828125
0 0.703125 0.0576171875 0.048828125 0.048828125
0 0.79296875 0.1044921875 0.037109375 0.037109375
0 0.97509765625 0.1201171875 0.0361328125 0.037109375
0 0.89404296875 0.064453125 0.0244140625 0.025390625
0 0.5205078125 0.06689453125 0.048828125 0.0498046875
0 0.14111328125 0.79833984375 0.0615234375 0.0615234375
0 0.220703125 0.9453125 0.09765625 0.09765625
0 0.14404296875 0.70751953125 0.0732421875 0.0732421875
0 0.1396484375 0.60205078125 0.09765625 0.0986328125
0 0.14404296875 0.49365234375 0.1103515625 0.1103515625
0 0.2275390625 0.533203125 0.09765625 0.09765625
0 0.22265625 0.61083984375 0.09765625 0.0986328125
0 0.3125 0.8935546875 0.09765625 0.09765625
0 0.4111328125 0.931640625 0.0859375 0.0859375
0 0.40869140625 0.83935546875 0.1103515625 0.1103515625
0 0.416015625 0.72705078125 0.09765625 0.0986328125
0 0.32470703125 0.58642578125 0.0732421875 0.0732421875
0 0.318359375 0.48779296875 0.09765625 0.0986328125
0 0.50537109375 0.89404296875 0.1103515625 0.1103515625
0 0.50146484375 0.78564453125 0.1103515625 0.1103515625
0 0.5029296875 0.67626953125 0.109375 0.1103515625
0 0.505859375 0.55810546875 0.09765625 0.0986328125
0 0.6064453125 0.94189453125 0.09765625 0.0986328125
0 0.611328125 0.83251953125 0.09765625 0.0986328125
0 0.615234375 0.72705078125 0.09765625 0.0986328125
0 0.60400390625 0.6181640625 0.0849609375 0.0859375
0 0.69970703125 0.5703125 0.0849609375 0.0859375
0 0.7109375 0.8701171875 0.0859375 0.0859375
0 0.70849609375 0.78466796875 0.0849609375 0.0869140625
0 0.7021484375 0.6767578125 0.09765625 0.09765625
0 0.783203125 0.94873046875 0.09765625 0.0986328125
0 0.875 0.86181640625 0.060546875 0.0615234375
0 0.87548828125 0.7587890625 0.0732421875 0.07421875
0 0.87255859375 0.6728515625 0.0849609375 0.0859375
0 0.8818359375 0.59375 0.0859375 0.0859375
0 0.7919921875 0.73974609375 0.09765625 0.0986328125