0 0.45751953125 0.154296875 0.0732421875 0.07421875
0 0.35888671875 0.7685546875 0.0732421875 0.07421875
0 0.265625 0.70751953125 0.060546875 0.0615234375
0 0.55419921875 0.638671875 0.0732421875 0.07421875
0 0.92236328125 0.66796875 0.0849609375 0.0859375
0 0.91943359375 0.7744140625 0.0849609375 0.0859375
0 0.92236328125 0.87109375 0.0849609375 0.0859375
0 0.8359375 0.93310546875 0.09765625 0.0986328125
0 0.83154296875 0.8251953125 0.0849609375 0.0859375
0 0.83056640625 0.712890625 0.0849609375 0.0859375
0 0.736328125 0.654296875 0.0859375 0.0859375
0 0.7373046875 0.767578125 0.0859375 0.0859375
0 0.732421875 0.876953125 0.09765625 0.09765625
0 0.6416015625 0.92626953125 0.109375 0.1103515625
0 0.6455078125 0.822265625 0.109375 0.111328125
0 0.6513671875 0.69970703125 0.09765625 0.0986328125
0 0.556640625 0.751953125 0.0859375 0.0859375
0 0.548828125 0.85986328125 0.0859375 0.0869140625
0 0.45556640625 0.92578125 0.0849609375 0.0859375
0 0.453125 0.8232421875 0.0859375 0.0859375
0 0.07421875 0.83984375 0.0859375 0.0859375
0 0.4501953125 0.69970703125 0.09765625 0.0986328125
0 0.3662109375 0.6669921875 0.09765625 0.09765625
0 0.3603515625 0.8779296875 0.09765625 0.09765625
0 0.2734375 0.8271484375 0.109375 0.111328125
0 0.26708984375 0.93408203125 0.1103515625 0.1103515625
0 0.17626953125 0.87744140625 0.1103515625 0.1103515625
0 0.1806640625 0.7724609375 0.0859375 0.0859375
0 0.18359375 0.66064453125 0.09765625 0.0986328125
0 0.078125 0.71630859375 0.09765625 0.0986328125
0 0.08154296875 0.064453125 0.0849609375 0.0859375
0 0.08154296875 0.15283203125 0.0849609375 0.0869140625
0 0.0791015625 0.263671875 0.0859375 0.0859375
0 0.080078125 0.380859375 0.0859375 0.0859375
0 0.080078125 0.47412109375 0.09765625 0.0986328125
0 0.078125 0.60400390625 0.09765625 0.0986328125
0 0.18212890625 0.5302734375 0.0849609375 0.0859375
0 0.171875 0.09033203125 0.09765625 0.0986328125
0 0.18505859375 0.2197265625 0.0849609375 0.0859375
0 0.19140625 0.326171875 0.0859375 0.0859375
0 0.1845703125 0.4375 0.0859375 0.0859375
0 0.27001953125 0.6083984375 0.0849609375 0.0859375
0 0.275390625 0.064453125 0.0859375 0.0859375
0 0.2724609375 0.14501953125 0.09765625 0.0986328125
0 0.267578125 0.2705078125 0.0859375 0.0859375
0 0.271484375 0.369140625 0.0859375 0.0859375
0 0.263671875 0.4951171875 0.0859375 0.0859375
0 0.36328125 0.12841796875 0.0859375 0.0869140625
0 0.36328125 0.2314453125 0.0859375 0.0859375
0 0.36572265625 0.3427734375 0.0849609375 0.0859375
0 0.365234375 0.43408203125 0.09765625 0.0986328125
0 0.3681640625 0.57080078125 0.09765625 0.0986328125
0 0.45849609375 0.6005859375 0.0849609375 0.0859375
0 0.45849609375 0.4853515625 0.0849609375 0.0859375
0 0.46533203125 0.3837890625 0.0849609375 0.0859375
0 0.45361328125 0.263671875 0.0849609375 0.0859375
0 0.5654296875 0.09619140625 0.09765625 0.0986328125
0 0.5546875 0.2109375 0.0859375 0.0859375
0 0.55029296875 0.3251953125 0.0849609375 0.0859375
0 0.54931640625 0.431640625 0.0849609375 0.0859375
0 0.54638671875 0.537109375 0.0849609375 0.0859375
0 0.646484375 0.05078125 0.09765625 0.09765625
0 0.6435546875 0.16015625 0.0859375 0.0859375
0 0.6396484375 0.26953125 0.0859375 0.0859375
0 0.63671875 0.38525390625 0.09765625 0.0986328125
0 0.6513671875 0.50732421875 0.09765625 0.0986328125
0 0.64599609375 0.603515625 0.1103515625 0.111328125
0 0.73828125 0.10546875 0.0859375 0.0859375
0 0.7392578125 0.22607421875 0.09765625 0.0986328125
0 0.7353515625 0.3330078125 0.0859375 0.0859375
0 0.73388671875 0.4375 0.0849609375 0.0859375
0 0.740234375 0.5439453125 0.09765625 0.09765625
0 0.8310546875 0.60009765625 0.09765625 0.0986328125
0 0.82958984375 0.494140625 0.0849609375 0.0859375
0 0.8349609375 0.3759765625 0.0859375 0.0859375
0 0.82861328125 0.27197265625 0.0849609375 0.0869140625
0 0.83203125 0.16162109375 0.09765625 0.0986328125
0 0.9267578125 0.09619140625 0.09765625 0.0986328125
0 0.9296875 0.20458984375 0.09765625 0.0986328125
0 0.927734375 0.3271484375 0.0859375 0.0859375
0 0.9287109375 0.43701171875 0.09765625 0.0986328125
0 0.9267578125 0.53857421875 0.09765625 0.0986328125