0 0.2431640625 0.669921875 0.0859375 0.0859375
0 0.24755859375 0.47607421875 0.0732421875 0.0732421875
0 0.46484375 0.48291015625 0.0859375 0.0849609375
0 0.58154296875 0.47802734375 0.0732421875 0.0732421875
0 0.40673828125 0.38818359375 0.0732421875 0.0732421875
0 0.6328125 0.38232421875 0.0859375 0.0849609375
0 0.52099609375 0.38916015625 0.0615234375 0.0615234375
0 0.7490234375 0.3857421875 0.0859375 0.0859375
0 0.30126953125 0.38134765625 0.0732421875 0.0732421875
0 0.138671875 0.85693359375 0.0859375 0.0849609375
0 0.2470703125 0.85693359375 0.07421875 0.0732421875
0 0.08349609375 0.76513671875 0.0732421875 0.0732421875
0 0.19482421875 0.76318359375 0.0732421875 0.0732421875
0 0.13916015625 0.6708984375 0.0869140625 0.0859375
0 0.0830078125 0.57568359375 0.0859375 0.0849609375
0 0.1904296875 0.57470703125 0.0859375 0.0849609375
0 0.13916015625 0.47998046875 0.0615234375 0.0615234375
0 0.30224609375 0.5712890625 0.0869140625 0.0859375
0 0.29638671875 0.7587890625 0.0986328125 0.09765625
0 0.08203125 0.38671875 0.0859375 0.0859375
0 0.1904296875 0.3857421875 0.0859375 0.0859375
0 0.35595703125 0.48388671875 0.0732421875 0.0732421875
0 0.6875 0.48046875 0.0859375 0.0859375
0 0.798828125 0.4794921875 0.09765625 0.09765625
0 0.4130859375 0.576171875 0.0859375 0.0859375
0 0.52490234375 0.580078125 0.0986328125 0.09765625
0 0.6328125 0.5771484375 0.0859375 0.0859375
0 0.7392578125 0.5771484375 0.09765625 0.09765625
0 0.35986328125 0.6728515625 0.0986328125 0.09765625
0 0.46728515625 0.6728515625 0.0986328125 0.09765625
0 0.58203125 0.67041015625 0.0859375 0.0849609375
0 0.6904296875 0.66748046875 0.0859375 0.0849609375
0 0.794921875 0.6689453125 0.09765625 0.09765625
0 0.40869140625 0.7646484375 0.0986328125 0.09765625
0 0.521484375 0.76171875 0.09765625 0.09765625
0 0.640625 0.76513671875 0.0859375 0.0849609375
0 0.7431640625 0.7666015625 0.09765625 0.09765625
0 0.353515625 0.8544921875 0.09765625 0.09765625
0 0.4736328125 0.857421875 0.0859375 0.0859375
0 0.58203125 0.85498046875 0.07421875 0.0732421875
0 0.6904296875 0.85693359375 0.07421875 0.0732421875
0 0.80224609375 0.86474609375 0.0732421875 0.0732421875
0 0.52734375 0.94921875 0.09765625 0.09765625
0 0.6328125 0.94873046875 0.0859375 0.0849609375
0 0.74169921875 0.947265625 0.0986328125 0.09765625
0 0.8564453125 0.95166015625 0.07421875 0.0732421875
0 0.908203125 0.85986328125 0.07421875 0.0732421875
0 0.85107421875 0.76171875 0.0986328125 0.09765625
0 0.90283203125 0.6689453125 0.0986328125 0.09765625
0 0.85400390625 0.5751953125 0.0869140625 0.0859375
0 0.90771484375 0.4755859375 0.0986328125 0.09765625
0 0.84765625 0.38623046875 0.0859375 0.0849609375