0 0.04638671875 0.77783203125 0.0732421875 0.0732421875
0 0.52197265625 0.05908203125 0.0732421875 0.0732421875
0 0.13818359375 0.93603515625 0.0732421875 0.0732421875
0 0.8037109375 0.65673828125 0.0859375 0.0869140625
0 0.14208984375 0.0419921875 0.0732421875 0.07421875
0 0.138671875 0.1748046875 0.09765625 0.09765625
0 0.13818359375 0.2763671875 0.1103515625 0.111328125
0 0.13427734375 0.38623046875 0.1103515625 0.1103515625
0 0.2373046875 0.10546875 0.0859375 0.0859375
0 0.23828125 0.22265625 0.09765625 0.09765625
0 0.240234375 0.3349609375 0.09765625 0.09765625
0 0.322265625 0.04150390625 0.060546875 0.0615234375
0 0.330078125 0.1474609375 0.0859375 0.0859375
0 0.3291015625 0.2822265625 0.09765625 0.09765625
0 0.328125 0.3681640625 0.09765625 0.09765625
0 0.42724609375 0.12353515625 0.0732421875 0.0732421875
0 0.427734375 0.22314453125 0.109375 0.1103515625
0 0.4296875 0.33544921875 0.109375 0.1103515625
0 0.52197265625 0.169921875 0.0849609375 0.0859375
0 0.52001953125 0.28173828125 0.1103515625 0.1103515625
0 0.51806640625 0.39453125 0.1220703125 0.123046875
0 0.623046875 0.11181640625 0.109375 0.1103515625
0 0.6103515625 0.22509765625 0.109375 0.1103515625
0 0.61376953125 0.33447265625 0.1103515625 0.1103515625
0 0.71337890625 0.0673828125 0.1220703125 0.123046875
0 0.7197265625 0.16357421875 0.109375 0.1103515625
0 0.724609375 0.27978515625 0.109375 0.1103515625
0 0.7177734375 0.38720703125 0.109375 0.1103515625
0 0.8203125 0.2158203125 0.0859375 0.0859375
0 0.8037109375 0.33349609375 0.109375 0.1103515625
0 0.90869140625 0.1689453125 0.1103515625 0.111328125
0 0.90673828125 0.27099609375 0.1103515625 0.1103515625
0 0.89990234375 0.38623046875 0.1103515625 0.1103515625
0 0.9052734375 0.49462890625 0.109375 0.1103515625
0 0.904296875 0.60595703125 0.109375 0.1103515625
0 0.8076171875 0.44677734375 0.109375 0.1103515625
0 0.810546875 0.5595703125 0.0859375 0.0859375
0 0.71337890625 0.49072265625 0.1103515625 0.1103515625
0 0.70947265625 0.60107421875 0.1103515625 0.1103515625
0 0.7138671875 0.71240234375 0.09765625 0.0986328125
0 0.60986328125 0.44384765625 0.1103515625 0.1103515625
0 0.62109375 0.67333984375 0.09765625 0.0986328125
0 0.6123046875 0.76953125 0.09765625 0.09765625
0 0.5166015625 0.49560546875 0.109375 0.1103515625
0 0.51611328125 0.611328125 0.1220703125 0.123046875
0 0.52099609375 0.7109375 0.1220703125 0.123046875
0 0.427734375 0.44873046875 0.109375 0.1103515625
0 0.42236328125 0.552734375 0.1220703125 0.123046875
0 0.41943359375 0.6591796875 0.1220703125 0.123046875
0 0.41650390625 0.7734375 0.1220703125 0.123046875
0 0.32275390625 0.4970703125 0.1220703125 0.123046875
0 0.32763671875 0.6044921875 0.1220703125 0.123046875
0 0.32763671875 0.7119140625 0.1220703125 0.123046875
0 0.32958984375 0.82568359375 0.1103515625 0.1103515625
0 0.23681640625 0.4482421875 0.1220703125 0.123046875
0 0.23388671875 0.5537109375 0.1220703125 0.123046875
0 0.23193359375 0.65234375 0.1220703125 0.123046875
0 0.23193359375 0.7734375 0.1220703125 0.123046875
0 0.236328125 0.88134765625 0.109375 0.1103515625
0 0.14208984375 0.490234375 0.1220703125 0.123046875
0 0.14013671875 0.607421875 0.1220703125 0.123046875
0 0.13916015625 0.71875 0.1220703125 0.123046875
0 0.1357421875 0.82958984375 0.09765625 0.0986328125
0 0.4306640625 0.8818359375 0.09765625 0.09765625
0 0.33203125 0.93798828125 0.09765625 0.0986328125