0 0.49853515625 0.763671875 0.0732421875 0.07421875
0 0.1259765625 0.09765625 0.09765625 0.09765625
0 0.12255859375 0.20556640625 0.1103515625 0.1103515625
0 0.12548828125 0.32275390625 0.1103515625 0.1103515625
0 0.12451171875 0.4375 0.0849609375 0.0859375
0 0.21533203125 0.0419921875 0.0732421875 0.07421875
0 0.2119140625 0.154296875 0.09765625 0.09765625
0 0.21728515625 0.265625 0.0849609375 0.0859375
0 0.2158203125 0.37646484375 0.09765625 0.0986328125
0 0.3095703125 0.0986328125 0.0859375 0.0859375
0 0.3076171875 0.201171875 0.09765625 0.09765625
0 0.30859375 0.3154296875 0.0859375 0.0859375
0 0.3115234375 0.431640625 0.0859375 0.0859375
0 0.4111328125 0.15478515625 0.09765625 0.0986328125
0 0.4140625 0.2607421875 0.09765625 0.09765625
0 0.4130859375 0.3779296875 0.09765625 0.09765625
0 0.5 0.09521484375 0.09765625 0.0986328125
0 0.4990234375 0.20361328125 0.09765625 0.0986328125
0 0.5 0.33349609375 0.09765625 0.0986328125
0 0.5927734375 0.14990234375 0.09765625 0.0986328125
0 0.591796875 0.2646484375 0.0859375 0.0859375
0 0.59521484375 0.3740234375 0.0849609375 0.0859375
0 0.68896484375 0.09375 0.0849609375 0.0859375
0 0.689453125 0.20751953125 0.09765625 0.0986328125
0 0.69140625 0.3193359375 0.0859375 0.0859375
0 0.6875 0.4306640625 0.0859375 0.0859375
0 0.50244140625 0.4443359375 0.0849609375 0.0859375
0 0.6884765625 0.5380859375 0.0859375 0.0859375
0 0.6845703125 0.646484375 0.09765625 0.09765625
0 0.68798828125 0.76953125 0.0849609375 0.0859375
0 0.68896484375 0.8642578125 0.0849609375 0.0859375
0 0.59228515625 0.482421875 0.0849609375 0.0859375
0 0.591796875 0.599609375 0.09765625 0.09765625
0 0.59375 0.7109375 0.09765625 0.09765625
0 0.59765625 0.818359375 0.0859375 0.0859375
0 0.591796875 0.92578125 0.0859375 0.0859375
0 0.49853515625 0.5390625 0.0849609375 0.0859375
0 0.4990234375 0.650390625 0.09765625 0.09765625
0 0.50390625 0.87158203125 0.09765625 0.0986328125
0 0.4091796875 0.486328125 0.0859375 0.0859375
0 0.40625 0.59814453125 0.09765625 0.0986328125
0 0.4072265625 0.71142578125 0.09765625 0.0986328125
0 0.40380859375 0.814453125 0.0849609375 0.0859375
0 0.4052734375 0.93017578125 0.09765625 0.0986328125
0 0.314453125 0.53564453125 0.09765625 0.0986328125
0 0.3115234375 0.64990234375 0.09765625 0.0986328125
0 0.310546875 0.75634765625 0.09765625 0.0986328125
0 0.3095703125 0.87060546875 0.09765625 0.0986328125
0 0.21337890625 0.4892578125 0.0849609375 0.0859375
0 0.21630859375 0.6015625 0.0849609375 0.0859375
0 0.212890625 0.70849609375 0.09765625 0.0986328125
0 0.2177734375 0.81884765625 0.09765625 0.0986328125
0 0.2138671875 0.93359375 0.0859375 0.0859375
0 0.125 0.54345703125 0.09765625 0.0986328125
0 0.123046875 0.64990234375 0.09765625 0.0986328125
0 0.12109375 0.76318359375 0.09765625 0.0986328125
0 0.123046875 0.87060546875 0.09765625 0.0986328125