0 0.78759765625 0.53564453125 0.0732421875 0.0732421875
0 0.2197265625 0.1103515625 0.09765625 0.09765625
0 0.412109375 0.07958984375 0.09765625 0.0986328125
0 0.599609375 0.0810546875 0.09765625 0.09765625
0 0.78076171875 0.087890625 0.0849609375 0.0859375
0 0.87939453125 0.564453125 0.0732421875 0.07421875
0 0.88330078125 0.669921875 0.0732421875 0.07421875
0 0.68701171875 0.5712890625 0.0849609375 0.0859375
0 0.1220703125 0.59912109375 0.109375 0.1103515625
0 0.1220703125 0.70263671875 0.09765625 0.0986328125
0 0.125 0.81103515625 0.09765625 0.0986328125
0 0.123046875 0.93359375 0.0859375 0.0859375
0 0.216796875 0.54052734375 0.09765625 0.0986328125
0 0.2216796875 0.65625 0.09765625 0.09765625
0 0.21533203125 0.7587890625 0.0849609375 0.0859375
0 0.212890625 0.8681640625 0.09765625 0.09765625
0 0.3134765625 0.9150390625 0.09765625 0.09765625
0 0.3125 0.80224609375 0.09765625 0.0986328125
0 0.3203125 0.69140625 0.09765625 0.09765625
0 0.3134765625 0.58349609375 0.09765625 0.0986328125
0 0.40234375 0.5263671875 0.09765625 0.09765625
0 0.408203125 0.63330078125 0.09765625 0.0986328125
0 0.40625 0.74072265625 0.09765625 0.0986328125
0 0.4052734375 0.85546875 0.09765625 0.09765625
0 0.50048828125 0.91162109375 0.1103515625 0.1103515625
0 0.49951171875 0.79833984375 0.1103515625 0.1103515625
0 0.4970703125 0.68408203125 0.109375 0.1103515625
0 0.49560546875 0.5732421875 0.1103515625 0.111328125
0 0.59375 0.5302734375 0.09765625 0.09765625
0 0.5849609375 0.63330078125 0.109375 0.1103515625
0 0.59765625 0.7373046875 0.109375 0.111328125
0 0.58984375 0.84912109375 0.109375 0.1103515625
0 0.59228515625 0.9541015625 0.0849609375 0.0859375
0 0.685546875 0.90380859375 0.09765625 0.0986328125
0 0.69091796875 0.7998046875 0.0849609375 0.0859375
0 0.685546875 0.67333984375 0.109375 0.1103515625
0 0.78369140625 0.6337890625 0.0849609375 0.0859375
0 0.7822265625 0.7333984375 0.09765625 0.09765625
0 0.78515625 0.86865234375 0.09765625 0.0986328125
0 0.87939453125 0.904296875 0.0849609375 0.0859375
0 0.8740234375 0.76904296875 0.09765625 0.0986328125
0 0.88525390625 0.48046875 0.0849609375 0.0859375
0 0.87939453125 0.35693359375 0.1103515625 0.1103515625
0 0.88037109375 0.24755859375 0.1103515625 0.1103515625
0 0.880859375 0.13720703125 0.09765625 0.0986328125
0 0.78125 0.19580078125 0.09765625 0.0986328125
0 0.783203125 0.30615234375 0.09765625 0.0986328125
0 0.7822265625 0.41015625 0.0859375 0.0859375
0 0.6845703125 0.46826171875 0.109375 0.1103515625
0 0.6875 0.36376953125 0.09765625 0.0986328125
0 0.6875 0.24609375 0.0859375 0.0859375
0 0.6865234375 0.1396484375 0.0859375 0.0859375
0 0.595703125 0.18603515625 0.09765625 0.0986328125
0 0.5927734375 0.29345703125 0.09765625 0.0986328125
0 0.5986328125 0.3994140625 0.09765625 0.09765625
0 0.505859375 0.451171875 0.109375 0.111328125
0 0.50439453125 0.3505859375 0.1103515625 0.111328125
0 0.49853515625 0.26025390625 0.1103515625 0.1103515625
0 0.50439453125 0.13427734375 0.1103515625 0.1103515625
0 0.4140625 0.1865234375 0.09765625 0.09765625
0 0.4140625 0.2978515625 0.09765625 0.09765625
0 0.4072265625 0.408203125 0.0859375 0.0859375
0 0.3154296875 0.47412109375 0.09765625 0.0986328125
0 0.3115234375 0.37109375 0.0859375 0.0859375
0 0.3193359375 0.25 0.09765625 0.09765625
0 0.3115234375 0.1435546875 0.09765625 0.09765625
0 0.22265625 0.21484375 0.09765625 0.09765625
0 0.216796875 0.31103515625 0.09765625 0.0986328125
0 0.21484375 0.43408203125 0.09765625 0.0986328125
0 0.1279296875 0.49072265625 0.109375 0.1103515625
0 0.12158203125 0.37744140625 0.1103515625 0.1103515625
0 0.13427734375 0.26416015625 0.1103515625 0.1103515625
0 0.12548828125 0.15283203125 0.1103515625 0.1103515625