0 0.221875 0.13046875 0.071875 0.0734375
0 0.8984375 0.084375 0.109375 0.109375
0 0.7984375 0.1265625 0.109375 0.109375
0 0.703125 0.0765625 0.109375 0.109375
0 0.6046875 0.13046875 0.096875 0.0984375
0 0.5203125 0.06953125 0.096875 0.0984375
0 0.4171875 0.128125 0.109375 0.109375
0 0.321875 0.075 0.096875 0.096875
0 0.321875 0.1765625 0.096875 0.096875
0 0.13125 0.07109375 0.084375 0.0859375
0 0.1328125 0.1921875 0.109375 0.109375
0 0.13046875 0.29765625 0.0859375 0.0859375
0 0.1296875 0.39921875 0.084375 0.0859375
0 0.1296875 0.50859375 0.109375 0.1109375
0 0.1359375 0.63046875 0.109375 0.1109375
0 0.22890625 0.23828125 0.0859375 0.0859375
0 0.2265625 0.34921875 0.096875 0.0984375
0 0.221875 0.47109375 0.096875 0.0984375
0 0.225 0.57734375 0.109375 0.1109375
0 0.325 0.30078125 0.096875 0.0984375
0 0.31796875 0.41015625 0.0859375 0.0859375
0 0.31875 0.51796875 0.096875 0.0984375
0 0.31875 0.6296875 0.096875 0.096875
0 0.4171875 0.2375 0.109375 0.109375
0 0.4234375 0.3484375 0.109375 0.109375
0 0.4234375 0.459375 0.109375 0.109375
0 0.4234375 0.578125 0.109375 0.109375
0 0.5078125 0.1859375 0.109375 0.109375
0 0.509375 0.2984375 0.109375 0.109375
0 0.5109375 0.4015625 0.109375 0.109375
0 0.5140625 0.525 0.109375 0.109375
0 0.515625 0.6328125 0.109375 0.109375
0 0.60625 0.24375 0.109375 0.109375
0 0.6125 0.353125 0.109375 0.109375
0 0.60625 0.4625 0.109375 0.109375
0 0.6015625 0.5734375 0.109375 0.109375
0 0.696875 0.18828125 0.109375 0.1109375
0 0.7015625 0.3046875 0.096875 0.096875
0 0.703125 0.40625 0.109375 0.109375
0 0.70625 0.52265625 0.096875 0.0984375
0 0.7 0.63125 0.109375 0.109375
0 0.8 0.24453125 0.109375 0.1109375
0 0.8 0.36015625 0.109375 0.1109375
0 0.7953125 0.46875 0.109375 0.109375
0 0.803125 0.584375 0.109375 0.109375
0 0.8921875 0.190625 0.109375 0.109375
0 0.8984375 0.30703125 0.109375 0.1109375
0 0.896875 0.41484375 0.109375 0.1109375
0 0.896875 0.52578125 0.109375 0.1109375
0 0.89375 0.640625 0.109375 0.109375
0 0.890625 0.8578125 0.109375 0.109375
0 0.79453125 0.80390625 0.0859375 0.0859375
0 0.796875 0.9125 0.109375 0.109375
0 0.696875 0.8515625 0.109375 0.109375
0 0.6015625 0.78984375 0.096875 0.0984375
0 0.6 0.90546875 0.084375 0.0859375
0 0.8921875 0.74765625 0.084375 0.0859375
0 0.7953125 0.684375 0.109375 0.109375
0 0.7015625 0.7421875 0.109375 0.109375
0 0.60625 0.684375 0.109375 0.109375
0 0.515625 0.74296875 0.096875 0.0984375
0 0.5140625 0.8515625 0.096875 0.096875
0 0.41953125 0.68515625 0.0859375 0.0859375
0 0.13125 0.72890625 0.084375 0.0859375
0 0.05 0.91328125 0.096875 0.0984375
0 0.1328125 0.84296875 0.109375 0.1109375
0 0.2234375 0.671875 0.109375 0.109375
0 0.221875 0.79453125 0.109375 0.1109375
0 0.2234375 0.9 0.096875 0.096875
0 0.3265625 0.72890625 0.096875 0.0984375
0 0.328125 0.84765625 0.084375 0.0859375
0 0.4265625 0.78828125 0.096875 0.0984375
0 0.4234375 0.903125 0.109375 0.109375
0 0.2203125 0.0328125 0.090625 0.065625
0 0.41875 0.0359375 0.10625 0.071875
0 0.61015625 0.034375 0.0859375 0.06875
0 0.040625 0.0359375 0.08125 0.071875
0 0.0390625 0.128125 0.078125 0.1125
0 0.0421875 0.234375 0.084375 0.090625
0 0.0421875 0.34296875 0.084375 0.0984375
0 0.04375 0.44296875 0.0875 0.0984375
0 0.040625 0.5546875 0.08125 0.11875
0 0.0453125 0.66796875 0.090625 0.1046875
0 0.0453125 0.8046875 0.090625 0.1125
0 0.13515625 0.95 0.0828125 0.0875
0 0.32421875 0.95234375 0.0921875 0.0953125
0 0.51171875 0.95703125 0.0890625 0.0859375
0 0.6953125 0.95703125 0.09375 0.0859375
0 0.8890625 0.95703125 0.103125 0.0859375
0 0.965625 0.915625 0.065625 0.096875
0 0.96640625 0.80390625 0.0671875 0.1140625
0 0.96328125 0.68359375 0.0734375 0.1046875
0 0.96953125 0.571875 0.0609375 0.103125
0 0.9640625 0.4671875 0.06875 0.103125
0 0.96640625 0.35859375 0.0671875 0.1109375
0 0.96953125 0.2421875 0.0609375 0.10625
0 0.97109375 0.13359375 0.0578125 0.1078125
0 0.79609375 0.03671875 0.1140625 0.0703125