0 0.05908203125 0.111328125 0.0849609375 0.0859375
0 0.05615234375 0.22216796875 0.0849609375 0.0869140625
0 0.0595703125 0.32275390625 0.09765625 0.0986328125
0 0.166015625 0.05224609375 0.09765625 0.0986328125
0 0.169921875 0.15966796875 0.109375 0.1103515625
0 0.17041015625 0.27783203125 0.1103515625 0.1103515625
0 0.16552734375 0.39404296875 0.1103515625 0.1103515625
0 0.2607421875 0.10791015625 0.109375 0.1103515625
0 0.2607421875 0.21923828125 0.09765625 0.0986328125
0 0.2578125 0.33349609375 0.109375 0.1103515625
0 0.35546875 0.060546875 0.09765625 0.09765625
0 0.35546875 0.171875 0.09765625 0.09765625
0 0.35400390625 0.279296875 0.0849609375 0.0859375
0 0.3544921875 0.392578125 0.0859375 0.0859375
0 0.45458984375 0.1171875 0.1103515625 0.111328125
0 0.44677734375 0.2275390625 0.1103515625 0.111328125
0 0.45263671875 0.33349609375 0.1103515625 0.1103515625
0 0.5439453125 0.0595703125 0.0859375 0.0859375
0 0.5498046875 0.1611328125 0.109375 0.111328125
0 0.546875 0.2705078125 0.109375 0.111328125
0 0.54248046875 0.39404296875 0.1103515625 0.1103515625
0 0.6484375 0.11181640625 0.109375 0.1103515625
0 0.642578125 0.22216796875 0.109375 0.1103515625
0 0.6416015625 0.3369140625 0.109375 0.111328125
0 0.73876953125 0.05810546875 0.1103515625 0.1103515625
0 0.7333984375 0.16650390625 0.09765625 0.0986328125
0 0.73583984375 0.2763671875 0.0849609375 0.0859375
0 0.736328125 0.3896484375 0.09765625 0.09765625
0 0.8271484375 0.11376953125 0.09765625 0.0986328125
0 0.83251953125 0.22607421875 0.1103515625 0.1103515625
0 0.82470703125 0.33251953125 0.1103515625 0.1103515625
0 0.9248046875 0.06982421875 0.109375 0.1103515625
0 0.9248046875 0.17236328125 0.09765625 0.0986328125
0 0.9296875 0.28857421875 0.109375 0.1103515625
0 0.92724609375 0.39892578125 0.1103515625 0.1103515625
0 0.91845703125 0.49560546875 0.1103515625 0.1103515625
0 0.921875 0.607421875 0.09765625 0.09765625
0 0.92333984375 0.7177734375 0.1103515625 0.111328125
0 0.92333984375 0.83642578125 0.1103515625 0.1103515625
0 0.82958984375 0.44873046875 0.1103515625 0.1103515625
0 0.83154296875 0.5654296875 0.1103515625 0.111328125
0 0.822265625 0.6748046875 0.09765625 0.09765625
0 0.83203125 0.79248046875 0.109375 0.1103515625
0 0.7333984375 0.501953125 0.109375 0.111328125
0 0.732421875 0.62158203125 0.060546875 0.0615234375
0 0.728515625 0.72802734375 0.109375 0.1103515625
0 0.73046875 0.83837890625 0.109375 0.1103515625
0 0.638671875 0.4462890625 0.109375 0.111328125
0 0.6416015625 0.55615234375 0.109375 0.1103515625
0 0.63330078125 0.66455078125 0.1103515625 0.1103515625
0 0.63720703125 0.78466796875 0.1103515625 0.1103515625
0 0.54443359375 0.50244140625 0.1103515625 0.1103515625
0 0.54052734375 0.60205078125 0.0615234375 0.0615234375
0 0.54150390625 0.72314453125 0.1103515625 0.1103515625
0 0.541015625 0.83935546875 0.109375 0.1103515625
0 0.45068359375 0.45166015625 0.0615234375 0.0615234375
0 0.44580078125 0.56005859375 0.0615234375 0.0615234375
0 0.447265625 0.67041015625 0.109375 0.1103515625
0 0.4462890625 0.78955078125 0.109375 0.1103515625
0 0.357421875 0.50146484375 0.109375 0.1103515625
0 0.3515625 0.626953125 0.0859375 0.0859375
0 0.3515625 0.72705078125 0.109375 0.1103515625
0 0.353515625 0.83544921875 0.09765625 0.0986328125
0 0.259765625 0.44384765625 0.109375 0.1103515625
0 0.25634765625 0.55615234375 0.1103515625 0.1103515625
0 0.26025390625 0.66650390625 0.1103515625 0.1103515625
0 0.26123046875 0.77880859375 0.1103515625 0.1103515625
0 0.16357421875 0.49560546875 0.1103515625 0.1103515625
0 0.16552734375 0.61279296875 0.1103515625 0.1103515625
0 0.166015625 0.71240234375 0.109375 0.1103515625
0 0.1611328125 0.8271484375 0.109375 0.111328125
0 0.26416015625 0.8857421875 0.1103515625 0.111328125
0 0.0654296875 0.42919921875 0.09765625 0.0986328125
0 0.07421875 0.54833984375 0.109375 0.1103515625
0 0.0732421875 0.662109375 0.109375 0.111328125
0 0.0693359375 0.7802734375 0.109375 0.111328125
0 0.064453125 0.89208984375 0.109375 0.1103515625
0 0.15185546875 0.9365234375 0.1103515625 0.111328125
0 0.3564453125 0.9375 0.09765625 0.09765625
0 0.451171875 0.88916015625 0.09765625 0.0986328125
0 0.63232421875 0.89404296875 0.1103515625 0.1103515625
0 0.8310546875 0.88916015625 0.09765625 0.0986328125