0 0.185546875 0.69677734375 0.07421875 0.0732421875
0 0.75244140625 0.05078125 0.0986328125 0.09765625
0 0.70068359375 0.14013671875 0.1103515625 0.1103515625
0 0.80810546875 0.140625 0.0986328125 0.09765625
0 0.9189453125 0.1484375 0.09765625 0.09765625
0 0.64404296875 0.23583984375 0.1103515625 0.1103515625
0 0.7470703125 0.2333984375 0.111328125 0.109375
0 0.86181640625 0.2373046875 0.0986328125 0.09765625
0 0.81982421875 0.330078125 0.1103515625 0.109375
0 0.908203125 0.3330078125 0.09765625 0.09765625
0 0.6298828125 0.40869140625 0.111328125 0.1103515625
0 0.72998046875 0.4169921875 0.1103515625 0.109375
0 0.87451171875 0.4169921875 0.1103515625 0.109375
0 0.68798828125 0.5263671875 0.1103515625 0.109375
0 0.916015625 0.517578125 0.09765625 0.09765625
0 0.64501953125 0.615234375 0.0986328125 0.09765625
0 0.87939453125 0.6806640625 0.0498046875 0.048828125
0 0.73876953125 0.61572265625 0.1103515625 0.1103515625
0 0.6796875 0.8896484375 0.0859375 0.0859375
0 0.7763671875 0.8876953125 0.09765625 0.09765625
0 0.58544921875 0.1513671875 0.1103515625 0.109375
0 0.25390625 0.1376953125 0.09765625 0.09765625
0 0.14453125 0.1328125 0.111328125 0.109375
0 0.06787109375 0.228515625 0.0986328125 0.09765625
0 0.19775390625 0.232421875 0.1103515625 0.109375
0 0.3251953125 0.232421875 0.09765625 0.09765625
0 0.5244140625 0.2353515625 0.111328125 0.109375
0 0.37841796875 0.3193359375 0.0986328125 0.09765625
0 0.2666015625 0.32275390625 0.111328125 0.1103515625
0 0.14306640625 0.32177734375 0.1103515625 0.1103515625
0 0.08544921875 0.4072265625 0.0986328125 0.09765625
0 0.17919921875 0.4033203125 0.0986328125 0.09765625
0 0.31884765625 0.4072265625 0.1103515625 0.109375
0 0.43017578125 0.4033203125 0.1103515625 0.109375
0 0.537109375 0.41748046875 0.111328125 0.1103515625
0 0.580078125 0.5185546875 0.111328125 0.109375
0 0.474609375 0.51708984375 0.111328125 0.1103515625
0 0.3583984375 0.51708984375 0.0859375 0.0849609375
0 0.13623046875 0.51171875 0.0986328125 0.09765625
0 0.068359375 0.80859375 0.0859375 0.0859375
0 0.162109375 0.88525390625 0.0859375 0.0849609375
0 0.2177734375 0.79833984375 0.0859375 0.0849609375
0 0.2626953125 0.69384765625 0.0859375 0.0849609375
0 0.6162109375 0.794921875 0.0859375 0.0859375
0 0.57275390625 0.89208984375 0.1103515625 0.1103515625
0 0.4677734375 0.8876953125 0.09765625 0.09765625
0 0.3740234375 0.8837890625 0.09765625 0.09765625
0 0.36376953125 0.6943359375 0.0986328125 0.09765625
0 0.42333984375 0.7998046875 0.0986328125 0.09765625
0 0.5263671875 0.79736328125 0.0859375 0.0849609375
0 0.2734375 0.8837890625 0.0859375 0.0859375
0 0.310546875 0.80224609375 0.0859375 0.0849609375
0 0.52783203125 0.5966796875 0.0986328125 0.09765625