0 0.95458984375 0.580078125 0.0498046875 0.048828125
0 0.89990234375 0.671875 0.0498046875 0.048828125
0 0.9619140625 0.7666015625 0.048828125 0.048828125
0 0.8955078125 0.48583984375 0.0859375 0.0849609375
0 0.8916015625 0.29736328125 0.07421875 0.0732421875
0 0.89501953125 0.1123046875 0.0615234375 0.060546875
0 0.78857421875 0.10107421875 0.1103515625 0.1103515625
0 0.66943359375 0.09814453125 0.1103515625 0.1103515625
0 0.55859375 0.1005859375 0.09765625 0.09765625
0 0.44140625 0.103515625 0.111328125 0.109375
0 0.83056640625 0.19482421875 0.1103515625 0.1103515625
0 0.72900390625 0.19873046875 0.1103515625 0.1103515625
0 0.60888671875 0.19873046875 0.1103515625 0.1103515625
0 0.49951171875 0.19384765625 0.1103515625 0.1103515625
0 0.3896484375 0.197265625 0.09765625 0.09765625
0 0.78759765625 0.294921875 0.0869140625 0.0859375
0 0.84228515625 0.38134765625 0.0732421875 0.0732421875
0 0.79345703125 0.48681640625 0.1103515625 0.1103515625
0 0.84228515625 0.5771484375 0.1103515625 0.109375
0 0.79296875 0.673828125 0.111328125 0.109375
0 0.734375 0.7763671875 0.0859375 0.0859375
0 0.8466796875 0.77001953125 0.0859375 0.0849609375
0 0.8955078125 0.86669921875 0.0859375 0.0849609375
0 0.7890625 0.86376953125 0.0859375 0.0849609375
0 0.681640625 0.87109375 0.09765625 0.09765625
0 0.5771484375 0.8662109375 0.09765625 0.09765625
0 0.46044921875 0.861328125 0.0986328125 0.09765625
0 0.84716796875 0.96044921875 0.0732421875 0.0732421875
0 0.5185546875 0.96240234375 0.07421875 0.0732421875
0 0.27392578125 0.96826171875 0.0244140625 0.0244140625
0 0.1552734375 0.9619140625 0.037109375 0.037109375
0 0.04931640625 0.96435546875 0.0244140625 0.0244140625
0 0.12744140625 0.86669921875 0.0244140625 0.0244140625
0 0.01708984375 0.86669921875 0.0244140625 0.0244140625
0 0.35205078125 0.869140625 0.0986328125 0.09765625
0 0.24658203125 0.8671875 0.0986328125 0.09765625
0 0.16162109375 0.576171875 0.0986328125 0.09765625
0 0.05810546875 0.580078125 0.1103515625 0.109375
0 0.1064453125 0.478515625 0.0859375 0.0859375
0 0.169921875 0.39013671875 0.111328125 0.1103515625
0 0.056640625 0.38818359375 0.111328125 0.1103515625
0 0.2177734375 0.29052734375 0.111328125 0.1103515625
0 0.1142578125 0.2900390625 0.111328125 0.109375
0 0.16650390625 0.1923828125 0.1103515625 0.109375
0 0.05810546875 0.197265625 0.0986328125 0.09765625
0 0.27734375 0.1953125 0.111328125 0.109375
0 0.22021484375 0.0986328125 0.1103515625 0.109375
0 0.1162109375 0.09521484375 0.0859375 0.0849609375
0 0.33251953125 0.1005859375 0.1103515625 0.109375