0 0.39208984375 0.92724609375 0.0732421875 0.0732421875
0 0.29345703125 0.75830078125 0.0615234375 0.0615234375
0 0.38818359375 0.80419921875 0.0615234375 0.0615234375
0 0.4814453125 0.765625 0.060546875 0.060546875
0 0.11474609375 0.76025390625 0.0615234375 0.0615234375
0 0.1103515625 0.87353515625 0.09765625 0.0986328125
0 0.205078125 0.81298828125 0.09765625 0.0986328125
0 0.20703125 0.92822265625 0.0859375 0.0869140625
0 0.298828125 0.8720703125 0.0859375 0.0859375
0 0.490234375 0.869140625 0.09765625 0.09765625
0 0.58154296875 0.8115234375 0.0732421875 0.07421875
0 0.6748046875 0.865234375 0.0859375 0.0859375
0 0.5869140625 0.921875 0.09765625 0.09765625