0 0.6552734375 0.33837890625 0.109375 0.1103515625
0 0.939453125 0.93896484375 0.109375 0.1103515625
0 0.94140625 0.83056640625 0.09765625 0.0986328125
0 0.939453125 0.71435546875 0.09765625 0.0986328125
0 0.8466796875 0.8818359375 0.09765625 0.09765625
0 0.841796875 0.77099609375 0.09765625 0.0986328125
0 0.7509765625 0.82421875 0.109375 0.111328125
0 0.7548828125 0.71826171875 0.109375 0.1103515625
0 0.65673828125 0.88525390625 0.1103515625 0.1103515625
0 0.65576171875 0.7744140625 0.1103515625 0.111328125
0 0.5693359375 0.94384765625 0.109375 0.1103515625
0 0.5615234375 0.83251953125 0.109375 0.1103515625
0 0.4658203125 0.88916015625 0.09765625 0.0986328125
0 0.46484375 0.77685546875 0.109375 0.1103515625
0 0.37060546875 0.82666015625 0.1103515625 0.1103515625
0 0.3681640625 0.72119140625 0.109375 0.1103515625
0 0.27099609375 0.8916015625 0.0849609375 0.0859375
0 0.27001953125 0.7783203125 0.0849609375 0.0859375
0 0.1748046875 0.82958984375 0.09765625 0.0986328125
0 0.17724609375 0.72119140625 0.1103515625 0.1103515625
0 0.0791015625 0.89208984375 0.09765625 0.0986328125
0 0.076171875 0.77587890625 0.109375 0.1103515625
0 0.0849609375 0.66259765625 0.109375 0.1103515625
0 0.0859375 0.55029296875 0.109375 0.1103515625
0 0.08251953125 0.44775390625 0.1103515625 0.1103515625
0 0.08642578125 0.34033203125 0.1103515625 0.1103515625
0 0.17529296875 0.60986328125 0.1103515625 0.1103515625
0 0.18408203125 0.49951171875 0.1103515625 0.1103515625
0 0.17822265625 0.38525390625 0.1103515625 0.1103515625
0 0.1787109375 0.2763671875 0.109375 0.111328125
0 0.267578125 0.66748046875 0.09765625 0.0986328125
0 0.2646484375 0.5595703125 0.0859375 0.0859375
0 0.275390625 0.4462890625 0.09765625 0.09765625
0 0.271484375 0.330078125 0.09765625 0.09765625
0 0.369140625 0.60888671875 0.109375 0.1103515625
0 0.3671875 0.5048828125 0.109375 0.111328125
0 0.365234375 0.390625 0.109375 0.111328125
0 0.37060546875 0.291015625 0.1103515625 0.111328125
0 0.466796875 0.66455078125 0.109375 0.1103515625
0 0.46533203125 0.5537109375 0.1103515625 0.111328125
0 0.46826171875 0.4462890625 0.1103515625 0.111328125
0 0.46337890625 0.33935546875 0.1103515625 0.1103515625
0 0.56494140625 0.720703125 0.1103515625 0.111328125
0 0.56298828125 0.61328125 0.1103515625 0.111328125
0 0.55908203125 0.49560546875 0.1103515625 0.1103515625
0 0.5546875 0.39111328125 0.109375 0.1103515625
0 0.65283203125 0.6572265625 0.1103515625 0.111328125
0 0.654296875 0.55224609375 0.09765625 0.0986328125
0 0.6572265625 0.44580078125 0.109375 0.1103515625
0 0.75 0.60986328125 0.09765625 0.0986328125
0 0.7548828125 0.49853515625 0.109375 0.1103515625
0 0.7509765625 0.39404296875 0.109375 0.1103515625
0 0.748046875 0.28076171875 0.048828125 0.0498046875
0 0.65625 0.22607421875 0.048828125 0.0498046875
0 0.5615234375 0.2880859375 0.048828125 0.048828125
0 0.849609375 0.66552734375 0.109375 0.1103515625
0 0.84423828125 0.55029296875 0.1103515625 0.1103515625
0 0.84423828125 0.43994140625 0.1103515625 0.1103515625
0 0.84130859375 0.32763671875 0.1103515625 0.1103515625
0 0.84228515625 0.2216796875 0.0849609375 0.0859375
0 0.939453125 0.61279296875 0.09765625 0.0986328125
0 0.94384765625 0.50244140625 0.1103515625 0.1103515625
0 0.9384765625 0.39111328125 0.09765625 0.0986328125
0 0.94677734375 0.16845703125 0.0732421875 0.0732421875
0 0.84130859375 0.11962890625 0.1103515625 0.1103515625
0 0.7509765625 0.16845703125 0.109375 0.1103515625
0 0.654296875 0.119140625 0.109375 0.111328125
0 0.5517578125 0.060546875 0.0859375 0.0859375
0 0.55810546875 0.1728515625 0.0849609375 0.0859375
0 0.46142578125 0.2216796875 0.0849609375 0.0859375
0 0.46435546875 0.115234375 0.0849609375 0.0859375
0 0.36767578125 0.17333984375 0.0732421875 0.0732421875
0 0.36474609375 0.0615234375 0.0849609375 0.0859375
0 0.279296875 0.22705078125 0.09765625 0.0986328125
0 0.2734375 0.11767578125 0.09765625 0.0986328125
0 0.17626953125 0.17236328125 0.1103515625 0.1103515625
0 0.17529296875 0.05810546875 0.1103515625 0.1103515625
0 0.08154296875 0.22314453125 0.1103515625 0.1103515625
0 0.08447265625 0.11181640625 0.1103515625 0.1103515625