0 0.79638671875 0.95947265625 0.0732421875 0.0732421875
0 0.44091796875 0.345703125 0.0849609375 0.0859375
0 0.44482421875 0.22314453125 0.1103515625 0.1103515625
0 0.44482421875 0.1103515625 0.1103515625 0.111328125
0 0.54443359375 0.05712890625 0.1103515625 0.1103515625
0 0.5458984375 0.1767578125 0.109375 0.111328125
0 0.54443359375 0.28076171875 0.1103515625 0.1103515625
0 0.630859375 0.34228515625 0.09765625 0.0986328125
0 0.630859375 0.23291015625 0.109375 0.1103515625
0 0.62841796875 0.11474609375 0.1103515625 0.1103515625
0 0.7333984375 0.17333984375 0.09765625 0.0986328125
0 0.7294921875 0.2939453125 0.09765625 0.09765625
0 0.82470703125 0.2275390625 0.0849609375 0.0859375
0 0.8212890625 0.11962890625 0.109375 0.1103515625
0 0.9208984375 0.07421875 0.09765625 0.09765625
0 0.921875 0.21240234375 0.09765625 0.0986328125
0 0.921875 0.30224609375 0.109375 0.1103515625
0 0.06640625 0.3271484375 0.109375 0.111328125
0 0.0673828125 0.21533203125 0.109375 0.1103515625
0 0.07177734375 0.10498046875 0.1103515625 0.1103515625
0 0.1591796875 0.392578125 0.0859375 0.0859375
0 0.16845703125 0.27392578125 0.1103515625 0.1103515625
0 0.166015625 0.169921875 0.0859375 0.0859375
0 0.1611328125 0.05517578125 0.09765625 0.0986328125
0 0.2578125 0.11669921875 0.09765625 0.0986328125
0 0.26171875 0.216796875 0.09765625 0.09765625
0 0.2548828125 0.337890625 0.09765625 0.09765625
0 0.34765625 0.376953125 0.109375 0.111328125
0 0.3515625 0.27392578125 0.09765625 0.0986328125
0 0.34814453125 0.1650390625 0.0849609375 0.0859375
0 0.0537109375 0.845703125 0.09765625 0.09765625
0 0.0576171875 0.732421875 0.09765625 0.09765625
0 0.91455078125 0.91552734375 0.0615234375 0.0615234375
0 0.1494140625 0.884765625 0.09765625 0.09765625
0 0.15185546875 0.79541015625 0.1103515625 0.1103515625
0 0.15234375 0.67431640625 0.09765625 0.0986328125
0 0.15087890625 0.5791015625 0.1103515625 0.111328125
0 0.06591796875 0.6259765625 0.1103515625 0.111328125
0 0.2490234375 0.63134765625 0.09765625 0.0986328125
0 0.2451171875 0.7509765625 0.0859375 0.0859375
0 0.2451171875 0.85009765625 0.109375 0.1103515625
0 0.3330078125 0.91357421875 0.09765625 0.0986328125
0 0.3203125 0.76904296875 0.109375 0.1103515625
0 0.3330078125 0.67333984375 0.109375 0.1103515625
0 0.34765625 0.5703125 0.09765625 0.09765625
0 0.4287109375 0.61962890625 0.109375 0.1103515625
0 0.4326171875 0.73779296875 0.109375 0.1103515625
0 0.43115234375 0.8359375 0.0849609375 0.0859375
0 0.5322265625 0.89404296875 0.09765625 0.0986328125
0 0.5322265625 0.79296875 0.09765625 0.09765625
0 0.5322265625 0.67724609375 0.109375 0.1103515625
0 0.53076171875 0.57958984375 0.1103515625 0.1103515625
0 0.62890625 0.62158203125 0.109375 0.1103515625
0 0.6279296875 0.73583984375 0.09765625 0.0986328125
0 0.6171875 0.8515625 0.109375 0.111328125
0 0.708984375 0.8935546875 0.0859375 0.0859375
0 0.80078125 0.8349609375 0.09765625 0.09765625
0 0.81884765625 0.73486328125 0.1103515625 0.1103515625
0 0.82177734375 0.64892578125 0.1103515625 0.1103515625
0 0.716796875 0.6396484375 0.109375 0.111328125
0 0.7255859375 0.78369140625 0.09765625 0.0986328125
0 0.91748046875 0.82470703125 0.0732421875 0.0732421875
0 0.9130859375 0.71923828125 0.09765625 0.0986328125
0 0.91748046875 0.61083984375 0.1103515625 0.1103515625