0 0.1064453125 0.19873046875 0.109375 0.1103515625
0 0.8720703125 0.08984375 0.0859375 0.0859375
0 0.8740234375 0.19873046875 0.09765625 0.0986328125
0 0.7822265625 0.14306640625 0.09765625 0.0986328125
0 0.779296875 0.25439453125 0.09765625 0.0986328125
0 0.67919921875 0.08935546875 0.1103515625 0.1103515625
0 0.67529296875 0.19677734375 0.1103515625 0.1103515625
0 0.58349609375 0.15185546875 0.1103515625 0.1103515625
0 0.5830078125 0.2607421875 0.109375 0.111328125
0 0.486328125 0.0908203125 0.09765625 0.09765625
0 0.490234375 0.20703125 0.09765625 0.09765625
0 0.396484375 0.146484375 0.109375 0.111328125
0 0.39111328125 0.24609375 0.1103515625 0.111328125
0 0.29345703125 0.0908203125 0.1103515625 0.111328125
0 0.29833984375 0.19775390625 0.1103515625 0.1103515625
0 0.20703125 0.14599609375 0.109375 0.1103515625
0 0.1044921875 0.09130859375 0.109375 0.1103515625
0 0.10546875 0.31103515625 0.048828125 0.0498046875
0 0.2001953125 0.2490234375 0.048828125 0.048828125
0 0.107421875 0.41796875 0.109375 0.111328125
0 0.2099609375 0.4765625 0.0859375 0.0859375
0 0.20361328125 0.3642578125 0.0849609375 0.0859375
0 0.30029296875 0.3154296875 0.0849609375 0.0859375
0 0.29736328125 0.421875 0.0849609375 0.0859375
0 0.3046875 0.529296875 0.09765625 0.09765625
0 0.2998046875 0.6337890625 0.09765625 0.09765625
0 0.294921875 0.75048828125 0.09765625 0.0986328125
0 0.39404296875 0.36376953125 0.0732421875 0.0732421875
0 0.39697265625 0.4755859375 0.0849609375 0.0859375
0 0.39599609375 0.6923828125 0.0732421875 0.07421875
0 0.482421875 0.31005859375 0.09765625 0.0986328125
0 0.48828125 0.41943359375 0.09765625 0.0986328125
0 0.4833984375 0.53466796875 0.09765625 0.0986328125
0 0.4931640625 0.6455078125 0.09765625 0.09765625
0 0.4951171875 0.755859375 0.09765625 0.09765625
0 0.58544921875 0.36474609375 0.1103515625 0.1103515625
0 0.58642578125 0.47900390625 0.1103515625 0.1103515625
0 0.5810546875 0.58544921875 0.109375 0.1103515625
0 0.580078125 0.70361328125 0.109375 0.1103515625
0 0.5810546875 0.8115234375 0.109375 0.111328125
0 0.68017578125 0.31396484375 0.1103515625 0.1103515625
0 0.67724609375 0.42529296875 0.1103515625 0.1103515625
0 0.67138671875 0.53369140625 0.1103515625 0.1103515625
0 0.67919921875 0.64599609375 0.1103515625 0.1103515625
0 0.6806640625 0.75439453125 0.109375 0.1103515625
0 0.78125 0.36669921875 0.109375 0.1103515625
0 0.78125 0.47509765625 0.09765625 0.0986328125
0 0.77685546875 0.58740234375 0.1103515625 0.1103515625
0 0.77978515625 0.69873046875 0.1103515625 0.1103515625
0 0.77880859375 0.81396484375 0.1103515625 0.1103515625
0 0.8740234375 0.30712890625 0.109375 0.1103515625
0 0.880859375 0.43115234375 0.109375 0.1103515625
0 0.8740234375 0.53466796875 0.109375 0.1103515625
0 0.8740234375 0.65087890625 0.109375 0.1103515625
0 0.87109375 0.75439453125 0.109375 0.1103515625
0 0.86572265625 0.87353515625 0.1103515625 0.1103515625
0 0.77001953125 0.92138671875 0.1103515625 0.1103515625
0 0.669921875 0.86669921875 0.109375 0.1103515625
0 0.583984375 0.9150390625 0.109375 0.111328125
0 0.48388671875 0.8818359375 0.1103515625 0.111328125
0 0.39501953125 0.8232421875 0.0849609375 0.0859375
0 0.40185546875 0.93701171875 0.0244140625 0.0244140625
0 0.302734375 0.85888671875 0.09765625 0.0986328125