0 0.35986328125 0.66943359375 0.0732421875 0.0732421875
0 0.36083984375 0.5615234375 0.0849609375 0.0859375
0 0.09033203125 0.93115234375 0.0732421875 0.0732421875
0 0.08251953125 0.833984375 0.0732421875 0.07421875
0 0.9365234375 0.77099609375 0.060546875 0.0615234375
0 0.568359375 0.57275390625 0.060546875 0.0615234375
0 0.83447265625 0.615234375 0.0732421875 0.07421875
0 0.07763671875 0.716796875 0.0732421875 0.07421875
0 0.1884765625 0.55908203125 0.09765625 0.0986328125
0 0.19384765625 0.67578125 0.1103515625 0.111328125
0 0.19970703125 0.7802734375 0.1103515625 0.111328125
0 0.19482421875 0.8857421875 0.0732421875 0.07421875
0 0.2841796875 0.60888671875 0.09765625 0.0986328125
0 0.2841796875 0.7255859375 0.09765625 0.09765625
0 0.28466796875 0.83984375 0.0732421875 0.07421875
0 0.27978515625 0.94140625 0.0732421875 0.07421875
0 0.38427734375 0.7744140625 0.0732421875 0.07421875
0 0.37890625 0.888671875 0.09765625 0.09765625
0 0.47021484375 0.60791015625 0.0849609375 0.0869140625
0 0.47412109375 0.72119140625 0.1103515625 0.1103515625
0 0.47900390625 0.83740234375 0.1103515625 0.1103515625
0 0.47314453125 0.94384765625 0.1103515625 0.1103515625
0 0.57568359375 0.66455078125 0.1220703125 0.1220703125
0 0.578125 0.77978515625 0.09765625 0.0986328125
0 0.568359375 0.89208984375 0.09765625 0.0986328125
0 0.6591796875 0.62109375 0.0859375 0.0859375
0 0.6640625 0.72705078125 0.09765625 0.0986328125
0 0.65625 0.84033203125 0.09765625 0.0986328125
0 0.66015625 0.9482421875 0.0859375 0.0859375
0 0.74755859375 0.673828125 0.0849609375 0.0859375
0 0.74951171875 0.7958984375 0.0849609375 0.0859375
0 0.75390625 0.89501953125 0.0859375 0.0869140625
0 0.83544921875 0.7392578125 0.0849609375 0.0859375
0 0.83349609375 0.849609375 0.0849609375 0.0859375
0 0.83349609375 0.94921875 0.0849609375 0.0859375
0 0.9404296875 0.6767578125 0.048828125 0.048828125
0 0.9326171875 0.8818359375 0.0859375 0.0859375