0 0.14111328125 0.75390625 0.1103515625 0.109375
0 0.07763671875 0.087890625 0.0869140625 0.0859375
0 0.2412109375 0.57373046875 0.07421875 0.0732421875
0 0.03369140625 0.18505859375 0.0244140625 0.0244140625
0 0.06787109375 0.28076171875 0.0244140625 0.0244140625
0 0.17724609375 0.28466796875 0.0244140625 0.0244140625
0 0.25927734375 0.28173828125 0.0244140625 0.0244140625
0 0.12060546875 0.18408203125 0.0244140625 0.0244140625
0 0.22802734375 0.19091796875 0.0244140625 0.0244140625
0 0.2587890625 0.0908203125 0.037109375 0.037109375
0 0.17626953125 0.09375 0.1103515625 0.109375
0 0.1337890625 0.5673828125 0.09765625 0.09765625
0 0.08154296875 0.66845703125 0.1103515625 0.1103515625
0 0.19091796875 0.66796875 0.0986328125 0.09765625
0 0.24658203125 0.75146484375 0.0732421875 0.0732421875
0 0.08447265625 0.8544921875 0.0986328125 0.09765625
0 0.18896484375 0.8505859375 0.0986328125 0.09765625
0 0.12841796875 0.9453125 0.0986328125 0.09765625
0 0.24072265625 0.94287109375 0.0732421875 0.0732421875
0 0.40966796875 0.9365234375 0.0615234375 0.060546875
0 0.51611328125 0.9443359375 0.0986328125 0.09765625
0 0.62548828125 0.9443359375 0.0986328125 0.09765625
0 0.4638671875 0.84716796875 0.0859375 0.0849609375
0 0.57177734375 0.8515625 0.0986328125 0.09765625
0 0.68603515625 0.84814453125 0.1220703125 0.1220703125
0 0.79345703125 0.84375 0.0986328125 0.09765625
0 0.904296875 0.84912109375 0.123046875 0.1220703125
0 0.41064453125 0.7548828125 0.0615234375 0.060546875
0 0.52001953125 0.751953125 0.0986328125 0.09765625
0 0.63232421875 0.7568359375 0.0986328125 0.09765625
0 0.74365234375 0.755859375 0.0986328125 0.09765625
0 0.84521484375 0.751953125 0.0986328125 0.09765625
0 0.466796875 0.6630859375 0.0859375 0.0859375
0 0.57080078125 0.662109375 0.0986328125 0.09765625
0 0.68408203125 0.66015625 0.0986328125 0.09765625
0 0.79736328125 0.6630859375 0.0986328125 0.09765625
0 0.91162109375 0.66259765625 0.1220703125 0.1220703125
0 0.41796875 0.56494140625 0.037109375 0.0361328125
0 0.5166015625 0.564453125 0.09765625 0.09765625
0 0.62548828125 0.5654296875 0.1103515625 0.109375
0 0.74609375 0.56787109375 0.123046875 0.1220703125
0 0.85595703125 0.5625 0.1103515625 0.109375
0 0.4755859375 0.46923828125 0.0859375 0.0849609375
0 0.5732421875 0.4716796875 0.09765625 0.09765625
0 0.689453125 0.47314453125 0.111328125 0.1103515625
0 0.8017578125 0.47705078125 0.123046875 0.1220703125
0 0.90380859375 0.474609375 0.1103515625 0.109375
0 0.42236328125 0.369140625 0.0615234375 0.060546875
0 0.5205078125 0.376953125 0.0859375 0.0859375
0 0.6318359375 0.37548828125 0.111328125 0.1103515625
0 0.7451171875 0.38330078125 0.123046875 0.1220703125
0 0.85302734375 0.38330078125 0.1103515625 0.1103515625
0 0.470703125 0.2802734375 0.0859375 0.0859375
0 0.58056640625 0.2880859375 0.0986328125 0.09765625
0 0.69091796875 0.2783203125 0.1103515625 0.109375
0 0.802734375 0.28076171875 0.123046875 0.1220703125
0 0.91455078125 0.28173828125 0.0615234375 0.0615234375
0 0.42919921875 0.18310546875 0.0615234375 0.0615234375
0 0.52294921875 0.1865234375 0.0986328125 0.09765625
0 0.6376953125 0.18212890625 0.123046875 0.1220703125
0 0.74658203125 0.189453125 0.1103515625 0.109375
0 0.861328125 0.18603515625 0.123046875 0.1220703125
0 0.47216796875 0.0888671875 0.0986328125 0.09765625
0 0.58154296875 0.09326171875 0.1103515625 0.1103515625
0 0.685546875 0.10107421875 0.123046875 0.1220703125
0 0.80810546875 0.09228515625 0.1103515625 0.1103515625
0 0.9111328125 0.09130859375 0.123046875 0.1220703125