0 0.259765625 0.10546875 0.0859375 0.0859375
0 0.0947265625 0.95361328125 0.0859375 0.0849609375
0 0.15283203125 0.8642578125 0.1103515625 0.109375
0 0.26806640625 0.8623046875 0.0986328125 0.09765625
0 0.37646484375 0.86474609375 0.1103515625 0.1103515625
0 0.10302734375 0.7626953125 0.1103515625 0.109375
0 0.20556640625 0.7666015625 0.0986328125 0.09765625
0 0.32177734375 0.763671875 0.1103515625 0.109375
0 0.1513671875 0.66748046875 0.111328125 0.1103515625
0 0.26123046875 0.6669921875 0.0986328125 0.09765625
0 0.1025390625 0.580078125 0.111328125 0.109375
0 0.20703125 0.57763671875 0.111328125 0.1103515625
0 0.3037109375 0.56982421875 0.111328125 0.1103515625
0 0.1513671875 0.4814453125 0.09765625 0.09765625
0 0.265625 0.4794921875 0.09765625 0.09765625
0 0.09912109375 0.38720703125 0.1103515625 0.1103515625
0 0.20654296875 0.3876953125 0.0986328125 0.09765625
0 0.0478515625 0.29541015625 0.0859375 0.0849609375
0 0.1552734375 0.29248046875 0.0859375 0.0849609375
0 0.263671875 0.29248046875 0.07421875 0.0732421875
0 0.10009765625 0.20068359375 0.0732421875 0.0732421875
0 0.21142578125 0.19873046875 0.0732421875 0.0732421875
0 0.0556640625 0.103515625 0.0859375 0.0859375
0 0.15576171875 0.1064453125 0.0869140625 0.0859375
0 0.31298828125 0.1943359375 0.0986328125 0.09765625
0 0.37646484375 0.1083984375 0.0986328125 0.09765625
0 0.48388671875 0.1083984375 0.0986328125 0.09765625
0 0.5986328125 0.10595703125 0.0859375 0.0849609375
0 0.70703125 0.10302734375 0.0859375 0.0849609375
0 0.8115234375 0.1044921875 0.09765625 0.09765625
0 0.42529296875 0.2001953125 0.0986328125 0.09765625
0 0.5380859375 0.197265625 0.09765625 0.09765625
0 0.6572265625 0.20068359375 0.0859375 0.0849609375
0 0.759765625 0.2021484375 0.09765625 0.09765625
0 0.3701171875 0.2900390625 0.09765625 0.09765625
0 0.490234375 0.29296875 0.0859375 0.0859375
0 0.5986328125 0.29052734375 0.07421875 0.0732421875
0 0.70703125 0.29248046875 0.07421875 0.0732421875
0 0.81884765625 0.30029296875 0.0732421875 0.0732421875
0 0.3193359375 0.3876953125 0.111328125 0.109375
0 0.4306640625 0.388671875 0.09765625 0.09765625
0 0.5439453125 0.384765625 0.09765625 0.09765625
0 0.6494140625 0.38427734375 0.0859375 0.0849609375
0 0.75830078125 0.3828125 0.0986328125 0.09765625
0 0.373046875 0.482421875 0.09765625 0.09765625
0 0.48388671875 0.482421875 0.0986328125 0.09765625
0 0.5947265625 0.47998046875 0.0859375 0.0849609375
0 0.70654296875 0.4814453125 0.0986328125 0.09765625
0 0.82080078125 0.4814453125 0.0986328125 0.09765625
0 0.43212890625 0.57568359375 0.1103515625 0.1103515625
0 0.53955078125 0.57373046875 0.1103515625 0.1103515625
0 0.650390625 0.5771484375 0.0859375 0.0859375
0 0.75927734375 0.5751953125 0.0986328125 0.09765625
0 0.37353515625 0.673828125 0.0986328125 0.09765625
0 0.48291015625 0.6767578125 0.0986328125 0.09765625
0 0.59619140625 0.66796875 0.0986328125 0.09765625
0 0.70361328125 0.6669921875 0.0986328125 0.09765625
0 0.81494140625 0.669921875 0.0986328125 0.09765625
0 0.43505859375 0.7724609375 0.1103515625 0.109375
0 0.54736328125 0.7734375 0.1103515625 0.109375
0 0.64990234375 0.77001953125 0.1103515625 0.1103515625
0 0.75732421875 0.77392578125 0.1103515625 0.1103515625
0 0.48779296875 0.86279296875 0.1103515625 0.1103515625
0 0.59814453125 0.87158203125 0.1103515625 0.1103515625
0 0.71240234375 0.86572265625 0.1103515625 0.1103515625
0 0.8212890625 0.8662109375 0.111328125 0.109375
0 0.5380859375 0.9521484375 0.0859375 0.0859375
0 0.92529296875 0.86376953125 0.1103515625 0.1103515625
0 0.87451171875 0.76904296875 0.1103515625 0.1103515625
0 0.92724609375 0.66796875 0.1103515625 0.109375
0 0.86767578125 0.5751953125 0.1103515625 0.109375
0 0.921875 0.48046875 0.09765625 0.09765625
0 0.873046875 0.38720703125 0.07421875 0.0732421875
0 0.9248046875 0.29541015625 0.07421875 0.0732421875
0 0.86767578125 0.197265625 0.0986328125 0.09765625
0 0.91943359375 0.1044921875 0.0986328125 0.09765625