0 0.12255859375 0.84326171875 0.0732421875 0.0732421875
0 0.1806640625 0.18505859375 0.07421875 0.0732421875
0 0.11962890625 0.2783203125 0.0615234375 0.060546875
0 0.62060546875 0.17626953125 0.0732421875 0.0732421875
0 0.771484375 0.10302734375 0.07421875 0.0732421875
0 0.888671875 0.103515625 0.0859375 0.0859375
0 0.947265625 0.18408203125 0.07421875 0.0732421875
0 0.884765625 0.28173828125 0.0859375 0.0849609375
0 0.88818359375 0.46484375 0.0986328125 0.09765625
0 0.9365234375 0.74169921875 0.0859375 0.0849609375
0 0.89453125 0.84375 0.09765625 0.09765625
0 0.9462890625 0.9345703125 0.09765625 0.09765625
0 0.8232421875 0.17919921875 0.07421875 0.0732421875
0 0.71533203125 0.18408203125 0.0732421875 0.0732421875
0 0.673828125 0.27734375 0.0859375 0.0859375
0 0.7890625 0.27734375 0.0859375 0.0859375
0 0.677734375 0.08837890625 0.07421875 0.0732421875
0 0.55810546875 0.08837890625 0.0732421875 0.0732421875
0 0.337890625 0.08837890625 0.0859375 0.0849609375
0 0.2353515625 0.0908203125 0.0859375 0.0859375
0 0.251953125 0.4697265625 0.0859375 0.0859375
0 0.365234375 0.6533203125 0.0859375 0.0859375
0 0.39453125 0.5625 0.0859375 0.0859375
0 0.11181640625 0.09375 0.0986328125 0.09765625
0 0.0791015625 0.177734375 0.09765625 0.09765625
0 0.2900390625 0.18359375 0.09765625 0.09765625
0 0.39306640625 0.1826171875 0.0986328125 0.09765625
0 0.513671875 0.17626953125 0.0859375 0.0849609375
0 0.4462890625 0.09130859375 0.0859375 0.0849609375
0 0.2392578125 0.2705078125 0.111328125 0.109375
0 0.34619140625 0.27685546875 0.1103515625 0.1103515625
0 0.45361328125 0.27587890625 0.1103515625 0.1103515625
0 0.57373046875 0.27490234375 0.1103515625 0.1103515625
0 0.630859375 0.365234375 0.0859375 0.0859375
0 0.720703125 0.3642578125 0.0859375 0.0859375
0 0.5224609375 0.35986328125 0.0859375 0.0849609375
0 0.39111328125 0.36376953125 0.1103515625 0.1103515625
0 0.28955078125 0.36767578125 0.1103515625 0.1103515625
0 0.1845703125 0.36328125 0.0859375 0.0859375
0 0.07275390625 0.3603515625 0.0986328125 0.09765625
0 0.12841796875 0.4658203125 0.0986328125 0.09765625
0 0.369140625 0.46728515625 0.111328125 0.1103515625
0 0.47998046875 0.47119140625 0.1103515625 0.1103515625
0 0.58740234375 0.46875 0.0986328125 0.09765625
0 0.66845703125 0.4638671875 0.0986328125 0.09765625
0 0.7421875 0.56298828125 0.0859375 0.0849609375
0 0.83740234375 0.5615234375 0.0986328125 0.09765625
0 0.78271484375 0.46484375 0.0986328125 0.09765625
0 0.83349609375 0.3603515625 0.0986328125 0.09765625
0 0.63427734375 0.5595703125 0.0986328125 0.09765625
0 0.2373046875 0.6572265625 0.09765625 0.09765625
0 0.1220703125 0.66064453125 0.0859375 0.0849609375
0 0.072265625 0.5625 0.0859375 0.0859375
0 0.173828125 0.55078125 0.09765625 0.09765625
0 0.2900390625 0.5576171875 0.0859375 0.0859375
0 0.4716796875 0.65478515625 0.0859375 0.0849609375
0 0.541015625 0.5576171875 0.0859375 0.0859375
0 0.42578125 0.7373046875 0.0859375 0.0859375
0 0.2998046875 0.74462890625 0.0859375 0.0849609375
0 0.78515625 0.65234375 0.09765625 0.09765625
0 0.67041015625 0.6533203125 0.0986328125 0.09765625
0 0.5703125 0.65185546875 0.0859375 0.0849609375
0 0.51953125 0.734375 0.09765625 0.09765625
0 0.6240234375 0.7451171875 0.0859375 0.0859375
0 0.7255859375 0.7412109375 0.0859375 0.0859375
0 0.83447265625 0.748046875 0.0869140625 0.0859375
0 0.2939453125 0.9423828125 0.0859375 0.0859375
0 0.2451171875 0.8427734375 0.09765625 0.09765625
0 0.3466796875 0.84033203125 0.0859375 0.0849609375
0 0.44921875 0.8427734375 0.09765625 0.09765625
0 0.56396484375 0.84375 0.0986328125 0.09765625
0 0.6767578125 0.84326171875 0.0859375 0.0849609375
0 0.787109375 0.8369140625 0.0859375 0.0859375
0 0.8408203125 0.943359375 0.0859375 0.0859375
0 0.72607421875 0.939453125 0.0986328125 0.09765625
0 0.6298828125 0.9326171875 0.09765625 0.09765625
0 0.5126953125 0.9375 0.0859375 0.0859375
0 0.39453125 0.93212890625 0.0859375 0.0849609375
0 0.17724609375 0.9345703125 0.0986328125 0.09765625
0 0.0703125 0.93212890625 0.0859375 0.0849609375
0 0.203125 0.74853515625 0.0859375 0.0849609375
0 0.8984375 0.65283203125 0.0859375 0.0849609375
0 0.0927734375 0.740234375 0.0859375 0.0859375