0 0.1884765625 0.31396484375 0.109375 0.1103515625
0 0.85546875 0.90869140625 0.09765625 0.0986328125
0 0.85693359375 0.80517578125 0.1103515625 0.1103515625
0 0.7509765625 0.85888671875 0.109375 0.1103515625
0 0.74951171875 0.74755859375 0.1103515625 0.1103515625
0 0.6591796875 0.91552734375 0.109375 0.1103515625
0 0.6611328125 0.81201171875 0.109375 0.1103515625
0 0.56591796875 0.86376953125 0.1103515625 0.1103515625
0 0.57177734375 0.75146484375 0.1103515625 0.1103515625
0 0.47265625 0.91455078125 0.109375 0.1103515625
0 0.474609375 0.80615234375 0.09765625 0.0986328125
0 0.47265625 0.68994140625 0.09765625 0.0986328125
0 0.3798828125 0.857421875 0.09765625 0.09765625
0 0.375 0.74658203125 0.09765625 0.0986328125
0 0.28466796875 0.921875 0.1103515625 0.111328125
0 0.2841796875 0.7998046875 0.109375 0.111328125
0 0.2880859375 0.69384765625 0.109375 0.1103515625
0 0.18994140625 0.86083984375 0.1103515625 0.1103515625
0 0.18896484375 0.75 0.1103515625 0.111328125
0 0.1025390625 0.91943359375 0.109375 0.1103515625
0 0.0947265625 0.80810546875 0.109375 0.1103515625
0 0.09814453125 0.6962890625 0.1103515625 0.111328125
0 0.09619140625 0.5888671875 0.1103515625 0.111328125
0 0.09228515625 0.47119140625 0.1103515625 0.1103515625
0 0.087890625 0.36669921875 0.109375 0.1103515625
0 0.18603515625 0.6328125 0.1103515625 0.111328125
0 0.1875 0.52783203125 0.09765625 0.0986328125
0 0.1904296875 0.42138671875 0.109375 0.1103515625
0 0.283203125 0.58544921875 0.09765625 0.0986328125
0 0.2880859375 0.47412109375 0.109375 0.1103515625
0 0.2841796875 0.36962890625 0.109375 0.1103515625
0 0.28125 0.25634765625 0.048828125 0.0498046875
0 0.189453125 0.20166015625 0.048828125 0.0498046875
0 0.0947265625 0.263671875 0.048828125 0.048828125
0 0.3828125 0.64111328125 0.109375 0.1103515625
0 0.37744140625 0.52587890625 0.1103515625 0.1103515625
0 0.37744140625 0.41552734375 0.1103515625 0.1103515625
0 0.37451171875 0.30322265625 0.1103515625 0.1103515625
0 0.37548828125 0.197265625 0.0849609375 0.0859375
0 0.47265625 0.58837890625 0.09765625 0.0986328125
0 0.47705078125 0.47802734375 0.1103515625 0.1103515625
0 0.4716796875 0.36669921875 0.09765625 0.0986328125
0 0.56640625 0.63720703125 0.109375 0.1103515625
0 0.5693359375 0.52880859375 0.109375 0.1103515625
0 0.564453125 0.41943359375 0.109375 0.1103515625
0 0.5654296875 0.31494140625 0.109375 0.1103515625
0 0.56396484375 0.193359375 0.0732421875 0.07421875
0 0.6572265625 0.69091796875 0.109375 0.1103515625
0 0.658203125 0.58251953125 0.09765625 0.0986328125
0 0.65673828125 0.46728515625 0.1103515625 0.1103515625
0 0.66259765625 0.37451171875 0.1103515625 0.1103515625
0 0.66064453125 0.2529296875 0.1103515625 0.111328125
0 0.75341796875 0.62841796875 0.1103515625 0.1103515625
0 0.74951171875 0.51513671875 0.1103515625 0.1103515625
0 0.75244140625 0.408203125 0.1103515625 0.111328125
0 0.7509765625 0.30078125 0.09765625 0.09765625
0 0.7490234375 0.19677734375 0.060546875 0.0615234375
0 0.85986328125 0.69189453125 0.1103515625 0.1103515625
0 0.85498046875 0.58056640625 0.1103515625 0.1103515625
0 0.8544921875 0.46875 0.109375 0.111328125
0 0.85546875 0.3681640625 0.09765625 0.09765625
0 0.8525390625 0.24853515625 0.109375 0.1103515625
0 0.947265625 0.5185546875 0.09765625 0.09765625
0 0.853515625 0.13623046875 0.09765625 0.0986328125
0 0.76025390625 0.09033203125 0.1103515625 0.1103515625
0 0.66650390625 0.13232421875 0.1103515625 0.1103515625
0 0.56640625 0.08935546875 0.0859375 0.0869140625
0 0.47998046875 0.14404296875 0.0732421875 0.0732421875
0 0.37451171875 0.09521484375 0.1103515625 0.1103515625
0 0.2841796875 0.14404296875 0.109375 0.1103515625
0 0.1875 0.0947265625 0.109375 0.111328125
0 0.09130859375 0.1484375 0.0849609375 0.0859375