0 0.24365234375 0.83544921875 0.0732421875 0.0732421875
0 0.33642578125 0.4267578125 0.0732421875 0.07421875
0 0.15087890625 0.908203125 0.0732421875 0.07421875
0 0.81640625 0.7236328125 0.0859375 0.0859375
0 0.818359375 0.8203125 0.09765625 0.09765625
0 0.716796875 0.67822265625 0.109375 0.1103515625
0 0.6201171875 0.7431640625 0.09765625 0.09765625
0 0.5322265625 0.67822265625 0.109375 0.1103515625
0 0.43505859375 0.7353515625 0.1103515625 0.111328125
0 0.3447265625 0.71044921875 0.109375 0.1103515625
0 0.3369140625 0.806640625 0.09765625 0.09765625
0 0.2412109375 0.73388671875 0.09765625 0.0986328125
0 0.44140625 0.9443359375 0.0859375 0.0859375
0 0.154296875 0.677734375 0.09765625 0.09765625
0 0.1455078125 0.7861328125 0.0859375 0.0859375
0 0.82763671875 0.0615234375 0.0849609375 0.0859375
0 0.8974609375 0.1123046875 0.0859375 0.0859375
0 0.82080078125 0.2060546875 0.0849609375 0.0859375
0 0.90771484375 0.26171875 0.0849609375 0.0859375
0 0.9111328125 0.66015625 0.0859375 0.0859375
0 0.81396484375 0.61669921875 0.1103515625 0.1103515625
0 0.818359375 0.51171875 0.09765625 0.09765625
0 0.822265625 0.41796875 0.09765625 0.09765625
0 0.90625 0.46728515625 0.09765625 0.0986328125
0 0.90869140625 0.5703125 0.0849609375 0.0859375
0 0.822265625 0.3173828125 0.0859375 0.0859375
0 0.90380859375 0.3544921875 0.0849609375 0.0859375
0 0.72412109375 0.14111328125 0.1103515625 0.1103515625
0 0.7216796875 0.23193359375 0.109375 0.1103515625
0 0.71728515625 0.359375 0.1103515625 0.111328125
0 0.72119140625 0.45458984375 0.1103515625 0.1103515625
0 0.7275390625 0.5791015625 0.109375 0.111328125
0 0.630859375 0.51904296875 0.109375 0.1103515625
0 0.630859375 0.41259765625 0.109375 0.1103515625
0 0.626953125 0.30322265625 0.109375 0.1103515625
0 0.5380859375 0.1474609375 0.0859375 0.0859375
0 0.5380859375 0.24609375 0.0859375 0.0859375
0 0.5322265625 0.36279296875 0.09765625 0.0986328125
0 0.53125 0.4658203125 0.09765625 0.09765625
0 0.154296875 0.12890625 0.0859375 0.0859375
0 0.1474609375 0.228515625 0.0859375 0.0859375
0 0.15380859375 0.3603515625 0.0849609375 0.0859375
0 0.26123046875 0.376953125 0.0849609375 0.0859375
0 0.25732421875 0.2939453125 0.0849609375 0.0859375
0 0.2470703125 0.177734375 0.0859375 0.0859375
0 0.24853515625 0.0634765625 0.0849609375 0.0859375
0 0.3427734375 0.1337890625 0.0859375 0.0859375
0 0.34033203125 0.255859375 0.0849609375 0.0859375
0 0.34130859375 0.337890625 0.0849609375 0.0859375
0 0.439453125 0.48828125 0.0859375 0.0859375
0 0.43701171875 0.380859375 0.0849609375 0.0859375
0 0.44482421875 0.2861328125 0.0849609375 0.0859375
0 0.43701171875 0.19140625 0.0849609375 0.0859375
0 0.44140625 0.0810546875 0.0859375 0.0859375
0 0.6259765625 0.08203125 0.0859375 0.0859375
0 0.62451171875 0.1923828125 0.0849609375 0.0859375
0 0.435546875 0.63720703125 0.09765625 0.0986328125
0 0.34375 0.61669921875 0.109375 0.1103515625
0 0.24658203125 0.63330078125 0.1103515625 0.1103515625
0 0.15234375 0.5654296875 0.09765625 0.09765625
0 0.0634765625 0.07373046875 0.09765625 0.0986328125
0 0.06103515625 0.1826171875 0.0849609375 0.0859375
0 0.0595703125 0.30029296875 0.09765625 0.0986328125
0 0.060546875 0.41357421875 0.09765625 0.0986328125