0 0.78466796875 0.869140625 0.0732421875 0.07421875
0 0.1328125 0.40625 0.09765625 0.09765625
0 0.138671875 0.30224609375 0.09765625 0.0986328125
0 0.13671875 0.19287109375 0.09765625 0.0986328125
0 0.1337890625 0.08740234375 0.109375 0.1103515625
0 0.22802734375 0.35400390625 0.1103515625 0.1103515625
0 0.228515625 0.24658203125 0.09765625 0.0986328125
0 0.236328125 0.1357421875 0.09765625 0.09765625
0 0.32373046875 0.41064453125 0.1103515625 0.1103515625
0 0.3212890625 0.3076171875 0.109375 0.111328125
0 0.3251953125 0.19287109375 0.09765625 0.0986328125
0 0.32666015625 0.076171875 0.1103515625 0.111328125
0 0.41796875 0.23486328125 0.109375 0.1103515625
0 0.4208984375 0.146484375 0.09765625 0.09765625
0 0.41552734375 0.060546875 0.1103515625 0.111328125
0 0.49658203125 0.4248046875 0.1103515625 0.111328125
0 0.5048828125 0.32470703125 0.109375 0.1103515625
0 0.5048828125 0.18017578125 0.109375 0.1103515625
0 0.5087890625 0.09033203125 0.09765625 0.0986328125
0 0.6142578125 0.36669921875 0.109375 0.1103515625
0 0.60546875 0.138671875 0.09765625 0.09765625
0 0.703125 0.40966796875 0.09765625 0.0986328125
0 0.7685546875 0.17529296875 0.048828125 0.0498046875
0 0.70361328125 0.31591796875 0.1103515625 0.1103515625
0 0.1318359375 0.51220703125 0.109375 0.1103515625
0 0.2392578125 0.46923828125 0.109375 0.1103515625
0 0.2255859375 0.80078125 0.09765625 0.09765625
0 0.12890625 0.84619140625 0.109375 0.1103515625
0 0.220703125 0.91015625 0.109375 0.111328125
0 0.3203125 0.85693359375 0.109375 0.1103515625
0 0.3203125 0.7294921875 0.09765625 0.09765625
0 0.3232421875 0.5302734375 0.109375 0.111328125
0 0.4072265625 0.67626953125 0.09765625 0.0986328125
0 0.41064453125 0.7880859375 0.1103515625 0.111328125
0 0.40966796875 0.91162109375 0.1103515625 0.1103515625
0 0.4912109375 0.87548828125 0.09765625 0.0986328125
0 0.4951171875 0.73583984375 0.109375 0.1103515625
0 0.4912109375 0.62451171875 0.109375 0.1103515625
0 0.50537109375 0.517578125 0.1103515625 0.111328125
0 0.6064453125 0.474609375 0.109375 0.111328125
0 0.60498046875 0.580078125 0.1103515625 0.111328125
0 0.60498046875 0.6962890625 0.0849609375 0.0859375
0 0.599609375 0.91845703125 0.09765625 0.0986328125
0 0.88623046875 0.8369140625 0.0849609375 0.0859375
0 0.78173828125 0.7919921875 0.0849609375 0.0859375
0 0.8828125 0.4384765625 0.0859375 0.0859375
0 0.7822265625 0.69091796875 0.09765625 0.0986328125
0 0.8876953125 0.63134765625 0.09765625 0.0986328125
0 0.88525390625 0.5283203125 0.0849609375 0.0859375
0 0.89013671875 0.744140625 0.0849609375 0.0859375
0 0.6845703125 0.52685546875 0.09765625 0.0986328125