0 0.17236328125 0.83154296875 0.0732421875 0.0732421875
0 0.09912109375 0.6806640625 0.0732421875 0.07421875
0 0.099609375 0.5634765625 0.0859375 0.0859375
0 0.09814453125 0.4501953125 0.0849609375 0.0859375
0 0.0908203125 0.3369140625 0.09765625 0.09765625
0 0.0869140625 0.23388671875 0.109375 0.1103515625
0 0.07666015625 0.0966796875 0.0849609375 0.0859375
0 0.18115234375 0.17578125 0.1103515625 0.111328125
0 0.1787109375 0.27734375 0.109375 0.111328125
0 0.1806640625 0.39306640625 0.09765625 0.0986328125
0 0.18017578125 0.5048828125 0.0732421875 0.07421875
0 0.27783203125 0.5673828125 0.0849609375 0.0859375
0 0.28076171875 0.4462890625 0.0849609375 0.0859375
0 0.2783203125 0.33740234375 0.109375 0.1103515625
0 0.275390625 0.22900390625 0.09765625 0.0986328125
0 0.26953125 0.10546875 0.0859375 0.0859375
0 0.36474609375 0.060546875 0.0849609375 0.0859375
0 0.35595703125 0.169921875 0.0849609375 0.0859375
0 0.35302734375 0.2822265625 0.0849609375 0.0859375
0 0.3525390625 0.38818359375 0.09765625 0.0986328125
0 0.3671875 0.4931640625 0.0859375 0.0859375
0 0.4609375 0.56396484375 0.09765625 0.0986328125
0 0.46533203125 0.43994140625 0.1103515625 0.1103515625
0 0.46435546875 0.33349609375 0.1103515625 0.1103515625
0 0.46044921875 0.22412109375 0.0966796875 0.0986328125
0 0.45947265625 0.1201171875 0.0849609375 0.0859375
0 0.55224609375 0.06298828125 0.0849609375 0.0869140625
0 0.5517578125 0.49462890625 0.109375 0.1103515625
0 0.5517578125 0.38818359375 0.09765625 0.0986328125
0 0.55224609375 0.27783203125 0.1103515625 0.1103515625
0 0.5546875 0.16455078125 0.109375 0.1103515625
0 0.73779296875 0.515625 0.0849609375 0.0859375
0 0.7265625 0.3857421875 0.09765625 0.09765625
0 0.73046875 0.28076171875 0.09765625 0.0986328125
0 0.7431640625 0.16455078125 0.09765625 0.0986328125
0 0.83984375 0.5576171875 0.09765625 0.09765625
0 0.8515625 0.44873046875 0.109375 0.1103515625
0 0.8427734375 0.333984375 0.09765625 0.09765625
0 0.8447265625 0.21826171875 0.09765625 0.0986328125
0 0.8427734375 0.107421875 0.09765625 0.09765625
0 0.93359375 0.07373046875 0.09765625 0.0986328125
0 0.9365234375 0.1650390625 0.09765625 0.09765625
0 0.93359375 0.28076171875 0.09765625 0.0986328125
0 0.9345703125 0.392578125 0.09765625 0.09765625
0 0.9306640625 0.505859375 0.09765625 0.09765625
0 0.17529296875 0.62890625 0.0732421875 0.07421875
0 0.18017578125 0.73681640625 0.0732421875 0.0732421875
0 0.2734375 0.7783203125 0.0859375 0.0859375
0 0.2734375 0.6630859375 0.0859375 0.0859375
0 0.08447265625 0.7744140625 0.0732421875 0.07421875
0 0.08447265625 0.89404296875 0.0732421875 0.0732421875
0 0.17236328125 0.9384765625 0.0849609375 0.0859375
0 0.27099609375 0.87841796875 0.1103515625 0.1103515625
0 0.361328125 0.8212890625 0.0859375 0.0859375
0 0.3603515625 0.7314453125 0.0859375 0.0859375
0 0.35595703125 0.9296875 0.0849609375 0.0859375
0 0.46484375 0.86474609375 0.09765625 0.0986328125
0 0.4599609375 0.78369140625 0.09765625 0.0986328125
0 0.55908203125 0.7099609375 0.0849609375 0.0859375
0 0.5576171875 0.61474609375 0.09765625 0.0986328125
0 0.4609375 0.66943359375 0.09765625 0.0986328125
0 0.3564453125 0.61865234375 0.09765625 0.0986328125
0 0.5556640625 0.81787109375 0.09765625 0.0986328125
0 0.5537109375 0.9111328125 0.0859375 0.0859375
0 0.6484375 0.6669921875 0.09765625 0.09765625
0 0.6494140625 0.78173828125 0.09765625 0.0986328125
0 0.64794921875 0.8818359375 0.0849609375 0.0859375
0 0.73046875 0.9326171875 0.09765625 0.09765625
0 0.7412109375 0.828125 0.0859375 0.0859375
0 0.7373046875 0.7265625 0.0859375 0.0859375
0 0.744140625 0.61767578125 0.0859375 0.0869140625
0 0.83984375 0.88818359375 0.09765625 0.0986328125
0 0.83935546875 0.775390625 0.0849609375 0.0859375
0 0.8330078125 0.6650390625 0.0859375 0.0859375
0 0.939453125 0.611328125 0.0859375 0.0859375
0 0.935546875 0.72607421875 0.09765625 0.0986328125
0 0.9287109375 0.822265625 0.09765625 0.09765625
0 0.93359375 0.939453125 0.0859375 0.0859375
0 0.65087890625 0.44775390625 0.1103515625 0.1103515625
0 0.6494140625 0.32568359375 0.109375 0.1103515625
0 0.6494140625 0.21044921875 0.109375 0.1103515625
0 0.654296875 0.11474609375 0.109375 0.1103515625
0 0.64892578125 0.5537109375 0.0849609375 0.0859375