0 0.16064453125 0.921875 0.1103515625 0.109375
0 0.2724609375 0.919921875 0.09765625 0.09765625
0 0.10888671875 0.8193359375 0.1103515625 0.109375
0 0.21337890625 0.818359375 0.0986328125 0.09765625
0 0.32177734375 0.822265625 0.1103515625 0.109375
0 0.06201171875 0.7314453125 0.0986328125 0.09765625
0 0.15673828125 0.7333984375 0.0986328125 0.09765625
0 0.27490234375 0.720703125 0.1103515625 0.109375
0 0.1015625 0.63720703125 0.0859375 0.0849609375
0 0.21240234375 0.64013671875 0.0869140625 0.0849609375
0 0.31298828125 0.63671875 0.0986328125 0.09765625
0 0.14990234375 0.5263671875 0.1103515625 0.109375
0 0.26806640625 0.52587890625 0.1103515625 0.1103515625
0 0.38427734375 0.53076171875 0.1103515625 0.1103515625
0 0.09814453125 0.435546875 0.1103515625 0.109375
0 0.20947265625 0.435546875 0.0986328125 0.09765625
0 0.32373046875 0.4384765625 0.1103515625 0.109375
0 0.05078125 0.3408203125 0.09765625 0.09765625
0 0.162109375 0.3408203125 0.09765625 0.09765625
0 0.26953125 0.34228515625 0.0859375 0.0849609375
0 0.3828125 0.341796875 0.0859375 0.0859375
0 0.107421875 0.24169921875 0.111328125 0.1103515625
0 0.2177734375 0.24951171875 0.111328125 0.1103515625
0 0.32373046875 0.24365234375 0.1103515625 0.1103515625
0 0.0498046875 0.15234375 0.0859375 0.0859375
0 0.1513671875 0.146484375 0.111328125 0.109375
0 0.2607421875 0.1494140625 0.111328125 0.109375
0 0.38427734375 0.15380859375 0.1103515625 0.1103515625
0 0.4365234375 0.0576171875 0.111328125 0.109375
0 0.65478515625 0.06298828125 0.1103515625 0.1103515625
0 0.77490234375 0.05908203125 0.1103515625 0.1103515625
0 0.49267578125 0.15185546875 0.1103515625 0.1103515625
0 0.59228515625 0.15576171875 0.0615234375 0.0615234375
0 0.71337890625 0.15478515625 0.1103515625 0.1103515625
0 0.82958984375 0.1552734375 0.1103515625 0.109375
0 0.44189453125 0.24560546875 0.0615234375 0.0615234375
0 0.55029296875 0.25048828125 0.0615234375 0.0615234375
0 0.66064453125 0.2490234375 0.1103515625 0.109375
0 0.77978515625 0.25 0.1103515625 0.109375
0 0.49169921875 0.3388671875 0.1103515625 0.109375
0 0.6171875 0.3447265625 0.0859375 0.0859375
0 0.71728515625 0.3447265625 0.1103515625 0.109375
0 0.82568359375 0.3427734375 0.0986328125 0.09765625
0 0.43408203125 0.4365234375 0.1103515625 0.109375
0 0.54638671875 0.43994140625 0.1103515625 0.1103515625
0 0.65673828125 0.43603515625 0.1103515625 0.1103515625
0 0.76904296875 0.43505859375 0.1103515625 0.1103515625
0 0.48583984375 0.53271484375 0.1103515625 0.1103515625
0 0.60302734375 0.53076171875 0.1103515625 0.1103515625
0 0.70263671875 0.5302734375 0.1103515625 0.109375
0 0.8173828125 0.53515625 0.111328125 0.109375
0 0.8759765625 0.43212890625 0.111328125 0.1103515625
0 0.41943359375 0.630859375 0.0986328125 0.09765625
0 0.53857421875 0.6220703125 0.1103515625 0.109375
0 0.65234375 0.623046875 0.111328125 0.109375
0 0.7705078125 0.626953125 0.111328125 0.109375
0 0.37646484375 0.7236328125 0.1103515625 0.109375
0 0.4765625 0.7255859375 0.09765625 0.09765625
0 0.603515625 0.724609375 0.09765625 0.09765625
0 0.705078125 0.71728515625 0.111328125 0.1103515625
0 0.82275390625 0.72509765625 0.1103515625 0.1103515625
0 0.4423828125 0.822265625 0.111328125 0.109375
0 0.5498046875 0.82763671875 0.0859375 0.0849609375
0 0.6455078125 0.8232421875 0.09765625 0.09765625
0 0.763671875 0.82080078125 0.0859375 0.0849609375
0 0.3798828125 0.91748046875 0.111328125 0.1103515625
0 0.4912109375 0.923828125 0.09765625 0.09765625
0 0.595703125 0.92724609375 0.0859375 0.0849609375
0 0.71142578125 0.92236328125 0.1103515625 0.1103515625
0 0.82177734375 0.919921875 0.1103515625 0.109375
0 0.93408203125 0.921875 0.1103515625 0.109375
0 0.87158203125 0.822265625 0.0986328125 0.09765625
0 0.93505859375 0.72607421875 0.1103515625 0.1103515625
0 0.88232421875 0.6318359375 0.1103515625 0.109375
0 0.9267578125 0.54443359375 0.111328125 0.1103515625
0 0.927734375 0.33984375 0.09765625 0.09765625
0 0.87939453125 0.2451171875 0.0986328125 0.09765625
0 0.93798828125 0.15478515625 0.1103515625 0.1103515625
0 0.88427734375 0.06396484375 0.1103515625 0.1103515625