0 0.21875 0.11328125 0.0859375 0.0859375
0 0.41259765625 0.11767578125 0.0732421875 0.0732421875
0 0.40576171875 0.3349609375 0.0849609375 0.0859375
0 0.41064453125 0.45166015625 0.0732421875 0.0732421875
0 0.50048828125 0.27685546875 0.0732421875 0.0732421875
0 0.50634765625 0.5029296875 0.0849609375 0.0859375
0 0.49951171875 0.39111328125 0.0615234375 0.0615234375
0 0.5029296875 0.619140625 0.0859375 0.0859375
0 0.50732421875 0.17138671875 0.0732421875 0.0732421875
0 0.12548828125 0.06494140625 0.0732421875 0.0732421875
0 0.31396484375 0.060546875 0.0849609375 0.0859375
0 0.3173828125 0.17236328125 0.0859375 0.0869140625
0 0.1298828125 0.16650390625 0.09765625 0.0986328125
0 0.5029296875 0.060546875 0.0859375 0.0859375
0 0.40478515625 0.22607421875 0.0732421875 0.0732421875
0 0.408203125 0.5576171875 0.0859375 0.0859375
0 0.4091796875 0.6689453125 0.09765625 0.09765625
0 0.3125 0.283203125 0.0859375 0.0859375
0 0.30859375 0.39501953125 0.09765625 0.0986328125
0 0.3115234375 0.5029296875 0.0859375 0.0859375
0 0.3115234375 0.609375 0.09765625 0.09765625
0 0.2158203125 0.22998046875 0.09765625 0.0986328125
0 0.2158203125 0.33740234375 0.09765625 0.0986328125
0 0.21826171875 0.4521484375 0.0849609375 0.0859375
0 0.22119140625 0.560546875 0.0849609375 0.0859375
0 0.2197265625 0.6650390625 0.09765625 0.09765625
0 0.1240234375 0.27880859375 0.09765625 0.0986328125
0 0.126953125 0.3916015625 0.09765625 0.09765625
0 0.12353515625 0.5107421875 0.0849609375 0.0859375
0 0.1220703125 0.61328125 0.09765625 0.09765625
0 0.126953125 0.72119140625 0.09765625 0.0986328125
0 0.123046875 0.8349609375 0.0859375 0.0859375
0 0.12109375 0.9375 0.09765625 0.09765625
0 0.2197265625 0.77294921875 0.09765625 0.0986328125
0 0.224609375 0.89111328125 0.09765625 0.0986328125
0 0.3134765625 0.72412109375 0.0859375 0.0869140625
0 0.3134765625 0.83154296875 0.09765625 0.0986328125
0 0.3125 0.93994140625 0.09765625 0.0986328125
0 0.4130859375 0.77783203125 0.09765625 0.0986328125
0 0.40625 0.88623046875 0.09765625 0.0986328125
0 0.50244140625 0.7177734375 0.0849609375 0.0859375
0 0.50244140625 0.830078125 0.0849609375 0.0859375
0 0.5029296875 0.94384765625 0.09765625 0.0986328125