0 0.07470703125 0.74072265625 0.0732421875 0.0732421875
0 0.0849609375 0.94140625 0.09765625 0.09765625
0 0.19140625 0.93310546875 0.123046875 0.1220703125
0 0.30078125 0.93310546875 0.111328125 0.1103515625
0 0.40283203125 0.93505859375 0.1103515625 0.1103515625
0 0.51806640625 0.94189453125 0.1103515625 0.1103515625
0 0.12744140625 0.845703125 0.1103515625 0.109375
0 0.240234375 0.8408203125 0.111328125 0.109375
0 0.3525390625 0.84130859375 0.123046875 0.1220703125
0 0.46728515625 0.84326171875 0.1103515625 0.1103515625
0 0.18505859375 0.74560546875 0.1103515625 0.1103515625
0 0.2958984375 0.74267578125 0.123046875 0.1220703125
0 0.408203125 0.74365234375 0.123046875 0.1220703125
0 0.5126953125 0.73828125 0.111328125 0.109375
0 0.13037109375 0.6494140625 0.0986328125 0.09765625
0 0.24267578125 0.650390625 0.0986328125 0.09765625
0 0.3359375 0.6435546875 0.09765625 0.09765625
0 0.462890625 0.64990234375 0.123046875 0.1220703125
0 0.07275390625 0.5498046875 0.0986328125 0.09765625
0 0.19091796875 0.5556640625 0.0986328125 0.09765625
0 0.287109375 0.55615234375 0.123046875 0.1220703125
0 0.4033203125 0.55712890625 0.123046875 0.1220703125
0 0.5166015625 0.55712890625 0.123046875 0.1220703125
0 0.12841796875 0.4609375 0.0986328125 0.09765625
0 0.23779296875 0.4609375 0.0986328125 0.09765625
0 0.3544921875 0.45849609375 0.123046875 0.1220703125
0 0.4697265625 0.46044921875 0.123046875 0.1220703125
0 0.076171875 0.36376953125 0.0859375 0.0849609375
0 0.18408203125 0.3681640625 0.0986328125 0.09765625
0 0.29833984375 0.36474609375 0.1220703125 0.1220703125
0 0.40576171875 0.3603515625 0.0986328125 0.09765625
0 0.5166015625 0.36572265625 0.123046875 0.1220703125
0 0.13232421875 0.2685546875 0.0986328125 0.09765625
0 0.24462890625 0.2734375 0.0986328125 0.09765625
0 0.35595703125 0.2724609375 0.0986328125 0.09765625
0 0.45751953125 0.2685546875 0.0986328125 0.09765625
0 0.0791015625 0.1796875 0.0859375 0.0859375
0 0.18310546875 0.1787109375 0.0986328125 0.09765625
0 0.29638671875 0.1767578125 0.0986328125 0.09765625
0 0.40966796875 0.1796875 0.0986328125 0.09765625
0 0.52392578125 0.17919921875 0.1220703125 0.1220703125
0 0.0302734375 0.08154296875 0.037109375 0.0361328125
0 0.12890625 0.0810546875 0.09765625 0.09765625
0 0.23779296875 0.08203125 0.1103515625 0.109375
0 0.3583984375 0.08447265625 0.123046875 0.1220703125
0 0.46826171875 0.0791015625 0.1103515625 0.109375
0 0.57763671875 0.0849609375 0.0986328125 0.09765625
0 0.68896484375 0.0810546875 0.0986328125 0.09765625
0 0.79736328125 0.0869140625 0.0986328125 0.09765625
0 0.90771484375 0.083984375 0.0986328125 0.09765625
0 0.62744140625 0.1708984375 0.0986328125 0.09765625
0 0.73876953125 0.1796875 0.0869140625 0.0859375
0 0.84765625 0.1826171875 0.0859375 0.0859375
0 0.57177734375 0.27001953125 0.1220703125 0.1220703125
0 0.68212890625 0.27001953125 0.1220703125 0.1220703125
0 0.79150390625 0.271484375 0.0986328125 0.09765625
0 0.90185546875 0.271484375 0.1103515625 0.109375
0 0.6279296875 0.36962890625 0.123046875 0.1220703125
0 0.73388671875 0.3662109375 0.0986328125 0.09765625
0 0.83837890625 0.36865234375 0.1103515625 0.1103515625
0 0.9482421875 0.3544921875 0.09765625 0.09765625
0 0.5693359375 0.46044921875 0.123046875 0.1220703125
0 0.67822265625 0.455078125 0.0986328125 0.09765625
0 0.7900390625 0.46044921875 0.0859375 0.0849609375
0 0.8896484375 0.4609375 0.111328125 0.109375
0 0.625 0.55517578125 0.123046875 0.1220703125
0 0.7470703125 0.556640625 0.111328125 0.109375
0 0.8515625 0.5556640625 0.111328125 0.109375
0 0.5615234375 0.64453125 0.09765625 0.09765625
0 0.6796875 0.6533203125 0.09765625 0.09765625
0 0.779296875 0.64111328125 0.111328125 0.1103515625
0 0.900390625 0.64013671875 0.123046875 0.1220703125
0 0.626953125 0.744140625 0.09765625 0.09765625
0 0.73486328125 0.73583984375 0.1103515625 0.1103515625
0 0.5791015625 0.84326171875 0.111328125 0.1103515625
0 0.68505859375 0.84326171875 0.1103515625 0.1103515625
0 0.78369140625 0.83935546875 0.1103515625 0.1103515625
0 0.88818359375 0.84228515625 0.0732421875 0.0732421875
0 0.62646484375 0.9365234375 0.1103515625 0.109375
0 0.73779296875 0.9375 0.1103515625 0.109375