0 0.0966796875 0.10302734375 0.109375 0.1103515625
0 0.27685546875 0.203125 0.0732421875 0.07421875
0 0.56982421875 0.02978515625 0.0244140625 0.0244140625
0 0.56591796875 0.13916015625 0.0244140625 0.0244140625
0 0.56884765625 0.22119140625 0.0244140625 0.0244140625
0 0.66650390625 0.08251953125 0.0244140625 0.0244140625
0 0.65966796875 0.18994140625 0.0244140625 0.0244140625
0 0.759765625 0.220703125 0.037109375 0.037109375
0 0.7568359375 0.13818359375 0.109375 0.1103515625
0 0.8662109375 0.08203125 0.0859375 0.0859375
0 0.86669921875 0.19091796875 0.0732421875 0.0732421875
0 0.947265625 0.14111328125 0.09765625 0.0986328125
0 0.93798828125 0.25634765625 0.0615234375 0.0615234375
0 0.283203125 0.095703125 0.09765625 0.09765625
0 0.1826171875 0.15283203125 0.09765625 0.0986328125
0 0.09912109375 0.20849609375 0.0732421875 0.0732421875
0 0.095703125 0.37255859375 0.060546875 0.0615234375
0 0.0986328125 0.48193359375 0.09765625 0.0986328125
0 0.09375 0.59423828125 0.09765625 0.0986328125
0 0.0947265625 0.70556640625 0.09765625 0.0986328125
0 0.0986328125 0.80712890625 0.09765625 0.0986328125
0 0.1875 0.4287109375 0.0859375 0.0859375
0 0.1884765625 0.53271484375 0.09765625 0.0986328125
0 0.1904296875 0.64599609375 0.09765625 0.0986328125
0 0.1875 0.75927734375 0.09765625 0.0986328125
0 0.18798828125 0.87353515625 0.1220703125 0.1220703125
0 0.28564453125 0.3798828125 0.0361328125 0.037109375
0 0.2861328125 0.478515625 0.09765625 0.09765625
0 0.28515625 0.58740234375 0.109375 0.1103515625
0 0.28271484375 0.7080078125 0.1220703125 0.123046875
0 0.2880859375 0.81787109375 0.109375 0.1103515625
0 0.2822265625 0.92724609375 0.09765625 0.0986328125
0 0.38134765625 0.4375 0.0849609375 0.0859375
0 0.37890625 0.53515625 0.09765625 0.09765625
0 0.37744140625 0.6513671875 0.1103515625 0.111328125
0 0.37353515625 0.763671875 0.1220703125 0.123046875
0 0.3759765625 0.86572265625 0.109375 0.1103515625
0 0.4814453125 0.38427734375 0.060546875 0.0615234375
0 0.4736328125 0.482421875 0.0859375 0.0859375
0 0.47509765625 0.59375 0.1103515625 0.111328125
0 0.46728515625 0.70703125 0.1220703125 0.123046875
0 0.46728515625 0.81494140625 0.1103515625 0.1103515625
0 0.5703125 0.4326171875 0.0859375 0.0859375
0 0.5625 0.54248046875 0.09765625 0.0986328125
0 0.572265625 0.65283203125 0.109375 0.1103515625
0 0.56982421875 0.7646484375 0.1220703125 0.123046875
0 0.56884765625 0.87646484375 0.0615234375 0.0615234375
0 0.47216796875 0.92919921875 0.1103515625 0.1103515625
0 0.66748046875 0.39111328125 0.0615234375 0.0615234375
0 0.6640625 0.48486328125 0.09765625 0.0986328125
0 0.66845703125 0.599609375 0.1220703125 0.123046875
0 0.6611328125 0.70849609375 0.109375 0.1103515625
0 0.66455078125 0.8232421875 0.1220703125 0.123046875
0 0.6669921875 0.9296875 0.109375 0.111328125
0 0.76171875 0.43408203125 0.09765625 0.0986328125
0 0.75732421875 0.54345703125 0.1103515625 0.1103515625
0 0.74951171875 0.6474609375 0.1220703125 0.123046875
0 0.75830078125 0.77001953125 0.1103515625 0.1103515625
0 0.75927734375 0.873046875 0.1220703125 0.123046875
0 0.8515625 0.4013671875 0.048828125 0.048828125
0 0.8486328125 0.48681640625 0.09765625 0.0986328125
0 0.84814453125 0.60205078125 0.1220703125 0.1220703125
0 0.85205078125 0.7080078125 0.1220703125 0.123046875
0 0.85107421875 0.82470703125 0.1103515625 0.1103515625
0 0.84716796875 0.927734375 0.1220703125 0.123046875
0 0.93701171875 0.43408203125 0.0732421875 0.0732421875
0 0.94140625 0.54638671875 0.109375 0.1103515625
0 0.9423828125 0.65576171875 0.109375 0.1103515625
0 0.9423828125 0.763671875 0.0859375 0.0859375
0 0.09716796875 0.92138671875 0.1220703125 0.1220703125