0 0.82666015625 0.76025390625 0.0732421875 0.0732421875
0 0.47119140625 0.146484375 0.0849609375 0.0859375
0 0.57470703125 0.08154296875 0.1103515625 0.1103515625
0 0.6611328125 0.14306640625 0.09765625 0.0986328125
0 0.759765625 0.0947265625 0.09765625 0.09765625
0 0.0966796875 0.1279296875 0.109375 0.111328125
0 0.189453125 0.193359375 0.0859375 0.0859375
0 0.19873046875 0.07470703125 0.1103515625 0.1103515625
0 0.28515625 0.138671875 0.09765625 0.09765625
0 0.3779296875 0.177734375 0.109375 0.111328125
0 0.3818359375 0.07470703125 0.09765625 0.0986328125
0 0.0849609375 0.8662109375 0.09765625 0.09765625
0 0.083984375 0.759765625 0.09765625 0.09765625
0 0.083984375 0.646484375 0.09765625 0.09765625
0 0.087890625 0.533203125 0.09765625 0.09765625
0 0.248046875 0.90283203125 0.048828125 0.0498046875
0 0.94482421875 0.71630859375 0.0615234375 0.0615234375
0 0.1796875 0.685546875 0.09765625 0.09765625
0 0.18212890625 0.59619140625 0.1103515625 0.1103515625
0 0.1826171875 0.47509765625 0.09765625 0.0986328125
0 0.18115234375 0.3798828125 0.1103515625 0.111328125
0 0.09619140625 0.4267578125 0.1103515625 0.111328125
0 0.279296875 0.43212890625 0.09765625 0.0986328125
0 0.275390625 0.5517578125 0.0859375 0.0859375
0 0.275390625 0.65087890625 0.109375 0.1103515625
0 0.36328125 0.71435546875 0.09765625 0.0986328125
0 0.3505859375 0.56982421875 0.109375 0.1103515625
0 0.36328125 0.47412109375 0.109375 0.1103515625
0 0.3779296875 0.37109375 0.09765625 0.09765625
0 0.458984375 0.42041015625 0.109375 0.1103515625
0 0.462890625 0.53857421875 0.109375 0.1103515625
0 0.46142578125 0.63671875 0.0849609375 0.0859375
0 0.4638671875 0.7587890625 0.09765625 0.09765625
0 0.55712890625 0.802734375 0.0849609375 0.0859375
0 0.5625 0.69482421875 0.09765625 0.0986328125
0 0.5625 0.59375 0.09765625 0.09765625
0 0.5625 0.47802734375 0.109375 0.1103515625
0 0.56103515625 0.38037109375 0.1103515625 0.1103515625
0 0.6591796875 0.42236328125 0.109375 0.1103515625
0 0.658203125 0.53662109375 0.09765625 0.0986328125
0 0.6474609375 0.65234375 0.109375 0.111328125
0 0.65625 0.75341796875 0.109375 0.1103515625
0 0.64599609375 0.87841796875 0.1103515625 0.1103515625
0 0.74951171875 0.80712890625 0.1103515625 0.1103515625
0 0.7392578125 0.6943359375 0.0859375 0.0859375
0 0.83203125 0.8818359375 0.0859375 0.0859375
0 0.8310546875 0.6357421875 0.09765625 0.09765625
0 0.84912109375 0.53564453125 0.1103515625 0.1103515625
0 0.85205078125 0.44970703125 0.1103515625 0.1103515625
0 0.7470703125 0.4404296875 0.109375 0.111328125
0 0.755859375 0.58447265625 0.09765625 0.0986328125
0 0.94775390625 0.62548828125 0.0732421875 0.0732421875
0 0.943359375 0.52001953125 0.09765625 0.0986328125