0 0.57666015625 0.17919921875 0.0732421875 0.0732421875
0 0.4306640625 0.26904296875 0.07421875 0.0732421875
0 0.53564453125 0.27001953125 0.0732421875 0.0732421875
0 0.49267578125 0.36572265625 0.0732421875 0.0732421875
0 0.513671875 0.08544921875 0.0859375 0.0849609375
0 0.4814453125 0.18115234375 0.07421875 0.0732421875
0 0.365234375 0.18603515625 0.07421875 0.0732421875
0 0.3876953125 0.369140625 0.0859375 0.0859375
0 0.310546875 0.27294921875 0.07421875 0.0732421875
0 0.44921875 0.74072265625 0.07421875 0.0732421875
0 0.556640625 0.72509765625 0.07421875 0.0732421875
0 0.12548828125 0.55517578125 0.0732421875 0.0732421875
0 0.23876953125 0.54345703125 0.0732421875 0.0732421875
0 0.24755859375 0.73974609375 0.0732421875 0.0732421875
0 0.1337890625 0.95068359375 0.0859375 0.0849609375
0 0.17724609375 0.84228515625 0.0732421875 0.0732421875
0 0.30224609375 0.84423828125 0.0732421875 0.0732421875
0 0.1923828125 0.4619140625 0.0859375 0.0859375
0 0.36083984375 0.74072265625 0.0732421875 0.0732421875
0 0.3994140625 0.83642578125 0.07421875 0.0732421875
0 0.31103515625 0.45556640625 0.0732421875 0.0732421875
0 0.9169921875 0.0888671875 0.0859375 0.0859375
0 0.8681640625 0.1796875 0.0859375 0.0859375
0 0.92626953125 0.275390625 0.0986328125 0.09765625
0 0.92041015625 0.4697265625 0.0986328125 0.09765625
0 0.6171875 0.08349609375 0.07421875 0.0732421875
0 0.3955078125 0.0908203125 0.0859375 0.0859375
0 0.2822265625 0.087890625 0.09765625 0.09765625
0 0.171875 0.08837890625 0.123046875 0.1220703125
0 0.67431640625 0.177734375 0.0615234375 0.060546875
0 0.232421875 0.1796875 0.09765625 0.09765625
0 0.64208984375 0.265625 0.0615234375 0.060546875
0 0.171875 0.27978515625 0.0859375 0.0849609375
0 0.68994140625 0.35400390625 0.0615234375 0.0615234375
0 0.60302734375 0.35498046875 0.0615234375 0.0615234375
0 0.2509765625 0.373046875 0.0859375 0.0859375
0 0.134765625 0.37255859375 0.0859375 0.0849609375
0 0.62255859375 0.4599609375 0.0498046875 0.048828125
0 0.51904296875 0.458984375 0.0498046875 0.048828125
0 0.40966796875 0.46240234375 0.0732421875 0.0732421875
0 0.65966796875 0.5341796875 0.0615234375 0.060546875
0 0.56201171875 0.5380859375 0.0615234375 0.060546875
0 0.47705078125 0.5380859375 0.0615234375 0.060546875
0 0.36865234375 0.54736328125 0.0615234375 0.0615234375
0 0.60791015625 0.62255859375 0.0615234375 0.0615234375
0 0.50244140625 0.63037109375 0.0732421875 0.0732421875
0 0.41455078125 0.64404296875 0.0732421875 0.0732421875
0 0.30322265625 0.64208984375 0.0732421875 0.0732421875
0 0.18212890625 0.64501953125 0.0732421875 0.0732421875
0 0.66845703125 0.71240234375 0.0615234375 0.0615234375
0 0.13330078125 0.755859375 0.0869140625 0.0859375
0 0.5166015625 0.83154296875 0.07421875 0.0732421875
0 0.67431640625 0.9423828125 0.0986328125 0.09765625
0 0.34765625 0.94873046875 0.07421875 0.0732421875
0 0.236328125 0.94677734375 0.07421875 0.0732421875
0 0.0634765625 0.849609375 0.0859375 0.0859375
0 0.06494140625 0.64892578125 0.0869140625 0.0849609375
0 0.06884765625 0.46337890625 0.0732421875 0.0732421875
0 0.060546875 0.2802734375 0.09765625 0.09765625
0 0.1171875 0.1865234375 0.0859375 0.0859375
0 0.068359375 0.08984375 0.09765625 0.09765625