0 0.14501953125 0.75537109375 0.0732421875 0.0732421875
0 0.7587890625 0.39990234375 0.0859375 0.0849609375
0 0.88134765625 0.40380859375 0.1103515625 0.1103515625
0 0.927734375 0.5048828125 0.111328125 0.109375
0 0.82373046875 0.50341796875 0.1103515625 0.1103515625
0 0.76220703125 0.58984375 0.0986328125 0.09765625
0 0.87158203125 0.58984375 0.1103515625 0.109375
0 0.93115234375 0.6923828125 0.0986328125 0.09765625
0 0.810546875 0.6884765625 0.09765625 0.09765625
0 0.876953125 0.78369140625 0.0859375 0.0849609375
0 0.89208984375 0.880859375 0.0986328125 0.09765625
0 0.80224609375 0.880859375 0.1103515625 0.109375
0 0.7119140625 0.1181640625 0.0859375 0.0859375
0 0.83056640625 0.12744140625 0.1103515625 0.1103515625
0 0.9345703125 0.125 0.0859375 0.0859375
0 0.8876953125 0.220703125 0.09765625 0.09765625
0 0.7666015625 0.2138671875 0.09765625 0.09765625
0 0.7275390625 0.306640625 0.111328125 0.109375
0 0.83056640625 0.310546875 0.0986328125 0.09765625
0 0.939453125 0.30712890625 0.0859375 0.0849609375
0 0.18896484375 0.87353515625 0.0615234375 0.0615234375
0 0.2197265625 0.1083984375 0.09765625 0.09765625
0 0.30908203125 0.11083984375 0.1103515625 0.1103515625
0 0.43017578125 0.111328125 0.0986328125 0.09765625
0 0.525390625 0.10986328125 0.111328125 0.1103515625
0 0.47314453125 0.2080078125 0.0986328125 0.09765625
0 0.353515625 0.2041015625 0.0859375 0.0859375
0 0.25439453125 0.2041015625 0.1103515625 0.109375
0 0.19091796875 0.2919921875 0.0986328125 0.09765625
0 0.33544921875 0.279296875 0.1103515625 0.109375
0 0.43115234375 0.2919921875 0.1103515625 0.109375
0 0.5341796875 0.306640625 0.09765625 0.09765625
0 0.48486328125 0.3876953125 0.1103515625 0.109375
0 0.36669921875 0.3916015625 0.1103515625 0.109375
0 0.2685546875 0.39013671875 0.0859375 0.0849609375
0 0.146484375 0.392578125 0.09765625 0.09765625
0 0.1025390625 0.48583984375 0.0859375 0.0849609375
0 0.21044921875 0.4912109375 0.0986328125 0.09765625
0 0.3115234375 0.4912109375 0.09765625 0.09765625
0 0.42724609375 0.4912109375 0.1103515625 0.109375
0 0.52490234375 0.48974609375 0.1103515625 0.1103515625
0 0.48291015625 0.587890625 0.1103515625 0.109375
0 0.36865234375 0.5869140625 0.0986328125 0.09765625
0 0.2529296875 0.576171875 0.111328125 0.109375
0 0.15185546875 0.5849609375 0.1103515625 0.109375
0 0.09814453125 0.67822265625 0.1103515625 0.1103515625
0 0.2109375 0.66796875 0.0859375 0.0859375
0 0.26953125 0.759765625 0.09765625 0.09765625
0 0.36962890625 0.77783203125 0.1103515625 0.1103515625
0 0.45556640625 0.78076171875 0.1103515625 0.1103515625
0 0.46484375 0.67578125 0.111328125 0.109375
0 0.32080078125 0.6845703125 0.0986328125 0.09765625
0 0.27978515625 0.87646484375 0.0732421875 0.0732421875
0 0.38525390625 0.8720703125 0.0986328125 0.09765625
0 0.49365234375 0.87646484375 0.1103515625 0.1103515625