0 0.9482421875 0.09521484375 0.09765625 0.0986328125
0 0.95654296875 0.19677734375 0.0615234375 0.0615234375
0 0.853515625 0.25927734375 0.109375 0.1103515625
0 0.85205078125 0.0615234375 0.0361328125 0.037109375
0 0.84814453125 0.150390625 0.0361328125 0.037109375
0 0.66748046875 0.2568359375 0.1103515625 0.111328125
0 0.58154296875 0.0927734375 0.1103515625 0.111328125
0 0.58154296875 0.197265625 0.1103515625 0.111328125
0 0.4794921875 0.14208984375 0.109375 0.1103515625
0 0.486328125 0.25341796875 0.109375 0.1103515625
0 0.3837890625 0.07861328125 0.09765625 0.0986328125
0 0.3798828125 0.1904296875 0.0859375 0.0859375
0 0.384765625 0.3046875 0.0859375 0.0859375
0 0.2841796875 0.1337890625 0.0859375 0.0859375
0 0.29052734375 0.24853515625 0.0849609375 0.0869140625
0 0.193359375 0.07861328125 0.09765625 0.0986328125
0 0.19287109375 0.18994140625 0.0849609375 0.0869140625
0 0.1005859375 0.13427734375 0.09765625 0.0986328125
0 0.1015625 0.24462890625 0.09765625 0.0986328125
0 0.09765625 0.359375 0.0859375 0.0859375
0 0.0966796875 0.4716796875 0.09765625 0.09765625
0 0.10107421875 0.5810546875 0.1103515625 0.111328125
0 0.09326171875 0.69140625 0.1103515625 0.111328125
0 0.09912109375 0.79736328125 0.1103515625 0.1103515625
0 0.19091796875 0.302734375 0.0849609375 0.0859375
0 0.193359375 0.412109375 0.0859375 0.0859375
0 0.1904296875 0.5234375 0.0859375 0.0859375
0 0.1962890625 0.625 0.109375 0.111328125
0 0.193359375 0.734375 0.109375 0.111328125
0 0.18896484375 0.85791015625 0.1103515625 0.1103515625
0 0.28564453125 0.35888671875 0.1103515625 0.1103515625
0 0.28662109375 0.47216796875 0.1103515625 0.1103515625
0 0.294921875 0.57568359375 0.109375 0.1103515625
0 0.2890625 0.68603515625 0.109375 0.1103515625
0 0.2880859375 0.80078125 0.109375 0.111328125
0 0.38720703125 0.40673828125 0.1103515625 0.1103515625
0 0.38525390625 0.52197265625 0.1103515625 0.1103515625
0 0.3798828125 0.63037109375 0.09765625 0.0986328125
0 0.38232421875 0.740234375 0.0849609375 0.0859375
0 0.3828125 0.853515625 0.09765625 0.09765625
0 0.4814453125 0.36572265625 0.109375 0.1103515625
0 0.4833984375 0.46533203125 0.109375 0.1103515625
0 0.4736328125 0.57763671875 0.09765625 0.0986328125
0 0.47900390625 0.68994140625 0.1103515625 0.1103515625
0 0.47119140625 0.79638671875 0.1103515625 0.1103515625
0 0.56201171875 0.30908203125 0.1103515625 0.1103515625
0 0.5703125 0.42529296875 0.109375 0.1103515625
0 0.5712890625 0.53369140625 0.109375 0.1103515625
0 0.5712890625 0.63623046875 0.09765625 0.0986328125
0 0.576171875 0.75244140625 0.109375 0.1103515625
0 0.66259765625 0.36962890625 0.1103515625 0.1103515625
0 0.66650390625 0.47412109375 0.1103515625 0.1103515625
0 0.66357421875 0.58544921875 0.1103515625 0.1103515625
0 0.662109375 0.69677734375 0.109375 0.1103515625
0 0.6630859375 0.80615234375 0.109375 0.1103515625
0 0.7548828125 0.3037109375 0.109375 0.111328125
0 0.7587890625 0.416015625 0.109375 0.111328125
0 0.7568359375 0.52587890625 0.09765625 0.0986328125
0 0.76416015625 0.63818359375 0.1103515625 0.1103515625
0 0.75634765625 0.74560546875 0.1103515625 0.1103515625
0 0.8515625 0.369140625 0.109375 0.111328125
0 0.8486328125 0.474609375 0.109375 0.111328125
0 0.8505859375 0.5810546875 0.09765625 0.09765625
0 0.849609375 0.68994140625 0.109375 0.1103515625
0 0.849609375 0.81005859375 0.09765625 0.0986328125
0 0.947265625 0.31787109375 0.09765625 0.0986328125
0 0.94189453125 0.416015625 0.1103515625 0.111328125
0 0.943359375 0.638671875 0.109375 0.111328125
0 0.9443359375 0.85693359375 0.09765625 0.0986328125
0 0.85498046875 0.91650390625 0.1103515625 0.1103515625
0 0.75830078125 0.86376953125 0.1103515625 0.1103515625
0 0.6650390625 0.91357421875 0.109375 0.1103515625
0 0.57373046875 0.86279296875 0.1103515625 0.1103515625
0 0.47607421875 0.91259765625 0.1103515625 0.1103515625
0 0.28515625 0.91015625 0.109375 0.111328125
0 0.09716796875 0.91552734375 0.0615234375 0.0615234375