0 0.6962890625 0.08544921875 0.07421875 0.0732421875
0 0.90185546875 0.8642578125 0.1103515625 0.109375
0 0.79052734375 0.87109375 0.1103515625 0.109375
0 0.853515625 0.7646484375 0.0859375 0.0859375
0 0.7392578125 0.76953125 0.0859375 0.0859375
0 0.91015625 0.6689453125 0.0859375 0.0859375
0 0.79541015625 0.67529296875 0.0869140625 0.0849609375
0 0.85400390625 0.57763671875 0.0869140625 0.0849609375
0 0.90966796875 0.4853515625 0.0986328125 0.09765625
0 0.79931640625 0.486328125 0.0986328125 0.09765625
0 0.85400390625 0.392578125 0.1103515625 0.109375
0 0.90869140625 0.2939453125 0.0986328125 0.09765625
0 0.7978515625 0.29248046875 0.0859375 0.0849609375
0 0.86328125 0.2001953125 0.09765625 0.09765625
0 0.744140625 0.2001953125 0.09765625 0.09765625
0 0.744140625 0.39013671875 0.0859375 0.0849609375
0 0.9072265625 0.07421875 0.09765625 0.09765625
0 0.7958984375 0.078125 0.09765625 0.09765625
0 0.56787109375 0.083984375 0.0986328125 0.09765625
0 0.46875 0.09033203125 0.0859375 0.0849609375
0 0.35791015625 0.08740234375 0.0869140625 0.0849609375
0 0.25732421875 0.0908203125 0.0986328125 0.09765625
0 0.638671875 0.205078125 0.09765625 0.09765625
0 0.52783203125 0.197265625 0.0986328125 0.09765625
0 0.42041015625 0.201171875 0.1103515625 0.109375
0 0.30224609375 0.20166015625 0.1103515625 0.1103515625
0 0.18603515625 0.19677734375 0.1103515625 0.1103515625
0 0.689453125 0.294921875 0.09765625 0.09765625
0 0.576171875 0.29345703125 0.111328125 0.1103515625
0 0.47216796875 0.2919921875 0.1103515625 0.109375
0 0.36083984375 0.2919921875 0.0986328125 0.09765625
0 0.24658203125 0.2890625 0.1103515625 0.109375
0 0.62890625 0.39111328125 0.111328125 0.1103515625
0 0.51953125 0.38671875 0.09765625 0.09765625
0 0.408203125 0.38671875 0.09765625 0.09765625
0 0.30078125 0.38525390625 0.0859375 0.0849609375
0 0.1875 0.3857421875 0.0859375 0.0859375
0 0.6845703125 0.482421875 0.0859375 0.0859375
0 0.572265625 0.4814453125 0.09765625 0.09765625
0 0.462890625 0.48583984375 0.111328125 0.1103515625
0 0.3525390625 0.47802734375 0.111328125 0.1103515625
0 0.24658203125 0.48388671875 0.1103515625 0.1103515625
0 0.7412109375 0.57568359375 0.0859375 0.0849609375
0 0.6318359375 0.578125 0.0859375 0.0859375
0 0.5205078125 0.5751953125 0.0859375 0.0859375
0 0.4189453125 0.5810546875 0.111328125 0.109375
0 0.3095703125 0.578125 0.111328125 0.109375
0 0.18603515625 0.57373046875 0.1103515625 0.1103515625
0 0.68505859375 0.67041015625 0.1103515625 0.1103515625
0 0.57177734375 0.67138671875 0.1103515625 0.1103515625
0 0.46826171875 0.6796875 0.1103515625 0.109375
0 0.35791015625 0.673828125 0.1103515625 0.109375
0 0.2431640625 0.6728515625 0.111328125 0.109375
0 0.63720703125 0.77197265625 0.1103515625 0.1103515625
0 0.52197265625 0.77001953125 0.1103515625 0.1103515625
0 0.41357421875 0.7646484375 0.0986328125 0.09765625
0 0.3037109375 0.76708984375 0.0859375 0.0849609375
0 0.1904296875 0.767578125 0.09765625 0.09765625
0 0.67822265625 0.8662109375 0.1103515625 0.109375
0 0.57861328125 0.8681640625 0.1103515625 0.109375
0 0.46630859375 0.8583984375 0.0986328125 0.09765625
0 0.35400390625 0.86376953125 0.1103515625 0.1103515625
0 0.24755859375 0.85595703125 0.1103515625 0.1103515625
0 0.13134765625 0.86083984375 0.1103515625 0.1103515625
0 0.078125 0.7646484375 0.111328125 0.109375
0 0.1337890625 0.669921875 0.111328125 0.109375
0 0.07763671875 0.57568359375 0.1103515625 0.1103515625
0 0.12841796875 0.48193359375 0.0615234375 0.0615234375
0 0.07861328125 0.388671875 0.1103515625 0.109375
0 0.13623046875 0.291015625 0.1103515625 0.109375
0 0.08447265625 0.19482421875 0.1103515625 0.1103515625
0 0.15087890625 0.0966796875 0.0986328125 0.09765625