0 0.2275390625 0.05615234375 0.109375 0.1103515625
0 0.4140625 0.06005859375 0.09765625 0.0986328125
0 0.599609375 0.05859375 0.09765625 0.09765625
0 0.890625 0.107421875 0.09765625 0.09765625
0 0.8896484375 0.22265625 0.0859375 0.0859375
0 0.89013671875 0.32763671875 0.0615234375 0.0615234375
0 0.890625 0.44189453125 0.09765625 0.0986328125
0 0.88916015625 0.54833984375 0.1103515625 0.1103515625
0 0.7939453125 0.166015625 0.09765625 0.09765625
0 0.79345703125 0.2734375 0.0849609375 0.0859375
0 0.79443359375 0.39306640625 0.1103515625 0.1103515625
0 0.794921875 0.49853515625 0.109375 0.1103515625
0 0.69580078125 0.08984375 0.1103515625 0.111328125
0 0.7060546875 0.21044921875 0.09765625 0.0986328125
0 0.6962890625 0.33056640625 0.060546875 0.0615234375
0 0.6982421875 0.42919921875 0.109375 0.1103515625
0 0.6962890625 0.54833984375 0.109375 0.1103515625
0 0.6064453125 0.16064453125 0.09765625 0.0986328125
0 0.6103515625 0.27685546875 0.09765625 0.0986328125
0 0.6025390625 0.38232421875 0.09765625 0.0986328125
0 0.6025390625 0.49072265625 0.09765625 0.0986328125
0 0.5087890625 0.10693359375 0.09765625 0.0986328125
0 0.509765625 0.21630859375 0.09765625 0.0986328125
0 0.51025390625 0.33251953125 0.0732421875 0.0732421875
0 0.51171875 0.43701171875 0.09765625 0.0986328125
0 0.509765625 0.55029296875 0.09765625 0.0986328125
0 0.41943359375 0.16650390625 0.1103515625 0.1103515625
0 0.412109375 0.26416015625 0.09765625 0.0986328125
0 0.4091796875 0.39404296875 0.09765625 0.0986328125
0 0.4150390625 0.49951171875 0.109375 0.1103515625
0 0.32275390625 0.11376953125 0.1103515625 0.1103515625
0 0.32421875 0.22216796875 0.109375 0.1103515625
0 0.32421875 0.33935546875 0.09765625 0.0986328125
0 0.32421875 0.43994140625 0.09765625 0.0986328125
0 0.318359375 0.5537109375 0.109375 0.111328125
0 0.2294921875 0.16357421875 0.109375 0.1103515625
0 0.2255859375 0.27294921875 0.109375 0.1103515625
0 0.2275390625 0.38232421875 0.109375 0.1103515625
0 0.22607421875 0.494140625 0.1103515625 0.111328125
0 0.13818359375 0.11279296875 0.1103515625 0.1103515625
0 0.12939453125 0.20947265625 0.1103515625 0.1103515625
0 0.1328125 0.3212890625 0.09765625 0.09765625
0 0.13427734375 0.431640625 0.1103515625 0.111328125
0 0.13427734375 0.55029296875 0.1103515625 0.1103515625
0 0.13525390625 0.66064453125 0.1103515625 0.1103515625
0 0.13671875 0.77001953125 0.109375 0.1103515625
0 0.134765625 0.87353515625 0.109375 0.1103515625
0 0.23291015625 0.6015625 0.1103515625 0.111328125
0 0.22802734375 0.71826171875 0.1103515625 0.1103515625
0 0.22998046875 0.82177734375 0.1103515625 0.1103515625
0 0.22412109375 0.93408203125 0.1103515625 0.1103515625
0 0.326171875 0.6591796875 0.109375 0.111328125
0 0.3232421875 0.77099609375 0.109375 0.1103515625
0 0.3212890625 0.87939453125 0.09765625 0.0986328125
0 0.41748046875 0.60009765625 0.1103515625 0.1103515625
0 0.416015625 0.7216796875 0.0859375 0.0859375
0 0.416015625 0.828125 0.09765625 0.09765625
0 0.4208984375 0.93896484375 0.09765625 0.0986328125
0 0.51220703125 0.65869140625 0.1103515625 0.1103515625
0 0.51123046875 0.763671875 0.1103515625 0.111328125
0 0.51171875 0.8857421875 0.109375 0.111328125
0 0.6064453125 0.60107421875 0.109375 0.1103515625
0 0.60400390625 0.71826171875 0.1103515625 0.1103515625
0 0.60595703125 0.82470703125 0.1103515625 0.1103515625
0 0.60693359375 0.935546875 0.1103515625 0.111328125
0 0.6943359375 0.65283203125 0.109375 0.1103515625
0 0.693359375 0.76611328125 0.109375 0.1103515625
0 0.701171875 0.87744140625 0.109375 0.1103515625
0 0.7939453125 0.60302734375 0.09765625 0.0986328125
0 0.7939453125 0.71435546875 0.109375 0.1103515625
0 0.796875 0.82080078125 0.09765625 0.0986328125
0 0.7978515625 0.93310546875 0.109375 0.1103515625
0 0.89306640625 0.64990234375 0.1103515625 0.1103515625
0 0.88818359375 0.76416015625 0.1103515625 0.1103515625
0 0.89208984375 0.88330078125 0.1103515625 0.1103515625