0 0.845703125 0.55322265625 0.07421875 0.0732421875
0 0.90966796875 0.84228515625 0.0244140625 0.0244140625
0 0.82763671875 0.84521484375 0.0244140625 0.0244140625
0 0.96630859375 0.94287109375 0.0244140625 0.0244140625
0 0.85888671875 0.93603515625 0.0244140625 0.0244140625
0 0.89599609375 0.458984375 0.0986328125 0.09765625
0 0.84033203125 0.37548828125 0.0732421875 0.0732421875
0 0.89794921875 0.2763671875 0.0986328125 0.09765625
0 0.84619140625 0.18408203125 0.0732421875 0.0732421875
0 0.89892578125 0.0849609375 0.0986328125 0.09765625
0 0.62646484375 0.09375 0.0986328125 0.09765625
0 0.50830078125 0.087890625 0.0986328125 0.09765625
0 0.412109375 0.08740234375 0.123046875 0.1220703125
0 0.2958984375 0.08642578125 0.123046875 0.1220703125
0 0.1826171875 0.08642578125 0.123046875 0.1220703125
0 0.67724609375 0.1904296875 0.0615234375 0.060546875
0 0.57080078125 0.1826171875 0.0986328125 0.09765625
0 0.46142578125 0.1826171875 0.0986328125 0.09765625
0 0.3447265625 0.18505859375 0.123046875 0.1220703125
0 0.2294921875 0.18310546875 0.123046875 0.1220703125
0 0.623046875 0.27978515625 0.0859375 0.0849609375
0 0.51513671875 0.275390625 0.0986328125 0.09765625
0 0.40087890625 0.27880859375 0.1220703125 0.1220703125
0 0.29345703125 0.283203125 0.0986328125 0.09765625
0 0.1826171875 0.27783203125 0.123046875 0.1220703125
0 0.67626953125 0.3720703125 0.0615234375 0.060546875
0 0.56689453125 0.375 0.0986328125 0.09765625
0 0.45458984375 0.3701171875 0.0986328125 0.09765625
0 0.34326171875 0.37109375 0.0986328125 0.09765625
0 0.24169921875 0.375 0.0986328125 0.09765625
0 0.6201171875 0.4638671875 0.0859375 0.0859375
0 0.51611328125 0.46484375 0.0986328125 0.09765625
0 0.40283203125 0.466796875 0.0986328125 0.09765625
0 0.28955078125 0.4638671875 0.0986328125 0.09765625
0 0.17529296875 0.46435546875 0.1220703125 0.1220703125
0 0.6689453125 0.56201171875 0.037109375 0.0361328125
0 0.5703125 0.5625 0.09765625 0.09765625
0 0.46142578125 0.5615234375 0.1103515625 0.109375
0 0.3408203125 0.55908203125 0.123046875 0.1220703125
0 0.23095703125 0.564453125 0.1103515625 0.109375
0 0.12158203125 0.55859375 0.0986328125 0.09765625
0 0.611328125 0.65771484375 0.0859375 0.0849609375
0 0.513671875 0.6552734375 0.09765625 0.09765625
0 0.3974609375 0.65380859375 0.111328125 0.1103515625
0 0.28515625 0.64990234375 0.123046875 0.1220703125
0 0.18310546875 0.65234375 0.1103515625 0.109375
0 0.66455078125 0.7578125 0.0615234375 0.060546875
0 0.56640625 0.75 0.0859375 0.0859375
0 0.455078125 0.75146484375 0.111328125 0.1103515625
0 0.341796875 0.74365234375 0.123046875 0.1220703125
0 0.23388671875 0.74365234375 0.1103515625 0.1103515625
0 0.6162109375 0.8466796875 0.0859375 0.0859375
0 0.50634765625 0.8388671875 0.0986328125 0.09765625
0 0.39599609375 0.8486328125 0.1103515625 0.109375
0 0.2841796875 0.84619140625 0.123046875 0.1220703125
0 0.17236328125 0.84521484375 0.0615234375 0.0615234375
0 0.11962890625 0.74853515625 0.1103515625 0.1103515625
0 0.65771484375 0.94384765625 0.0615234375 0.0615234375
0 0.56396484375 0.9404296875 0.0986328125 0.09765625
0 0.34033203125 0.9375 0.1103515625 0.109375
0 0.119140625 0.943359375 0.111328125 0.109375
0 0.0693359375 0.84814453125 0.111328125 0.1103515625
0 0.07275390625 0.654296875 0.1103515625 0.109375
0 0.07177734375 0.47265625 0.0986328125 0.09765625
0 0.12744140625 0.37353515625 0.1220703125 0.1220703125
0 0.0712890625 0.27392578125 0.123046875 0.1220703125
0 0.1298828125 0.18310546875 0.123046875 0.1220703125
0 0.07421875 0.08837890625 0.123046875 0.1220703125