0 0.26025390625 0.8193359375 0.0869140625 0.0859375
0 0.75146484375 0.06396484375 0.0732421875 0.0732421875
0 0.814453125 0.15771484375 0.0859375 0.0849609375
0 0.8466796875 0.06201171875 0.07421875 0.0732421875
0 0.13427734375 0.060546875 0.0986328125 0.09765625
0 0.24755859375 0.0625 0.0986328125 0.09765625
0 0.08251953125 0.15234375 0.0986328125 0.09765625
0 0.197265625 0.15625 0.0859375 0.0859375
0 0.13427734375 0.2470703125 0.0986328125 0.09765625
0 0.2548828125 0.24853515625 0.0859375 0.0849609375
0 0.07958984375 0.3369140625 0.0986328125 0.09765625
0 0.1884765625 0.34765625 0.09765625 0.09765625
0 0.146484375 0.44091796875 0.111328125 0.1103515625
0 0.25390625 0.443359375 0.0859375 0.0859375
0 0.083984375 0.5361328125 0.09765625 0.09765625
0 0.2021484375 0.54296875 0.09765625 0.09765625
0 0.13916015625 0.638671875 0.0986328125 0.09765625
0 0.255859375 0.63818359375 0.0859375 0.0849609375
0 0.08935546875 0.7275390625 0.0986328125 0.09765625
0 0.19873046875 0.7197265625 0.0986328125 0.09765625
0 0.05078125 0.82861328125 0.0859375 0.0849609375
0 0.154296875 0.822265625 0.0859375 0.0859375
0 0.10302734375 0.91064453125 0.0244140625 0.0244140625
0 0.21630859375 0.91650390625 0.0244140625 0.0244140625
0 0.30322265625 0.91552734375 0.0244140625 0.0244140625
0 0.41064453125 0.92236328125 0.0244140625 0.0244140625
0 0.44140625 0.822265625 0.037109375 0.037109375
0 0.35888671875 0.8251953125 0.1103515625 0.109375
0 0.302734375 0.7158203125 0.0859375 0.0859375
0 0.41162109375 0.71533203125 0.0732421875 0.0732421875
0 0.36181640625 0.634765625 0.0986328125 0.09765625
0 0.47705078125 0.64404296875 0.0615234375 0.0615234375
0 0.30810546875 0.54296875 0.0986328125 0.09765625
0 0.41552734375 0.5380859375 0.0986328125 0.09765625
0 0.365234375 0.4345703125 0.09765625 0.09765625
0 0.3037109375 0.34326171875 0.0859375 0.0849609375
0 0.4150390625 0.3447265625 0.09765625 0.09765625
0 0.3623046875 0.2451171875 0.09765625 0.09765625
0 0.45703125 0.25146484375 0.0859375 0.0849609375
0 0.3076171875 0.15625 0.0859375 0.0859375
0 0.4111328125 0.154296875 0.0859375 0.0859375
0 0.3525390625 0.060546875 0.0859375 0.0859375
0 0.4599609375 0.0634765625 0.0859375 0.0859375
0 0.61181640625 0.91455078125 0.0615234375 0.0615234375
0 0.70556640625 0.91796875 0.0986328125 0.09765625
0 0.8203125 0.91357421875 0.123046875 0.1220703125
0 0.92919921875 0.9208984375 0.1103515625 0.109375
0 0.65478515625 0.8203125 0.0986328125 0.09765625
0 0.76416015625 0.82470703125 0.1103515625 0.1103515625
0 0.8681640625 0.83251953125 0.123046875 0.1220703125
0 0.6220703125 0.73046875 0.048828125 0.048828125
0 0.70751953125 0.7333984375 0.0986328125 0.09765625
0 0.82275390625 0.73388671875 0.1220703125 0.1220703125
0 0.9287109375 0.72998046875 0.123046875 0.1220703125
0 0.65478515625 0.64501953125 0.0732421875 0.0732421875
0 0.76708984375 0.640625 0.1103515625 0.109375
0 0.87646484375 0.6396484375 0.1103515625 0.109375
0 0.70703125 0.53466796875 0.123046875 0.1220703125
0 0.8154296875 0.54638671875 0.123046875 0.1220703125
0 0.93603515625 0.5390625 0.0986328125 0.09765625
0 0.65234375 0.44091796875 0.07421875 0.0732421875
0 0.7646484375 0.435546875 0.09765625 0.09765625
0 0.8779296875 0.42919921875 0.123046875 0.1220703125
0 0.7080078125 0.34033203125 0.123046875 0.1220703125
0 0.828125 0.34423828125 0.123046875 0.1220703125
0 0.9365234375 0.34228515625 0.0859375 0.0849609375
0 0.6591796875 0.25 0.09765625 0.09765625
0 0.7724609375 0.24609375 0.09765625 0.09765625
0 0.876953125 0.24609375 0.09765625 0.09765625
0 0.7109375 0.15966796875 0.07421875 0.0732421875
0 0.9326171875 0.15234375 0.0859375 0.0859375
0 0.65380859375 0.0654296875 0.0615234375 0.060546875