0 0.66943359375 0.64013671875 0.0732421875 0.0732421875
0 0.5615234375 0.63916015625 0.0859375 0.0849609375
0 0.93115234375 0.90966796875 0.0732421875 0.0732421875
0 0.833984375 0.91748046875 0.07421875 0.0732421875
0 0.77099609375 0.0634765625 0.0615234375 0.060546875
0 0.57275390625 0.431640625 0.0615234375 0.060546875
0 0.615234375 0.16552734375 0.07421875 0.0732421875
0 0.716796875 0.92236328125 0.07421875 0.0732421875
0 0.55908203125 0.8115234375 0.0986328125 0.09765625
0 0.67578125 0.80615234375 0.111328125 0.1103515625
0 0.7802734375 0.80029296875 0.111328125 0.1103515625
0 0.8857421875 0.80517578125 0.07421875 0.0732421875
0 0.60888671875 0.7158203125 0.0986328125 0.09765625
0 0.7255859375 0.7158203125 0.09765625 0.09765625
0 0.83984375 0.71533203125 0.07421875 0.0732421875
0 0.94140625 0.72021484375 0.07421875 0.0732421875
0 0.7744140625 0.61572265625 0.07421875 0.0732421875
0 0.888671875 0.62109375 0.09765625 0.09765625
0 0.60791015625 0.52978515625 0.0869140625 0.0849609375
0 0.72119140625 0.52587890625 0.1103515625 0.1103515625
0 0.83740234375 0.52099609375 0.1103515625 0.1103515625
0 0.94384765625 0.52685546875 0.1103515625 0.1103515625
0 0.66455078125 0.42431640625 0.1220703125 0.1220703125
0 0.77978515625 0.421875 0.0986328125 0.09765625
0 0.89208984375 0.431640625 0.0986328125 0.09765625
0 0.62109375 0.3408203125 0.0859375 0.0859375
0 0.72705078125 0.3359375 0.0986328125 0.09765625
0 0.84033203125 0.34375 0.0986328125 0.09765625
0 0.9482421875 0.33984375 0.0859375 0.0859375
0 0.673828125 0.25244140625 0.0859375 0.0849609375
0 0.7958984375 0.25048828125 0.0859375 0.0849609375
0 0.89501953125 0.24609375 0.0869140625 0.0859375
0 0.7392578125 0.16455078125 0.0859375 0.0849609375
0 0.849609375 0.16650390625 0.0859375 0.0849609375
0 0.94921875 0.16650390625 0.0859375 0.0849609375
0 0.6767578125 0.0595703125 0.048828125 0.048828125
0 0.8818359375 0.0673828125 0.0859375 0.0859375