0 0.24169921875 0.5654296875 0.0732421875 0.07421875
0 0.72119140625 0.18359375 0.0732421875 0.07421875
0 0.34033203125 0.0576171875 0.0849609375 0.0859375
0 0.1513671875 0.0703125 0.09765625 0.09765625
0 0.724609375 0.07373046875 0.09765625 0.0986328125
0 0.90625 0.06591796875 0.09765625 0.0986328125
0 0.908203125 0.84326171875 0.09765625 0.0986328125
0 0.90478515625 0.72119140625 0.1103515625 0.1103515625
0 0.90576171875 0.62353515625 0.1103515625 0.1103515625
0 0.8076171875 0.5791015625 0.0859375 0.0859375
0 0.8115234375 0.6884765625 0.0859375 0.0859375
0 0.81298828125 0.783203125 0.0849609375 0.0859375
0 0.81396484375 0.8994140625 0.0849609375 0.0859375
0 0.7119140625 0.953125 0.0859375 0.0859375
0 0.712890625 0.845703125 0.09765625 0.09765625
0 0.7197265625 0.720703125 0.109375 0.111328125
0 0.724609375 0.64013671875 0.09765625 0.0986328125
0 0.634765625 0.580078125 0.0859375 0.0859375
0 0.619140625 0.68701171875 0.09765625 0.0986328125
0 0.62109375 0.79443359375 0.09765625 0.0986328125
0 0.6240234375 0.9013671875 0.09765625 0.09765625
0 0.52734375 0.517578125 0.09765625 0.09765625
0 0.5302734375 0.630859375 0.09765625 0.09765625
0 0.5283203125 0.73193359375 0.09765625 0.0986328125
0 0.5244140625 0.83984375 0.0859375 0.0859375
0 0.427734375 0.4697265625 0.0859375 0.0859375
0 0.42919921875 0.568359375 0.0849609375 0.0859375
0 0.431640625 0.6826171875 0.0859375 0.0859375
0 0.4326171875 0.7919921875 0.0859375 0.0859375
0 0.4326171875 0.89453125 0.0859375 0.0859375
0 0.33349609375 0.5107421875 0.0849609375 0.0859375
0 0.32958984375 0.61328125 0.0849609375 0.0859375
0 0.32958984375 0.728515625 0.0849609375 0.0859375
0 0.328125 0.83740234375 0.109375 0.1103515625
0 0.32666015625 0.9443359375 0.0849609375 0.0859375
0 0.23388671875 0.89208984375 0.1103515625 0.1103515625
0 0.23486328125 0.77978515625 0.1103515625 0.1103515625
0 0.236328125 0.66796875 0.09765625 0.09765625
0 0.1474609375 0.6044921875 0.0859375 0.0859375
0 0.1318359375 0.73193359375 0.09765625 0.0986328125
0 0.1376953125 0.84130859375 0.09765625 0.0986328125
0 0.0517578125 0.77880859375 0.09765625 0.0986328125
0 0.9072265625 0.18408203125 0.09765625 0.0986328125
0 0.90234375 0.3974609375 0.09765625 0.09765625
0 0.9052734375 0.501953125 0.0859375 0.0859375
0 0.81396484375 0.45703125 0.0849609375 0.0859375
0 0.81103515625 0.3369140625 0.0849609375 0.0859375
0 0.8173828125 0.12109375 0.0859375 0.0859375
0 0.720703125 0.2890625 0.09765625 0.09765625
0 0.720703125 0.3994140625 0.09765625 0.09765625
0 0.7197265625 0.51171875 0.09765625 0.09765625
0 0.626953125 0.45849609375 0.09765625 0.0986328125
0 0.630859375 0.345703125 0.09765625 0.09765625
0 0.62548828125 0.2392578125 0.0849609375 0.0859375
0 0.62841796875 0.130859375 0.1103515625 0.111328125
0 0.537109375 0.1796875 0.09765625 0.09765625
0 0.5283203125 0.283203125 0.09765625 0.09765625
0 0.521484375 0.40087890625 0.09765625 0.0986328125
0 0.42919921875 0.373046875 0.0849609375 0.0859375
0 0.24853515625 0.125 0.0849609375 0.0859375
0 0.23583984375 0.23291015625 0.1103515625 0.1103515625
0 0.140625 0.17138671875 0.109375 0.1103515625
0 0.140625 0.28662109375 0.09765625 0.0986328125
0 0.06640625 0.10693359375 0.0859375 0.0869140625
0 0.0673828125 0.20556640625 0.09765625 0.0986328125
0 0.06201171875 0.3271484375 0.0849609375 0.0859375