0 0.92822265625 0.24658203125 0.0732421875 0.0732421875
0 0.82763671875 0.2822265625 0.0849609375 0.0859375
0 0.07421875 0.318359375 0.0859375 0.0859375
0 0.07421875 0.4228515625 0.0859375 0.0859375
0 0.0751953125 0.54345703125 0.09765625 0.0986328125
0 0.0712890625 0.650390625 0.0859375 0.0859375
0 0.06982421875 0.7548828125 0.0849609375 0.0859375
0 0.076171875 0.861328125 0.09765625 0.09765625
0 0.1669921875 0.91748046875 0.09765625 0.0986328125
0 0.16552734375 0.8115234375 0.0849609375 0.0859375
0 0.1708984375 0.693359375 0.0859375 0.0859375
0 0.16455078125 0.58935546875 0.0849609375 0.0869140625
0 0.16796875 0.47900390625 0.09765625 0.0986328125
0 0.169921875 0.36279296875 0.09765625 0.0986328125
0 0.166015625 0.25634765625 0.09765625 0.0986328125
0 0.2626953125 0.31005859375 0.109375 0.1103515625
0 0.2626953125 0.41357421875 0.09765625 0.0986328125
0 0.265625 0.52197265625 0.09765625 0.0986328125
0 0.263671875 0.64453125 0.0859375 0.0859375
0 0.2646484375 0.75439453125 0.09765625 0.0986328125
0 0.2626953125 0.85595703125 0.09765625 0.0986328125
0 0.357421875 0.25146484375 0.09765625 0.0986328125
0 0.3623046875 0.3671875 0.09765625 0.09765625
0 0.35595703125 0.4697265625 0.0849609375 0.0859375
0 0.353515625 0.5791015625 0.09765625 0.09765625
0 0.36328125 0.69482421875 0.09765625 0.0986328125
0 0.3564453125 0.80712890625 0.09765625 0.0986328125
0 0.3603515625 0.91357421875 0.09765625 0.0986328125
0 0.458984375 0.8447265625 0.09765625 0.09765625
0 0.451171875 0.73681640625 0.09765625 0.0986328125
0 0.4541015625 0.6259765625 0.09765625 0.09765625
0 0.453125 0.51318359375 0.09765625 0.0986328125
0 0.4609375 0.40234375 0.09765625 0.09765625
0 0.4541015625 0.29443359375 0.09765625 0.0986328125
0 0.54296875 0.2373046875 0.09765625 0.09765625
0 0.548828125 0.34423828125 0.09765625 0.0986328125
0 0.546875 0.45166015625 0.09765625 0.0986328125
0 0.5458984375 0.56640625 0.09765625 0.09765625
0 0.5419921875 0.68212890625 0.09765625 0.0986328125
0 0.54541015625 0.787109375 0.0849609375 0.0859375
0 0.544921875 0.88916015625 0.09765625 0.0986328125
0 0.64111328125 0.93994140625 0.1103515625 0.1103515625
0 0.6396484375 0.83154296875 0.109375 0.1103515625
0 0.634765625 0.72412109375 0.109375 0.1103515625
0 0.64111328125 0.62255859375 0.1103515625 0.1103515625
0 0.64013671875 0.50927734375 0.1103515625 0.1103515625
0 0.6376953125 0.39501953125 0.109375 0.1103515625
0 0.63623046875 0.2841796875 0.1103515625 0.111328125
0 0.734375 0.2412109375 0.09765625 0.09765625
0 0.7255859375 0.34423828125 0.109375 0.1103515625
0 0.73828125 0.4482421875 0.109375 0.111328125
0 0.73046875 0.56005859375 0.109375 0.1103515625
0 0.73291015625 0.6650390625 0.0849609375 0.0859375
0 0.7353515625 0.7548828125 0.0859375 0.0859375
0 0.73046875 0.88818359375 0.09765625 0.0986328125
0 0.8271484375 0.828125 0.0859375 0.0859375
0 0.8271484375 0.73583984375 0.09765625 0.0986328125
0 0.826171875 0.61474609375 0.09765625 0.0986328125
0 0.83154296875 0.5107421875 0.0849609375 0.0859375
0 0.826171875 0.38427734375 0.109375 0.1103515625
0 0.92431640625 0.3447265625 0.0849609375 0.0859375
0 0.9228515625 0.4443359375 0.09765625 0.09765625
0 0.92578125 0.57958984375 0.09765625 0.0986328125
0 0.923828125 0.66845703125 0.09765625 0.0986328125
0 0.9150390625 0.78564453125 0.109375 0.1103515625
0 0.916015625 0.89697265625 0.109375 0.1103515625
0 0.9228515625 0.12109375 0.0859375 0.0859375
0 0.8251953125 0.17919921875 0.109375 0.1103515625
0 0.828125 0.07470703125 0.09765625 0.0986328125
0 0.7392578125 0.1103515625 0.09765625 0.09765625
0 0.646484375 0.162109375 0.109375 0.111328125
0 0.64501953125 0.0615234375 0.1103515625 0.111328125
0 0.5478515625 0.119140625 0.0859375 0.0859375
0 0.4560546875 0.18505859375 0.09765625 0.0986328125
0 0.4521484375 0.08203125 0.0859375 0.0859375
0 0.35546875 0.14501953125 0.09765625 0.0986328125
0 0.2685546875 0.20166015625 0.109375 0.1103515625
0 0.26220703125 0.08837890625 0.1103515625 0.1103515625
0 0.1669921875 0.1474609375 0.0859375 0.0859375
0 0.06689453125 0.2099609375 0.0849609375 0.0859375
0 0.07421875 0.09423828125 0.09765625 0.0986328125