0 0.533203125 0.08935546875 0.109375 0.1103515625
0 0.06298828125 0.41064453125 0.0732421875 0.0732421875
0 0.71337890625 0.189453125 0.0732421875 0.07421875
0 0.7197265625 0.08203125 0.09765625 0.09765625
0 0.619140625 0.13916015625 0.09765625 0.0986328125
0 0.53564453125 0.19482421875 0.0732421875 0.0732421875
0 0.4365234375 0.13720703125 0.09765625 0.0986328125
0 0.341796875 0.07666015625 0.09765625 0.0986328125
0 0.34423828125 0.18896484375 0.0732421875 0.0732421875
0 0.2451171875 0.13623046875 0.09765625 0.0986328125
0 0.1484375 0.07958984375 0.09765625 0.0986328125
0 0.15283203125 0.181640625 0.0732421875 0.07421875
0 0.0556640625 0.1298828125 0.0859375 0.0859375
0 0.05810546875 0.52099609375 0.1103515625 0.1103515625
0 0.0654296875 0.8486328125 0.109375 0.111328125
0 0.15576171875 0.35986328125 0.0615234375 0.0615234375
0 0.154296875 0.46630859375 0.09765625 0.0986328125
0 0.1533203125 0.57861328125 0.09765625 0.0986328125
0 0.16015625 0.671875 0.09765625 0.09765625
0 0.15380859375 0.798828125 0.1220703125 0.123046875
0 0.25390625 0.40869140625 0.09765625 0.0986328125
0 0.248046875 0.52685546875 0.09765625 0.0986328125
0 0.24755859375 0.623046875 0.1220703125 0.123046875
0 0.24658203125 0.7392578125 0.1220703125 0.123046875
0 0.24658203125 0.8525390625 0.1220703125 0.123046875
0 0.3505859375 0.35791015625 0.060546875 0.0615234375
0 0.3427734375 0.46435546875 0.09765625 0.0986328125
0 0.3427734375 0.57373046875 0.09765625 0.0986328125
0 0.34521484375 0.6904296875 0.1220703125 0.123046875
0 0.34326171875 0.8056640625 0.1220703125 0.123046875
0 0.43994140625 0.412109375 0.0849609375 0.0859375
0 0.435546875 0.52001953125 0.09765625 0.0986328125
0 0.43896484375 0.63427734375 0.1220703125 0.1220703125
0 0.443359375 0.74169921875 0.09765625 0.0986328125
0 0.43798828125 0.8525390625 0.1220703125 0.123046875
0 0.5322265625 0.35888671875 0.060546875 0.0615234375
0 0.53515625 0.46826171875 0.09765625 0.0986328125
0 0.5302734375 0.58056640625 0.09765625 0.0986328125
0 0.53125 0.69189453125 0.09765625 0.0986328125
0 0.53515625 0.79345703125 0.09765625 0.0986328125
0 0.6240234375 0.4150390625 0.0859375 0.0859375
0 0.625 0.51904296875 0.09765625 0.0986328125
0 0.626953125 0.63232421875 0.09765625 0.0986328125
0 0.6240234375 0.74560546875 0.09765625 0.0986328125
0 0.62451171875 0.85986328125 0.1220703125 0.1220703125
0 0.72216796875 0.3662109375 0.0361328125 0.037109375
0 0.72265625 0.46484375 0.09765625 0.09765625
0 0.7216796875 0.57373046875 0.109375 0.1103515625
0 0.71923828125 0.6943359375 0.1220703125 0.123046875
0 0.724609375 0.80419921875 0.109375 0.1103515625
0 0.71875 0.91357421875 0.09765625 0.0986328125
0 0.81787109375 0.423828125 0.0849609375 0.0859375
0 0.8154296875 0.521484375 0.09765625 0.09765625
0 0.81396484375 0.6376953125 0.1103515625 0.111328125
0 0.81005859375 0.75 0.1220703125 0.123046875
0 0.8125 0.85205078125 0.109375 0.1103515625
0 0.91796875 0.37060546875 0.060546875 0.0615234375
0 0.91015625 0.46875 0.0859375 0.0859375
0 0.91162109375 0.580078125 0.1103515625 0.111328125
0 0.90380859375 0.693359375 0.1220703125 0.123046875
0 0.90380859375 0.80126953125 0.1103515625 0.1103515625
0 0.90869140625 0.91552734375 0.1103515625 0.1103515625
0 0.53369140625 0.90771484375 0.1220703125 0.1220703125
0 0.34326171875 0.9052734375 0.1220703125 0.123046875
0 0.1591796875 0.8974609375 0.09765625 0.09765625