0 0.92919921875 0.1435546875 0.0986328125 0.09765625
0 0.82275390625 0.14208984375 0.1103515625 0.1103515625
0 0.873046875 0.25048828125 0.0859375 0.0849609375
0 0.55029296875 0.0498046875 0.0986328125 0.09765625
0 0.72119140625 0.14599609375 0.1103515625 0.1103515625
0 0.60693359375 0.14111328125 0.1103515625 0.1103515625
0 0.48779296875 0.14501953125 0.1103515625 0.1103515625
0 0.38232421875 0.1474609375 0.1103515625 0.109375
0 0.765625 0.24609375 0.0859375 0.0859375
0 0.6640625 0.24951171875 0.0859375 0.0849609375
0 0.552734375 0.24462890625 0.0859375 0.0849609375
0 0.439453125 0.24560546875 0.0859375 0.0849609375
0 0.9306640625 0.33203125 0.09765625 0.09765625
0 0.8232421875 0.3447265625 0.09765625 0.09765625
0 0.71142578125 0.3408203125 0.1103515625 0.109375
0 0.60595703125 0.3388671875 0.1103515625 0.109375
0 0.49072265625 0.3408203125 0.0986328125 0.09765625
0 0.38232421875 0.33837890625 0.1103515625 0.1103515625
0 0.876953125 0.43701171875 0.111328125 0.1103515625
0 0.767578125 0.44091796875 0.111328125 0.1103515625
0 0.65576171875 0.4404296875 0.1103515625 0.109375
0 0.55322265625 0.4365234375 0.0986328125 0.09765625
0 0.43701171875 0.439453125 0.1103515625 0.109375
0 0.93017578125 0.53125 0.0986328125 0.09765625
0 0.82421875 0.53125 0.09765625 0.09765625
0 0.7158203125 0.5341796875 0.09765625 0.09765625
0 0.607421875 0.53564453125 0.111328125 0.1103515625
0 0.49755859375 0.5361328125 0.0986328125 0.09765625
0 0.87255859375 0.6298828125 0.0986328125 0.09765625
0 0.76904296875 0.6318359375 0.0986328125 0.09765625
0 0.65625 0.623046875 0.111328125 0.109375
0 0.5517578125 0.62548828125 0.111328125 0.1103515625
0 0.455078125 0.63330078125 0.111328125 0.1103515625
0 0.93310546875 0.720703125 0.0986328125 0.09765625
0 0.82958984375 0.72265625 0.0986328125 0.09765625
0 0.71435546875 0.724609375 0.1103515625 0.109375
0 0.607421875 0.7216796875 0.09765625 0.09765625
0 0.4931640625 0.7236328125 0.09765625 0.09765625
0 0.87646484375 0.814453125 0.0986328125 0.09765625
0 0.77099609375 0.8173828125 0.0986328125 0.09765625
0 0.65966796875 0.81591796875 0.1103515625 0.1103515625
0 0.55224609375 0.8154296875 0.0986328125 0.09765625
0 0.93701171875 0.9091796875 0.0986328125 0.09765625
0 0.82177734375 0.9111328125 0.0869140625 0.0859375
0 0.7109375 0.90771484375 0.0859375 0.0849609375
0 0.603515625 0.91064453125 0.0859375 0.0849609375
0 0.4951171875 0.91064453125 0.07421875 0.0732421875
0 0.388671875 0.9130859375 0.09765625 0.09765625
0 0.2685546875 0.91015625 0.0859375 0.0859375
0 0.16015625 0.91259765625 0.07421875 0.0732421875
0 0.0517578125 0.91064453125 0.07421875 0.0732421875
0 0.439453125 0.8154296875 0.111328125 0.109375
0 0.328125 0.814453125 0.09765625 0.09765625
0 0.21484375 0.818359375 0.09765625 0.09765625
0 0.109375 0.81884765625 0.0859375 0.0849609375
0 0.3857421875 0.720703125 0.09765625 0.09765625
0 0.27490234375 0.720703125 0.0986328125 0.09765625
0 0.1640625 0.72314453125 0.0859375 0.0849609375
0 0.05224609375 0.7216796875 0.0986328125 0.09765625
0 0.32666015625 0.62744140625 0.1103515625 0.1103515625
0 0.21923828125 0.62939453125 0.1103515625 0.1103515625
0 0.1083984375 0.6259765625 0.0859375 0.0859375
0 0.38525390625 0.529296875 0.0986328125 0.09765625
0 0.27587890625 0.5263671875 0.0986328125 0.09765625
0 0.16259765625 0.53515625 0.0986328125 0.09765625
0 0.05517578125 0.5361328125 0.0986328125 0.09765625
0 0.32373046875 0.4306640625 0.1103515625 0.109375
0 0.21142578125 0.4296875 0.1103515625 0.109375
0 0.10888671875 0.43310546875 0.1103515625 0.1103515625
0 0.27099609375 0.34033203125 0.1103515625 0.1103515625
0 0.16064453125 0.33154296875 0.1103515625 0.1103515625
0 0.32861328125 0.248046875 0.0986328125 0.09765625
0 0.220703125 0.2509765625 0.0859375 0.0859375
0 0.107421875 0.240234375 0.09765625 0.09765625
0 0.27001953125 0.146484375 0.1103515625 0.109375
0 0.166015625 0.1484375 0.111328125 0.109375