0 0.34619140625 0.158203125 0.0732421875 0.07421875
0 0.25439453125 0.23876953125 0.0732421875 0.0732421875
0 0.44677734375 0.4453125 0.0732421875 0.07421875
0 0.06591796875 0.3193359375 0.0849609375 0.0859375
0 0.06103515625 0.21484375 0.0849609375 0.0859375
0 0.06103515625 0.0966796875 0.0849609375 0.0859375
0 0.24951171875 0.12451171875 0.0615234375 0.0615234375
0 0.162109375 0.0595703125 0.0859375 0.0859375
0 0.15673828125 0.1630859375 0.0849609375 0.0859375
0 0.1591796875 0.29296875 0.0859375 0.0859375
0 0.451171875 0.10107421875 0.109375 0.1103515625
0 0.4501953125 0.33544921875 0.09765625 0.0986328125
0 0.630859375 0.1025390625 0.0859375 0.0859375
0 0.54296875 0.06494140625 0.09765625 0.0986328125
0 0.54541015625 0.15625 0.0849609375 0.0859375
0 0.73193359375 0.05615234375 0.1103515625 0.1103515625
0 0.92822265625 0.0576171875 0.0849609375 0.0859375
0 0.921875 0.1640625 0.09765625 0.09765625
0 0.9189453125 0.27587890625 0.09765625 0.0986328125
0 0.8232421875 0.3291015625 0.09765625 0.09765625
0 0.8193359375 0.21630859375 0.09765625 0.0986328125
0 0.7294921875 0.27978515625 0.09765625 0.0986328125
0 0.6318359375 0.32763671875 0.09765625 0.0986328125
0 0.91064453125 0.83056640625 0.1103515625 0.1103515625
0 0.916015625 0.93994140625 0.109375 0.1103515625
0 0.72216796875 0.83154296875 0.1103515625 0.1103515625
0 0.8212890625 0.87744140625 0.109375 0.1103515625
0 0.720703125 0.94091796875 0.09765625 0.0986328125
0 0.63134765625 0.88525390625 0.1103515625 0.1103515625
0 0.533203125 0.8408203125 0.0859375 0.0859375
0 0.537109375 0.9501953125 0.0859375 0.0859375
0 0.4501953125 0.90185546875 0.09765625 0.0986328125
0 0.3603515625 0.841796875 0.0859375 0.0859375
0 0.3447265625 0.94873046875 0.09765625 0.0986328125
0 0.2529296875 0.779296875 0.09765625 0.09765625
0 0.255859375 0.892578125 0.09765625 0.09765625
0 0.1533203125 0.7314453125 0.0859375 0.0859375
0 0.15478515625 0.830078125 0.0849609375 0.0859375
0 0.1572265625 0.9443359375 0.0859375 0.0859375
0 0.05908203125 0.7724609375 0.0849609375 0.0859375
0 0.05517578125 0.875 0.0849609375 0.0859375
0 0.9150390625 0.73486328125 0.09765625 0.0986328125
0 0.9169921875 0.60791015625 0.109375 0.1103515625
0 0.9111328125 0.50048828125 0.109375 0.1103515625
0 0.91796875 0.38330078125 0.109375 0.1103515625
0 0.82421875 0.56005859375 0.09765625 0.0986328125
0 0.82080078125 0.65673828125 0.1103515625 0.1103515625
0 0.8173828125 0.76904296875 0.09765625 0.0986328125
0 0.7314453125 0.71826171875 0.109375 0.1103515625
0 0.7314453125 0.60693359375 0.09765625 0.0986328125
0 0.72802734375 0.490234375 0.0849609375 0.0859375
0 0.734375 0.38720703125 0.09765625 0.0986328125
0 0.6328125 0.44580078125 0.09765625 0.0986328125
0 0.6279296875 0.6591796875 0.09765625 0.09765625
0 0.630859375 0.763671875 0.0859375 0.0859375
0 0.53955078125 0.71875 0.0849609375 0.0859375
0 0.53662109375 0.5986328125 0.0849609375 0.0859375
0 0.54296875 0.3828125 0.0859375 0.0859375
0 0.4462890625 0.55078125 0.09765625 0.09765625
0 0.4462890625 0.6611328125 0.09765625 0.09765625
0 0.4453125 0.7734375 0.09765625 0.09765625
0 0.3525390625 0.72021484375 0.09765625 0.0986328125
0 0.3564453125 0.607421875 0.09765625 0.09765625
0 0.35107421875 0.5009765625 0.0849609375 0.0859375
0 0.35400390625 0.392578125 0.1103515625 0.111328125
0 0.2626953125 0.44140625 0.09765625 0.09765625
0 0.25390625 0.544921875 0.09765625 0.09765625
0 0.2470703125 0.66259765625 0.09765625 0.0986328125
0 0.15478515625 0.634765625 0.0849609375 0.0859375