0 0.74072265625 0.92529296875 0.0732421875 0.0732421875
0 0.94140625 0.9150390625 0.09765625 0.09765625
0 0.93310546875 0.80859375 0.1220703125 0.123046875
0 0.93310546875 0.69921875 0.1103515625 0.111328125
0 0.93505859375 0.59716796875 0.1103515625 0.1103515625
0 0.94189453125 0.48193359375 0.1103515625 0.1103515625
0 0.845703125 0.87255859375 0.109375 0.1103515625
0 0.8408203125 0.759765625 0.109375 0.111328125
0 0.84130859375 0.6474609375 0.1220703125 0.123046875
0 0.84326171875 0.53271484375 0.1103515625 0.1103515625
0 0.74560546875 0.81494140625 0.1103515625 0.1103515625
0 0.74267578125 0.7041015625 0.1220703125 0.123046875
0 0.74365234375 0.591796875 0.1220703125 0.123046875
0 0.73828125 0.4873046875 0.109375 0.111328125
0 0.6494140625 0.86962890625 0.09765625 0.0986328125
0 0.650390625 0.75732421875 0.09765625 0.0986328125
0 0.6435546875 0.6640625 0.09765625 0.09765625
0 0.64990234375 0.537109375 0.1220703125 0.123046875
0 0.5498046875 0.92724609375 0.09765625 0.0986328125
0 0.5556640625 0.80908203125 0.09765625 0.0986328125
0 0.55615234375 0.712890625 0.1220703125 0.123046875
0 0.55712890625 0.5966796875 0.1220703125 0.123046875
0 0.55712890625 0.4833984375 0.1220703125 0.123046875
0 0.4609375 0.87158203125 0.09765625 0.0986328125
0 0.4609375 0.76220703125 0.09765625 0.0986328125
0 0.45849609375 0.6455078125 0.1220703125 0.123046875
0 0.46044921875 0.5302734375 0.1220703125 0.123046875
0 0.36376953125 0.923828125 0.0849609375 0.0859375
0 0.3681640625 0.81591796875 0.09765625 0.0986328125
0 0.36474609375 0.70166015625 0.1220703125 0.1220703125
0 0.3603515625 0.59423828125 0.09765625 0.0986328125
0 0.36572265625 0.4833984375 0.1220703125 0.123046875
0 0.2685546875 0.86767578125 0.09765625 0.0986328125
0 0.2734375 0.75537109375 0.09765625 0.0986328125
0 0.2724609375 0.64404296875 0.09765625 0.0986328125
0 0.2685546875 0.54248046875 0.09765625 0.0986328125
0 0.1796875 0.9208984375 0.0859375 0.0859375
0 0.1787109375 0.81689453125 0.09765625 0.0986328125
0 0.1767578125 0.70361328125 0.09765625 0.0986328125
0 0.1796875 0.59033203125 0.09765625 0.0986328125
0 0.17919921875 0.47607421875 0.1220703125 0.1220703125
0 0.08154296875 0.9697265625 0.0361328125 0.037109375
0 0.0810546875 0.87109375 0.09765625 0.09765625
0 0.08203125 0.76220703125 0.109375 0.1103515625
0 0.08447265625 0.6416015625 0.1220703125 0.123046875
0 0.0791015625 0.53173828125 0.109375 0.1103515625
0 0.0849609375 0.42236328125 0.09765625 0.0986328125
0 0.0810546875 0.31103515625 0.09765625 0.0986328125
0 0.0869140625 0.20263671875 0.09765625 0.0986328125
0 0.083984375 0.09228515625 0.09765625 0.0986328125
0 0.1708984375 0.37255859375 0.09765625 0.0986328125
0 0.1796875 0.26123046875 0.0859375 0.0869140625
0 0.1826171875 0.15234375 0.0859375 0.0859375
0 0.27001953125 0.42822265625 0.1220703125 0.1220703125
0 0.27001953125 0.31787109375 0.1220703125 0.1220703125
0 0.271484375 0.20849609375 0.09765625 0.0986328125
0 0.271484375 0.09814453125 0.109375 0.1103515625
0 0.36962890625 0.3720703125 0.1220703125 0.123046875
0 0.3662109375 0.26611328125 0.09765625 0.0986328125
0 0.36865234375 0.16162109375 0.1103515625 0.1103515625
0 0.3544921875 0.0517578125 0.09765625 0.09765625
0 0.46044921875 0.4306640625 0.1220703125 0.123046875
0 0.455078125 0.32177734375 0.09765625 0.0986328125
0 0.46044921875 0.2099609375 0.0849609375 0.0859375
0 0.4609375 0.1103515625 0.109375 0.111328125
0 0.55517578125 0.375 0.1220703125 0.123046875
0 0.556640625 0.2529296875 0.109375 0.111328125
0 0.5556640625 0.1484375 0.109375 0.111328125
0 0.64453125 0.4384765625 0.09765625 0.09765625
0 0.6533203125 0.3203125 0.09765625 0.09765625
0 0.64111328125 0.220703125 0.1103515625 0.111328125
0 0.64013671875 0.099609375 0.1220703125 0.123046875
0 0.744140625 0.373046875 0.09765625 0.09765625
0 0.73583984375 0.26513671875 0.1103515625 0.1103515625
0 0.84326171875 0.4208984375 0.1103515625 0.111328125
0 0.84326171875 0.31494140625 0.1103515625 0.1103515625
0 0.83935546875 0.21630859375 0.1103515625 0.1103515625
0 0.84228515625 0.11181640625 0.0732421875 0.0732421875
0 0.9365234375 0.37353515625 0.109375 0.1103515625
0 0.9375 0.26220703125 0.109375 0.1103515625