0 0.9111328125 0.099609375 0.0859375 0.0859375
0 0.90576171875 0.2138671875 0.1103515625 0.111328125
0 0.89892578125 0.33837890625 0.1103515625 0.1103515625
0 0.9013671875 0.44287109375 0.109375 0.1103515625
0 0.9052734375 0.54296875 0.09765625 0.09765625
0 0.90625 0.65771484375 0.09765625 0.0986328125
0 0.9013671875 0.771484375 0.0859375 0.0859375
0 0.8115234375 0.05615234375 0.09765625 0.0986328125
0 0.80859375 0.16943359375 0.0859375 0.0869140625
0 0.8115234375 0.27490234375 0.09765625 0.0986328125
0 0.8134765625 0.38916015625 0.09765625 0.0986328125
0 0.8095703125 0.49755859375 0.09765625 0.0986328125
0 0.81494140625 0.60400390625 0.0849609375 0.0869140625
0 0.8134765625 0.71044921875 0.109375 0.1103515625
0 0.7158203125 0.109375 0.09765625 0.09765625
0 0.7158203125 0.2119140625 0.0859375 0.0859375
0 0.716796875 0.32275390625 0.09765625 0.0986328125
0 0.7158203125 0.43896484375 0.09765625 0.0986328125
0 0.712890625 0.54541015625 0.09765625 0.0986328125
0 0.7177734375 0.6650390625 0.09765625 0.09765625
0 0.71240234375 0.771484375 0.0849609375 0.0859375
0 0.626953125 0.16650390625 0.09765625 0.0986328125
0 0.61865234375 0.2783203125 0.0849609375 0.0859375
0 0.61865234375 0.416015625 0.0849609375 0.0859375
0 0.61572265625 0.501953125 0.0849609375 0.0859375
0 0.6171875 0.60498046875 0.109375 0.1103515625
0 0.62353515625 0.7197265625 0.1220703125 0.123046875
0 0.5283203125 0.11328125 0.109375 0.111328125
0 0.529296875 0.22021484375 0.09765625 0.0986328125
0 0.525390625 0.3291015625 0.09765625 0.09765625
0 0.533203125 0.44384765625 0.09765625 0.0986328125
0 0.52392578125 0.55419921875 0.1103515625 0.1103515625
0 0.52392578125 0.65283203125 0.1103515625 0.1103515625
0 0.52001953125 0.75732421875 0.1103515625 0.1103515625
0 0.44189453125 0.0546875 0.0849609375 0.0859375
0 0.4365234375 0.16357421875 0.09765625 0.0986328125
0 0.4287109375 0.28076171875 0.09765625 0.0986328125
0 0.43359375 0.37841796875 0.09765625 0.0986328125
0 0.43115234375 0.4970703125 0.0849609375 0.0859375
0 0.4296875 0.60498046875 0.09765625 0.0986328125
0 0.4306640625 0.70654296875 0.109375 0.1103515625
0 0.33984375 0.1142578125 0.09765625 0.09765625
0 0.3369140625 0.21728515625 0.09765625 0.0986328125
0 0.333984375 0.33056640625 0.09765625 0.0986328125
0 0.330078125 0.4462890625 0.0859375 0.0859375
0 0.3330078125 0.55126953125 0.09765625 0.0986328125
0 0.333984375 0.650390625 0.09765625 0.09765625
0 0.3271484375 0.75146484375 0.109375 0.1103515625
0 0.234375 0.70068359375 0.109375 0.1103515625
0 0.23193359375 0.59814453125 0.1103515625 0.1103515625
0 0.234375 0.486328125 0.109375 0.111328125
0 0.23486328125 0.37451171875 0.1103515625 0.1103515625
0 0.248046875 0.2666015625 0.09765625 0.09765625
0 0.23876953125 0.15966796875 0.1103515625 0.1103515625
0 0.1396484375 0.10888671875 0.09765625 0.0986328125
0 0.1416015625 0.21826171875 0.09765625 0.0986328125
0 0.14453125 0.32373046875 0.109375 0.1103515625
0 0.13916015625 0.44189453125 0.1103515625 0.1103515625
0 0.14013671875 0.5458984375 0.1103515625 0.111328125
0 0.1455078125 0.66064453125 0.09765625 0.0986328125
0 0.142578125 0.76708984375 0.09765625 0.0986328125
0 0.0498046875 0.16455078125 0.09765625 0.0986328125
0 0.048828125 0.38720703125 0.0859375 0.0869140625