0 0.15966796875 0.0634765625 0.0732421875 0.07421875
0 0.06103515625 0.677734375 0.0732421875 0.07421875
0 0.25634765625 0.5478515625 0.0732421875 0.07421875
0 0.90625 0.59814453125 0.09765625 0.0986328125
0 0.91015625 0.7138671875 0.0859375 0.0859375
0 0.908203125 0.82177734375 0.09765625 0.0986328125
0 0.90576171875 0.9306640625 0.0849609375 0.0859375
0 0.8154296875 0.6630859375 0.09765625 0.09765625
0 0.81640625 0.765625 0.09765625 0.09765625
0 0.81689453125 0.8759765625 0.0849609375 0.0859375
0 0.72900390625 0.61376953125 0.1103515625 0.1103515625
0 0.72265625 0.72802734375 0.09765625 0.0986328125
0 0.71875 0.83740234375 0.09765625 0.0986328125
0 0.62451171875 0.5771484375 0.0849609375 0.0859375
0 0.62158203125 0.68359375 0.0849609375 0.0859375
0 0.62451171875 0.7802734375 0.0849609375 0.0859375
0 0.62158203125 0.89453125 0.0849609375 0.0859375
0 0.5380859375 0.84228515625 0.09765625 0.0986328125
0 0.53369140625 0.734375 0.0849609375 0.0859375
0 0.53271484375 0.6220703125 0.0849609375 0.0859375
0 0.4384765625 0.5634765625 0.0859375 0.0859375
0 0.439453125 0.6767578125 0.0859375 0.0859375
0 0.4345703125 0.7861328125 0.09765625 0.09765625
0 0.4443359375 0.9033203125 0.109375 0.111328125
0 0.34375 0.83544921875 0.109375 0.1103515625
0 0.34765625 0.7314453125 0.109375 0.111328125
0 0.353515625 0.60888671875 0.09765625 0.0986328125
0 0.2587890625 0.6611328125 0.0859375 0.0859375
0 0.2548828125 0.88623046875 0.09765625 0.0986328125
0 0.2509765625 0.76904296875 0.0859375 0.0869140625
0 0.15771484375 0.8349609375 0.0849609375 0.0859375
0 0.1552734375 0.732421875 0.0859375 0.0859375
0 0.15234375 0.60888671875 0.09765625 0.0986328125
0 0.068359375 0.576171875 0.09765625 0.09765625
0 0.0625 0.787109375 0.09765625 0.09765625
0 0.0634765625 0.89013671875 0.09765625 0.0986328125
0 0.15478515625 0.943359375 0.0849609375 0.0859375
0 0.0654296875 0.140625 0.0859375 0.0859375
0 0.06787109375 0.251953125 0.0849609375 0.0859375
0 0.0673828125 0.34326171875 0.09765625 0.0986328125
0 0.0703125 0.47998046875 0.09765625 0.0986328125
0 0.16064453125 0.509765625 0.0849609375 0.0859375
0 0.16064453125 0.39453125 0.0849609375 0.0859375
0 0.16748046875 0.29296875 0.0849609375 0.0859375
0 0.15576171875 0.1728515625 0.0849609375 0.0859375
0 0.2568359375 0.1201171875 0.0859375 0.0859375
0 0.25244140625 0.234375 0.0849609375 0.0859375
0 0.25146484375 0.3408203125 0.0849609375 0.0859375
0 0.24853515625 0.4462890625 0.0849609375 0.0859375
0 0.345703125 0.0693359375 0.0859375 0.0859375
0 0.341796875 0.1787109375 0.0859375 0.0859375
0 0.3388671875 0.29443359375 0.09765625 0.0986328125
0 0.353515625 0.41650390625 0.09765625 0.0986328125
0 0.34814453125 0.5126953125 0.1103515625 0.111328125
0 0.44140625 0.13525390625 0.09765625 0.0986328125
0 0.4375 0.2421875 0.0859375 0.0859375
0 0.43603515625 0.3466796875 0.0849609375 0.0859375
0 0.4423828125 0.453125 0.09765625 0.09765625
0 0.533203125 0.50927734375 0.09765625 0.0986328125
0 0.53173828125 0.4033203125 0.0849609375 0.0859375
0 0.537109375 0.28515625 0.0859375 0.0859375
0 0.53076171875 0.18115234375 0.0849609375 0.0869140625
0 0.5341796875 0.07080078125 0.09765625 0.0986328125
0 0.6318359375 0.11376953125 0.09765625 0.0986328125
0 0.6298828125 0.236328125 0.0859375 0.0859375
0 0.630859375 0.34619140625 0.09765625 0.0986328125
0 0.62890625 0.44775390625 0.09765625 0.0986328125
0 0.72216796875 0.0615234375 0.0849609375 0.0859375
0 0.7197265625 0.1708984375 0.09765625 0.09765625
0 0.7294921875 0.28662109375 0.09765625 0.0986328125
0 0.72265625 0.39892578125 0.09765625 0.0986328125
0 0.7265625 0.50537109375 0.09765625 0.0986328125
0 0.818359375 0.54736328125 0.09765625 0.0986328125
0 0.8251953125 0.4365234375 0.09765625 0.09765625
0 0.8173828125 0.32861328125 0.09765625 0.0986328125
0 0.8203125 0.2177734375 0.09765625 0.09765625
0 0.8193359375 0.10498046875 0.09765625 0.0986328125
0 0.912109375 0.158203125 0.09765625 0.09765625
0 0.908203125 0.27392578125 0.09765625 0.0986328125
0 0.91162109375 0.37890625 0.0849609375 0.0859375
0 0.9111328125 0.48095703125 0.09765625 0.0986328125