0 0.927734375 0.69677734375 0.07421875 0.0732421875
0 0.62353515625 0.80224609375 0.0732421875 0.0732421875
0 0.3505859375 0.50634765625 0.07421875 0.0732421875
0 0.70068359375 0.51025390625 0.0732421875 0.0732421875
0 0.57421875 0.69970703125 0.07421875 0.0732421875
0 0.42822265625 0.78759765625 0.0732421875 0.0732421875
0 0.52099609375 0.60595703125 0.0732421875 0.0732421875
0 0.34619140625 0.87353515625 0.0732421875 0.0732421875
0 0.2431640625 0.87060546875 0.07421875 0.0732421875
0 0.3701171875 0.697265625 0.0859375 0.0859375
0 0.2568359375 0.685546875 0.0859375 0.0859375
0 0.31494140625 0.796875 0.0869140625 0.0859375
0 0.203125 0.79541015625 0.0859375 0.0849609375
0 0.15234375 0.865234375 0.0859375 0.0859375
0 0.05859375 0.78857421875 0.0859375 0.0849609375
0 0.12353515625 0.69189453125 0.1103515625 0.1103515625
0 0.1171875 0.505859375 0.0859375 0.0859375
0 0.41064453125 0.40625 0.0986328125 0.09765625
0 0.29443359375 0.40380859375 0.1103515625 0.1103515625
0 0.24755859375 0.3056640625 0.0986328125 0.09765625
0 0.35595703125 0.31494140625 0.1103515625 0.1103515625
0 0.31298828125 0.216796875 0.1103515625 0.109375
0 0.365234375 0.12890625 0.0859375 0.0859375
0 0.2607421875 0.1181640625 0.0859375 0.0859375
0 0.1357421875 0.1220703125 0.0859375 0.0859375
0 0.0869140625 0.21484375 0.0859375 0.0859375
0 0.201171875 0.21630859375 0.0859375 0.0849609375
0 0.130859375 0.310546875 0.0859375 0.0859375
0 0.0732421875 0.40478515625 0.0859375 0.0849609375
0 0.18359375 0.4091796875 0.0859375 0.0859375
0 0.30859375 0.59521484375 0.0859375 0.0849609375
0 0.1826171875 0.59375 0.0859375 0.0859375
0 0.072265625 0.59228515625 0.0859375 0.0849609375
0 0.2373046875 0.50830078125 0.0859375 0.0849609375
0 0.52978515625 0.80224609375 0.0732421875 0.0732421875
0 0.46484375 0.69775390625 0.07421875 0.0732421875
0 0.826171875 0.8037109375 0.0859375 0.0859375
0 0.48095703125 0.13037109375 0.1103515625 0.1103515625
0 0.58935546875 0.12890625 0.1103515625 0.109375
0 0.69677734375 0.1240234375 0.1103515625 0.109375
0 0.79833984375 0.13037109375 0.1103515625 0.1103515625
0 0.91162109375 0.12939453125 0.1103515625 0.1103515625
0 0.86083984375 0.2197265625 0.1103515625 0.109375
0 0.755859375 0.22216796875 0.0859375 0.0849609375
0 0.666015625 0.224609375 0.0859375 0.0859375
0 0.53271484375 0.2197265625 0.0986328125 0.09765625
0 0.4677734375 0.3203125 0.111328125 0.109375
0 0.4208984375 0.220703125 0.0859375 0.0859375
0 0.5927734375 0.31640625 0.0859375 0.0859375
0 0.68505859375 0.31640625 0.0986328125 0.09765625
0 0.80615234375 0.3154296875 0.0986328125 0.09765625
0 0.91015625 0.32080078125 0.0859375 0.0849609375
0 0.84130859375 0.4150390625 0.0986328125 0.09765625
0 0.75244140625 0.4130859375 0.0986328125 0.09765625
0 0.63525390625 0.404296875 0.1103515625 0.109375
0 0.52392578125 0.4052734375 0.1103515625 0.109375
0 0.462890625 0.5048828125 0.0859375 0.0859375
0 0.578125 0.51171875 0.0859375 0.0859375
0 0.8056640625 0.50927734375 0.0859375 0.0849609375
0 0.94091796875 0.50390625 0.0986328125 0.09765625
0 0.8837890625 0.60107421875 0.0859375 0.0849609375
0 0.75244140625 0.6005859375 0.0986328125 0.09765625
0 0.63671875 0.6015625 0.09765625 0.09765625
0 0.69384765625 0.69921875 0.1103515625 0.109375
0 0.81201171875 0.6953125 0.0986328125 0.09765625
0 0.9072265625 0.8818359375 0.111328125 0.109375
0 0.93701171875 0.79248046875 0.1103515625 0.1103515625
0 0.80029296875 0.88671875 0.1103515625 0.109375
0 0.6923828125 0.88671875 0.0859375 0.0859375
0 0.458984375 0.880859375 0.0859375 0.0859375