0 0.27880859375 0.9423828125 0.0849609375 0.0859375
0 0.0888671875 0.94580078125 0.09765625 0.0986328125
0 0.94091796875 0.91259765625 0.1103515625 0.1103515625
0 0.7529296875 0.9052734375 0.09765625 0.09765625
0 0.560546875 0.8955078125 0.0859375 0.0859375
0 0.46484375 0.9501953125 0.09765625 0.09765625
0 0.3720703125 0.9111328125 0.109375 0.111328125
0 0.9453125 0.16845703125 0.09765625 0.0986328125
0 0.94384765625 0.28515625 0.1103515625 0.111328125
0 0.947265625 0.39453125 0.09765625 0.09765625
0 0.94580078125 0.734375 0.0849609375 0.0859375
0 0.8525390625 0.12646484375 0.109375 0.1103515625
0 0.849609375 0.21484375 0.09765625 0.09765625
0 0.85498046875 0.30078125 0.1103515625 0.111328125
0 0.85986328125 0.41552734375 0.1103515625 0.1103515625
0 0.841796875 0.54541015625 0.109375 0.1103515625
0 0.84912109375 0.6689453125 0.1103515625 0.111328125
0 0.759765625 0.71826171875 0.109375 0.1103515625
0 0.74853515625 0.6103515625 0.1103515625 0.111328125
0 0.7548828125 0.4970703125 0.109375 0.111328125
0 0.7607421875 0.39794921875 0.09765625 0.0986328125
0 0.765625 0.18115234375 0.109375 0.1103515625
0 0.76171875 0.27099609375 0.09765625 0.0986328125
0 0.6650390625 0.22265625 0.09765625 0.09765625
0 0.666015625 0.3291015625 0.09765625 0.09765625
0 0.666015625 0.4423828125 0.09765625 0.09765625
0 0.662109375 0.5556640625 0.09765625 0.09765625
0 0.501953125 0.18603515625 0.048828125 0.0498046875
0 0.5703125 0.4033203125 0.09765625 0.09765625
0 0.56787109375 0.49267578125 0.1103515625 0.1103515625
0 0.5673828125 0.61376953125 0.09765625 0.0986328125
0 0.56884765625 0.708984375 0.1103515625 0.111328125
0 0.65380859375 0.662109375 0.1103515625 0.111328125
0 0.470703125 0.65673828125 0.09765625 0.0986328125
0 0.474609375 0.537109375 0.0859375 0.0859375
0 0.474609375 0.43798828125 0.109375 0.1103515625
0 0.38671875 0.37451171875 0.09765625 0.0986328125
0 0.3994140625 0.51904296875 0.109375 0.1103515625
0 0.38671875 0.61474609375 0.109375 0.1103515625
0 0.3720703125 0.7177734375 0.09765625 0.09765625
0 0.291015625 0.66845703125 0.109375 0.1103515625
0 0.287109375 0.55029296875 0.109375 0.1103515625
0 0.28857421875 0.4521484375 0.0849609375 0.0859375
0 0.294921875 0.0830078125 0.09765625 0.09765625
0 0.2861328125 0.330078125 0.09765625 0.09765625
0 0.19287109375 0.2861328125 0.0849609375 0.0859375
0 0.1875 0.39404296875 0.09765625 0.0986328125
0 0.1875 0.4951171875 0.09765625 0.09765625
0 0.1875 0.61083984375 0.109375 0.1103515625
0 0.18896484375 0.70849609375 0.1103515625 0.1103515625
0 0.0908203125 0.66650390625 0.109375 0.1103515625
0 0.091796875 0.55224609375 0.09765625 0.0986328125
0 0.1025390625 0.4365234375 0.109375 0.111328125
0 0.09375 0.33544921875 0.109375 0.1103515625
0 0.10400390625 0.21044921875 0.1103515625 0.1103515625