0 0.86572265625 0.4462890625 0.0732421875 0.07421875
0 0.958984375 0.50732421875 0.060546875 0.0615234375
0 0.67041015625 0.576171875 0.0732421875 0.07421875
0 0.76904296875 0.06884765625 0.0732421875 0.0732421875
0 0.111328125 0.4609375 0.09765625 0.09765625
0 0.1103515625 0.3583984375 0.09765625 0.09765625
0 0.10986328125 0.248046875 0.0849609375 0.0859375
0 0.1103515625 0.13037109375 0.09765625 0.0986328125
0 0.19775390625 0.51025390625 0.1103515625 0.1103515625
0 0.2041015625 0.39599609375 0.09765625 0.0986328125
0 0.2080078125 0.28662109375 0.09765625 0.0986328125
0 0.2080078125 0.17333984375 0.09765625 0.0986328125
0 0.2060546875 0.060546875 0.09765625 0.09765625
0 0.30224609375 0.546875 0.0849609375 0.0859375
0 0.30517578125 0.4404296875 0.0849609375 0.0859375
0 0.30224609375 0.34375 0.0849609375 0.0859375
0 0.30517578125 0.2294921875 0.0849609375 0.0859375
0 0.302734375 0.115234375 0.09765625 0.09765625
0 0.3935546875 0.060546875 0.09765625 0.09765625
0 0.3876953125 0.17626953125 0.109375 0.1103515625
0 0.388671875 0.28173828125 0.09765625 0.0986328125
0 0.39306640625 0.3896484375 0.0849609375 0.0859375
0 0.39404296875 0.501953125 0.0849609375 0.0859375
0 0.48828125 0.560546875 0.0859375 0.0859375
0 0.4873046875 0.447265625 0.0859375 0.0859375
0 0.4921875 0.337890625 0.09765625 0.09765625
0 0.482421875 0.220703125 0.109375 0.111328125
0 0.4873046875 0.12451171875 0.09765625 0.0986328125
0 0.5869140625 0.06591796875 0.109375 0.1103515625
0 0.5869140625 0.17822265625 0.109375 0.1103515625
0 0.5830078125 0.28857421875 0.109375 0.1103515625
0 0.5791015625 0.392578125 0.109375 0.111328125
0 0.5732421875 0.51513671875 0.09765625 0.0986328125
0 0.66796875 0.462890625 0.0859375 0.0859375
0 0.671875 0.23779296875 0.09765625 0.0986328125
0 0.67578125 0.35498046875 0.0859375 0.0869140625
0 0.76904296875 0.2890625 0.0849609375 0.0859375
0 0.771484375 0.3916015625 0.0859375 0.0859375
0 0.67626953125 0.123046875 0.0849609375 0.0859375
0 0.7744140625 0.51513671875 0.09765625 0.0986328125
0 0.8583984375 0.5478515625 0.09765625 0.09765625
0 0.8642578125 0.3369140625 0.09765625 0.09765625
0 0.86328125 0.23388671875 0.09765625 0.0986328125
0 0.85693359375 0.11328125 0.0849609375 0.0859375
0 0.77197265625 0.1806640625 0.0849609375 0.0859375
0 0.95458984375 0.6064453125 0.0849609375 0.0859375
0 0.953125 0.845703125 0.0859375 0.0859375
0 0.85888671875 0.8720703125 0.0849609375 0.0859375
0 0.859375 0.78076171875 0.09765625 0.0986328125
0 0.8564453125 0.64404296875 0.09765625 0.0986328125
0 0.76611328125 0.6142578125 0.0849609375 0.0859375
0 0.76611328125 0.7294921875 0.0849609375 0.0859375
0 0.75927734375 0.8310546875 0.0849609375 0.0859375
0 0.77099609375 0.951171875 0.0849609375 0.0859375
0 0.67431640625 0.8896484375 0.0849609375 0.0859375
0 0.67529296875 0.783203125 0.0849609375 0.0859375
0 0.67822265625 0.677734375 0.0849609375 0.0859375
0 0.5849609375 0.9453125 0.0859375 0.0859375
0 0.587890625 0.82958984375 0.09765625 0.0986328125
0 0.5732421875 0.70751953125 0.09765625 0.0986328125
0 0.57861328125 0.611328125 0.1103515625 0.111328125
0 0.4892578125 0.8818359375 0.0859375 0.0859375
0 0.49072265625 0.77734375 0.0849609375 0.0859375
0 0.484375 0.6708984375 0.09765625 0.09765625
0 0.3935546875 0.61474609375 0.09765625 0.0986328125
0 0.39501953125 0.720703125 0.0849609375 0.0859375
0 0.3896484375 0.8388671875 0.0859375 0.0859375
0 0.39599609375 0.94287109375 0.0849609375 0.0869140625
0 0.296875 0.8876953125 0.0859375 0.0859375
0 0.2958984375 0.77783203125 0.09765625 0.0986328125
0 0.2978515625 0.67626953125 0.09765625 0.0986328125
0 0.197265625 0.83740234375 0.09765625 0.0986328125
0 0.2041015625 0.72509765625 0.09765625 0.0986328125
0 0.2001953125 0.61865234375 0.09765625 0.0986328125
0 0.1083984375 0.57666015625 0.09765625 0.0986328125
0 0.1015625 0.6875 0.09765625 0.09765625
0 0.109375 0.79541015625 0.09765625 0.0986328125
0 0.1064453125 0.90625 0.09765625 0.09765625