0 0.25390625 0.9501953125 0.09765625 0.09765625
0 0.365234375 0.9501953125 0.09765625 0.09765625
0 0.47265625 0.95166015625 0.0859375 0.0849609375
0 0.5859375 0.951171875 0.0859375 0.0859375
0 0.0888671875 0.8544921875 0.0859375 0.0859375
0 0.201171875 0.85546875 0.09765625 0.09765625
0 0.310546875 0.85107421875 0.111328125 0.1103515625
0 0.4208984375 0.85888671875 0.111328125 0.1103515625
0 0.52685546875 0.85302734375 0.1103515625 0.1103515625
0 0.1416015625 0.7587890625 0.0859375 0.0859375
0 0.2529296875 0.76171875 0.0859375 0.0859375
0 0.3544921875 0.755859375 0.111328125 0.109375
0 0.4638671875 0.7587890625 0.111328125 0.109375
0 0.58740234375 0.76318359375 0.1103515625 0.1103515625
0 0.08837890625 0.66650390625 0.1103515625 0.1103515625
0 0.20166015625 0.66552734375 0.1103515625 0.1103515625
0 0.30517578125 0.6572265625 0.1103515625 0.109375
0 0.41552734375 0.6630859375 0.1103515625 0.109375
0 0.5302734375 0.6640625 0.111328125 0.109375
0 0.13623046875 0.56494140625 0.1103515625 0.1103515625
0 0.25146484375 0.56689453125 0.1103515625 0.1103515625
0 0.35986328125 0.572265625 0.0986328125 0.09765625
0 0.4697265625 0.56982421875 0.0859375 0.0849609375
0 0.5830078125 0.5693359375 0.09765625 0.09765625
0 0.09521484375 0.470703125 0.1103515625 0.109375
0 0.19482421875 0.46875 0.1103515625 0.109375
0 0.30712890625 0.478515625 0.0986328125 0.09765625
0 0.41943359375 0.47314453125 0.1103515625 0.1103515625
0 0.52587890625 0.48095703125 0.1103515625 0.1103515625
0 0.15478515625 0.3818359375 0.1103515625 0.109375
0 0.26318359375 0.380859375 0.1103515625 0.109375
0 0.36572265625 0.380859375 0.0986328125 0.09765625
0 0.48193359375 0.3759765625 0.1103515625 0.109375
0 0.09912109375 0.28955078125 0.1103515625 0.1103515625
0 0.20361328125 0.28564453125 0.1103515625 0.1103515625
0 0.31494140625 0.28857421875 0.1103515625 0.1103515625
0 0.42626953125 0.2900390625 0.1103515625 0.109375
0 0.53564453125 0.2890625 0.1103515625 0.109375
0 0.1455078125 0.193359375 0.111328125 0.109375
0 0.25537109375 0.1953125 0.0986328125 0.09765625
0 0.36767578125 0.18798828125 0.1103515625 0.1103515625
0 0.47509765625 0.19580078125 0.1103515625 0.1103515625
0 0.0986328125 0.1005859375 0.111328125 0.109375
0 0.2041015625 0.103515625 0.111328125 0.109375
0 0.310546875 0.1015625 0.09765625 0.09765625
0 0.41943359375 0.1025390625 0.1103515625 0.109375
0 0.53955078125 0.1025390625 0.0986328125 0.09765625
0 0.64599609375 0.09716796875 0.1103515625 0.1103515625
0 0.74365234375 0.1044921875 0.0986328125 0.09765625
0 0.87353515625 0.107421875 0.0986328125 0.09765625
0 0.59326171875 0.19384765625 0.1103515625 0.1103515625
0 0.70166015625 0.1923828125 0.1103515625 0.109375
0 0.81884765625 0.1923828125 0.0986328125 0.09765625
0 0.91943359375 0.1923828125 0.0986328125 0.09765625
0 0.64306640625 0.287109375 0.1103515625 0.109375
0 0.75244140625 0.291015625 0.1103515625 0.109375
0 0.86181640625 0.2890625 0.1103515625 0.109375
0 0.59228515625 0.37841796875 0.1103515625 0.1103515625
0 0.68896484375 0.38720703125 0.1103515625 0.1103515625
0 0.80078125 0.3837890625 0.09765625 0.09765625
0 0.9111328125 0.38232421875 0.111328125 0.1103515625
0 0.64208984375 0.47607421875 0.1103515625 0.1103515625
0 0.7587890625 0.47412109375 0.111328125 0.1103515625
0 0.8681640625 0.4833984375 0.09765625 0.09765625
0 0.6953125 0.572265625 0.111328125 0.109375
0 0.81494140625 0.5732421875 0.0615234375 0.060546875
0 0.92138671875 0.5771484375 0.1103515625 0.109375
0 0.6396484375 0.6669921875 0.111328125 0.109375
0 0.74951171875 0.6640625 0.1103515625 0.109375
0 0.85791015625 0.67236328125 0.1103515625 0.1103515625
0 0.69580078125 0.76123046875 0.1103515625 0.1103515625
0 0.79541015625 0.76513671875 0.0615234375 0.0615234375
0 0.91650390625 0.76416015625 0.1103515625 0.1103515625
0 0.64501953125 0.85498046875 0.0615234375 0.0615234375
0 0.75341796875 0.85986328125 0.0615234375 0.0615234375
0 0.86376953125 0.8583984375 0.1103515625 0.109375
0 0.8203125 0.9541015625 0.0859375 0.0859375