0 0.10498046875 0.34619140625 0.0732421875 0.0732421875
0 0.1083984375 0.451171875 0.0859375 0.0859375
0 0.85302734375 0.27490234375 0.0732421875 0.0732421875
0 0.85400390625 0.1669921875 0.0849609375 0.0859375
0 0.47998046875 0.3896484375 0.0732421875 0.07421875
0 0.46435546875 0.2822265625 0.0732421875 0.07421875
0 0.77294921875 0.7646484375 0.0849609375 0.0859375
0 0.29443359375 0.71337890625 0.0732421875 0.0732421875
0 0.28271484375 0.60009765625 0.0732421875 0.0732421875
0 0.77880859375 0.6611328125 0.0849609375 0.0859375
0 0.47900390625 0.59130859375 0.0732421875 0.0732421875
0 0.68994140625 0.705078125 0.0849609375 0.0859375
0 0.58154296875 0.66162109375 0.0732421875 0.0732421875
0 0.58349609375 0.53662109375 0.0732421875 0.0732421875
0 0.201171875 0.646484375 0.0859375 0.0859375
0 0.47998046875 0.47802734375 0.0732421875 0.0732421875
0 0.57568359375 0.439453125 0.0732421875 0.07421875
0 0.19482421875 0.52783203125 0.0732421875 0.0732421875
0 0.09326171875 0.14892578125 0.0615234375 0.0615234375
0 0.09423828125 0.23583984375 0.0615234375 0.0615234375
0 0.1123046875 0.587890625 0.0859375 0.0859375
0 0.11181640625 0.7041015625 0.0849609375 0.0859375
0 0.19921875 0.21630859375 0.048828125 0.0498046875
0 0.1982421875 0.31982421875 0.048828125 0.0498046875
0 0.20166015625 0.42919921875 0.0732421875 0.0732421875
0 0.2734375 0.17919921875 0.060546875 0.0615234375
0 0.27734375 0.27685546875 0.060546875 0.0615234375
0 0.27734375 0.36181640625 0.060546875 0.0615234375
0 0.28662109375 0.47021484375 0.0615234375 0.0615234375
0 0.36181640625 0.23095703125 0.0615234375 0.0615234375
0 0.36962890625 0.33642578125 0.0732421875 0.0732421875
0 0.38330078125 0.42431640625 0.0732421875 0.0732421875
0 0.38134765625 0.53564453125 0.0732421875 0.0732421875
0 0.38427734375 0.65673828125 0.0732421875 0.0732421875
0 0.45166015625 0.17041015625 0.0615234375 0.0615234375
0 0.4951171875 0.70556640625 0.0859375 0.0869140625
0 0.57080078125 0.322265625 0.0732421875 0.07421875
0 0.681640625 0.16455078125 0.09765625 0.0986328125
0 0.68701171875 0.28125 0.1103515625 0.111328125
0 0.69287109375 0.3857421875 0.1103515625 0.111328125
0 0.68798828125 0.4912109375 0.0732421875 0.07421875
0 0.68603515625 0.6025390625 0.0732421875 0.07421875
0 0.77734375 0.21435546875 0.09765625 0.0986328125
0 0.77734375 0.3310546875 0.09765625 0.09765625
0 0.77783203125 0.4453125 0.0732421875 0.07421875
0 0.77294921875 0.546875 0.0732421875 0.07421875
0 0.87744140625 0.3798828125 0.0732421875 0.07421875
0 0.8720703125 0.494140625 0.09765625 0.09765625
0 0.875 0.60546875 0.09765625 0.09765625
0 0.87109375 0.7216796875 0.109375 0.111328125
0 0.86962890625 0.83203125 0.1103515625 0.111328125
0 0.86865234375 0.94091796875 0.1103515625 0.1103515625
0 0.77685546875 0.865234375 0.0849609375 0.0859375
0 0.68115234375 0.83154296875 0.0732421875 0.0732421875
0 0.6806640625 0.93701171875 0.109375 0.1103515625
0 0.5888671875 0.775390625 0.0859375 0.0859375
0 0.583984375 0.89111328125 0.109375 0.1103515625
0 0.48876953125 0.83251953125 0.1103515625 0.1103515625
0 0.48876953125 0.94287109375 0.1103515625 0.1103515625
0 0.38818359375 0.77392578125 0.0849609375 0.0869140625
0 0.3994140625 0.88525390625 0.09765625 0.0986328125
0 0.2958984375 0.8193359375 0.0859375 0.0859375
0 0.2998046875 0.9423828125 0.0859375 0.0859375
0 0.20263671875 0.77001953125 0.0732421875 0.0732421875
0 0.2109375 0.88232421875 0.09765625 0.0986328125
0 0.11376953125 0.7998046875 0.0849609375 0.0859375
0 0.107421875 0.9384765625 0.09765625 0.09765625