0 0.32470703125 0.90234375 0.0732421875 0.07421875
0 0.421875 0.0712890625 0.09765625 0.09765625
0 0.232421875 0.0673828125 0.09765625 0.09765625
0 0.04150390625 0.1806640625 0.0732421875 0.07421875
0 0.04345703125 0.404296875 0.0849609375 0.0859375
0 0.1396484375 0.12353515625 0.09765625 0.0986328125
0 0.1357421875 0.2373046875 0.0859375 0.0859375
0 0.1337890625 0.33984375 0.09765625 0.09765625
0 0.134765625 0.4541015625 0.0859375 0.0859375
0 0.1376953125 0.5703125 0.0859375 0.0859375
0 0.232421875 0.17529296875 0.09765625 0.0986328125
0 0.2373046875 0.29345703125 0.09765625 0.0986328125
0 0.240234375 0.3994140625 0.09765625 0.09765625
0 0.2392578125 0.5166015625 0.09765625 0.09765625
0 0.326171875 0.12646484375 0.0859375 0.0869140625
0 0.326171875 0.23388671875 0.09765625 0.0986328125
0 0.3251953125 0.34228515625 0.09765625 0.0986328125
0 0.326171875 0.47216796875 0.09765625 0.0986328125
0 0.42578125 0.18017578125 0.09765625 0.0986328125
0 0.4189453125 0.28857421875 0.09765625 0.0986328125
0 0.41796875 0.4033203125 0.0859375 0.0859375
0 0.42138671875 0.5126953125 0.0849609375 0.0859375
0 0.51513671875 0.1201171875 0.0849609375 0.0859375
0 0.51513671875 0.232421875 0.0849609375 0.0859375
0 0.515625 0.34619140625 0.09765625 0.0986328125
0 0.517578125 0.4580078125 0.0859375 0.0859375
0 0.513671875 0.5693359375 0.0859375 0.0859375
0 0.32861328125 0.5830078125 0.0849609375 0.0859375
0 0.5146484375 0.6767578125 0.0859375 0.0859375
0 0.5107421875 0.78515625 0.09765625 0.09765625
0 0.51416015625 0.908203125 0.0849609375 0.0859375
0 0.41845703125 0.62109375 0.0849609375 0.0859375
0 0.41796875 0.73828125 0.09765625 0.09765625
0 0.419921875 0.849609375 0.09765625 0.09765625
0 0.32470703125 0.677734375 0.0849609375 0.0859375
0 0.3251953125 0.7890625 0.09765625 0.09765625
0 0.2353515625 0.625 0.0859375 0.0859375
0 0.232421875 0.73681640625 0.09765625 0.0986328125
0 0.2333984375 0.85009765625 0.09765625 0.0986328125
0 0.22998046875 0.953125 0.0849609375 0.0859375
0 0.140625 0.67431640625 0.09765625 0.0986328125
0 0.1376953125 0.78857421875 0.09765625 0.0986328125
0 0.13671875 0.89501953125 0.09765625 0.0986328125