0 0.86865234375 0.591796875 0.0732421875 0.07421875
0 0.119140625 0.4921875 0.0859375 0.0859375
0 0.1298828125 0.3876953125 0.0859375 0.0859375
0 0.1259765625 0.2626953125 0.0859375 0.0859375
0 0.1328125 0.1630859375 0.0859375 0.0859375
0 0.21875 0.54150390625 0.09765625 0.0986328125
0 0.21484375 0.42578125 0.0859375 0.0859375
0 0.216796875 0.31787109375 0.09765625 0.0986328125
0 0.21923828125 0.208984375 0.0849609375 0.0859375
0 0.220703125 0.09130859375 0.09765625 0.0986328125
0 0.3095703125 0.4765625 0.09765625 0.09765625
0 0.30859375 0.3740234375 0.09765625 0.09765625
0 0.30810546875 0.263671875 0.0849609375 0.0859375
0 0.30859375 0.14599609375 0.09765625 0.0986328125
0 0.39599609375 0.52587890625 0.1103515625 0.1103515625
0 0.40234375 0.41162109375 0.09765625 0.0986328125
0 0.40625 0.30224609375 0.09765625 0.0986328125
0 0.40625 0.18896484375 0.09765625 0.0986328125
0 0.404296875 0.076171875 0.09765625 0.09765625
0 0.50048828125 0.5625 0.0849609375 0.0859375
0 0.50341796875 0.4560546875 0.0849609375 0.0859375
0 0.50048828125 0.359375 0.0849609375 0.0859375
0 0.50341796875 0.2451171875 0.0849609375 0.0859375
0 0.5009765625 0.130859375 0.09765625 0.09765625
0 0.591796875 0.076171875 0.09765625 0.09765625
0 0.5859375 0.19189453125 0.109375 0.1103515625
0 0.5869140625 0.29736328125 0.09765625 0.0986328125
0 0.59130859375 0.4052734375 0.0849609375 0.0859375
0 0.59228515625 0.517578125 0.0849609375 0.0859375
0 0.6865234375 0.576171875 0.0859375 0.0859375
0 0.685546875 0.462890625 0.0859375 0.0859375
0 0.6904296875 0.353515625 0.09765625 0.09765625
0 0.6806640625 0.236328125 0.109375 0.111328125
0 0.685546875 0.14013671875 0.09765625 0.0986328125
0 0.78515625 0.08154296875 0.109375 0.1103515625
0 0.78515625 0.19384765625 0.109375 0.1103515625
0 0.78125 0.30419921875 0.109375 0.1103515625
0 0.77734375 0.408203125 0.109375 0.111328125
0 0.771484375 0.53076171875 0.09765625 0.0986328125
0 0.8662109375 0.478515625 0.0859375 0.0859375
0 0.8701171875 0.25341796875 0.09765625 0.0986328125
0 0.8740234375 0.37060546875 0.0859375 0.0869140625
0 0.87451171875 0.138671875 0.0849609375 0.0859375
0 0.87255859375 0.9052734375 0.0849609375 0.0859375
0 0.87353515625 0.798828125 0.0849609375 0.0859375
0 0.87646484375 0.693359375 0.0849609375 0.0859375
0 0.7861328125 0.84521484375 0.09765625 0.0986328125
0 0.771484375 0.72314453125 0.09765625 0.0986328125
0 0.77685546875 0.626953125 0.1103515625 0.111328125
0 0.6875 0.8974609375 0.0859375 0.0859375
0 0.68896484375 0.79296875 0.0849609375 0.0859375
0 0.6826171875 0.6865234375 0.09765625 0.09765625
0 0.591796875 0.63037109375 0.09765625 0.0986328125
0 0.59326171875 0.736328125 0.0849609375 0.0859375
0 0.587890625 0.8544921875 0.0859375 0.0859375
0 0.4951171875 0.9033203125 0.0859375 0.0859375
0 0.494140625 0.79345703125 0.09765625 0.0986328125
0 0.49609375 0.69189453125 0.09765625 0.0986328125
0 0.3955078125 0.85302734375 0.09765625 0.0986328125
0 0.40234375 0.74072265625 0.09765625 0.0986328125
0 0.3984375 0.63427734375 0.09765625 0.0986328125
0 0.306640625 0.59228515625 0.09765625 0.0986328125
0 0.2998046875 0.703125 0.09765625 0.09765625
0 0.3076171875 0.81103515625 0.09765625 0.0986328125
0 0.3046875 0.921875 0.09765625 0.09765625
0 0.216796875 0.86572265625 0.09765625 0.0986328125
0 0.21337890625 0.7607421875 0.0849609375 0.0859375
0 0.2138671875 0.65869140625 0.09765625 0.0986328125
0 0.11767578125 0.60791015625 0.1103515625 0.1103515625
0 0.119140625 0.71630859375 0.109375 0.1103515625
0 0.1240234375 0.82373046875 0.109375 0.1103515625
0 0.11767578125 0.92529296875 0.1103515625 0.1103515625