0 0.18115234375 0.7451171875 0.0732421875 0.07421875
0 0.56005859375 0.076171875 0.0732421875 0.07421875
0 0.46826171875 0.15673828125 0.0732421875 0.0732421875
0 0.66064453125 0.36328125 0.0732421875 0.07421875
0 0.27978515625 0.2373046875 0.0849609375 0.0859375
0 0.27490234375 0.1328125 0.0849609375 0.0859375
0 0.08984375 0.11474609375 0.0859375 0.0869140625
0 0.18701171875 0.0732421875 0.0849609375 0.0859375
0 0.18310546875 0.1708984375 0.0849609375 0.0859375
0 0.46337890625 0.04248046875 0.0615234375 0.0615234375
0 0.0908203125 0.25 0.09765625 0.09765625
0 0.37060546875 0.0810546875 0.0849609375 0.0859375
0 0.373046875 0.2109375 0.0859375 0.0859375
0 0.6640625 0.25341796875 0.09765625 0.0986328125
0 0.75927734375 0.07421875 0.0849609375 0.0859375
0 0.943359375 0.19775390625 0.09765625 0.0986328125
0 0.845703125 0.24560546875 0.09765625 0.0986328125
0 0.93603515625 0.74951171875 0.1103515625 0.1103515625
0 0.9345703125 0.85888671875 0.09765625 0.0986328125
0 0.84423828125 0.90087890625 0.1103515625 0.1103515625
0 0.84521484375 0.80322265625 0.1103515625 0.1103515625
0 0.7470703125 0.7587890625 0.0859375 0.0859375
0 0.7509765625 0.8681640625 0.0859375 0.0859375
0 0.6591796875 0.900390625 0.109375 0.111328125
0 0.6640625 0.81982421875 0.09765625 0.0986328125
0 0.57421875 0.759765625 0.0859375 0.0859375
0 0.55859375 0.86669921875 0.09765625 0.0986328125
0 0.466796875 0.697265625 0.09765625 0.09765625
0 0.4697265625 0.810546875 0.09765625 0.09765625
0 0.4677734375 0.91162109375 0.09765625 0.0986328125
0 0.3671875 0.6494140625 0.0859375 0.0859375
0 0.36865234375 0.748046875 0.0849609375 0.0859375
0 0.37109375 0.8623046875 0.0859375 0.0859375
0 0.27294921875 0.6904296875 0.0849609375 0.0859375
0 0.26904296875 0.79296875 0.0849609375 0.0859375
0 0.26904296875 0.908203125 0.0849609375 0.0859375
0 0.17578125 0.84765625 0.09765625 0.09765625
0 0.0869140625 0.7841796875 0.0859375 0.0859375
0 0.0712890625 0.91162109375 0.09765625 0.0986328125
0 0.9453125 0.52490234375 0.09765625 0.0986328125
0 0.94189453125 0.408203125 0.0849609375 0.0859375
0 0.9482421875 0.30517578125 0.09765625 0.0986328125
0 0.8466796875 0.36376953125 0.09765625 0.0986328125
0 0.841796875 0.5771484375 0.09765625 0.09765625
0 0.8447265625 0.681640625 0.0859375 0.0859375
0 0.75341796875 0.63671875 0.0849609375 0.0859375
0 0.75048828125 0.5166015625 0.0849609375 0.0859375
0 0.7568359375 0.30078125 0.0859375 0.0859375
0 0.66015625 0.46875 0.09765625 0.09765625
0 0.66015625 0.5791015625 0.09765625 0.09765625
0 0.6591796875 0.69140625 0.09765625 0.09765625
0 0.56640625 0.63818359375 0.09765625 0.0986328125
0 0.5703125 0.525390625 0.09765625 0.09765625
0 0.56494140625 0.4189453125 0.0849609375 0.0859375
0 0.56787109375 0.310546875 0.1103515625 0.111328125
0 0.4765625 0.359375 0.09765625 0.09765625
0 0.4677734375 0.462890625 0.09765625 0.09765625
0 0.4609375 0.58056640625 0.09765625 0.0986328125
0 0.36865234375 0.552734375 0.0849609375 0.0859375
0 0.18798828125 0.3046875 0.0849609375 0.0859375
0 0.17529296875 0.41259765625 0.1103515625 0.1103515625
0 0.080078125 0.35107421875 0.109375 0.1103515625
0 0.080078125 0.46630859375 0.09765625 0.0986328125