0 0.07666015625 0.8935546875 0.0732421875 0.07421875
0 0.45556640625 0.224609375 0.0732421875 0.07421875
0 0.36376953125 0.30517578125 0.0732421875 0.0732421875
0 0.55615234375 0.51171875 0.0732421875 0.07421875
0 0.17529296875 0.3857421875 0.0849609375 0.0859375
0 0.17041015625 0.28125 0.0849609375 0.0859375
0 0.17041015625 0.1630859375 0.0849609375 0.0859375
0 0.0888671875 0.1201171875 0.0859375 0.0859375
0 0.08251953125 0.2216796875 0.0849609375 0.0859375
0 0.07861328125 0.3193359375 0.0849609375 0.0859375
0 0.35888671875 0.19091796875 0.0615234375 0.0615234375
0 0.271484375 0.1259765625 0.0859375 0.0859375
0 0.26611328125 0.2294921875 0.0849609375 0.0859375
0 0.2685546875 0.359375 0.0859375 0.0859375
0 0.4716796875 0.11669921875 0.109375 0.1103515625
0 0.556640625 0.06591796875 0.09765625 0.0986328125
0 0.560546875 0.16748046875 0.109375 0.1103515625
0 0.5595703125 0.40185546875 0.09765625 0.0986328125
0 0.740234375 0.1689453125 0.0859375 0.0859375
0 0.65234375 0.13134765625 0.09765625 0.0986328125
0 0.65478515625 0.22265625 0.0849609375 0.0859375
0 0.74560546875 0.0673828125 0.0849609375 0.0859375
0 0.84130859375 0.12255859375 0.1103515625 0.1103515625
0 0.931640625 0.06787109375 0.109375 0.1103515625
0 0.9326171875 0.3955078125 0.09765625 0.09765625
0 0.9287109375 0.28271484375 0.09765625 0.0986328125
0 0.8388671875 0.34619140625 0.09765625 0.0986328125
0 0.7412109375 0.39404296875 0.09765625 0.0986328125
0 0.83154296875 0.89794921875 0.1103515625 0.1103515625
0 0.9306640625 0.94384765625 0.109375 0.1103515625
0 0.642578125 0.9072265625 0.0859375 0.0859375
0 0.4697265625 0.908203125 0.0859375 0.0859375
0 0.3623046875 0.845703125 0.09765625 0.09765625
0 0.2626953125 0.7978515625 0.0859375 0.0859375
0 0.26416015625 0.896484375 0.0849609375 0.0859375
0 0.16845703125 0.8388671875 0.0849609375 0.0859375
0 0.16455078125 0.94140625 0.0849609375 0.0859375
0 0.93359375 0.62646484375 0.09765625 0.0986328125
0 0.93017578125 0.72314453125 0.1103515625 0.1103515625
0 0.9267578125 0.83544921875 0.09765625 0.0986328125
0 0.8408203125 0.78466796875 0.109375 0.1103515625
0 0.8408203125 0.67333984375 0.09765625 0.0986328125
0 0.83740234375 0.556640625 0.0849609375 0.0859375
0 0.84375 0.45361328125 0.09765625 0.0986328125
0 0.7421875 0.51220703125 0.09765625 0.0986328125
0 0.7373046875 0.7255859375 0.09765625 0.09765625
0 0.740234375 0.830078125 0.0859375 0.0859375
0 0.64892578125 0.78515625 0.0849609375 0.0859375
0 0.64599609375 0.6650390625 0.0849609375 0.0859375
0 0.65234375 0.44921875 0.0859375 0.0859375
0 0.5556640625 0.6171875 0.09765625 0.09765625
0 0.5556640625 0.7275390625 0.09765625 0.09765625
0 0.5546875 0.83984375 0.09765625 0.09765625
0 0.4619140625 0.78662109375 0.09765625 0.0986328125
0 0.4658203125 0.673828125 0.09765625 0.09765625
0 0.46044921875 0.5673828125 0.0849609375 0.0859375
0 0.46337890625 0.458984375 0.1103515625 0.111328125
0 0.3720703125 0.5078125 0.09765625 0.09765625
0 0.36328125 0.611328125 0.09765625 0.09765625
0 0.3564453125 0.72900390625 0.09765625 0.0986328125
0 0.26416015625 0.701171875 0.0849609375 0.0859375
0 0.08349609375 0.453125 0.0849609375 0.0859375
0 0.07080078125 0.56103515625 0.1103515625 0.1103515625