0 0.5556640625 0.86083984375 0.07421875 0.0732421875
0 0.2783203125 0.9521484375 0.0859375 0.0859375
0 0.40234375 0.9521484375 0.0859375 0.0859375
0 0.52978515625 0.955078125 0.0869140625 0.0859375
0 0.6328125 0.955078125 0.0859375 0.0859375
0 0.744140625 0.95263671875 0.0859375 0.0849609375
0 0.88671875 0.85986328125 0.0859375 0.0849609375
0 0.78515625 0.85302734375 0.0859375 0.0849609375
0 0.6650390625 0.86474609375 0.0859375 0.0849609375
0 0.34375 0.8671875 0.09765625 0.09765625
0 0.4453125 0.8603515625 0.09765625 0.09765625
0 0.35302734375 0.759765625 0.0986328125 0.09765625
0 0.49755859375 0.7529296875 0.0986328125 0.09765625
0 0.6123046875 0.763671875 0.0859375 0.0859375
0 0.7265625 0.76806640625 0.0859375 0.0849609375
0 0.8330078125 0.76904296875 0.0859375 0.0849609375
0 0.9384765625 0.77197265625 0.0859375 0.0849609375
0 0.345703125 0.67578125 0.0859375 0.0859375
0 0.4521484375 0.671875 0.09765625 0.09765625
0 0.5615234375 0.6748046875 0.0859375 0.0859375
0 0.6708984375 0.6787109375 0.0859375 0.0859375
0 0.78662109375 0.681640625 0.0986328125 0.09765625
0 0.90869140625 0.6669921875 0.0986328125 0.09765625
0 0.40234375 0.580078125 0.0859375 0.0859375
0 0.5068359375 0.580078125 0.0859375 0.0859375
0 0.62744140625 0.5791015625 0.0986328125 0.09765625
0 0.734375 0.5830078125 0.0859375 0.0859375
0 0.8388671875 0.58447265625 0.0859375 0.0849609375
0 0.9453125 0.578125 0.09765625 0.09765625
0 0.8955078125 0.48876953125 0.0859375 0.0849609375
0 0.77734375 0.4833984375 0.0859375 0.0859375
0 0.67333984375 0.48974609375 0.0869140625 0.0849609375
0 0.56298828125 0.486328125 0.0986328125 0.09765625
0 0.44677734375 0.484375 0.0986328125 0.09765625
0 0.34033203125 0.48828125 0.0986328125 0.09765625
0 0.39404296875 0.3916015625 0.1103515625 0.109375
0 0.49755859375 0.3916015625 0.0986328125 0.09765625
0 0.60595703125 0.388671875 0.0986328125 0.09765625
0 0.728515625 0.390625 0.0859375 0.0859375
0 0.83837890625 0.3896484375 0.0986328125 0.09765625
0 0.93994140625 0.3916015625 0.0986328125 0.09765625
0 0.33544921875 0.296875 0.0986328125 0.09765625
0 0.451171875 0.2919921875 0.09765625 0.09765625
0 0.5537109375 0.29833984375 0.0859375 0.0849609375
0 0.6630859375 0.30078125 0.09765625 0.09765625
0 0.77880859375 0.291015625 0.0986328125 0.09765625
0 0.89111328125 0.2978515625 0.0986328125 0.09765625
0 0.9287109375 0.1953125 0.09765625 0.09765625
0 0.82080078125 0.203125 0.0986328125 0.09765625
0 0.7099609375 0.2001953125 0.09765625 0.09765625
0 0.59716796875 0.201171875 0.0986328125 0.09765625
0 0.486328125 0.193359375 0.09765625 0.09765625
0 0.37841796875 0.2001953125 0.0986328125 0.09765625
0 0.3212890625 0.111328125 0.09765625 0.09765625
0 0.42822265625 0.10546875 0.0986328125 0.09765625
0 0.53564453125 0.107421875 0.0986328125 0.09765625
0 0.650390625 0.1083984375 0.09765625 0.09765625
0 0.76611328125 0.1123046875 0.0986328125 0.09765625
0 0.87109375 0.10888671875 0.0859375 0.0849609375
0 0.0927734375 0.099609375 0.09765625 0.09765625
0 0.203125 0.1064453125 0.0859375 0.0859375
0 0.26904296875 0.1982421875 0.0986328125 0.09765625
0 0.166015625 0.2021484375 0.0859375 0.0859375
0 0.10595703125 0.296875 0.0986328125 0.09765625
0 0.22900390625 0.298828125 0.0986328125 0.09765625
0 0.28564453125 0.3857421875 0.1103515625 0.109375
0 0.17236328125 0.39208984375 0.1103515625 0.1103515625
0 0.05908203125 0.37939453125 0.1103515625 0.1103515625
0 0.12548828125 0.4892578125 0.1103515625 0.109375
0 0.2314453125 0.4873046875 0.0859375 0.0859375
0 0.2939453125 0.58740234375 0.0859375 0.0849609375
0 0.17822265625 0.580078125 0.0986328125 0.09765625
0 0.06982421875 0.57421875 0.0986328125 0.09765625
0 0.12939453125 0.6748046875 0.0986328125 0.09765625
0 0.2275390625 0.67431640625 0.0859375 0.0849609375
0 0.2578125 0.7685546875 0.09765625 0.09765625
0 0.15869140625 0.7685546875 0.1103515625 0.109375
0 0.06787109375 0.76513671875 0.1103515625 0.1103515625
0 0.0986328125 0.8564453125 0.09765625 0.09765625
0 0.232421875 0.8671875 0.0859375 0.0859375
0 0.06640625 0.9482421875 0.09765625 0.09765625