0 0.87890625 0.80126953125 0.09765625 0.0986328125
0 0.88818359375 0.69287109375 0.1103515625 0.1103515625
0 0.7900390625 0.73583984375 0.109375 0.1103515625
0 0.7021484375 0.68359375 0.0859375 0.0859375
0 0.69140625 0.7880859375 0.0859375 0.0859375
0 0.6953125 0.9130859375 0.0859375 0.0859375
0 0.78955078125 0.84765625 0.0849609375 0.0859375
0 0.8837890625 0.91796875 0.0859375 0.0859375
0 0.6025390625 0.63427734375 0.09765625 0.0986328125
0 0.6064453125 0.75 0.0859375 0.0859375
0 0.6044921875 0.85791015625 0.09765625 0.0986328125
0 0.51171875 0.69921875 0.09765625 0.09765625
0 0.5126953125 0.8017578125 0.09765625 0.09765625
0 0.51318359375 0.912109375 0.0849609375 0.0859375
0 0.42529296875 0.64990234375 0.1103515625 0.1103515625
0 0.4189453125 0.76416015625 0.09765625 0.0986328125
0 0.4150390625 0.87353515625 0.09765625 0.0986328125
0 0.32080078125 0.61328125 0.0849609375 0.0859375
0 0.31787109375 0.7197265625 0.0849609375 0.0859375
0 0.32080078125 0.81640625 0.0849609375 0.0859375
0 0.31787109375 0.9306640625 0.0849609375 0.0859375
0 0.234375 0.87841796875 0.09765625 0.0986328125
0 0.22998046875 0.7705078125 0.0849609375 0.0859375
0 0.22900390625 0.658203125 0.0849609375 0.0859375
0 0.134765625 0.599609375 0.0859375 0.0859375
0 0.1357421875 0.712890625 0.0859375 0.0859375
0 0.130859375 0.822265625 0.09765625 0.09765625
0 0.140625 0.939453125 0.109375 0.111328125
0 0.0498046875 0.64501953125 0.09765625 0.0986328125
0 0.0498046875 0.45263671875 0.09765625 0.0986328125
0 0.13671875 0.05078125 0.0859375 0.0859375
0 0.1376953125 0.17138671875 0.09765625 0.0986328125
0 0.1337890625 0.2783203125 0.0859375 0.0859375
0 0.13232421875 0.3828125 0.0849609375 0.0859375
0 0.138671875 0.4892578125 0.09765625 0.09765625
0 0.2294921875 0.54541015625 0.09765625 0.0986328125
0 0.22802734375 0.439453125 0.0849609375 0.0859375
0 0.2333984375 0.3212890625 0.0859375 0.0859375
0 0.22705078125 0.21728515625 0.0849609375 0.0869140625
0 0.23046875 0.10693359375 0.09765625 0.0986328125
0 0.328125 0.14990234375 0.09765625 0.0986328125
0 0.326171875 0.2724609375 0.0859375 0.0859375
0 0.3271484375 0.38232421875 0.09765625 0.0986328125
0 0.3251953125 0.48388671875 0.09765625 0.0986328125
0 0.41845703125 0.09765625 0.0849609375 0.0859375
0 0.416015625 0.20703125 0.09765625 0.09765625
0 0.42578125 0.32275390625 0.09765625 0.0986328125
0 0.4189453125 0.43505859375 0.09765625 0.0986328125
0 0.4228515625 0.54150390625 0.09765625 0.0986328125
0 0.5146484375 0.58349609375 0.09765625 0.0986328125
0 0.521484375 0.47265625 0.09765625 0.09765625
0 0.513671875 0.36474609375 0.09765625 0.0986328125
0 0.5166015625 0.25390625 0.09765625 0.09765625
0 0.515625 0.14111328125 0.09765625 0.0986328125
0 0.609375 0.07958984375 0.09765625 0.0986328125
0 0.6083984375 0.1943359375 0.09765625 0.09765625
0 0.6044921875 0.31005859375 0.09765625 0.0986328125
0 0.60791015625 0.4150390625 0.0849609375 0.0859375
0 0.607421875 0.51708984375 0.09765625 0.0986328125
0 0.70361328125 0.56787109375 0.1103515625 0.1103515625
0 0.7021484375 0.45947265625 0.109375 0.1103515625
0 0.697265625 0.35205078125 0.109375 0.1103515625
0 0.70361328125 0.25048828125 0.1103515625 0.1103515625
0 0.70263671875 0.13720703125 0.1103515625 0.1103515625
0 0.80078125 0.076171875 0.109375 0.111328125
0 0.79296875 0.18798828125 0.109375 0.1103515625
0 0.79541015625 0.29296875 0.0849609375 0.0859375
0 0.7978515625 0.3828125 0.0859375 0.0859375
0 0.79296875 0.51611328125 0.09765625 0.0986328125
0 0.8935546875 0.5810546875 0.109375 0.111328125
0 0.7939453125 0.6279296875 0.0859375 0.0859375
0 0.8896484375 0.4560546875 0.0859375 0.0859375
0 0.8896484375 0.36376953125 0.09765625 0.0986328125
0 0.888671875 0.24267578125 0.09765625 0.0986328125
0 0.89404296875 0.138671875 0.0849609375 0.0859375