0 0.8935546875 0.80126953125 0.109375 0.1103515625
0 0.1279296875 0.91015625 0.0859375 0.0859375
0 0.1259765625 0.80126953125 0.09765625 0.0986328125
0 0.2177734375 0.85693359375 0.09765625 0.0986328125
0 0.220703125 0.74560546875 0.09765625 0.0986328125
0 0.32080078125 0.91064453125 0.1103515625 0.1103515625
0 0.32470703125 0.80322265625 0.1103515625 0.1103515625
0 0.41650390625 0.84814453125 0.1103515625 0.1103515625
0 0.4169921875 0.7392578125 0.109375 0.111328125
0 0.513671875 0.9091796875 0.09765625 0.09765625
0 0.509765625 0.79296875 0.09765625 0.09765625
0 0.603515625 0.853515625 0.109375 0.111328125
0 0.60888671875 0.75390625 0.1103515625 0.111328125
0 0.70654296875 0.9091796875 0.1103515625 0.111328125
0 0.70166015625 0.80224609375 0.1103515625 0.1103515625
0 0.79296875 0.85400390625 0.109375 0.1103515625
0 0.8955078125 0.90869140625 0.109375 0.1103515625
0 0.89453125 0.68896484375 0.048828125 0.0498046875
0 0.7998046875 0.7509765625 0.048828125 0.048828125
0 0.892578125 0.58203125 0.109375 0.111328125
0 0.7900390625 0.5234375 0.0859375 0.0859375
0 0.79638671875 0.6357421875 0.0849609375 0.0859375
0 0.69970703125 0.6845703125 0.0849609375 0.0859375
0 0.70263671875 0.578125 0.0849609375 0.0859375
0 0.6953125 0.470703125 0.09765625 0.09765625
0 0.7001953125 0.3662109375 0.09765625 0.09765625
0 0.705078125 0.24951171875 0.09765625 0.0986328125
0 0.60595703125 0.63623046875 0.0732421875 0.0732421875
0 0.60302734375 0.5244140625 0.0849609375 0.0859375
0 0.60400390625 0.3076171875 0.0732421875 0.07421875
0 0.517578125 0.68994140625 0.09765625 0.0986328125
0 0.51171875 0.58056640625 0.09765625 0.0986328125
0 0.5166015625 0.46533203125 0.09765625 0.0986328125
0 0.5068359375 0.3544921875 0.09765625 0.09765625
0 0.5048828125 0.244140625 0.09765625 0.09765625
0 0.41455078125 0.63525390625 0.1103515625 0.1103515625
0 0.41357421875 0.52099609375 0.1103515625 0.1103515625
0 0.4189453125 0.41455078125 0.109375 0.1103515625
0 0.419921875 0.29638671875 0.109375 0.1103515625
0 0.4189453125 0.1884765625 0.109375 0.111328125
0 0.31982421875 0.68603515625 0.1103515625 0.1103515625
0 0.32275390625 0.57470703125 0.1103515625 0.1103515625
0 0.32861328125 0.46630859375 0.1103515625 0.1103515625
0 0.32080078125 0.35400390625 0.1103515625 0.1103515625
0 0.3193359375 0.24560546875 0.109375 0.1103515625
0 0.21875 0.63330078125 0.109375 0.1103515625
0 0.21875 0.52490234375 0.09765625 0.0986328125
0 0.22314453125 0.41259765625 0.1103515625 0.1103515625
0 0.22021484375 0.30126953125 0.1103515625 0.1103515625
0 0.22119140625 0.18603515625 0.1103515625 0.1103515625
0 0.1259765625 0.69287109375 0.109375 0.1103515625
0 0.119140625 0.56884765625 0.109375 0.1103515625
0 0.1259765625 0.46533203125 0.109375 0.1103515625
0 0.1259765625 0.34912109375 0.109375 0.1103515625
0 0.12890625 0.24560546875 0.109375 0.1103515625
0 0.13427734375 0.12646484375 0.1103515625 0.1103515625
0 0.22998046875 0.07861328125 0.1103515625 0.1103515625
0 0.330078125 0.13330078125 0.109375 0.1103515625
0 0.416015625 0.0849609375 0.109375 0.111328125
0 0.51611328125 0.1181640625 0.1103515625 0.111328125
0 0.60498046875 0.1767578125 0.0849609375 0.0859375
0 0.59814453125 0.06298828125 0.0244140625 0.0244140625
0 0.697265625 0.14111328125 0.09765625 0.0986328125