0 0.74169921875 0.70703125 0.0732421875 0.07421875
0 0.82958984375 0.6474609375 0.0732421875 0.07421875
0 0.07763671875 0.11376953125 0.1103515625 0.1103515625
0 0.1552734375 0.15869140625 0.09765625 0.0986328125
0 0.271484375 0.0849609375 0.109375 0.111328125
0 0.36474609375 0.150390625 0.1103515625 0.111328125
0 0.45458984375 0.0966796875 0.1103515625 0.111328125
0 0.5478515625 0.150390625 0.09765625 0.09765625
0 0.6533203125 0.09912109375 0.109375 0.1103515625
0 0.74560546875 0.15283203125 0.1103515625 0.1103515625
0 0.8310546875 0.09326171875 0.109375 0.1103515625
0 0.9296875 0.15185546875 0.109375 0.1103515625
0 0.9267578125 0.37255859375 0.109375 0.1103515625
0 0.931640625 0.48388671875 0.09765625 0.0986328125
0 0.92822265625 0.5908203125 0.0849609375 0.0859375
0 0.93017578125 0.7001953125 0.0849609375 0.0859375
0 0.9365234375 0.814453125 0.09765625 0.09765625
0 0.8310546875 0.31005859375 0.09765625 0.0986328125
0 0.82958984375 0.4248046875 0.0849609375 0.0859375
0 0.83544921875 0.541015625 0.0849609375 0.0859375
0 0.83642578125 0.75390625 0.0732421875 0.07421875
0 0.83203125 0.85791015625 0.060546875 0.0615234375
0 0.9306640625 0.26220703125 0.109375 0.1103515625
0 0.83544921875 0.20458984375 0.1103515625 0.1103515625
0 0.744140625 0.26220703125 0.09765625 0.0986328125
0 0.7431640625 0.37109375 0.09765625 0.09765625
0 0.7412109375 0.4794921875 0.09765625 0.09765625
0 0.748046875 0.5908203125 0.0859375 0.0859375
0 0.6474609375 0.2041015625 0.0859375 0.0859375
0 0.36083984375 0.248046875 0.0849609375 0.0859375
0 0.06884765625 0.22509765625 0.1103515625 0.1103515625
0 0.06884765625 0.33642578125 0.1103515625 0.1103515625
0 0.06591796875 0.44873046875 0.1103515625 0.1103515625
0 0.06689453125 0.56298828125 0.1103515625 0.1103515625
0 0.158203125 0.28564453125 0.109375 0.1103515625
0 0.1533203125 0.38330078125 0.09765625 0.0986328125
0 0.1591796875 0.49462890625 0.09765625 0.0986328125
0 0.2685546875 0.189453125 0.09765625 0.09765625
0 0.279296875 0.3291015625 0.109375 0.111328125
0 0.279296875 0.43310546875 0.09765625 0.0986328125
0 0.28125 0.53369140625 0.09765625 0.0986328125
0 0.27099609375 0.64599609375 0.1103515625 0.1103515625
0 0.3623046875 0.3623046875 0.109375 0.111328125
0 0.357421875 0.4765625 0.0859375 0.0859375
0 0.359375 0.5908203125 0.0859375 0.0859375
0 0.45263671875 0.19189453125 0.1103515625 0.1103515625
0 0.45166015625 0.314453125 0.1103515625 0.111328125
0 0.4521484375 0.419921875 0.09765625 0.09765625
0 0.4560546875 0.548828125 0.09765625 0.09765625
0 0.5556640625 0.24853515625 0.09765625 0.0986328125
0 0.55712890625 0.3671875 0.0849609375 0.0859375
0 0.55810546875 0.482421875 0.0849609375 0.0859375
0 0.54931640625 0.5859375 0.0849609375 0.0859375
0 0.6552734375 0.30712890625 0.09765625 0.0986328125
0 0.6552734375 0.43408203125 0.109375 0.1103515625
0 0.6533203125 0.5322265625 0.0859375 0.0859375
0 0.6533203125 0.6328125 0.09765625 0.09765625
0 0.74267578125 0.7939453125 0.0732421875 0.07421875
0 0.6494140625 0.748046875 0.09765625 0.09765625
0 0.64306640625 0.841796875 0.0732421875 0.07421875
0 0.55517578125 0.7021484375 0.0849609375 0.0859375
0 0.55517578125 0.80126953125 0.0732421875 0.0732421875
0 0.453125 0.76416015625 0.09765625 0.0986328125
0 0.458984375 0.650390625 0.0859375 0.0859375
0 0.3623046875 0.7001953125 0.0859375 0.0859375
0 0.359375 0.79931640625 0.0859375 0.0869140625
0 0.2705078125 0.75048828125 0.09765625 0.0986328125
0 0.158203125 0.70849609375 0.09765625 0.0986328125
0 0.068359375 0.66650390625 0.09765625 0.0986328125
0 0.0673828125 0.7724609375 0.0859375 0.0859375