0 0.158203125 0.65380859375 0.07421875 0.0732421875
0 0.23876953125 0.74560546875 0.0732421875 0.0732421875
0 0.4453125 0.55322265625 0.07421875 0.0732421875
0 0.3193359375 0.93408203125 0.0859375 0.0849609375
0 0.21484375 0.93896484375 0.0859375 0.0849609375
0 0.0966796875 0.93896484375 0.0859375 0.0849609375
0 0.12451171875 0.75048828125 0.0615234375 0.0615234375
0 0.0595703125 0.837890625 0.0859375 0.0859375
0 0.1630859375 0.84326171875 0.0859375 0.0849609375
0 0.29296875 0.8408203125 0.0859375 0.0859375
0 0.10107421875 0.548828125 0.1103515625 0.109375
0 0.33544921875 0.5498046875 0.0986328125 0.09765625
0 0.1025390625 0.369140625 0.0859375 0.0859375
0 0.06494140625 0.45703125 0.0986328125 0.09765625
0 0.15625 0.45458984375 0.0859375 0.0849609375
0 0.05615234375 0.26806640625 0.1103515625 0.1103515625
0 0.0576171875 0.07177734375 0.0859375 0.0849609375
0 0.1640625 0.078125 0.09765625 0.09765625
0 0.27587890625 0.0810546875 0.0986328125 0.09765625
0 0.3291015625 0.1767578125 0.09765625 0.09765625
0 0.21630859375 0.1806640625 0.0986328125 0.09765625
0 0.27978515625 0.2705078125 0.0986328125 0.09765625
0 0.32763671875 0.3681640625 0.0986328125 0.09765625
0 0.83056640625 0.08935546875 0.1103515625 0.1103515625
0 0.93994140625 0.083984375 0.1103515625 0.109375
0 0.83154296875 0.27783203125 0.1103515625 0.1103515625
0 0.87744140625 0.1787109375 0.1103515625 0.109375
0 0.94091796875 0.279296875 0.0986328125 0.09765625
0 0.88525390625 0.36865234375 0.1103515625 0.1103515625
0 0.8408203125 0.466796875 0.0859375 0.0859375
0 0.9501953125 0.462890625 0.0859375 0.0859375
0 0.90185546875 0.5498046875 0.0986328125 0.09765625
0 0.841796875 0.6396484375 0.0859375 0.0859375
0 0.94873046875 0.6552734375 0.0986328125 0.09765625
0 0.779296875 0.7470703125 0.09765625 0.09765625
0 0.892578125 0.744140625 0.09765625 0.09765625
0 0.7314453125 0.8466796875 0.0859375 0.0859375
0 0.830078125 0.84521484375 0.0859375 0.0849609375
0 0.9443359375 0.8427734375 0.0859375 0.0859375
0 0.7724609375 0.94091796875 0.0859375 0.0849609375
0 0.875 0.94482421875 0.0859375 0.0849609375
0 0.73486328125 0.0849609375 0.0986328125 0.09765625
0 0.60791015625 0.0830078125 0.1103515625 0.109375
0 0.50048828125 0.0888671875 0.1103515625 0.109375
0 0.38330078125 0.08203125 0.1103515625 0.109375
0 0.56005859375 0.17578125 0.0986328125 0.09765625
0 0.65673828125 0.17919921875 0.1103515625 0.1103515625
0 0.76904296875 0.1826171875 0.0986328125 0.09765625
0 0.71826171875 0.2685546875 0.1103515625 0.109375
0 0.60693359375 0.2685546875 0.0986328125 0.09765625
0 0.490234375 0.27197265625 0.0859375 0.0849609375
0 0.38720703125 0.265625 0.0986328125 0.09765625
0 0.44580078125 0.3671875 0.0986328125 0.09765625
0 0.6591796875 0.3720703125 0.09765625 0.09765625
0 0.763671875 0.369140625 0.0859375 0.0859375
0 0.71875 0.46044921875 0.0859375 0.0849609375
0 0.5986328125 0.46337890625 0.0859375 0.0849609375
0 0.3828125 0.45703125 0.0859375 0.0859375
0 0.55078125 0.5537109375 0.09765625 0.09765625
0 0.6611328125 0.5537109375 0.09765625 0.09765625
0 0.7734375 0.5546875 0.09765625 0.09765625
0 0.72021484375 0.6474609375 0.0986328125 0.09765625
0 0.607421875 0.6435546875 0.09765625 0.09765625
0 0.5009765625 0.64892578125 0.0859375 0.0849609375
0 0.392578125 0.64599609375 0.111328125 0.1103515625
0 0.44140625 0.7373046875 0.09765625 0.09765625
0 0.544921875 0.74609375 0.09765625 0.09765625
0 0.66259765625 0.7529296875 0.0986328125 0.09765625
0 0.634765625 0.84521484375 0.0859375 0.0849609375