0 0.14013671875 0.58056640625 0.0732421875 0.0732421875
0 0.23876953125 0.74951171875 0.0615234375 0.0615234375
0 0.14404296875 0.70361328125 0.0615234375 0.0615234375
0 0.05078125 0.7421875 0.060546875 0.060546875
0 0.41748046875 0.74755859375 0.0615234375 0.0615234375
0 0.138671875 0.2568359375 0.0859375 0.0859375
0 0.904296875 0.6884765625 0.09765625 0.09765625
0 0.8916015625 0.5810546875 0.09765625 0.09765625
0 0.8955078125 0.46923828125 0.109375 0.1103515625
0 0.8974609375 0.36376953125 0.109375 0.1103515625
0 0.8955078125 0.24853515625 0.09765625 0.0986328125
0 0.89794921875 0.14013671875 0.1103515625 0.1103515625
0 0.79931640625 0.634765625 0.1103515625 0.111328125
0 0.79541015625 0.525390625 0.1103515625 0.111328125
0 0.7958984375 0.41357421875 0.109375 0.1103515625
0 0.7998046875 0.31103515625 0.09765625 0.0986328125
0 0.796875 0.19482421875 0.109375 0.1103515625
0 0.80517578125 0.7451171875 0.0849609375 0.0859375
0 0.705078125 0.68798828125 0.09765625 0.0986328125
0 0.705078125 0.58203125 0.09765625 0.09765625
0 0.7021484375 0.4736328125 0.09765625 0.09765625
0 0.70068359375 0.365234375 0.1103515625 0.111328125
0 0.7001953125 0.25537109375 0.09765625 0.0986328125
0 0.609375 0.73583984375 0.109375 0.1103515625
0 0.6064453125 0.63037109375 0.09765625 0.0986328125
0 0.6044921875 0.52685546875 0.09765625 0.0986328125
0 0.61328125 0.4140625 0.109375 0.111328125
0 0.61083984375 0.3095703125 0.1103515625 0.111328125
0 0.60302734375 0.212890625 0.1103515625 0.111328125
0 0.515625 0.69091796875 0.09765625 0.0986328125
0 0.513671875 0.58740234375 0.09765625 0.0986328125
0 0.51171875 0.47216796875 0.109375 0.1103515625
0 0.5146484375 0.365234375 0.09765625 0.09765625
0 0.5126953125 0.2509765625 0.09765625 0.09765625
0 0.421875 0.63427734375 0.09765625 0.0986328125
0 0.4189453125 0.52880859375 0.09765625 0.0986328125
0 0.42041015625 0.41748046875 0.1103515625 0.1103515625
0 0.4208984375 0.31005859375 0.09765625 0.0986328125
0 0.3271484375 0.69482421875 0.09765625 0.0986328125
0 0.3251953125 0.57958984375 0.0859375 0.0869140625
0 0.32861328125 0.46875 0.0849609375 0.0859375
0 0.32568359375 0.361328125 0.0849609375 0.0859375
0 0.32568359375 0.2529296875 0.0732421875 0.07421875
0 0.2333984375 0.6357421875 0.0859375 0.0859375
0 0.236328125 0.525390625 0.0859375 0.0859375
0 0.23388671875 0.41650390625 0.0732421875 0.0732421875
0 0.23193359375 0.30517578125 0.0732421875 0.0732421875
0 0.13671875 0.4609375 0.0859375 0.0859375
0 0.1396484375 0.36083984375 0.0859375 0.0869140625
0 0.04345703125 0.5302734375 0.0849609375 0.0859375
0 0.04443359375 0.4169921875 0.0849609375 0.0859375
0 0.04345703125 0.3095703125 0.0849609375 0.0859375
0 0.2275390625 0.20361328125 0.09765625 0.0986328125
0 0.044921875 0.0869140625 0.0859375 0.0859375
0 0.1416015625 0.14013671875 0.09765625 0.0986328125
0 0.2333984375 0.09130859375 0.09765625 0.0986328125
0 0.3232421875 0.146484375 0.09765625 0.09765625
0 0.4208984375 0.197265625 0.109375 0.111328125
0 0.421875 0.0859375 0.09765625 0.09765625
0 0.515625 0.1435546875 0.09765625 0.09765625
0 0.60888671875 0.08447265625 0.1103515625 0.1103515625
0 0.70703125 0.14306640625 0.09765625 0.0986328125
0 0.8056640625 0.08154296875 0.109375 0.1103515625