0 0.87548828125 0.279296875 0.0849609375 0.0859375
0 0.69482421875 0.83447265625 0.0732421875 0.0732421875
0 0.69384765625 0.73291015625 0.0732421875 0.0732421875
0 0.11865234375 0.07666015625 0.0615234375 0.0615234375
0 0.115234375 0.17041015625 0.09765625 0.0986328125
0 0.11962890625 0.28515625 0.1220703125 0.123046875
0 0.1123046875 0.39404296875 0.109375 0.1103515625
0 0.11572265625 0.5087890625 0.1220703125 0.123046875
0 0.1181640625 0.615234375 0.109375 0.111328125
0 0.212890625 0.11962890625 0.09765625 0.0986328125
0 0.20849609375 0.22900390625 0.1103515625 0.1103515625
0 0.20068359375 0.3330078125 0.1220703125 0.123046875
0 0.20947265625 0.45556640625 0.1103515625 0.1103515625
0 0.21044921875 0.55859375 0.1220703125 0.123046875
0 0.302734375 0.0869140625 0.048828125 0.048828125
0 0.2998046875 0.17236328125 0.09765625 0.0986328125
0 0.29931640625 0.28759765625 0.1220703125 0.1220703125
0 0.30322265625 0.3935546875 0.1220703125 0.123046875
0 0.30224609375 0.51025390625 0.1103515625 0.1103515625
0 0.29833984375 0.61328125 0.1220703125 0.123046875
0 0.38818359375 0.11962890625 0.0732421875 0.0732421875
0 0.392578125 0.23193359375 0.109375 0.1103515625
0 0.3935546875 0.34130859375 0.109375 0.1103515625
0 0.3935546875 0.44921875 0.0859375 0.0859375
0 0.39892578125 0.56298828125 0.1103515625 0.1103515625
0 0.49853515625 0.171875 0.1220703125 0.123046875
0 0.48681640625 0.2802734375 0.1220703125 0.123046875
0 0.494140625 0.40087890625 0.09765625 0.0986328125
0 0.4951171875 0.49951171875 0.09765625 0.0986328125
0 0.49169921875 0.619140625 0.1220703125 0.123046875
0 0.59228515625 0.1171875 0.0732421875 0.07421875
0 0.59765625 0.2294921875 0.09765625 0.09765625
0 0.60400390625 0.3427734375 0.1220703125 0.123046875
0 0.599609375 0.45556640625 0.09765625 0.0986328125
0 0.587890625 0.55810546875 0.09765625 0.0986328125
0 0.69287109375 0.1728515625 0.1220703125 0.123046875
0 0.68896484375 0.29296875 0.1220703125 0.123046875
0 0.69091796875 0.4013671875 0.0849609375 0.0859375
0 0.6884765625 0.52197265625 0.09765625 0.0986328125
0 0.783203125 0.1240234375 0.09765625 0.09765625
0 0.787109375 0.2373046875 0.09765625 0.09765625
0 0.787109375 0.341796875 0.09765625 0.09765625
0 0.7890625 0.4560546875 0.09765625 0.09765625
0 0.78857421875 0.5625 0.1220703125 0.123046875
0 0.68701171875 0.63232421875 0.0732421875 0.0732421875
0 0.78857421875 0.6728515625 0.1220703125 0.123046875
0 0.87353515625 0.17578125 0.0732421875 0.07421875
0 0.880859375 0.3974609375 0.0859375 0.0859375
0 0.8779296875 0.5107421875 0.09765625 0.09765625
0 0.87841796875 0.62109375 0.1220703125 0.123046875
0 0.9677734375 0.11865234375 0.060546875 0.0615234375
0 0.8798828125 0.724609375 0.09765625 0.09765625
0 0.875 0.83642578125 0.09765625 0.0986328125
0 0.87158203125 0.95068359375 0.0732421875 0.0732421875
0 0.78466796875 0.78076171875 0.1103515625 0.1103515625
0 0.783203125 0.89306640625 0.09765625 0.0986328125
0 0.583984375 0.67236328125 0.09765625 0.0986328125
0 0.5859375 0.78173828125 0.09765625 0.0986328125
0 0.59375 0.89111328125 0.09765625 0.0986328125
0 0.48876953125 0.73388671875 0.1103515625 0.1103515625
0 0.4912109375 0.83740234375 0.09765625 0.0986328125
0 0.48974609375 0.94873046875 0.0966796875 0.0986328125
0 0.38720703125 0.66845703125 0.1103515625 0.1103515625
0 0.3955078125 0.77978515625 0.09765625 0.0986328125
0 0.3935546875 0.88818359375 0.09765625 0.0986328125
0 0.298828125 0.72509765625 0.09765625 0.0986328125
0 0.30078125 0.8310546875 0.09765625 0.09765625
0 0.2998046875 0.939453125 0.09765625 0.09765625
0 0.20654296875 0.669921875 0.1220703125 0.123046875
0 0.2060546875 0.78125 0.09765625 0.09765625
0 0.2060546875 0.888671875 0.09765625 0.09765625
0 0.1083984375 0.7265625 0.09765625 0.09765625
0 0.115234375 0.8369140625 0.09765625 0.09765625
0 0.10595703125 0.9404296875 0.0849609375 0.0859375