0 0.6572265625 0.51416015625 0.109375 0.1103515625
0 0.18701171875 0.83544921875 0.0732421875 0.0732421875
0 0.09228515625 0.79296875 0.0732421875 0.07421875
0 0.83740234375 0.6142578125 0.0732421875 0.07421875
0 0.84375 0.18115234375 0.09765625 0.0986328125
0 0.84765625 0.28466796875 0.109375 0.1103515625
0 0.8388671875 0.3955078125 0.09765625 0.09765625
0 0.84375 0.5068359375 0.09765625 0.09765625
0 0.74609375 0.236328125 0.0859375 0.0859375
0 0.7470703125 0.349609375 0.09765625 0.09765625
0 0.74267578125 0.45458984375 0.1103515625 0.1103515625
0 0.7431640625 0.56396484375 0.09765625 0.0986328125
0 0.65771484375 0.1728515625 0.1103515625 0.111328125
0 0.65576171875 0.2861328125 0.1103515625 0.111328125
0 0.6552734375 0.3984375 0.09765625 0.09765625
0 0.65966796875 0.61962890625 0.0732421875 0.0732421875
0 0.55810546875 0.125 0.1103515625 0.111328125
0 0.5576171875 0.228515625 0.109375 0.111328125
0 0.5546875 0.35009765625 0.109375 0.1103515625
0 0.556640625 0.45751953125 0.09765625 0.0986328125
0 0.560546875 0.56201171875 0.09765625 0.0986328125
0 0.4599609375 0.17626953125 0.109375 0.1103515625
0 0.46484375 0.28466796875 0.09765625 0.0986328125
0 0.4658203125 0.39501953125 0.09765625 0.0986328125
0 0.4658203125 0.50146484375 0.09765625 0.0986328125
0 0.46826171875 0.61376953125 0.0732421875 0.0732421875
0 0.462890625 0.0654296875 0.109375 0.111328125
0 0.3662109375 0.12255859375 0.109375 0.1103515625
0 0.36279296875 0.2265625 0.0849609375 0.0859375
0 0.3671875 0.32861328125 0.09765625 0.0986328125
0 0.369140625 0.45166015625 0.09765625 0.0986328125
0 0.369140625 0.56103515625 0.09765625 0.0986328125
0 0.27001953125 0.06494140625 0.1103515625 0.1103515625
0 0.26904296875 0.16748046875 0.1103515625 0.1103515625
0 0.27734375 0.27978515625 0.09765625 0.0986328125
0 0.271484375 0.38525390625 0.09765625 0.0986328125
0 0.2724609375 0.50439453125 0.09765625 0.0986328125
0 0.27685546875 0.6064453125 0.0732421875 0.07421875
0 0.17431640625 0.11767578125 0.1103515625 0.1103515625
0 0.1796875 0.22216796875 0.109375 0.1103515625
0 0.1806640625 0.33544921875 0.09765625 0.0986328125
0 0.1796875 0.44970703125 0.09765625 0.0986328125
0 0.1796875 0.5546875 0.0859375 0.0859375
0 0.078125 0.06396484375 0.0859375 0.0869140625
0 0.080078125 0.17236328125 0.109375 0.1103515625
0 0.0810546875 0.27880859375 0.09765625 0.0986328125
0 0.080078125 0.39208984375 0.09765625 0.0986328125
0 0.08642578125 0.49609375 0.0849609375 0.0859375
0 0.0830078125 0.603515625 0.09765625 0.09765625
0 0.08203125 0.88818359375 0.109375 0.1103515625
0 0.27978515625 0.78466796875 0.0615234375 0.0615234375
0 0.2783203125 0.89111328125 0.09765625 0.0986328125
0 0.3779296875 0.83349609375 0.09765625 0.0986328125
0 0.474609375 0.78271484375 0.060546875 0.0615234375
0 0.466796875 0.88916015625 0.09765625 0.0986328125
0 0.56396484375 0.8369140625 0.0849609375 0.0859375
0 0.5595703125 0.94482421875 0.09765625 0.0986328125
0 0.65625 0.78369140625 0.060546875 0.0615234375
0 0.6591796875 0.89306640625 0.09765625 0.0986328125
0 0.748046875 0.83984375 0.0859375 0.0859375
0 0.7490234375 0.94384765625 0.09765625 0.0986328125
0 0.84619140625 0.791015625 0.0361328125 0.037109375
0 0.8466796875 0.8896484375 0.09765625 0.09765625
0 0.94189453125 0.8486328125 0.0849609375 0.0859375
0 0.939453125 0.9462890625 0.09765625 0.09765625