0 0.87060546875 0.9189453125 0.0849609375 0.0859375
0 0.875 0.8115234375 0.0859375 0.0859375
0 0.87158203125 0.7099609375 0.0849609375 0.0859375
0 0.87646484375 0.5986328125 0.0849609375 0.0859375
0 0.87548828125 0.4853515625 0.0849609375 0.0859375
0 0.7763671875 0.869140625 0.09765625 0.09765625
0 0.7802734375 0.75732421875 0.109375 0.1103515625
0 0.7822265625 0.65185546875 0.109375 0.1103515625
0 0.7802734375 0.53662109375 0.09765625 0.0986328125
0 0.78271484375 0.42822265625 0.1103515625 0.1103515625
0 0.68408203125 0.9228515625 0.1103515625 0.111328125
0 0.68017578125 0.8134765625 0.1103515625 0.111328125
0 0.6806640625 0.70166015625 0.109375 0.1103515625
0 0.6845703125 0.59912109375 0.09765625 0.0986328125
0 0.681640625 0.48291015625 0.109375 0.1103515625
0 0.58984375 0.8701171875 0.09765625 0.09765625
0 0.5869140625 0.76171875 0.09765625 0.09765625
0 0.58544921875 0.6533203125 0.1103515625 0.111328125
0 0.5849609375 0.54345703125 0.09765625 0.0986328125
0 0.4912109375 0.91845703125 0.09765625 0.0986328125
0 0.4892578125 0.81494140625 0.09765625 0.0986328125
0 0.498046875 0.7021484375 0.109375 0.111328125
0 0.49560546875 0.59765625 0.1103515625 0.111328125
0 0.48779296875 0.5009765625 0.1103515625 0.111328125
0 0.3984375 0.87548828125 0.09765625 0.0986328125
0 0.396484375 0.76025390625 0.109375 0.1103515625
0 0.3994140625 0.6533203125 0.09765625 0.09765625
0 0.3974609375 0.5390625 0.09765625 0.09765625
0 0.306640625 0.92236328125 0.09765625 0.0986328125
0 0.3037109375 0.81689453125 0.09765625 0.0986328125
0 0.30517578125 0.70556640625 0.1103515625 0.1103515625
0 0.3056640625 0.59814453125 0.09765625 0.0986328125
0 0.2099609375 0.86767578125 0.0859375 0.0869140625
0 0.21337890625 0.7568359375 0.0849609375 0.0859375
0 0.21044921875 0.6494140625 0.0849609375 0.0859375
0 0.21044921875 0.541015625 0.0732421875 0.07421875
0 0.1181640625 0.923828125 0.0859375 0.0859375
0 0.12109375 0.8134765625 0.0859375 0.0859375
0 0.11865234375 0.70458984375 0.0732421875 0.0732421875
0 0.11669921875 0.59326171875 0.0732421875 0.0732421875
0 0.1123046875 0.49169921875 0.09765625 0.0986328125
0 0.1181640625 0.37939453125 0.09765625 0.0986328125
0 0.115234375 0.2666015625 0.09765625 0.09765625
0 0.11865234375 0.1474609375 0.0849609375 0.0859375
0 0.2080078125 0.4345703125 0.09765625 0.09765625
0 0.2109375 0.314453125 0.0859375 0.0859375
0 0.20849609375 0.2060546875 0.0732421875 0.07421875
0 0.21044921875 0.09765625 0.0732421875 0.07421875
0 0.3056640625 0.4853515625 0.109375 0.111328125
0 0.306640625 0.3740234375 0.09765625 0.09765625
0 0.302734375 0.2607421875 0.09765625 0.09765625
0 0.30224609375 0.1552734375 0.0849609375 0.0859375
0 0.400390625 0.431640625 0.09765625 0.09765625
0 0.400390625 0.32080078125 0.09765625 0.0986328125
0 0.39794921875 0.2099609375 0.0849609375 0.0859375
0 0.3994140625 0.09814453125 0.09765625 0.0986328125
0 0.49365234375 0.37255859375 0.1103515625 0.1103515625
0 0.49169921875 0.26513671875 0.1103515625 0.1103515625
0 0.4951171875 0.154296875 0.0859375 0.0859375
0 0.591796875 0.43115234375 0.09765625 0.0986328125
0 0.5947265625 0.32177734375 0.09765625 0.0986328125
0 0.5859375 0.20849609375 0.09765625 0.0986328125
0 0.5849609375 0.10107421875 0.09765625 0.0986328125
0 0.6904296875 0.36962890625 0.109375 0.1103515625
0 0.69140625 0.25732421875 0.109375 0.1103515625
0 0.68798828125 0.15478515625 0.1103515625 0.1103515625
0 0.78076171875 0.31689453125 0.1103515625 0.1103515625
0 0.78955078125 0.20654296875 0.1103515625 0.1103515625
0 0.78369140625 0.09228515625 0.1103515625 0.1103515625
0 0.873046875 0.37451171875 0.09765625 0.0986328125
0 0.8701171875 0.2666015625 0.0859375 0.0859375
0 0.880859375 0.1533203125 0.09765625 0.09765625