0 0.03759765625 0.52490234375 0.0732421875 0.0732421875
0 0.13330078125 0.56787109375 0.0732421875 0.0732421875
0 0.13671875 0.6728515625 0.0859375 0.0859375
0 0.04052734375 0.75 0.0732421875 0.07421875
0 0.88134765625 0.49658203125 0.0732421875 0.0732421875
0 0.88232421875 0.388671875 0.0849609375 0.0859375
0 0.50830078125 0.611328125 0.0732421875 0.07421875
0 0.49267578125 0.50390625 0.0732421875 0.07421875
0 0.32275390625 0.93505859375 0.0732421875 0.0732421875
0 0.31103515625 0.82177734375 0.0732421875 0.0732421875
0 0.80712890625 0.8828125 0.0849609375 0.0859375
0 0.50732421875 0.81298828125 0.0732421875 0.0732421875
0 0.71826171875 0.9267578125 0.0849609375 0.0859375
0 0.60986328125 0.88330078125 0.0732421875 0.0732421875
0 0.61181640625 0.75830078125 0.0732421875 0.0732421875
0 0.2294921875 0.8681640625 0.0859375 0.0859375
0 0.50830078125 0.69970703125 0.0732421875 0.0732421875
0 0.60400390625 0.6611328125 0.0732421875 0.07421875
0 0.22314453125 0.74951171875 0.0732421875 0.0732421875
0 0.140625 0.08740234375 0.09765625 0.0986328125
0 0.2373046875 0.14013671875 0.09765625 0.0986328125
0 0.3349609375 0.091796875 0.0859375 0.0859375
0 0.033203125 0.41845703125 0.060546875 0.0615234375
0 0.04736328125 0.888671875 0.0849609375 0.0859375
0 0.12158203125 0.37060546875 0.0615234375 0.0615234375
0 0.12255859375 0.45751953125 0.0615234375 0.0615234375
0 0.140625 0.8095703125 0.0859375 0.0859375
0 0.14013671875 0.92578125 0.0849609375 0.0859375
0 0.2275390625 0.43798828125 0.048828125 0.0498046875
0 0.2265625 0.54150390625 0.048828125 0.0498046875
0 0.22998046875 0.65087890625 0.0732421875 0.0732421875
0 0.3017578125 0.40087890625 0.060546875 0.0615234375
0 0.3056640625 0.49853515625 0.060546875 0.0615234375
0 0.3056640625 0.58349609375 0.060546875 0.0615234375
0 0.31494140625 0.69189453125 0.0615234375 0.0615234375
0 0.39013671875 0.45263671875 0.0615234375 0.0615234375
0 0.39794921875 0.55810546875 0.0732421875 0.0732421875
0 0.41162109375 0.64599609375 0.0732421875 0.0732421875
0 0.40966796875 0.75732421875 0.0732421875 0.0732421875
0 0.41259765625 0.87841796875 0.0732421875 0.0732421875
0 0.47998046875 0.39208984375 0.0615234375 0.0615234375
0 0.5234375 0.92724609375 0.0859375 0.0869140625
0 0.59912109375 0.5439453125 0.0732421875 0.07421875
0 0.7099609375 0.38623046875 0.09765625 0.0986328125
0 0.71533203125 0.5029296875 0.1103515625 0.111328125
0 0.72119140625 0.607421875 0.1103515625 0.111328125
0 0.71630859375 0.712890625 0.0732421875 0.07421875
0 0.71435546875 0.82421875 0.0732421875 0.07421875
0 0.8056640625 0.43603515625 0.09765625 0.0986328125
0 0.8056640625 0.552734375 0.09765625 0.09765625
0 0.80615234375 0.6669921875 0.0732421875 0.07421875
0 0.80126953125 0.7685546875 0.0732421875 0.07421875
0 0.90576171875 0.6015625 0.0732421875 0.07421875
0 0.900390625 0.7158203125 0.09765625 0.09765625
0 0.9033203125 0.8271484375 0.09765625 0.09765625
0 0.8994140625 0.943359375 0.109375 0.111328125