0 0.24951171875 0.23046875 0.1103515625 0.109375
0 0.31298828125 0.896484375 0.0869140625 0.0859375
0 0.1494140625 0.41064453125 0.07421875 0.0732421875
0 0.88134765625 0.7021484375 0.0986328125 0.09765625
0 0.939453125 0.80322265625 0.07421875 0.0732421875
0 0.8759765625 0.90234375 0.09765625 0.09765625
0 0.75 0.89111328125 0.111328125 0.1103515625
0 0.6416015625 0.89404296875 0.0859375 0.0849609375
0 0.5224609375 0.88720703125 0.0859375 0.0849609375
0 0.4189453125 0.8935546875 0.0859375 0.0859375
0 0.80859375 0.80224609375 0.0859375 0.0849609375
0 0.69482421875 0.80908203125 0.0244140625 0.0244140625
0 0.576171875 0.802734375 0.037109375 0.037109375
0 0.47021484375 0.80517578125 0.0244140625 0.0244140625
0 0.35693359375 0.79931640625 0.0244140625 0.0244140625
0 0.54833984375 0.70751953125 0.0244140625 0.0244140625
0 0.43798828125 0.70751953125 0.0244140625 0.0244140625
0 0.32275390625 0.70361328125 0.0244140625 0.0244140625
0 0.77294921875 0.7099609375 0.0986328125 0.09765625
0 0.66748046875 0.7080078125 0.0986328125 0.09765625
0 0.21337890625 0.69970703125 0.0244140625 0.0244140625
0 0.13134765625 0.70263671875 0.0244140625 0.0244140625
0 0.27001953125 0.80029296875 0.0244140625 0.0244140625
0 0.16259765625 0.79345703125 0.0244140625 0.0244140625
0 0.1318359375 0.8935546875 0.037109375 0.037109375
0 0.21435546875 0.890625 0.1103515625 0.109375
0 0.58251953125 0.4169921875 0.0986328125 0.09765625
0 0.47900390625 0.4208984375 0.1103515625 0.109375
0 0.3681640625 0.412109375 0.09765625 0.09765625
0 0.2568359375 0.4169921875 0.09765625 0.09765625
0 0.52734375 0.3193359375 0.0859375 0.0859375
0 0.4140625 0.3203125 0.09765625 0.09765625
0 0.30908203125 0.31591796875 0.1103515625 0.1103515625
0 0.19970703125 0.31640625 0.0986328125 0.09765625
0 0.5908203125 0.23095703125 0.111328125 0.1103515625
0 0.4775390625 0.22900390625 0.111328125 0.1103515625
0 0.365234375 0.228515625 0.09765625 0.09765625
0 0.14404296875 0.23291015625 0.0732421875 0.0732421875
0 0.638671875 0.13134765625 0.111328125 0.1103515625
0 0.53515625 0.130859375 0.111328125 0.109375
0 0.41357421875 0.1279296875 0.1103515625 0.109375
0 0.30615234375 0.1298828125 0.0986328125 0.09765625
0 0.20166015625 0.1337890625 0.0986328125 0.09765625
0 0.14990234375 0.04150390625 0.0732421875 0.0732421875