0 0.16357421875 0.51904296875 0.0615234375 0.0615234375
0 0.0859375 0.67041015625 0.060546875 0.0615234375
0 0.45166015625 0.5849609375 0.0732421875 0.07421875
0 0.16748046875 0.6259765625 0.0732421875 0.07421875
0 0.62841796875 0.0908203125 0.0732421875 0.07421875
0 0.82958984375 0.07275390625 0.0732421875 0.0732421875
0 0.54833984375 0.05810546875 0.0732421875 0.0732421875
0 0.7412109375 0.18603515625 0.060546875 0.0615234375
0 0.54638671875 0.15576171875 0.0732421875 0.0732421875
0 0.83251953125 0.92333984375 0.0732421875 0.0732421875
0 0.9208984375 0.5419921875 0.048828125 0.048828125
0 0.916015625 0.642578125 0.048828125 0.048828125
0 0.826171875 0.595703125 0.037109375 0.037109375
0 0.81591796875 0.71142578125 0.0361328125 0.0361328125
0 0.64404296875 0.580078125 0.0361328125 0.037109375
0 0.546875 0.74755859375 0.048828125 0.0498046875
0 0.451171875 0.7890625 0.048828125 0.048828125
0 0.4462890625 0.69921875 0.048828125 0.048828125
0 0.3701171875 0.64306640625 0.060546875 0.0615234375
0 0.26806640625 0.67822265625 0.0361328125 0.0361328125
0 0.650390625 0.6875 0.0859375 0.0859375
0 0.54345703125 0.63720703125 0.0615234375 0.0615234375
0 0.72509765625 0.6357421875 0.0244140625 0.025390625
0 0.91552734375 0.74658203125 0.1103515625 0.1103515625
0 0.92041015625 0.87548828125 0.1103515625 0.1103515625
0 0.8330078125 0.8310546875 0.09765625 0.09765625
0 0.7412109375 0.76318359375 0.09765625 0.0986328125
0 0.7421875 0.8671875 0.09765625 0.09765625
0 0.6416015625 0.91650390625 0.09765625 0.0986328125
0 0.642578125 0.80078125 0.109375 0.111328125
0 0.55078125 0.8642578125 0.0859375 0.0859375
0 0.4501953125 0.9033203125 0.09765625 0.09765625
0 0.36376953125 0.5244140625 0.0849609375 0.0859375
0 0.265625 0.5673828125 0.0859375 0.0859375
0 0.08203125 0.5712890625 0.048828125 0.048828125
0 0.36328125 0.8525390625 0.09765625 0.09765625
0 0.37255859375 0.734375 0.0849609375 0.0859375
0 0.271484375 0.90869140625 0.109375 0.1103515625
0 0.27197265625 0.7783203125 0.1103515625 0.111328125
0 0.173828125 0.73046875 0.0859375 0.0859375
0 0.17578125 0.85107421875 0.09765625 0.0986328125
0 0.07763671875 0.900390625 0.1103515625 0.111328125
0 0.0859375 0.78564453125 0.109375 0.1103515625
0 0.91943359375 0.1298828125 0.0849609375 0.0859375
0 0.7373046875 0.1064453125 0.0859375 0.0859375
0 0.61181640625 0.18994140625 0.0615234375 0.0615234375
0 0.365234375 0.1435546875 0.0859375 0.0859375
0 0.44775390625 0.111328125 0.0849609375 0.0859375
0 0.2734375 0.09326171875 0.09765625 0.0986328125
0 0.26806640625 0.201171875 0.0849609375 0.0859375
0 0.19189453125 0.15673828125 0.0849609375 0.0869140625
0 0.181640625 0.0517578125 0.0859375 0.0859375
0 0.0771484375 0.10595703125 0.109375 0.1103515625
0 0.0888671875 0.2099609375 0.09765625 0.09765625