0 0.31591796875 0.9033203125 0.0732421875 0.07421875
0 0.41455078125 0.2890625 0.0732421875 0.07421875
0 0.5078125 0.35009765625 0.060546875 0.0615234375
0 0.21923828125 0.4189453125 0.0732421875 0.07421875
0 0.1318359375 0.13134765625 0.109375 0.1103515625
0 0.1279296875 0.2353515625 0.109375 0.111328125
0 0.1220703125 0.35791015625 0.09765625 0.0986328125
0 0.216796875 0.3056640625 0.0859375 0.0859375
0 0.220703125 0.08056640625 0.09765625 0.0986328125
0 0.224609375 0.19775390625 0.0859375 0.0869140625
0 0.31787109375 0.1318359375 0.0849609375 0.0859375
0 0.3203125 0.234375 0.0859375 0.0859375
0 0.69921875 0.2177734375 0.0859375 0.0859375
0 0.8828125 0.1044921875 0.0859375 0.0859375
0 0.7919921875 0.0751953125 0.0859375 0.0859375
0 0.3232421875 0.35791015625 0.09765625 0.0986328125
0 0.4072265625 0.390625 0.09765625 0.09765625
0 0.4130859375 0.1796875 0.09765625 0.09765625
0 0.412109375 0.07666015625 0.09765625 0.0986328125
0 0.5 0.23046875 0.109375 0.111328125
0 0.50634765625 0.12353515625 0.1103515625 0.1103515625
0 0.59326171875 0.07861328125 0.1103515625 0.1103515625
0 0.59716796875 0.18017578125 0.1103515625 0.1103515625
0 0.5927734375 0.28515625 0.0859375 0.0859375
0 0.58984375 0.39697265625 0.09765625 0.0986328125
0 0.6953125 0.34130859375 0.09765625 0.0986328125
0 0.69677734375 0.1005859375 0.1103515625 0.111328125
0 0.88671875 0.232421875 0.09765625 0.09765625
0 0.89013671875 0.34765625 0.0849609375 0.0859375
0 0.7919921875 0.3974609375 0.0859375 0.0859375
0 0.7802734375 0.2958984375 0.09765625 0.09765625
0 0.787109375 0.1796875 0.0859375 0.0859375
0 0.880859375 0.45751953125 0.09765625 0.0986328125
0 0.88232421875 0.5625 0.0849609375 0.0859375
0 0.87939453125 0.8720703125 0.0849609375 0.0859375
0 0.88330078125 0.77880859375 0.0849609375 0.0869140625
0 0.8779296875 0.67626953125 0.09765625 0.0986328125
0 0.7841796875 0.50830078125 0.09765625 0.0986328125
0 0.78759765625 0.8349609375 0.0849609375 0.0859375
0 0.78125 0.72900390625 0.09765625 0.0986328125
0 0.7890625 0.6044921875 0.09765625 0.09765625
0 0.69189453125 0.90478515625 0.0849609375 0.0869140625
0 0.6943359375 0.7939453125 0.0859375 0.0859375
0 0.693359375 0.6767578125 0.0859375 0.0859375
0 0.693359375 0.58349609375 0.09765625 0.0986328125
0 0.6953125 0.45361328125 0.09765625 0.0986328125
0 0.59130859375 0.52734375 0.0849609375 0.0859375
0 0.58837890625 0.837890625 0.0849609375 0.0859375
0 0.58203125 0.7314453125 0.0859375 0.0859375
0 0.5888671875 0.6201171875 0.0859375 0.0859375
0 0.50341796875 0.44921875 0.0849609375 0.0859375
0 0.5009765625 0.91259765625 0.09765625 0.0986328125
0 0.505859375 0.787109375 0.0859375 0.0859375
0 0.501953125 0.6884765625 0.0859375 0.0859375
0 0.509765625 0.5625 0.0859375 0.0859375
0 0.41015625 0.92919921875 0.0859375 0.0869140625
0 0.41015625 0.826171875 0.0859375 0.0859375
0 0.40771484375 0.71484375 0.0849609375 0.0859375
0 0.408203125 0.62353515625 0.09765625 0.0986328125
0 0.4052734375 0.48681640625 0.09765625 0.0986328125
0 0.31494140625 0.45703125 0.0849609375 0.0859375
0 0.31494140625 0.572265625 0.0849609375 0.0859375
0 0.30810546875 0.673828125 0.0849609375 0.0859375
0 0.31982421875 0.7939453125 0.0849609375 0.0859375
0 0.21875 0.8466796875 0.0859375 0.0859375
0 0.22314453125 0.732421875 0.0849609375 0.0859375
0 0.22412109375 0.6259765625 0.0849609375 0.0859375
0 0.22705078125 0.5205078125 0.0849609375 0.0859375
0 0.1298828125 0.8974609375 0.0859375 0.0859375
0 0.1337890625 0.7880859375 0.0859375 0.0859375
0 0.13671875 0.67236328125 0.09765625 0.0986328125
0 0.1220703125 0.55029296875 0.09765625 0.0986328125
0 0.12744140625 0.4541015625 0.1103515625 0.111328125