0 0.91845703125 0.23779296875 0.0732421875 0.0732421875
0 0.845703125 0.14501953125 0.07421875 0.0732421875
0 0.68798828125 0.44091796875 0.0732421875 0.0732421875
0 0.07421875 0.79638671875 0.0859375 0.0849609375
0 0.07080078125 0.6064453125 0.0986328125 0.09765625
0 0.07080078125 0.2236328125 0.0986328125 0.09765625
0 0.10546875 0.8896484375 0.111328125 0.109375
0 0.64404296875 0.32275390625 0.0615234375 0.0615234375
0 0.64208984375 0.904296875 0.0986328125 0.09765625
0 0.49755859375 0.9169921875 0.1103515625 0.109375
0 0.40185546875 0.904296875 0.1103515625 0.109375
0 0.298828125 0.8896484375 0.09765625 0.09765625
0 0.34814453125 0.80859375 0.1103515625 0.109375
0 0.46630859375 0.8046875 0.1103515625 0.109375
0 0.564453125 0.80615234375 0.0859375 0.0849609375
0 0.93359375 0.8125 0.09765625 0.09765625
0 0.6865234375 0.8037109375 0.09765625 0.09765625
0 0.73046875 0.71044921875 0.0859375 0.0849609375
0 0.62255859375 0.705078125 0.0986328125 0.09765625
0 0.521484375 0.705078125 0.09765625 0.09765625
0 0.40576171875 0.705078125 0.1103515625 0.109375
0 0.30810546875 0.70654296875 0.1103515625 0.1103515625
0 0.35009765625 0.6083984375 0.1103515625 0.109375
0 0.46435546875 0.609375 0.0986328125 0.09765625
0 0.580078125 0.6201171875 0.111328125 0.109375
0 0.68115234375 0.611328125 0.1103515625 0.109375
0 0.80615234375 0.62158203125 0.1103515625 0.1103515625
0 0.73486328125 0.51806640625 0.1103515625 0.1103515625
0 0.6220703125 0.5283203125 0.0859375 0.0859375
0 0.947265625 0.3310546875 0.09765625 0.09765625
0 0.791015625 0.2431640625 0.09765625 0.09765625
0 0.8095703125 0.435546875 0.0859375 0.0859375
0 0.5634765625 0.4365234375 0.09765625 0.09765625
0 0.46337890625 0.41845703125 0.1103515625 0.1103515625
0 0.37744140625 0.41552734375 0.1103515625 0.1103515625
0 0.3681640625 0.5205078125 0.111328125 0.109375
0 0.51220703125 0.51171875 0.0986328125 0.09765625
0 0.55322265625 0.31982421875 0.0732421875 0.0732421875
0 0.44775390625 0.32421875 0.0986328125 0.09765625
0 0.33935546875 0.31982421875 0.1103515625 0.1103515625
0 0.37890625 0.236328125 0.09765625 0.09765625
0 0.45654296875 0.2412109375 0.0986328125 0.09765625
0 0.7392578125 0.1513671875 0.09765625 0.09765625
0 0.77734375 0.052734375 0.0859375 0.0859375
0 0.43212890625 0.13916015625 0.0732421875 0.0732421875
0 0.33349609375 0.1455078125 0.0986328125 0.09765625