0 0.69482421875 0.70947265625 0.0732421875 0.0732421875
0 0.78466796875 0.85546875 0.0732421875 0.07421875
0 0.78564453125 0.75048828125 0.0732421875 0.0732421875
0 0.88134765625 0.79345703125 0.0732421875 0.0732421875
0 0.60107421875 0.7724609375 0.0849609375 0.0859375
0 0.69677734375 0.8046875 0.0732421875 0.07421875
0 0.70166015625 0.9208984375 0.0732421875 0.07421875
0 0.884765625 0.8984375 0.0859375 0.0859375
0 0.892578125 0.09326171875 0.09765625 0.0986328125
0 0.7939453125 0.15185546875 0.09765625 0.0986328125
0 0.6982421875 0.09228515625 0.09765625 0.0986328125
0 0.6962890625 0.20556640625 0.09765625 0.0986328125
0 0.6025390625 0.1552734375 0.0859375 0.0859375
0 0.51171875 0.09228515625 0.09765625 0.0986328125
0 0.51025390625 0.212890625 0.0849609375 0.0859375
0 0.4111328125 0.146484375 0.09765625 0.09765625
0 0.31787109375 0.1044921875 0.1103515625 0.111328125
0 0.3154296875 0.2119140625 0.0859375 0.0859375
0 0.2158203125 0.16015625 0.09765625 0.09765625
0 0.1201171875 0.09716796875 0.09765625 0.0986328125
0 0.12060546875 0.2138671875 0.0849609375 0.0859375
0 0.04345703125 0.36962890625 0.0732421875 0.0732421875
0 0.1240234375 0.31982421875 0.09765625 0.0986328125
0 0.11474609375 0.43505859375 0.0615234375 0.0615234375
0 0.2158203125 0.26611328125 0.09765625 0.0986328125
0 0.220703125 0.37353515625 0.09765625 0.0986328125
0 0.32421875 0.3232421875 0.09765625 0.09765625
0 0.41552734375 0.26171875 0.0849609375 0.0859375
0 0.4140625 0.373046875 0.09765625 0.09765625
0 0.513671875 0.3203125 0.09765625 0.09765625
0 0.50732421875 0.4150390625 0.0849609375 0.0859375
0 0.6025390625 0.265625 0.0859375 0.0859375
0 0.6044921875 0.369140625 0.0859375 0.0859375
0 0.6982421875 0.310546875 0.0859375 0.0859375
0 0.6953125 0.41796875 0.0859375 0.0859375
0 0.79931640625 0.2587890625 0.0849609375 0.0859375
0 0.791015625 0.35986328125 0.09765625 0.0986328125
0 0.890625 0.21142578125 0.09765625 0.0986328125
0 0.888671875 0.31298828125 0.09765625 0.0986328125
0 0.0283203125 0.580078125 0.048828125 0.048828125
0 0.11376953125 0.61279296875 0.0732421875 0.0732421875
0 0.1181640625 0.72509765625 0.109375 0.1103515625
0 0.119140625 0.83447265625 0.109375 0.1103515625
0 0.119140625 0.9423828125 0.0859375 0.0859375
0 0.22412109375 0.6650390625 0.1220703125 0.123046875
0 0.21240234375 0.7734375 0.1220703125 0.123046875
0 0.2197265625 0.89404296875 0.09765625 0.0986328125
0 0.31787109375 0.6103515625 0.0732421875 0.07421875
0 0.3232421875 0.72265625 0.09765625 0.09765625
0 0.32958984375 0.8359375 0.1220703125 0.123046875
0 0.3251953125 0.94873046875 0.09765625 0.0986328125
0 0.41845703125 0.666015625 0.1220703125 0.123046875
0 0.41455078125 0.7861328125 0.1220703125 0.123046875
0 0.41650390625 0.89453125 0.0849609375 0.0859375
0 0.5087890625 0.6171875 0.09765625 0.09765625
0 0.5126953125 0.73046875 0.09765625 0.09765625
0 0.5126953125 0.8349609375 0.09765625 0.09765625
0 0.5146484375 0.94921875 0.09765625 0.09765625
0 0.59912109375 0.6689453125 0.0732421875 0.07421875
0 0.6064453125 0.890625 0.0859375 0.0859375
0 0.693359375 0.61181640625 0.060546875 0.0615234375
0 0.78125 0.64404296875 0.060546875 0.0615234375
0 0.86962890625 0.59619140625 0.0615234375 0.0615234375
0 0.87060546875 0.68310546875 0.0615234375 0.0615234375
0 0.974609375 0.76708984375 0.048828125 0.0498046875