0 0.15087890625 0.46044921875 0.0732421875 0.0732421875
0 0.80908203125 0.5185546875 0.0732421875 0.07421875
0 0.7158203125 0.45751953125 0.060546875 0.0615234375
0 0.81787109375 0.95849609375 0.0732421875 0.0732421875
0 0.90576171875 0.89599609375 0.0732421875 0.0732421875
0 0.90576171875 0.67578125 0.0849609375 0.0859375
0 0.9033203125 0.5732421875 0.0859375 0.0859375
0 0.5244140625 0.58984375 0.0859375 0.0859375
0 0.3408203125 0.703125 0.0859375 0.0859375
0 0.431640625 0.732421875 0.0859375 0.0859375
0 0.900390625 0.44970703125 0.09765625 0.0986328125
0 0.81640625 0.4169921875 0.09765625 0.09765625
0 0.810546875 0.6279296875 0.09765625 0.09765625
0 0.8115234375 0.73095703125 0.09765625 0.0986328125
0 0.81787109375 0.8515625 0.0849609375 0.0859375
0 0.90283203125 0.7841796875 0.0849609375 0.0859375
0 0.7236328125 0.5771484375 0.109375 0.111328125
0 0.71728515625 0.68408203125 0.1103515625 0.1103515625
0 0.71826171875 0.79150390625 0.1103515625 0.1103515625
0 0.71923828125 0.91162109375 0.1103515625 0.1103515625
0 0.63427734375 0.8603515625 0.0849609375 0.0859375
0 0.63037109375 0.72900390625 0.1103515625 0.1103515625
0 0.62646484375 0.62744140625 0.1103515625 0.1103515625
0 0.630859375 0.5224609375 0.0859375 0.0859375
0 0.6337890625 0.41064453125 0.09765625 0.0986328125
0 0.5283203125 0.46630859375 0.09765625 0.0986328125
0 0.52685546875 0.70703125 0.1103515625 0.111328125
0 0.52294921875 0.81787109375 0.1103515625 0.1103515625
0 0.525390625 0.92529296875 0.09765625 0.0986328125
0 0.3369140625 0.5751953125 0.09765625 0.09765625
0 0.33349609375 0.4599609375 0.0849609375 0.0859375
0 0.431640625 0.41015625 0.0859375 0.0859375
0 0.443359375 0.51171875 0.09765625 0.09765625
0 0.4365234375 0.6279296875 0.0859375 0.0859375
0 0.33935546875 0.8095703125 0.0849609375 0.0859375
0 0.4365234375 0.87890625 0.0859375 0.0859375
0 0.2568359375 0.763671875 0.0859375 0.0859375
0 0.24951171875 0.6376953125 0.0849609375 0.0859375
0 0.34228515625 0.908203125 0.0849609375 0.0859375
0 0.259765625 0.857421875 0.09765625 0.09765625
0 0.0517578125 0.6318359375 0.0859375 0.0859375
0 0.1513671875 0.5830078125 0.09765625 0.09765625
0 0.15380859375 0.6845703125 0.0849609375 0.0859375
0 0.1513671875 0.787109375 0.09765625 0.09765625
0 0.150390625 0.90185546875 0.09765625 0.0986328125
0 0.056640625 0.8505859375 0.0859375 0.0859375
0 0.06201171875 0.732421875 0.0849609375 0.0859375
0 0.0595703125 0.51513671875 0.09765625 0.0986328125
0 0.06201171875 0.408203125 0.0849609375 0.0859375
0 0.15283203125 0.1337890625 0.0732421875 0.07421875
0 0.14990234375 0.234375 0.0732421875 0.07421875
0 0.05224609375 0.18359375 0.0849609375 0.0859375
0 0.06005859375 0.08056640625 0.0849609375 0.0869140625
0 0.05859375 0.296875 0.0859375 0.0859375
0 0.14892578125 0.3564453125 0.0849609375 0.0859375
0 0.24462890625 0.1240234375 0.0849609375 0.0859375
0 0.251953125 0.19287109375 0.09765625 0.0986328125
0 0.248046875 0.30419921875 0.09765625 0.0986328125
0 0.24560546875 0.541015625 0.0849609375 0.0859375
0 0.3427734375 0.35009765625 0.09765625 0.0986328125
0 0.34130859375 0.2451171875 0.0849609375 0.0859375
0 0.345703125 0.13134765625 0.09765625 0.0986328125
0 0.439453125 0.29931640625 0.09765625 0.0986328125
0 0.4423828125 0.07861328125 0.09765625 0.0986328125
0 0.4345703125 0.203125 0.09765625 0.09765625
0 0.5302734375 0.130859375 0.0859375 0.0859375
0 0.5302734375 0.22412109375 0.09765625 0.0986328125
0 0.5283203125 0.35400390625 0.09765625 0.0986328125
0 0.63232421875 0.2802734375 0.0849609375 0.0859375
0 0.6416015625 0.076171875 0.0859375 0.0859375
0 0.634765625 0.1875 0.0859375 0.0859375
0 0.72021484375 0.3583984375 0.0849609375 0.0859375
0 0.7216796875 0.119140625 0.0859375 0.0859375
0 0.7138671875 0.2451171875 0.0859375 0.0859375
0 0.81591796875 0.0927734375 0.0849609375 0.0859375
0 0.8154296875 0.18408203125 0.09765625 0.0986328125
0 0.818359375 0.32080078125 0.09765625 0.0986328125
0 0.90869140625 0.3505859375 0.0849609375 0.0859375
0 0.90869140625 0.2353515625 0.0849609375 0.0859375
0 0.91552734375 0.1337890625 0.0849609375 0.0859375
0 0.25390625 0.4306640625 0.0859375 0.0859375