0 0.84716796875 0.46337890625 0.0732421875 0.0732421875
0 0.07470703125 0.083984375 0.0986328125 0.09765625
0 0.27685546875 0.0791015625 0.0986328125 0.09765625
0 0.39892578125 0.08203125 0.0986328125 0.09765625
0 0.50439453125 0.08984375 0.0986328125 0.09765625
0 0.65087890625 0.083984375 0.0986328125 0.09765625
0 0.80615234375 0.0712890625 0.0986328125 0.09765625
0 0.7734375 0.17919921875 0.111328125 0.1103515625
0 0.66943359375 0.1806640625 0.1103515625 0.109375
0 0.55908203125 0.17529296875 0.1103515625 0.1103515625
0 0.45849609375 0.1728515625 0.0986328125 0.09765625
0 0.3662109375 0.17626953125 0.111328125 0.1103515625
0 0.2333984375 0.18017578125 0.111328125 0.1103515625
0 0.12451171875 0.17333984375 0.1103515625 0.1103515625
0 0.0732421875 0.271484375 0.09765625 0.09765625
0 0.18408203125 0.275390625 0.0986328125 0.09765625
0 0.29833984375 0.275390625 0.0986328125 0.09765625
0 0.40673828125 0.2705078125 0.1103515625 0.109375
0 0.51416015625 0.27099609375 0.1103515625 0.1103515625
0 0.63525390625 0.2734375 0.0986328125 0.09765625
0 0.73291015625 0.27490234375 0.0869140625 0.0849609375
0 0.84326171875 0.27490234375 0.1103515625 0.1103515625
0 0.783203125 0.369140625 0.0859375 0.0859375
0 0.6767578125 0.373046875 0.09765625 0.09765625
0 0.57177734375 0.3623046875 0.0986328125 0.09765625
0 0.46240234375 0.3662109375 0.1103515625 0.109375
0 0.35009765625 0.3623046875 0.1103515625 0.109375
0 0.23583984375 0.357421875 0.0986328125 0.09765625
0 0.12939453125 0.3623046875 0.0986328125 0.09765625
0 0.06640625 0.45263671875 0.0859375 0.0849609375
0 0.1953125 0.4580078125 0.0859375 0.0859375
0 0.3056640625 0.4580078125 0.0859375 0.0859375
0 0.7236328125 0.46240234375 0.111328125 0.1103515625
0 0.6298828125 0.4580078125 0.09765625 0.09765625
0 0.51171875 0.4599609375 0.09765625 0.09765625
0 0.41162109375 0.4580078125 0.0986328125 0.09765625
0 0.12890625 0.55078125 0.0859375 0.0859375
0 0.23974609375 0.5673828125 0.0986328125 0.09765625
0 0.35009765625 0.5615234375 0.1103515625 0.109375
0 0.4580078125 0.55908203125 0.0859375 0.0849609375
0 0.56640625 0.564453125 0.0859375 0.0859375
0 0.6728515625 0.5693359375 0.111328125 0.109375
0 0.77392578125 0.56982421875 0.1103515625 0.1103515625
0 0.83544921875 0.6533203125 0.0986328125 0.09765625
0 0.7236328125 0.65087890625 0.0859375 0.0849609375
0 0.619140625 0.65478515625 0.0859375 0.0849609375
0 0.49853515625 0.6484375 0.0986328125 0.09765625
0 0.4033203125 0.6533203125 0.09765625 0.09765625
0 0.29150390625 0.6474609375 0.0986328125 0.09765625
0 0.18115234375 0.64013671875 0.1103515625 0.1103515625
0 0.06787109375 0.638671875 0.0986328125 0.09765625
0 0.13525390625 0.7392578125 0.0986328125 0.09765625
0 0.23291015625 0.7490234375 0.0986328125 0.09765625
0 0.35009765625 0.74609375 0.1103515625 0.109375
0 0.44921875 0.74365234375 0.0859375 0.0849609375
0 0.56982421875 0.7451171875 0.0986328125 0.09765625
0 0.6826171875 0.74658203125 0.0859375 0.0849609375
0 0.78564453125 0.7490234375 0.0986328125 0.09765625
0 0.83642578125 0.84765625 0.1103515625 0.109375
0 0.72998046875 0.83447265625 0.1103515625 0.1103515625
0 0.626953125 0.83544921875 0.111328125 0.1103515625
0 0.517578125 0.841796875 0.111328125 0.109375
0 0.40185546875 0.8408203125 0.0986328125 0.09765625
0 0.28857421875 0.837890625 0.0986328125 0.09765625
0 0.1845703125 0.8310546875 0.09765625 0.09765625
0 0.08447265625 0.8349609375 0.1103515625 0.109375
0 0.12744140625 0.93359375 0.0986328125 0.09765625
0 0.23779296875 0.93359375 0.1103515625 0.109375
0 0.33935546875 0.93212890625 0.1103515625 0.1103515625
0 0.77392578125 0.93408203125 0.1103515625 0.1103515625
0 0.67236328125 0.9365234375 0.1103515625 0.109375
0 0.55517578125 0.935546875 0.0986328125 0.09765625
0 0.45361328125 0.9345703125 0.0986328125 0.09765625