0 0.57568359375 0.84033203125 0.0732421875 0.0732421875
0 0.66845703125 0.431640625 0.0732421875 0.07421875
0 0.48291015625 0.9130859375 0.0732421875 0.07421875
0 0.8642578125 0.68310546875 0.109375 0.1103515625
0 0.76708984375 0.740234375 0.1103515625 0.111328125
0 0.6767578125 0.71533203125 0.109375 0.1103515625
0 0.6689453125 0.8115234375 0.09765625 0.09765625
0 0.5732421875 0.73876953125 0.09765625 0.0986328125
0 0.7734375 0.94921875 0.0859375 0.0859375
0 0.486328125 0.6826171875 0.09765625 0.09765625
0 0.4775390625 0.791015625 0.0859375 0.0859375
0 0.2998046875 0.68212890625 0.09765625 0.0986328125
0 0.29296875 0.796875 0.0859375 0.0859375
0 0.29541015625 0.90234375 0.0849609375 0.0859375
0 0.2041015625 0.6484375 0.09765625 0.09765625
0 0.208984375 0.73974609375 0.09765625 0.0986328125
0 0.1943359375 0.84375 0.09765625 0.09765625
0 0.11083984375 0.6953125 0.1103515625 0.111328125
0 0.11474609375 0.8203125 0.1220703125 0.123046875
0 0.10791015625 0.92578125 0.0849609375 0.0859375
0 0.8701171875 0.15234375 0.0859375 0.0859375
0 0.8701171875 0.2509765625 0.0859375 0.0859375
0 0.8642578125 0.36767578125 0.09765625 0.0986328125
0 0.86328125 0.470703125 0.09765625 0.09765625
0 0.486328125 0.1337890625 0.0859375 0.0859375
0 0.4794921875 0.2333984375 0.0859375 0.0859375
0 0.48583984375 0.365234375 0.0849609375 0.0859375
0 0.59326171875 0.3818359375 0.0849609375 0.0859375
0 0.58935546875 0.298828125 0.0849609375 0.0859375
0 0.5791015625 0.1826171875 0.0859375 0.0859375
0 0.58056640625 0.068359375 0.0849609375 0.0859375
0 0.6748046875 0.138671875 0.0859375 0.0859375
0 0.67236328125 0.2607421875 0.0849609375 0.0859375
0 0.67333984375 0.3427734375 0.0849609375 0.0859375
0 0.771484375 0.4931640625 0.0859375 0.0859375
0 0.76904296875 0.3857421875 0.0849609375 0.0859375
0 0.77685546875 0.291015625 0.0849609375 0.0859375
0 0.76904296875 0.1962890625 0.0849609375 0.0859375
0 0.7734375 0.0859375 0.0859375 0.0859375
0 0.95654296875 0.197265625 0.0849609375 0.0859375
0 0.767578125 0.64208984375 0.09765625 0.0986328125
0 0.67578125 0.62158203125 0.109375 0.1103515625
0 0.57861328125 0.63818359375 0.1103515625 0.1103515625
0 0.484375 0.5703125 0.09765625 0.09765625
0 0.3955078125 0.07861328125 0.09765625 0.0986328125
0 0.39306640625 0.1875 0.0849609375 0.0859375
0 0.3916015625 0.30517578125 0.09765625 0.0986328125
0 0.392578125 0.41845703125 0.09765625 0.0986328125
0 0.30419921875 0.1328125 0.0849609375 0.0859375
0 0.3037109375 0.25048828125 0.09765625 0.0986328125
0 0.2998046875 0.36328125 0.0859375 0.0859375
0 0.296875 0.47265625 0.09765625 0.09765625
0 0.2919921875 0.5712890625 0.0859375 0.0859375
0 0.2060546875 0.09423828125 0.09765625 0.0986328125
0 0.2060546875 0.20751953125 0.09765625 0.0986328125
0 0.2080078125 0.3203125 0.09765625 0.09765625
0 0.2080078125 0.41796875 0.109375 0.111328125
0 0.20263671875 0.52978515625 0.1103515625 0.1103515625
0 0.10888671875 0.1513671875 0.0849609375 0.0859375
0 0.111328125 0.265625 0.09765625 0.09765625
0 0.10888671875 0.3896484375 0.0849609375 0.0859375
0 0.11376953125 0.4921875 0.0849609375 0.0859375
0 0.11767578125 0.60302734375 0.1103515625 0.1103515625