0 0.61953125 0.61640625 0.0859375 0.0859375
0 0.1328125 0.77890625 0.071875 0.0734375
0 0.625 0.0515625 0.096875 0.096875
0 0.7109375 0.10859375 0.109375 0.1109375
0 0.9078125 0.109375 0.109375 0.109375
0 0.8984375 0.2171875 0.109375 0.109375
0 0.8984375 0.34140625 0.071875 0.0734375
0 0.9015625 0.4390625 0.096875 0.096875
0 0.8953125 0.55625 0.096875 0.096875
0 0.7984375 0.1625 0.109375 0.109375
0 0.8015625 0.27421875 0.109375 0.1109375
0 0.80625 0.37578125 0.109375 0.1109375
0 0.7984375 0.49453125 0.096875 0.0984375
0 0.8 0.61171875 0.084375 0.0859375
0 0.7125 0.21171875 0.109375 0.1109375
0 0.7140625 0.31953125 0.084375 0.0859375
0 0.7109375 0.44453125 0.096875 0.0984375
0 0.71875 0.55390625 0.096875 0.0984375
0 0.6125 0.17890625 0.109375 0.1109375
0 0.615625 0.28671875 0.084375 0.0859375
0 0.609375 0.40703125 0.084375 0.0859375
0 0.61640625 0.51015625 0.0859375 0.0859375
0 0.5234375 0.11953125 0.084375 0.0859375
0 0.53203125 0.23359375 0.0234375 0.0234375
0 0.52578125 0.35234375 0.0359375 0.0359375
0 0.52578125 0.45703125 0.0234375 0.0234375
0 0.52421875 0.56953125 0.0234375 0.0234375
0 0.428125 0.37265625 0.028125 0.0265625
0 0.43046875 0.49140625 0.0234375 0.0234375
0 0.42578125 0.60546875 0.0234375 0.0234375
0 0.43125 0.15546875 0.096875 0.0984375
0 0.4296875 0.26171875 0.096875 0.0984375
0 0.42265625 0.71484375 0.0234375 0.0234375
0 0.42578125 0.79765625 0.0234375 0.0234375
0 0.52265625 0.65859375 0.0234375 0.0234375
0 0.51640625 0.76640625 0.0234375 0.0234375
0 0.61640625 0.79765625 0.0359375 0.0359375
0 0.6125 0.7140625 0.109375 0.109375
0 0.72265625 0.65859375 0.0859375 0.0859375
0 0.7140625 0.7625 0.071875 0.071875
0 0.803125 0.71796875 0.096875 0.0984375
0 0.79453125 0.82421875 0.0609375 0.0609375
0 0.8953125 0.66328125 0.096875 0.0984375
0 0.9 0.77109375 0.096875 0.0984375
0 0.1390625 0.34609375 0.096875 0.0984375
0 0.1421875 0.4484375 0.109375 0.109375
0 0.134375 0.559375 0.096875 0.096875
0 0.1390625 0.671875 0.096875 0.096875
0 0.13984375 0.953125 0.0421875 0.04375
0 0.3375 0.96015625 0.059375 0.0609375
0 0.52421875 0.96796875 0.0609375 0.0609375
0 0.80546875 0.05 0.0984375 0.1
0 0.428125 0.046875 0.09375 0.09375
0 0.040625 0.71875 0.08125 0.084375
0 0.0421875 0.61875 0.084375 0.1125
0 0.040625 0.50625 0.08125 0.10625
0 0.04140625 0.3953125 0.0796875 0.09375