0 0.41943359375 0.5771484375 0.0849609375 0.0859375
0 0.41552734375 0.69970703125 0.1103515625 0.1103515625
0 0.41552734375 0.8125 0.1103515625 0.111328125
0 0.4150390625 0.9140625 0.109375 0.111328125
0 0.31591796875 0.86572265625 0.1103515625 0.1103515625
0 0.314453125 0.74609375 0.109375 0.111328125
0 0.31591796875 0.64208984375 0.1103515625 0.1103515625
0 0.2294921875 0.58056640625 0.09765625 0.0986328125
0 0.2294921875 0.68994140625 0.109375 0.1103515625
0 0.23193359375 0.80810546875 0.1103515625 0.1103515625
0 0.2265625 0.92041015625 0.109375 0.1103515625
0 0.126953125 0.74951171875 0.09765625 0.0986328125
0 0.130859375 0.62890625 0.09765625 0.09765625
0 0.890625 0.86767578125 0.109375 0.1103515625
0 0.8896484375 0.76513671875 0.09765625 0.0986328125
0 0.8828125 0.654296875 0.09765625 0.09765625
0 0.8935546875 0.5400390625 0.09765625 0.09765625
0 0.7939453125 0.595703125 0.109375 0.111328125
0 0.79296875 0.70751953125 0.109375 0.1103515625
0 0.78857421875 0.81787109375 0.1103515625 0.1103515625
0 0.78369140625 0.92236328125 0.1103515625 0.1103515625
0 0.701171875 0.5302734375 0.0859375 0.0859375
0 0.69189453125 0.64892578125 0.1103515625 0.1103515625
0 0.6943359375 0.7529296875 0.0859375 0.0859375
0 0.69921875 0.86767578125 0.09765625 0.0986328125
0 0.59375 0.92041015625 0.109375 0.1103515625
0 0.6025390625 0.80615234375 0.09765625 0.0986328125
0 0.5986328125 0.7060546875 0.09765625 0.09765625
0 0.60546875 0.5849609375 0.09765625 0.09765625
0 0.5126953125 0.5458984375 0.109375 0.111328125
0 0.5087890625 0.64892578125 0.09765625 0.0986328125
0 0.51220703125 0.7578125 0.0849609375 0.0859375
0 0.5029296875 0.86865234375 0.109375 0.1103515625
0 0.900390625 0.35302734375 0.109375 0.1103515625
0 0.88916015625 0.2451171875 0.1103515625 0.111328125
0 0.8955078125 0.1318359375 0.109375 0.111328125
0 0.806640625 0.0771484375 0.09765625 0.09765625
0 0.802734375 0.1904296875 0.09765625 0.09765625
0 0.70849609375 0.12744140625 0.1103515625 0.1103515625
0 0.7080078125 0.24853515625 0.09765625 0.0986328125
0 0.70947265625 0.34375 0.1103515625 0.111328125
0 0.79443359375 0.296875 0.1103515625 0.111328125
0 0.611328125 0.29150390625 0.09765625 0.0986328125
0 0.615234375 0.171875 0.0859375 0.0859375
0 0.615234375 0.07275390625 0.109375 0.1103515625
0 0.5400390625 0.15380859375 0.109375 0.1103515625
0 0.52734375 0.24951171875 0.109375 0.1103515625
0 0.5126953125 0.3525390625 0.09765625 0.09765625
0 0.431640625 0.30322265625 0.109375 0.1103515625
0 0.427734375 0.18505859375 0.109375 0.1103515625
0 0.42919921875 0.0869140625 0.0849609375 0.0859375
0 0.328125 0.1298828125 0.09765625 0.09765625
0 0.328125 0.24560546875 0.109375 0.1103515625
0 0.32958984375 0.34326171875 0.1103515625 0.1103515625
0 0.2314453125 0.30126953125 0.109375 0.1103515625
0 0.232421875 0.18701171875 0.09765625 0.0986328125
0 0.2431640625 0.0712890625 0.109375 0.111328125
0 0.0595703125 0.087890625 0.09765625 0.09765625
0 0.1435546875 0.283203125 0.109375 0.111328125
0 0.134765625 0.13916015625 0.09765625 0.0986328125