0 0.1083984375 0.328125 0.109375 0.111328125
0 0.10546875 0.21875 0.09765625 0.09765625
0 0.1171875 0.109375 0.09765625 0.09765625
0 0.2041015625 0.0576171875 0.09765625 0.09765625
0 0.20703125 0.1708984375 0.09765625 0.09765625
0 0.2041015625 0.2734375 0.09765625 0.09765625
0 0.205078125 0.38427734375 0.09765625 0.0986328125
0 0.2998046875 0.32763671875 0.09765625 0.0986328125
0 0.306640625 0.2197265625 0.109375 0.111328125
0 0.3017578125 0.11279296875 0.09765625 0.0986328125
0 0.39697265625 0.07568359375 0.1103515625 0.1103515625
0 0.390625 0.1767578125 0.109375 0.111328125
0 0.39306640625 0.28466796875 0.1103515625 0.1103515625
0 0.38916015625 0.3955078125 0.1103515625 0.111328125
0 0.48876953125 0.3330078125 0.1103515625 0.111328125
0 0.49267578125 0.22216796875 0.1103515625 0.1103515625
0 0.48876953125 0.12890625 0.1103515625 0.111328125
0 0.58740234375 0.0703125 0.1103515625 0.111328125
0 0.5869140625 0.17333984375 0.109375 0.1103515625
0 0.58056640625 0.28369140625 0.1103515625 0.1103515625
0 0.5830078125 0.38037109375 0.109375 0.1103515625
0 0.6748046875 0.34375 0.109375 0.111328125
0 0.6787109375 0.23681640625 0.09765625 0.0986328125
0 0.6796875 0.12890625 0.09765625 0.09765625
0 0.779296875 0.06787109375 0.09765625 0.0986328125
0 0.7783203125 0.17724609375 0.109375 0.1103515625
0 0.7744140625 0.29443359375 0.09765625 0.0986328125
0 0.76904296875 0.39990234375 0.1103515625 0.1103515625
0 0.86865234375 0.34033203125 0.1103515625 0.1103515625
0 0.8662109375 0.22802734375 0.109375 0.1103515625
0 0.86376953125 0.1279296875 0.1103515625 0.111328125
0 0.099609375 0.66455078125 0.09765625 0.0986328125
0 0.10693359375 0.763671875 0.1103515625 0.111328125
0 0.1044921875 0.86865234375 0.109375 0.1103515625
0 0.197265625 0.92529296875 0.109375 0.1103515625
0 0.2001953125 0.81689453125 0.109375 0.1103515625
0 0.19384765625 0.70556640625 0.0615234375 0.0615234375
0 0.19775390625 0.61279296875 0.0849609375 0.0869140625
0 0.2919921875 0.873046875 0.0859375 0.0859375
0 0.29443359375 0.759765625 0.0849609375 0.0859375
0 0.287109375 0.64697265625 0.09765625 0.0986328125
0 0.380859375 0.9208984375 0.0859375 0.0859375
0 0.384765625 0.8291015625 0.0859375 0.0859375
0 0.38525390625 0.71484375 0.0849609375 0.0859375
0 0.390625 0.60400390625 0.09765625 0.0986328125
0 0.484375 0.87060546875 0.109375 0.1103515625
0 0.4765625 0.76123046875 0.109375 0.1103515625
0 0.4873046875 0.6533203125 0.109375 0.111328125
0 0.580078125 0.92529296875 0.109375 0.1103515625
0 0.576171875 0.8251953125 0.09765625 0.09765625
0 0.5751953125 0.71044921875 0.09765625 0.0986328125
0 0.580078125 0.5966796875 0.0859375 0.0859375
0 0.671875 0.87060546875 0.09765625 0.0986328125
0 0.66650390625 0.76416015625 0.0849609375 0.0869140625
0 0.66796875 0.65771484375 0.109375 0.1103515625
0 0.765625 0.92919921875 0.09765625 0.0986328125
0 0.7685546875 0.82275390625 0.09765625 0.0986328125
0 0.763671875 0.703125 0.09765625 0.09765625
0 0.76904296875 0.5966796875 0.0849609375 0.0859375
0 0.86279296875 0.9521484375 0.0849609375 0.0859375
0 0.86572265625 0.8662109375 0.0849609375 0.0859375
0 0.8642578125 0.76318359375 0.109375 0.1103515625
0 0.85791015625 0.6484375 0.1220703125 0.123046875
0 0.9482421875 0.92431640625 0.09765625 0.0986328125