0 0.4501953125 0.75927734375 0.07421875 0.0732421875
0 0.390625 0.67138671875 0.07421875 0.0732421875
0 0.95458984375 0.94775390625 0.0732421875 0.0732421875
0 0.83837890625 0.36865234375 0.0732421875 0.0732421875
0 0.7958984375 0.46337890625 0.07421875 0.0732421875
0 0.17919921875 0.095703125 0.1103515625 0.109375
0 0.28759765625 0.0908203125 0.0986328125 0.09765625
0 0.39794921875 0.08984375 0.0986328125 0.09765625
0 0.50439453125 0.08984375 0.0986328125 0.09765625
0 0.61669921875 0.08740234375 0.0732421875 0.0732421875
0 0.068359375 0.0927734375 0.111328125 0.109375
0 0.12548828125 0.189453125 0.1103515625 0.109375
0 0.2294921875 0.19287109375 0.0859375 0.0849609375
0 0.33154296875 0.1884765625 0.0986328125 0.09765625
0 0.45458984375 0.1865234375 0.0986328125 0.09765625
0 0.56396484375 0.1865234375 0.0986328125 0.09765625
0 0.06787109375 0.28564453125 0.1103515625 0.1103515625
0 0.17041015625 0.28662109375 0.1103515625 0.1103515625
0 0.28271484375 0.2783203125 0.0986328125 0.09765625
0 0.38818359375 0.2841796875 0.0986328125 0.09765625
0 0.50732421875 0.283203125 0.0986328125 0.09765625
0 0.609375 0.27880859375 0.07421875 0.0732421875
0 0.12060546875 0.38134765625 0.1103515625 0.1103515625
0 0.22509765625 0.3759765625 0.1103515625 0.109375
0 0.33837890625 0.375 0.0986328125 0.09765625
0 0.45263671875 0.3759765625 0.0986328125 0.09765625
0 0.5576171875 0.3759765625 0.0859375 0.0859375
0 0.06689453125 0.4775390625 0.0869140625 0.0859375
0 0.17529296875 0.4755859375 0.1103515625 0.109375
0 0.28173828125 0.474609375 0.0986328125 0.09765625
0 0.39501953125 0.4755859375 0.0986328125 0.09765625
0 0.4990234375 0.46923828125 0.0859375 0.0849609375
0 0.6064453125 0.47265625 0.09765625 0.09765625
0 0.11572265625 0.57421875 0.1103515625 0.109375
0 0.22705078125 0.5693359375 0.0986328125 0.09765625
0 0.333984375 0.57275390625 0.0859375 0.0849609375
0 0.443359375 0.57080078125 0.0859375 0.0849609375
0 0.5576171875 0.564453125 0.09765625 0.09765625
0 0.05322265625 0.669921875 0.0986328125 0.09765625
0 0.16796875 0.67138671875 0.0859375 0.0849609375
0 0.2841796875 0.66552734375 0.0859375 0.0849609375
0 0.4970703125 0.66455078125 0.07421875 0.0732421875
0 0.60107421875 0.6689453125 0.0615234375 0.060546875
0 0.1142578125 0.7578125 0.09765625 0.09765625
0 0.22265625 0.759765625 0.09765625 0.09765625
0 0.333984375 0.7529296875 0.0859375 0.0859375
0 0.1103515625 0.94384765625 0.0859375 0.0849609375
0 0.2255859375 0.94287109375 0.0859375 0.0849609375
0 0.3291015625 0.95166015625 0.0859375 0.0849609375
0 0.05029296875 0.845703125 0.0986328125 0.09765625
0 0.17724609375 0.845703125 0.1103515625 0.109375
0 0.275390625 0.84765625 0.0859375 0.0859375
0 0.3759765625 0.84765625 0.09765625 0.09765625
0 0.537109375 0.75830078125 0.07421875 0.0732421875
0 0.4912109375 0.8515625 0.09765625 0.09765625
0 0.5849609375 0.85791015625 0.07421875 0.0732421875
0 0.4453125 0.94580078125 0.0859375 0.0849609375
0 0.54443359375 0.94580078125 0.0732421875 0.0732421875
0 0.78759765625 0.8515625 0.0986328125 0.09765625
0 0.89453125 0.84912109375 0.123046875 0.1220703125
0 0.759765625 0.75537109375 0.0859375 0.0849609375
0 0.8427734375 0.7548828125 0.09765625 0.09765625
0 0.78515625 0.66357421875 0.0859375 0.0849609375
0 0.8974609375 0.66162109375 0.123046875 0.1220703125
0 0.8486328125 0.5693359375 0.09765625 0.09765625
0 0.89111328125 0.4736328125 0.1103515625 0.109375
0 0.78759765625 0.27587890625 0.0615234375 0.0615234375
0 0.89404296875 0.27734375 0.0986328125 0.09765625
0 0.83642578125 0.177734375 0.0986328125 0.09765625
0 0.78564453125 0.0810546875 0.0615234375 0.060546875
0 0.89208984375 0.0888671875 0.0986328125 0.09765625