0 0.158203125 0.89501953125 0.07421875 0.0732421875
0 0.40478515625 0.61572265625 0.0732421875 0.0732421875
0 0.9482421875 0.0556640625 0.09765625 0.09765625
0 0.9130859375 0.1435546875 0.0859375 0.0859375
0 0.86083984375 0.240234375 0.0986328125 0.09765625
0 0.91064453125 0.32958984375 0.1103515625 0.1103515625
0 0.859375 0.427734375 0.09765625 0.09765625
0 0.91552734375 0.5185546875 0.0986328125 0.09765625
0 0.8525390625 0.60888671875 0.0859375 0.0849609375
0 0.9150390625 0.70703125 0.0859375 0.0859375
0 0.85400390625 0.794921875 0.0986328125 0.09765625
0 0.92138671875 0.8955078125 0.0986328125 0.09765625
0 0.31982421875 0.80078125 0.0869140625 0.0859375
0 0.4306640625 0.80078125 0.0859375 0.0859375
0 0.3759765625 0.70751953125 0.07421875 0.0732421875
0 0.2705078125 0.71142578125 0.07421875 0.0732421875
0 0.369140625 0.51513671875 0.0859375 0.0849609375
0 0.2841796875 0.0498046875 0.09765625 0.09765625
0 0.181640625 0.04345703125 0.0859375 0.0849609375
0 0.13818359375 0.140625 0.0986328125 0.09765625
0 0.2490234375 0.1484375 0.09765625 0.09765625
0 0.35693359375 0.1416015625 0.0986328125 0.09765625
0 0.4140625 0.23046875 0.09765625 0.09765625
0 0.30712890625 0.236328125 0.0986328125 0.09765625
0 0.19970703125 0.234375 0.0986328125 0.09765625
0 0.0849609375 0.2333984375 0.09765625 0.09765625
0 0.14208984375 0.32763671875 0.1103515625 0.1103515625
0 0.25634765625 0.3251953125 0.1103515625 0.109375
0 0.3671875 0.32373046875 0.111328125 0.1103515625
0 0.41015625 0.421875 0.09765625 0.09765625
0 0.30712890625 0.4130859375 0.1103515625 0.109375
0 0.203125 0.42578125 0.111328125 0.109375
0 0.09130859375 0.41796875 0.1103515625 0.109375
0 0.140625 0.51904296875 0.0859375 0.0849609375
0 0.26708984375 0.513671875 0.1103515625 0.109375
0 0.306640625 0.61181640625 0.0859375 0.0849609375
0 0.20703125 0.6103515625 0.09765625 0.09765625
0 0.07177734375 0.61328125 0.0986328125 0.09765625
0 0.17138671875 0.7021484375 0.0986328125 0.09765625
0 0.1142578125 0.79931640625 0.0859375 0.0849609375
0 0.3642578125 0.89404296875 0.0859375 0.0849609375
0 0.693359375 0.8994140625 0.0859375 0.0859375
0 0.8271484375 0.896484375 0.09765625 0.09765625
0 0.74951171875 0.8037109375 0.1103515625 0.109375
0 0.62646484375 0.802734375 0.0986328125 0.09765625
0 0.53173828125 0.80224609375 0.0869140625 0.0849609375
0 0.4599609375 0.71337890625 0.0859375 0.0849609375
0 0.58349609375 0.70751953125 0.1103515625 0.1103515625
0 0.69287109375 0.70849609375 0.1103515625 0.1103515625
0 0.80322265625 0.708984375 0.0986328125 0.09765625
0 0.74462890625 0.609375 0.0986328125 0.09765625
0 0.63427734375 0.611328125 0.0986328125 0.09765625
0 0.5302734375 0.6103515625 0.0859375 0.0859375
0 0.47216796875 0.5126953125 0.1103515625 0.109375
0 0.57666015625 0.515625 0.0986328125 0.09765625
0 0.6943359375 0.515625 0.0859375 0.0859375
0 0.80078125 0.5146484375 0.0859375 0.0859375
0 0.75439453125 0.423828125 0.0986328125 0.09765625
0 0.64697265625 0.4208984375 0.0986328125 0.09765625
0 0.541015625 0.4267578125 0.09765625 0.09765625
0 0.4892578125 0.333984375 0.111328125 0.109375
0 0.58984375 0.33251953125 0.111328125 0.1103515625
0 0.68017578125 0.32666015625 0.1103515625 0.1103515625
0 0.80615234375 0.33251953125 0.1103515625 0.1103515625
0 0.75390625 0.2421875 0.09765625 0.09765625
0 0.642578125 0.2421875 0.09765625 0.09765625
0 0.5322265625 0.2353515625 0.0859375 0.0859375
0 0.46630859375 0.1435546875 0.0986328125 0.09765625
0 0.5693359375 0.1396484375 0.0859375 0.0859375
0 0.6904296875 0.1474609375 0.09765625 0.09765625
0 0.796875 0.1396484375 0.09765625 0.09765625
0 0.7255859375 0.05078125 0.09765625 0.09765625
0 0.57080078125 0.8994140625 0.1103515625 0.109375
0 0.47998046875 0.89453125 0.1103515625 0.109375