0 0.794921875 0.28369140625 0.09765625 0.0986328125
0 0.888671875 0.34033203125 0.109375 0.1103515625
0 0.1328125 0.12451171875 0.109375 0.1103515625
0 0.1337890625 0.23291015625 0.109375 0.1103515625
0 0.1337890625 0.33544921875 0.09765625 0.0986328125
0 0.138671875 0.45166015625 0.109375 0.1103515625
0 0.22509765625 0.06884765625 0.1103515625 0.1103515625
0 0.22900390625 0.17333984375 0.1103515625 0.1103515625
0 0.22607421875 0.28466796875 0.1103515625 0.1103515625
0 0.224609375 0.39599609375 0.109375 0.1103515625
0 0.2255859375 0.50537109375 0.109375 0.1103515625
0 0.3212890625 0.115234375 0.109375 0.111328125
0 0.3193359375 0.22509765625 0.09765625 0.0986328125
0 0.32666015625 0.33740234375 0.1103515625 0.1103515625
0 0.31884765625 0.44482421875 0.1103515625 0.1103515625
0 0.4140625 0.068359375 0.109375 0.111328125
0 0.4111328125 0.173828125 0.109375 0.111328125
0 0.4130859375 0.2802734375 0.09765625 0.09765625
0 0.412109375 0.38916015625 0.109375 0.1103515625
0 0.412109375 0.50927734375 0.09765625 0.0986328125
0 0.50439453125 0.115234375 0.1103515625 0.111328125
0 0.5087890625 0.2255859375 0.109375 0.111328125
0 0.505859375 0.337890625 0.109375 0.111328125
0 0.5078125 0.45263671875 0.109375 0.1103515625
0 0.60595703125 0.28515625 0.1103515625 0.111328125
0 0.60791015625 0.3681640625 0.0732421875 0.07421875
0 0.59765625 0.5078125 0.09765625 0.09765625
0 0.697265625 0.11962890625 0.109375 0.1103515625
0 0.697265625 0.3349609375 0.09765625 0.09765625
0 0.6943359375 0.4443359375 0.09765625 0.09765625
0 0.78662109375 0.06982421875 0.1103515625 0.1103515625
0 0.791015625 0.17138671875 0.109375 0.1103515625
0 0.7958984375 0.39697265625 0.109375 0.1103515625
0 0.79345703125 0.5009765625 0.1103515625 0.111328125
0 0.91650390625 0.048828125 0.0849609375 0.0859375
0 0.88623046875 0.13037109375 0.1103515625 0.1103515625
0 0.88671875 0.44580078125 0.09765625 0.0986328125
0 0.888671875 0.556640625 0.09765625 0.09765625
0 0.8876953125 0.671875 0.0859375 0.0859375
0 0.88818359375 0.77685546875 0.0615234375 0.0615234375
0 0.888671875 0.89111328125 0.09765625 0.0986328125
0 0.7919921875 0.615234375 0.09765625 0.09765625
0 0.79150390625 0.72265625 0.0849609375 0.0859375
0 0.79248046875 0.84228515625 0.1103515625 0.1103515625
0 0.69384765625 0.5390625 0.1103515625 0.111328125
0 0.7041015625 0.65966796875 0.09765625 0.0986328125
0 0.6943359375 0.77978515625 0.060546875 0.0615234375
0 0.6962890625 0.87841796875 0.109375 0.1103515625
0 0.6044921875 0.60986328125 0.09765625 0.0986328125
0 0.6083984375 0.72607421875 0.09765625 0.0986328125
0 0.6005859375 0.83154296875 0.09765625 0.0986328125
0 0.6005859375 0.93994140625 0.09765625 0.0986328125
0 0.5068359375 0.55615234375 0.09765625 0.0986328125
0 0.5078125 0.66552734375 0.09765625 0.0986328125
0 0.50830078125 0.78173828125 0.0732421875 0.0732421875
0 0.509765625 0.88623046875 0.09765625 0.0986328125
0 0.41748046875 0.61572265625 0.1103515625 0.1103515625
0 0.41015625 0.71337890625 0.09765625 0.0986328125
0 0.4072265625 0.84326171875 0.09765625 0.0986328125
0 0.32080078125 0.56298828125 0.1103515625 0.1103515625
0 0.322265625 0.67138671875 0.109375 0.1103515625
0 0.322265625 0.78857421875 0.09765625 0.0986328125
0 0.322265625 0.88916015625 0.09765625 0.0986328125
0 0.2275390625 0.61279296875 0.109375 0.1103515625
0 0.2236328125 0.72216796875 0.109375 0.1103515625
0 0.2255859375 0.83154296875 0.109375 0.1103515625
0 0.22412109375 0.943359375 0.1103515625 0.111328125
0 0.13623046875 0.56201171875 0.1103515625 0.1103515625
0 0.12744140625 0.65869140625 0.1103515625 0.1103515625
0 0.130859375 0.7705078125 0.09765625 0.09765625
0 0.13232421875 0.880859375 0.1103515625 0.111328125