0 0.26123046875 0.466796875 0.0732421875 0.07421875
0 0.07421875 0.134765625 0.0859375 0.0859375
0 0.17578125 0.0810546875 0.09765625 0.09765625
0 0.35791015625 0.0771484375 0.0849609375 0.0859375
0 0.4501953125 0.1337890625 0.0859375 0.0859375
0 0.26513671875 0.1474609375 0.0849609375 0.0859375
0 0.451171875 0.2412109375 0.0859375 0.0859375
0 0.447265625 0.349609375 0.09765625 0.09765625
0 0.45068359375 0.47265625 0.0849609375 0.0859375
0 0.45166015625 0.5673828125 0.0849609375 0.0859375
0 0.45068359375 0.6904296875 0.0849609375 0.0859375
0 0.35498046875 0.185546875 0.0849609375 0.0859375
0 0.3544921875 0.302734375 0.09765625 0.09765625
0 0.3564453125 0.4140625 0.09765625 0.09765625
0 0.3603515625 0.521484375 0.0859375 0.0859375
0 0.3544921875 0.62890625 0.0859375 0.0859375
0 0.26123046875 0.2421875 0.0849609375 0.0859375
0 0.26171875 0.353515625 0.09765625 0.09765625
0 0.2666015625 0.57470703125 0.09765625 0.0986328125
0 0.171875 0.189453125 0.0859375 0.0859375
0 0.1689453125 0.30126953125 0.09765625 0.0986328125
0 0.169921875 0.41455078125 0.09765625 0.0986328125
0 0.16650390625 0.517578125 0.0849609375 0.0859375
0 0.16796875 0.63330078125 0.09765625 0.0986328125
0 0.0771484375 0.23876953125 0.09765625 0.0986328125
0 0.07421875 0.35302734375 0.09765625 0.0986328125
0 0.0732421875 0.45947265625 0.09765625 0.0986328125
0 0.072265625 0.57373046875 0.09765625 0.0986328125
0 0.0703125 0.68701171875 0.09765625 0.0986328125
0 0.072265625 0.7919921875 0.0859375 0.0859375
0 0.0693359375 0.8994140625 0.0859375 0.0859375
0 0.17333984375 0.740234375 0.0849609375 0.0859375
0 0.1650390625 0.84130859375 0.09765625 0.0986328125
0 0.2646484375 0.69287109375 0.09765625 0.0986328125
0 0.2626953125 0.79443359375 0.09765625 0.0986328125
0 0.3544921875 0.7373046875 0.0859375 0.0859375
0 0.359375 0.84716796875 0.09765625 0.0986328125
0 0.45703125 0.798828125 0.0859375 0.0859375