0 0.90478515625 0.4404296875 0.0986328125 0.09765625
0 0.84814453125 0.5341796875 0.1103515625 0.109375
0 0.908203125 0.05859375 0.09765625 0.09765625
0 0.79931640625 0.0576171875 0.1103515625 0.109375
0 0.67919921875 0.0576171875 0.0986328125 0.09765625
0 0.8505859375 0.1513671875 0.111328125 0.109375
0 0.73583984375 0.1533203125 0.1103515625 0.109375
0 0.9033203125 0.25146484375 0.111328125 0.1103515625
0 0.8203125 0.25341796875 0.07421875 0.0732421875
0 0.6806640625 0.2431640625 0.09765625 0.09765625
0 0.853515625 0.3427734375 0.09765625 0.09765625
0 0.744140625 0.33984375 0.09765625 0.09765625
0 0.79150390625 0.44140625 0.1103515625 0.109375
0 0.6875 0.43896484375 0.111328125 0.1103515625
0 0.74267578125 0.5322265625 0.0986328125 0.09765625
0 0.6318359375 0.5341796875 0.09765625 0.09765625
0 0.5166015625 0.533203125 0.0859375 0.0859375
0 0.41162109375 0.53369140625 0.0615234375 0.0615234375
0 0.29736328125 0.5341796875 0.0986328125 0.09765625
0 0.19091796875 0.53271484375 0.1103515625 0.1103515625
0 0.3583984375 0.6259765625 0.0859375 0.0859375
0 0.2412109375 0.64111328125 0.0859375 0.0849609375
0 0.5732421875 0.4375 0.09765625 0.09765625
0 0.4658203125 0.43701171875 0.0859375 0.0849609375
0 0.34619140625 0.43798828125 0.1103515625 0.1103515625
0 0.24072265625 0.4384765625 0.1103515625 0.109375
0 0.6494140625 0.33935546875 0.111328125 0.1103515625
0 0.52880859375 0.349609375 0.0986328125 0.09765625
0 0.40869140625 0.33984375 0.0615234375 0.060546875
0 0.31005859375 0.341796875 0.1103515625 0.109375
0 0.19091796875 0.33984375 0.1103515625 0.109375
0 0.57861328125 0.25 0.0986328125 0.09765625
0 0.46240234375 0.25390625 0.0986328125 0.09765625
0 0.35693359375 0.24609375 0.0986328125 0.09765625
0 0.24853515625 0.24609375 0.0986328125 0.09765625
0 0.63232421875 0.15234375 0.0986328125 0.09765625
0 0.52294921875 0.1533203125 0.0986328125 0.09765625
0 0.40673828125 0.15380859375 0.0732421875 0.0732421875
0 0.30224609375 0.1552734375 0.0986328125 0.09765625
0 0.18896484375 0.1533203125 0.0986328125 0.09765625
0 0.57275390625 0.06298828125 0.1103515625 0.1103515625
0 0.47509765625 0.0556640625 0.0986328125 0.09765625
0 0.34521484375 0.052734375 0.0986328125 0.09765625
0 0.23974609375 0.05859375 0.1103515625 0.109375
0 0.13916015625 0.06103515625 0.1103515625 0.1103515625
0 0.08056640625 0.15576171875 0.1103515625 0.1103515625
0 0.13818359375 0.25 0.1103515625 0.109375
0 0.08642578125 0.337890625 0.1103515625 0.109375
0 0.13623046875 0.4375 0.0986328125 0.09765625
0 0.08935546875 0.53662109375 0.1103515625 0.1103515625
0 0.1337890625 0.63671875 0.0859375 0.0859375
0 0.298828125 0.72265625 0.09765625 0.09765625
0 0.19140625 0.7353515625 0.09765625 0.09765625
0 0.07958984375 0.7314453125 0.1103515625 0.109375
0 0.2451171875 0.82763671875 0.111328125 0.1103515625
0 0.1357421875 0.83154296875 0.111328125 0.1103515625
0 0.35546875 0.82177734375 0.0859375 0.0849609375
0 0.29833984375 0.921875 0.0986328125 0.09765625
0 0.1923828125 0.921875 0.09765625 0.09765625
0 0.083984375 0.9248046875 0.09765625 0.09765625