0 0.0966796875 0.31591796875 0.07421875 0.0732421875
0 0.7109375 0.41455078125 0.07421875 0.0732421875
0 0.64990234375 0.5078125 0.0615234375 0.060546875
0 0.5810546875 0.21923828125 0.07421875 0.0732421875
0 0.86865234375 0.1318359375 0.1103515625 0.109375
0 0.7646484375 0.1279296875 0.111328125 0.109375
0 0.64208984375 0.1220703125 0.0986328125 0.09765625
0 0.6943359375 0.216796875 0.0859375 0.0859375
0 0.91943359375 0.220703125 0.0986328125 0.09765625
0 0.80224609375 0.224609375 0.0869140625 0.0859375
0 0.8681640625 0.31787109375 0.0859375 0.0849609375
0 0.765625 0.3203125 0.0859375 0.0859375
0 0.7822265625 0.69921875 0.0859375 0.0859375
0 0.8955078125 0.8828125 0.0859375 0.0859375
0 0.9248046875 0.7919921875 0.0859375 0.0859375
0 0.64208984375 0.3232421875 0.0986328125 0.09765625
0 0.609375 0.4072265625 0.09765625 0.09765625
0 0.8203125 0.4130859375 0.09765625 0.09765625
0 0.92333984375 0.412109375 0.0986328125 0.09765625
0 0.76953125 0.5 0.111328125 0.109375
0 0.87646484375 0.50634765625 0.1103515625 0.1103515625
0 0.92138671875 0.59326171875 0.1103515625 0.1103515625
0 0.81982421875 0.59716796875 0.1103515625 0.1103515625
0 0.71484375 0.5927734375 0.0859375 0.0859375
0 0.60302734375 0.58984375 0.0986328125 0.09765625
0 0.65869140625 0.6953125 0.0986328125 0.09765625
0 0.8994140625 0.69677734375 0.111328125 0.1103515625
0 0.767578125 0.88671875 0.09765625 0.09765625
0 0.65234375 0.89013671875 0.0859375 0.0849609375
0 0.6025390625 0.7919921875 0.0859375 0.0859375
0 0.7041015625 0.7802734375 0.09765625 0.09765625
0 0.8203125 0.787109375 0.0859375 0.0859375
0 0.54248046875 0.880859375 0.0986328125 0.09765625
0 0.4375 0.88232421875 0.0859375 0.0849609375
0 0.1279296875 0.87939453125 0.0859375 0.0849609375
0 0.22119140625 0.88330078125 0.0869140625 0.0849609375
0 0.32373046875 0.8779296875 0.0986328125 0.09765625
0 0.49169921875 0.7841796875 0.0986328125 0.09765625
0 0.1650390625 0.78759765625 0.0859375 0.0849609375
0 0.27099609375 0.78125 0.0986328125 0.09765625
0 0.3955078125 0.7890625 0.09765625 0.09765625
0 0.09521484375 0.69189453125 0.0869140625 0.0849609375
0 0.2060546875 0.6943359375 0.0859375 0.0859375
0 0.3232421875 0.693359375 0.0859375 0.0859375
0 0.41650390625 0.693359375 0.0986328125 0.09765625
0 0.54638671875 0.6953125 0.0986328125 0.09765625
0 0.47265625 0.59130859375 0.0859375 0.0849609375
0 0.162109375 0.58837890625 0.0859375 0.0849609375
0 0.2685546875 0.58203125 0.0859375 0.0859375
0 0.3798828125 0.5888671875 0.0859375 0.0859375
0 0.55078125 0.50341796875 0.0859375 0.0849609375
0 0.08740234375 0.5009765625 0.0986328125 0.09765625
0 0.212890625 0.505859375 0.0859375 0.0859375
0 0.3115234375 0.501953125 0.0859375 0.0859375
0 0.4375 0.509765625 0.0859375 0.0859375
0 0.07080078125 0.41015625 0.0869140625 0.0859375
0 0.173828125 0.41015625 0.0859375 0.0859375
0 0.28515625 0.40771484375 0.0859375 0.0849609375
0 0.37646484375 0.408203125 0.0986328125 0.09765625
0 0.51318359375 0.4052734375 0.0986328125 0.09765625
0 0.54296875 0.31494140625 0.0859375 0.0849609375
0 0.427734375 0.31494140625 0.0859375 0.0849609375
0 0.326171875 0.30810546875 0.0859375 0.0849609375
0 0.2060546875 0.31982421875 0.0859375 0.0849609375
0 0.1533203125 0.21875 0.0859375 0.0859375
0 0.267578125 0.22314453125 0.0859375 0.0849609375
0 0.3740234375 0.22412109375 0.0859375 0.0849609375
0 0.4794921875 0.22705078125 0.0859375 0.0849609375
0 0.1025390625 0.1298828125 0.0859375 0.0859375
0 0.2119140625 0.1337890625 0.0859375 0.0859375
0 0.32763671875 0.13671875 0.0986328125 0.09765625
0 0.44970703125 0.1220703125 0.0986328125 0.09765625
0 0.5458984375 0.12744140625 0.111328125 0.1103515625