0 0.68212890625 0.11865234375 0.0732421875 0.0732421875
0 0.7900390625 0.11962890625 0.0859375 0.0849609375
0 0.2958984375 0.04443359375 0.0859375 0.0849609375
0 0.58056640625 0.6953125 0.0615234375 0.060546875
0 0.77880859375 0.3271484375 0.0615234375 0.060546875
0 0.736328125 0.59326171875 0.07421875 0.0732421875
0 0.17138671875 0.58935546875 0.0732421875 0.0732421875
0 0.51171875 0.04345703125 0.07421875 0.0732421875
0 0.41015625 0.03857421875 0.07421875 0.0732421875
0 0.5771484375 0.14306640625 0.07421875 0.0732421875
0 0.462890625 0.1376953125 0.09765625 0.09765625
0 0.3515625 0.140625 0.09765625 0.09765625
0 0.74365234375 0.22900390625 0.0869140625 0.0849609375
0 0.63037109375 0.23291015625 0.1103515625 0.1103515625
0 0.51416015625 0.23779296875 0.1103515625 0.1103515625
0 0.40771484375 0.23193359375 0.1103515625 0.1103515625
0 0.2919921875 0.2314453125 0.111328125 0.109375
0 0.68701171875 0.33447265625 0.1220703125 0.1220703125
0 0.57177734375 0.3369140625 0.0986328125 0.09765625
0 0.45947265625 0.3271484375 0.0986328125 0.09765625
0 0.34130859375 0.3271484375 0.0986328125 0.09765625
0 0.73046875 0.41796875 0.0859375 0.0859375
0 0.62451171875 0.4228515625 0.0986328125 0.09765625
0 0.51123046875 0.4150390625 0.0986328125 0.09765625
0 0.4033203125 0.4189453125 0.0859375 0.0859375
0 0.29345703125 0.4287109375 0.0986328125 0.09765625
0 0.2333984375 0.330078125 0.09765625 0.09765625
0 0.677734375 0.50634765625 0.0859375 0.0849609375
0 0.5556640625 0.50830078125 0.0859375 0.0849609375
0 0.45654296875 0.5126953125 0.0869140625 0.0859375
0 0.34765625 0.5126953125 0.0859375 0.0859375
0 0.23046875 0.51171875 0.0859375 0.0859375
0 0.6123046875 0.59423828125 0.0859375 0.0849609375
0 0.501953125 0.59228515625 0.0859375 0.0849609375
0 0.40234375 0.59228515625 0.0859375 0.0849609375
0 0.287109375 0.58642578125 0.0859375 0.0849609375
0 0.6748046875 0.69921875 0.048828125 0.048828125
0 0.4697265625 0.69140625 0.0859375 0.0859375
0 0.353515625 0.69091796875 0.0859375 0.0849609375
0 0.26416015625 0.685546875 0.0498046875 0.048828125
0 0.6259765625 0.7939453125 0.060546875 0.060546875
0 0.5390625 0.9150390625 0.048828125 0.048828125
0 0.08740234375 0.58203125 0.0498046875 0.048828125
0 0.1279296875 0.509765625 0.0859375 0.0859375
0 0.17529296875 0.423828125 0.0986328125 0.09765625
0 0.0634765625 0.42138671875 0.0859375 0.0849609375
0 0.12744140625 0.3291015625 0.1103515625 0.109375
0 0.18359375 0.228515625 0.09765625 0.09765625
0 0.068359375 0.234375 0.111328125 0.109375
0 0.2353515625 0.13671875 0.111328125 0.109375
0 0.125 0.13525390625 0.111328125 0.1103515625