0 0.10302734375 0.2431640625 0.0732421875 0.07421875
0 0.18701171875 0.17236328125 0.0615234375 0.0615234375
0 0.10888671875 0.14599609375 0.0615234375 0.0615234375
0 0.10546875 0.353515625 0.109375 0.111328125
0 0.1884765625 0.08935546875 0.09765625 0.0986328125
0 0.19873046875 0.3125 0.1103515625 0.111328125
0 0.19482421875 0.41796875 0.1103515625 0.111328125
0 0.283203125 0.13623046875 0.109375 0.1103515625
0 0.2841796875 0.24853515625 0.109375 0.1103515625
0 0.2861328125 0.3603515625 0.09765625 0.09765625
0 0.38720703125 0.07568359375 0.1103515625 0.1103515625
0 0.38671875 0.19677734375 0.109375 0.1103515625
0 0.3876953125 0.30126953125 0.09765625 0.0986328125
0 0.3837890625 0.40966796875 0.109375 0.1103515625
0 0.474609375 0.14990234375 0.09765625 0.0986328125
0 0.47265625 0.24462890625 0.09765625 0.0986328125
0 0.4853515625 0.36279296875 0.109375 0.1103515625
0 0.5625 0.09033203125 0.09765625 0.0986328125
0 0.56884765625 0.189453125 0.0849609375 0.0859375
0 0.56591796875 0.30029296875 0.0849609375 0.0869140625
0 0.5693359375 0.40087890625 0.09765625 0.0986328125
0 0.67578125 0.13037109375 0.09765625 0.0986328125
0 0.6796875 0.23779296875 0.109375 0.1103515625
0 0.68017578125 0.35595703125 0.1103515625 0.1103515625
0 0.67529296875 0.47216796875 0.1103515625 0.1103515625
0 0.77197265625 0.08203125 0.1103515625 0.111328125
0 0.7705078125 0.18603515625 0.109375 0.1103515625
0 0.7705078125 0.29736328125 0.09765625 0.0986328125
0 0.767578125 0.41162109375 0.109375 0.1103515625
0 0.865234375 0.138671875 0.09765625 0.09765625
0 0.865234375 0.25 0.09765625 0.09765625
0 0.86376953125 0.357421875 0.0849609375 0.0859375
0 0.8642578125 0.470703125 0.0859375 0.0859375
0 0.96044921875 0.52978515625 0.0615234375 0.0615234375
0 0.95556640625 0.63818359375 0.0615234375 0.0615234375
0 0.8671875 0.57958984375 0.109375 0.1103515625
0 0.861328125 0.705078125 0.0859375 0.0859375
0 0.861328125 0.80517578125 0.109375 0.1103515625
0 0.86328125 0.91357421875 0.09765625 0.0986328125
0 0.76953125 0.52197265625 0.109375 0.1103515625
0 0.76611328125 0.63427734375 0.1103515625 0.1103515625
0 0.77001953125 0.74462890625 0.1103515625 0.1103515625
0 0.77099609375 0.85693359375 0.1103515625 0.1103515625
0 0.67333984375 0.57373046875 0.1103515625 0.1103515625
0 0.67529296875 0.69091796875 0.1103515625 0.1103515625
0 0.67578125 0.79052734375 0.109375 0.1103515625
0 0.6708984375 0.9052734375 0.109375 0.111328125
0 0.5751953125 0.50732421875 0.09765625 0.0986328125
0 0.583984375 0.62646484375 0.109375 0.1103515625
0 0.5830078125 0.740234375 0.109375 0.111328125
0 0.5791015625 0.8583984375 0.109375 0.111328125
0 0.482421875 0.46435546875 0.109375 0.1103515625
0 0.48046875 0.564453125 0.09765625 0.09765625
0 0.4814453125 0.69140625 0.09765625 0.09765625
0 0.48876953125 0.79296875 0.1103515625 0.111328125
0 0.48095703125 0.91064453125 0.1103515625 0.1103515625
0 0.3837890625 0.5302734375 0.109375 0.111328125
0 0.37841796875 0.6376953125 0.0849609375 0.0859375
0 0.3828125 0.7333984375 0.09765625 0.09765625
0 0.38525390625 0.8515625 0.0849609375 0.0859375
0 0.28857421875 0.4677734375 0.1103515625 0.111328125
0 0.2822265625 0.5791015625 0.09765625 0.09765625
0 0.27880859375 0.68359375 0.0849609375 0.0859375
0 0.28369140625 0.79931640625 0.1103515625 0.1103515625
0 0.2861328125 0.90966796875 0.109375 0.1103515625
0 0.19140625 0.533203125 0.09765625 0.09765625
0 0.193359375 0.64453125 0.0859375 0.0859375
0 0.1923828125 0.75732421875 0.109375 0.1103515625
0 0.1884765625 0.85693359375 0.09765625 0.0986328125
0 0.099609375 0.46533203125 0.09765625 0.0986328125
0 0.1005859375 0.57861328125 0.09765625 0.0986328125
0 0.09765625 0.69140625 0.0859375 0.0859375
0 0.0966796875 0.79150390625 0.09765625 0.0986328125
0 0.09716796875 0.91552734375 0.1103515625 0.1103515625