0 0.6259765625 0.32275390625 0.07421875 0.0732421875
0 0.90625 0.232421875 0.09765625 0.09765625
0 0.90966796875 0.42138671875 0.1103515625 0.1103515625
0 0.91357421875 0.62060546875 0.1103515625 0.1103515625
0 0.8603515625 0.1318359375 0.111328125 0.109375
0 0.74169921875 0.140625 0.1103515625 0.109375
0 0.63525390625 0.14453125 0.1103515625 0.109375
0 0.53662109375 0.1357421875 0.0986328125 0.09765625
0 0.41845703125 0.13525390625 0.1103515625 0.1103515625
0 0.30517578125 0.1298828125 0.0986328125 0.09765625
0 0.25146484375 0.2294921875 0.1103515625 0.109375
0 0.3671875 0.23583984375 0.111328125 0.1103515625
0 0.47802734375 0.228515625 0.1103515625 0.109375
0 0.57763671875 0.2294921875 0.1103515625 0.109375
0 0.69384765625 0.228515625 0.1103515625 0.109375
0 0.81201171875 0.2392578125 0.1103515625 0.109375
0 0.8603515625 0.32568359375 0.0859375 0.0849609375
0 0.7392578125 0.32568359375 0.0859375 0.0849609375
0 0.51171875 0.31494140625 0.0859375 0.0849609375
0 0.41650390625 0.3203125 0.0986328125 0.09765625
0 0.30322265625 0.3212890625 0.1103515625 0.109375
0 0.25244140625 0.42333984375 0.1103515625 0.1103515625
0 0.36181640625 0.41796875 0.1103515625 0.109375
0 0.47607421875 0.41455078125 0.1103515625 0.1103515625
0 0.5791015625 0.419921875 0.111328125 0.109375
0 0.68603515625 0.4287109375 0.1103515625 0.109375
0 0.79345703125 0.423828125 0.1103515625 0.109375
0 0.84716796875 0.51953125 0.1103515625 0.109375
0 0.75830078125 0.5205078125 0.1103515625 0.109375
0 0.65283203125 0.51806640625 0.1103515625 0.1103515625
0 0.5205078125 0.51123046875 0.111328125 0.1103515625
0 0.41259765625 0.51123046875 0.1103515625 0.1103515625
0 0.25341796875 0.61181640625 0.1103515625 0.1103515625
0 0.29931640625 0.5126953125 0.1103515625 0.109375
0 0.36279296875 0.61328125 0.0986328125 0.09765625
0 0.46435546875 0.60546875 0.0986328125 0.09765625
0 0.58056640625 0.60986328125 0.1103515625 0.1103515625
0 0.69580078125 0.609375 0.0986328125 0.09765625
0 0.80419921875 0.611328125 0.1103515625 0.109375
0 0.8505859375 0.7041015625 0.111328125 0.109375
0 0.73876953125 0.7109375 0.0986328125 0.09765625
0 0.64111328125 0.70166015625 0.1103515625 0.1103515625
0 0.52685546875 0.7001953125 0.0986328125 0.09765625
0 0.40478515625 0.70361328125 0.1103515625 0.1103515625
0 0.30712890625 0.70263671875 0.1103515625 0.1103515625
0 0.2626953125 0.80078125 0.0859375 0.0859375
0 0.3720703125 0.796875 0.0859375 0.0859375
0 0.466796875 0.79541015625 0.0859375 0.0849609375
0 0.5830078125 0.79443359375 0.0859375 0.0849609375
0 0.6904296875 0.7919921875 0.0859375 0.0859375
0 0.8076171875 0.787109375 0.0859375 0.0859375
0 0.91015625 0.79248046875 0.0859375 0.0849609375
0 0.87158203125 0.8955078125 0.1103515625 0.109375
0 0.74658203125 0.896484375 0.0986328125 0.09765625
0 0.63671875 0.896484375 0.0859375 0.0859375
0 0.529296875 0.8955078125 0.09765625 0.09765625
0 0.404296875 0.888671875 0.111328125 0.109375
0 0.32373046875 0.8837890625 0.0986328125 0.09765625
0 0.07763671875 0.14013671875 0.1103515625 0.1103515625
0 0.18994140625 0.140625 0.0986328125 0.09765625
0 0.14013671875 0.2294921875 0.0986328125 0.09765625
0 0.08349609375 0.3232421875 0.1103515625 0.109375
0 0.20068359375 0.330078125 0.0986328125 0.09765625
0 0.15673828125 0.4189453125 0.0986328125 0.09765625
0 0.07861328125 0.51318359375 0.1103515625 0.1103515625
0 0.19091796875 0.5166015625 0.0986328125 0.09765625
0 0.14013671875 0.6025390625 0.1103515625 0.109375
0 0.0810546875 0.7060546875 0.09765625 0.09765625
0 0.185546875 0.703125 0.0859375 0.0859375
0 0.140625 0.79443359375 0.0859375 0.0849609375
0 0.0830078125 0.8876953125 0.09765625 0.09765625
0 0.1953125 0.888671875 0.09765625 0.09765625