0 0.04541015625 0.615234375 0.0732421875 0.07421875
0 0.818359375 0.74169921875 0.109375 0.1103515625
0 0.1455078125 0.11962890625 0.109375 0.1103515625
0 0.24755859375 0.07177734375 0.1103515625 0.1103515625
0 0.33837890625 0.12939453125 0.1103515625 0.1103515625
0 0.431640625 0.0693359375 0.109375 0.111328125
0 0.5322265625 0.12890625 0.109375 0.111328125
0 0.62255859375 0.07080078125 0.1103515625 0.1103515625
0 0.6259765625 0.1806640625 0.09765625 0.09765625
0 0.4267578125 0.17529296875 0.109375 0.1103515625
0 0.9072265625 0.4638671875 0.0859375 0.0859375
0 0.908203125 0.5771484375 0.09765625 0.09765625
0 0.90380859375 0.68212890625 0.1103515625 0.1103515625
0 0.904296875 0.79150390625 0.09765625 0.0986328125
0 0.81884765625 0.400390625 0.1103515625 0.111328125
0 0.81689453125 0.513671875 0.1103515625 0.111328125
0 0.81640625 0.6259765625 0.09765625 0.09765625
0 0.82080078125 0.84716796875 0.0732421875 0.0732421875
0 0.71923828125 0.3525390625 0.1103515625 0.111328125
0 0.71875 0.4560546875 0.109375 0.111328125
0 0.7158203125 0.57763671875 0.109375 0.1103515625
0 0.7177734375 0.68505859375 0.09765625 0.0986328125
0 0.7216796875 0.78955078125 0.09765625 0.0986328125
0 0.62109375 0.40380859375 0.109375 0.1103515625
0 0.6259765625 0.51220703125 0.09765625 0.0986328125
0 0.626953125 0.62255859375 0.09765625 0.0986328125
0 0.626953125 0.72900390625 0.09765625 0.0986328125
0 0.62939453125 0.84130859375 0.0732421875 0.0732421875
0 0.6240234375 0.29296875 0.109375 0.111328125
0 0.52734375 0.35009765625 0.109375 0.1103515625
0 0.52392578125 0.4541015625 0.0849609375 0.0859375
0 0.5283203125 0.55615234375 0.09765625 0.0986328125
0 0.5302734375 0.67919921875 0.09765625 0.0986328125
0 0.5302734375 0.78857421875 0.09765625 0.0986328125
0 0.43115234375 0.29248046875 0.1103515625 0.1103515625
0 0.43017578125 0.39501953125 0.1103515625 0.1103515625
0 0.4384765625 0.50732421875 0.09765625 0.0986328125
0 0.4326171875 0.61279296875 0.09765625 0.0986328125
0 0.43359375 0.73193359375 0.09765625 0.0986328125
0 0.43798828125 0.833984375 0.0732421875 0.07421875
0 0.33544921875 0.34521484375 0.1103515625 0.1103515625
0 0.3408203125 0.44970703125 0.109375 0.1103515625
0 0.341796875 0.56298828125 0.09765625 0.0986328125
0 0.3408203125 0.67724609375 0.09765625 0.0986328125
0 0.3408203125 0.7822265625 0.0859375 0.0859375
0 0.2392578125 0.29150390625 0.0859375 0.0869140625
0 0.2412109375 0.39990234375 0.109375 0.1103515625
0 0.2421875 0.50634765625 0.09765625 0.0986328125
0 0.2412109375 0.61962890625 0.09765625 0.0986328125
0 0.24755859375 0.7236328125 0.0849609375 0.0859375
0 0.244140625 0.8310546875 0.09765625 0.09765625
0 0.142578125 0.34033203125 0.109375 0.1103515625
0 0.1474609375 0.45166015625 0.09765625 0.0986328125
0 0.14404296875 0.55859375 0.0849609375 0.0859375
0 0.14599609375 0.66796875 0.0849609375 0.0859375
0 0.15234375 0.7822265625 0.09765625 0.09765625
0 0.04541015625 0.392578125 0.0849609375 0.0859375
0 0.05126953125 0.5087890625 0.0849609375 0.0859375
0 0.05224609375 0.7216796875 0.0732421875 0.07421875
0 0.0478515625 0.82568359375 0.060546875 0.0615234375
0 0.529296875 0.23779296875 0.109375 0.1103515625
0 0.33740234375 0.2353515625 0.0849609375 0.0859375
0 0.240234375 0.17236328125 0.109375 0.1103515625
0 0.146484375 0.22998046875 0.109375 0.1103515625