0 0.60791015625 0.2939453125 0.0732421875 0.07421875
0 0.6064453125 0.41357421875 0.060546875 0.0615234375
0 0.89208984375 0.35009765625 0.1103515625 0.1103515625
0 0.88916015625 0.4658203125 0.1103515625 0.111328125
0 0.888671875 0.57666015625 0.09765625 0.0986328125
0 0.88916015625 0.67919921875 0.1103515625 0.1103515625
0 0.8876953125 0.79736328125 0.109375 0.1103515625
0 0.884765625 0.90576171875 0.109375 0.1103515625
0 0.791015625 0.30029296875 0.09765625 0.0986328125
0 0.79638671875 0.41650390625 0.1103515625 0.1103515625
0 0.8037109375 0.51806640625 0.09765625 0.0986328125
0 0.79345703125 0.63623046875 0.0849609375 0.0869140625
0 0.79736328125 0.748046875 0.0849609375 0.0859375
0 0.79296875 0.849609375 0.0859375 0.0859375
0 0.70068359375 0.3525390625 0.1103515625 0.111328125
0 0.70703125 0.46044921875 0.09765625 0.0986328125
0 0.69873046875 0.701171875 0.0849609375 0.0859375
0 0.7041015625 0.8017578125 0.0859375 0.0859375
0 0.7001953125 0.8935546875 0.0859375 0.0859375
0 0.6201171875 0.537109375 0.0859375 0.0859375
0 0.6123046875 0.61767578125 0.109375 0.1103515625
0 0.60986328125 0.736328125 0.1103515625 0.111328125
0 0.6005859375 0.85205078125 0.109375 0.1103515625
0 0.51171875 0.38232421875 0.09765625 0.0986328125
0 0.5146484375 0.4541015625 0.0859375 0.0859375
0 0.50927734375 0.568359375 0.1103515625 0.111328125
0 0.50244140625 0.69287109375 0.1103515625 0.1103515625
0 0.5048828125 0.79736328125 0.109375 0.1103515625
0 0.5087890625 0.8974609375 0.09765625 0.09765625
0 0.408203125 0.29736328125 0.09765625 0.0986328125
0 0.4150390625 0.41064453125 0.09765625 0.0986328125
0 0.412109375 0.52392578125 0.0859375 0.0869140625
0 0.4150390625 0.62939453125 0.09765625 0.0986328125
0 0.4169921875 0.74365234375 0.09765625 0.0986328125
0 0.4130859375 0.85205078125 0.09765625 0.0986328125
0 0.3232421875 0.35205078125 0.09765625 0.0986328125
0 0.3193359375 0.4638671875 0.09765625 0.09765625
0 0.3193359375 0.56640625 0.0859375 0.0859375
0 0.3203125 0.67724609375 0.09765625 0.0986328125
0 0.3193359375 0.79345703125 0.09765625 0.0986328125
0 0.31640625 0.89990234375 0.09765625 0.0986328125
0 0.2236328125 0.40771484375 0.109375 0.1103515625
0 0.23046875 0.52099609375 0.09765625 0.0986328125
0 0.22216796875 0.6328125 0.0849609375 0.0859375
0 0.22216796875 0.7705078125 0.0849609375 0.0859375
0 0.21923828125 0.8564453125 0.0849609375 0.0859375
0 0.13330078125 0.35302734375 0.1103515625 0.1103515625
0 0.1318359375 0.4677734375 0.109375 0.111328125
0 0.1328125 0.57470703125 0.09765625 0.0986328125
0 0.12890625 0.68359375 0.09765625 0.09765625
0 0.13671875 0.79833984375 0.09765625 0.0986328125
0 0.12744140625 0.90869140625 0.1103515625 0.1103515625
0 0.04541015625 0.4091796875 0.0849609375 0.0859375
0 0.32373046875 0.12060546875 0.0615234375 0.0615234375
0 0.41650390625 0.1904296875 0.0849609375 0.0859375
0 0.513671875 0.1494140625 0.0859375 0.0859375
0 0.513671875 0.2392578125 0.0859375 0.0859375
0 0.609375 0.1806640625 0.0859375 0.0859375
0 0.6171875 0.09375 0.0859375 0.0859375
0 0.89111328125 0.14208984375 0.1103515625 0.1103515625
0 0.892578125 0.2431640625 0.09765625 0.09765625
0 0.796875 0.07373046875 0.09765625 0.0986328125
0 0.7900390625 0.19384765625 0.09765625 0.0986328125
0 0.69970703125 0.2392578125 0.0849609375 0.0859375
0 0.6962890625 0.13232421875 0.09765625 0.0986328125
0 0.322265625 0.23876953125 0.109375 0.1103515625
0 0.22802734375 0.30126953125 0.1103515625 0.1103515625
0 0.13623046875 0.25146484375 0.1103515625 0.1103515625
0 0.2333984375 0.173828125 0.0859375 0.0859375
0 0.1416015625 0.13720703125 0.109375 0.1103515625
0 0.134765625 0.06298828125 0.09765625 0.0986328125