0 0.888671875 0.28466796875 0.07421875 0.0732421875
0 0.08056640625 0.94140625 0.1103515625 0.109375
0 0.23828125 0.849609375 0.0859375 0.0859375
0 0.12255859375 0.849609375 0.0986328125 0.09765625
0 0.203125 0.7578125 0.0859375 0.0859375
0 0.0771484375 0.7548828125 0.09765625 0.09765625
0 0.1318359375 0.662109375 0.09765625 0.09765625
0 0.2333984375 0.6611328125 0.0859375 0.0859375
0 0.18798828125 0.568359375 0.0986328125 0.09765625
0 0.07080078125 0.5703125 0.0986328125 0.09765625
0 0.10595703125 0.47265625 0.0986328125 0.09765625
0 0.240234375 0.47265625 0.09765625 0.09765625
0 0.15966796875 0.373046875 0.0986328125 0.09765625
0 0.06494140625 0.37109375 0.0986328125 0.09765625
0 0.12841796875 0.2861328125 0.0986328125 0.09765625
0 0.2431640625 0.28369140625 0.0859375 0.0849609375
0 0.0673828125 0.189453125 0.111328125 0.109375
0 0.19091796875 0.197265625 0.0986328125 0.09765625
0 0.14013671875 0.1044921875 0.0986328125 0.09765625
0 0.2353515625 0.1044921875 0.09765625 0.09765625
0 0.61767578125 0.94091796875 0.1103515625 0.1103515625
0 0.73046875 0.94091796875 0.0859375 0.0849609375
0 0.84521484375 0.9423828125 0.1103515625 0.109375
0 0.6748046875 0.85009765625 0.0859375 0.0849609375
0 0.79296875 0.85302734375 0.0859375 0.0849609375
0 0.919921875 0.84814453125 0.0859375 0.0849609375
0 0.62548828125 0.7568359375 0.0986328125 0.09765625
0 0.7333984375 0.7548828125 0.0859375 0.0859375
0 0.83740234375 0.755859375 0.0986328125 0.09765625
0 0.67529296875 0.6669921875 0.0986328125 0.09765625
0 0.798828125 0.66064453125 0.0859375 0.0849609375
0 0.88720703125 0.66064453125 0.0869140625 0.0849609375
0 0.67529296875 0.568359375 0.0986328125 0.09765625
0 0.744140625 0.5634765625 0.09765625 0.09765625
0 0.82470703125 0.5703125 0.0986328125 0.09765625
0 0.9541015625 0.55712890625 0.0859375 0.0849609375
0 0.6806640625 0.47021484375 0.0859375 0.0849609375
0 0.798828125 0.466796875 0.0859375 0.0859375
0 0.87939453125 0.4697265625 0.0986328125 0.09765625
0 0.611328125 0.3759765625 0.0859375 0.0859375
0 0.7353515625 0.3759765625 0.0859375 0.0859375
0 0.86279296875 0.37890625 0.0869140625 0.0859375
0 0.6767578125 0.291015625 0.09765625 0.09765625
0 0.7783203125 0.2841796875 0.09765625 0.09765625
0 0.68603515625 0.18359375 0.0986328125 0.09765625
0 0.83056640625 0.1767578125 0.0986328125 0.09765625
0 0.9453125 0.1875 0.0859375 0.0859375
0 0.6787109375 0.099609375 0.0859375 0.0859375
0 0.78515625 0.095703125 0.09765625 0.09765625
0 0.89453125 0.0986328125 0.0859375 0.0859375
0 0.34326171875 0.095703125 0.0986328125 0.09765625
0 0.46240234375 0.0986328125 0.0986328125 0.09765625
0 0.560546875 0.09814453125 0.0859375 0.0849609375
0 0.5908203125 0.1923828125 0.09765625 0.09765625
0 0.49169921875 0.1923828125 0.1103515625 0.109375
0 0.40087890625 0.18896484375 0.1103515625 0.1103515625
0 0.29248046875 0.1943359375 0.0986328125 0.09765625
0 0.33544921875 0.28515625 0.0986328125 0.09765625
0 0.431640625 0.2802734375 0.09765625 0.09765625
0 0.5654296875 0.291015625 0.0859375 0.0859375
0 0.5048828125 0.37890625 0.09765625 0.09765625
0 0.3994140625 0.3720703125 0.09765625 0.09765625
0 0.29345703125 0.3720703125 0.0986328125 0.09765625
0 0.345703125 0.46337890625 0.111328125 0.1103515625
0 0.4580078125 0.46923828125 0.0859375 0.0849609375
0 0.5634765625 0.46826171875 0.0859375 0.0849609375
0 0.283203125 0.5703125 0.09765625 0.09765625
0 0.3955078125 0.56640625 0.09765625 0.09765625
0 0.49267578125 0.5625 0.1103515625 0.109375
0 0.57958984375 0.560546875 0.0986328125 0.09765625
0 0.56689453125 0.6640625 0.0986328125 0.09765625
0 0.46533203125 0.66015625 0.0986328125 0.09765625
0 0.34619140625 0.6650390625 0.0986328125 0.09765625
0 0.30029296875 0.75048828125 0.1103515625 0.1103515625
0 0.40380859375 0.755859375 0.0986328125 0.09765625
0 0.51708984375 0.75146484375 0.1103515625 0.1103515625
0 0.564453125 0.8515625 0.0859375 0.0859375
0 0.44189453125 0.84912109375 0.0869140625 0.0849609375
0 0.3544921875 0.85302734375 0.0859375 0.0849609375
0 0.29443359375 0.9443359375 0.1103515625 0.109375
0 0.513671875 0.9443359375 0.0859375 0.0859375