0 0.86962890625 0.11083984375 0.0732421875 0.0732421875
0 0.9423828125 0.20361328125 0.07421875 0.0732421875
0 0.76806640625 0.11328125 0.0986328125 0.09765625
0 0.7119140625 0.2001953125 0.09765625 0.09765625
0 0.8203125 0.208984375 0.0859375 0.0859375
0 0.71142578125 0.38671875 0.0986328125 0.09765625
0 0.826171875 0.3935546875 0.0859375 0.0859375
0 0.931640625 0.39111328125 0.0859375 0.0849609375
0 0.677734375 0.482421875 0.09765625 0.09765625
0 0.76904296875 0.4775390625 0.0986328125 0.09765625
0 0.873046875 0.4921875 0.09765625 0.09765625
0 0.724609375 0.57568359375 0.111328125 0.1103515625
0 0.849609375 0.57177734375 0.123046875 0.1220703125
0 0.955078125 0.57861328125 0.0859375 0.0849609375
0 0.67333984375 0.67138671875 0.1103515625 0.1103515625
0 0.78271484375 0.66748046875 0.1103515625 0.1103515625
0 0.89501953125 0.669921875 0.0986328125 0.09765625
0 0.73974609375 0.765625 0.1103515625 0.109375
0 0.83642578125 0.75830078125 0.1103515625 0.1103515625
0 0.6787109375 0.8564453125 0.0859375 0.0859375
0 0.78955078125 0.861328125 0.1103515625 0.109375
0 0.89599609375 0.85888671875 0.1103515625 0.1103515625
0 0.72802734375 0.95458984375 0.0869140625 0.0849609375
0 0.83203125 0.9482421875 0.09765625 0.09765625
0 0.1630859375 0.2001953125 0.0859375 0.0859375
0 0.2626953125 0.20703125 0.0859375 0.0859375
0 0.39453125 0.20068359375 0.0859375 0.0849609375
0 0.4111328125 0.09326171875 0.0859375 0.0849609375
0 0.328125 0.09716796875 0.0859375 0.0849609375
0 0.2119140625 0.107421875 0.0859375 0.0859375
0 0.09765625 0.10595703125 0.0859375 0.0849609375
0 0.66748046875 0.10791015625 0.1103515625 0.1103515625
0 0.599609375 0.2021484375 0.09765625 0.09765625
0 0.10791015625 0.291015625 0.0986328125 0.09765625
0 0.216796875 0.29345703125 0.0859375 0.0849609375
0 0.33447265625 0.294921875 0.0986328125 0.09765625
0 0.44775390625 0.2939453125 0.0986328125 0.09765625
0 0.0517578125 0.3828125 0.09765625 0.09765625
0 0.162109375 0.38232421875 0.0859375 0.0849609375
0 0.27978515625 0.3828125 0.0986328125 0.09765625
0 0.392578125 0.38671875 0.0859375 0.0859375
0 0.501953125 0.3896484375 0.09765625 0.09765625
0 0.6005859375 0.39453125 0.0859375 0.0859375
0 0.12353515625 0.48046875 0.0986328125 0.09765625
0 0.23681640625 0.48046875 0.0986328125 0.09765625
0 0.349609375 0.478515625 0.09765625 0.09765625
0 0.447265625 0.478515625 0.111328125 0.109375
0 0.55908203125 0.48388671875 0.1103515625 0.1103515625
0 0.06640625 0.57470703125 0.0859375 0.0849609375
0 0.1806640625 0.57763671875 0.0859375 0.0849609375
0 0.294921875 0.5751953125 0.09765625 0.09765625
0 0.4189453125 0.57763671875 0.0859375 0.0849609375
0 0.521484375 0.57275390625 0.0859375 0.0849609375
0 0.56689453125 0.6669921875 0.0986328125 0.09765625
0 0.4599609375 0.67236328125 0.111328125 0.1103515625
0 0.349609375 0.666015625 0.09765625 0.09765625
0 0.23388671875 0.66015625 0.1103515625 0.109375
0 0.12841796875 0.6611328125 0.0986328125 0.09765625
0 0.072265625 0.7646484375 0.09765625 0.09765625
0 0.189453125 0.7548828125 0.111328125 0.109375
0 0.28564453125 0.759765625 0.0986328125 0.09765625
0 0.40673828125 0.75341796875 0.1103515625 0.1103515625
0 0.50927734375 0.7587890625 0.1103515625 0.109375
0 0.56103515625 0.85205078125 0.1103515625 0.1103515625
0 0.625 0.7587890625 0.0859375 0.0859375
0 0.4677734375 0.8466796875 0.111328125 0.109375
0 0.34423828125 0.859375 0.1103515625 0.109375
0 0.23193359375 0.859375 0.1103515625 0.109375
0 0.12158203125 0.85546875 0.1103515625 0.109375
0 0.17236328125 0.9443359375 0.0986328125 0.09765625
0 0.05517578125 0.9482421875 0.0869140625 0.0859375
0 0.38671875 0.951171875 0.0859375 0.0859375
0 0.5068359375 0.9462890625 0.0859375 0.0859375
0 0.287109375 0.94873046875 0.0859375 0.0849609375
0 0.61328125 0.94775390625 0.0859375 0.0849609375
0 0.63232421875 0.56884765625 0.1103515625 0.1103515625