0 0.810546875 0.33251953125 0.09765625 0.0986328125
0 0.904296875 0.38916015625 0.109375 0.1103515625
0 0.712890625 0.06201171875 0.09765625 0.0986328125
0 0.0595703125 0.11376953125 0.109375 0.1103515625
0 0.0615234375 0.21337890625 0.109375 0.1103515625
0 0.0517578125 0.32568359375 0.09765625 0.0986328125
0 0.05712890625 0.43798828125 0.1103515625 0.1103515625
0 0.14013671875 0.05712890625 0.1103515625 0.1103515625
0 0.1484375 0.17333984375 0.109375 0.1103515625
0 0.1494140625 0.28173828125 0.109375 0.1103515625
0 0.1494140625 0.38427734375 0.09765625 0.0986328125
0 0.154296875 0.50048828125 0.109375 0.1103515625
0 0.24072265625 0.11767578125 0.1103515625 0.1103515625
0 0.24462890625 0.22216796875 0.1103515625 0.1103515625
0 0.24169921875 0.33349609375 0.1103515625 0.1103515625
0 0.240234375 0.44482421875 0.109375 0.1103515625
0 0.2412109375 0.55419921875 0.109375 0.1103515625
0 0.3369140625 0.1640625 0.109375 0.111328125
0 0.3349609375 0.27392578125 0.09765625 0.0986328125
0 0.34228515625 0.38623046875 0.1103515625 0.1103515625
0 0.33447265625 0.49365234375 0.1103515625 0.1103515625
0 0.4296875 0.1171875 0.109375 0.111328125
0 0.4267578125 0.22265625 0.109375 0.111328125
0 0.4287109375 0.3291015625 0.09765625 0.09765625
0 0.427734375 0.43798828125 0.109375 0.1103515625
0 0.427734375 0.55810546875 0.09765625 0.0986328125
0 0.525390625 0.06591796875 0.09765625 0.0986328125
0 0.52001953125 0.1640625 0.1103515625 0.111328125
0 0.5244140625 0.2744140625 0.109375 0.111328125
0 0.521484375 0.38671875 0.109375 0.111328125
0 0.5234375 0.50146484375 0.109375 0.1103515625
0 0.62158203125 0.333984375 0.1103515625 0.111328125
0 0.62353515625 0.4169921875 0.0732421875 0.07421875
0 0.61328125 0.556640625 0.09765625 0.09765625
0 0.712890625 0.16845703125 0.109375 0.1103515625
0 0.712890625 0.3837890625 0.09765625 0.09765625
0 0.7099609375 0.4931640625 0.09765625 0.09765625
0 0.80224609375 0.11865234375 0.1103515625 0.1103515625
0 0.806640625 0.22021484375 0.109375 0.1103515625
0 0.8115234375 0.44580078125 0.109375 0.1103515625
0 0.80908203125 0.5498046875 0.1103515625 0.111328125
0 0.89794921875 0.05859375 0.0849609375 0.0859375
0 0.93212890625 0.09765625 0.0849609375 0.0859375
0 0.90185546875 0.17919921875 0.1103515625 0.1103515625
0 0.90234375 0.49462890625 0.09765625 0.0986328125
0 0.904296875 0.60546875 0.09765625 0.09765625
0 0.9033203125 0.720703125 0.0859375 0.0859375
0 0.90380859375 0.82568359375 0.0615234375 0.0615234375
0 0.904296875 0.93994140625 0.09765625 0.0986328125
0 0.8076171875 0.6640625 0.09765625 0.09765625
0 0.80712890625 0.771484375 0.0849609375 0.0859375
0 0.80810546875 0.89111328125 0.1103515625 0.1103515625
0 0.70947265625 0.587890625 0.1103515625 0.111328125
0 0.7197265625 0.70849609375 0.09765625 0.0986328125
0 0.7099609375 0.82861328125 0.060546875 0.0615234375
0 0.7119140625 0.92724609375 0.109375 0.1103515625
0 0.6201171875 0.65869140625 0.09765625 0.0986328125
0 0.6240234375 0.77490234375 0.09765625 0.0986328125
0 0.6162109375 0.88037109375 0.09765625 0.0986328125
0 0.5224609375 0.60498046875 0.09765625 0.0986328125
0 0.5234375 0.71435546875 0.09765625 0.0986328125
0 0.52392578125 0.83056640625 0.0732421875 0.0732421875
0 0.525390625 0.93505859375 0.09765625 0.0986328125
0 0.43310546875 0.66455078125 0.1103515625 0.1103515625
0 0.42578125 0.76220703125 0.09765625 0.0986328125
0 0.4228515625 0.89208984375 0.09765625 0.0986328125
0 0.33642578125 0.61181640625 0.1103515625 0.1103515625
0 0.337890625 0.72021484375 0.109375 0.1103515625
0 0.337890625 0.83740234375 0.09765625 0.0986328125
0 0.337890625 0.93798828125 0.09765625 0.0986328125
0 0.2431640625 0.66162109375 0.109375 0.1103515625
0 0.2392578125 0.77099609375 0.109375 0.1103515625
0 0.2412109375 0.88037109375 0.109375 0.1103515625
0 0.15185546875 0.61083984375 0.1103515625 0.1103515625
0 0.14306640625 0.70751953125 0.1103515625 0.1103515625
0 0.146484375 0.8193359375 0.09765625 0.09765625
0 0.14794921875 0.9296875 0.1103515625 0.111328125
0 0.05615234375 0.77734375 0.1103515625 0.111328125