0 0.86669921875 0.37158203125 0.0732421875 0.0732421875
0 0.376953125 0.29150390625 0.0859375 0.0849609375
0 0.48046875 0.29736328125 0.0859375 0.0849609375
0 0.4365234375 0.20849609375 0.0859375 0.0849609375
0 0.47998046875 0.10009765625 0.0732421875 0.0732421875
0 0.60498046875 0.10205078125 0.0732421875 0.0732421875
0 0.7021484375 0.09423828125 0.07421875 0.0732421875
0 0.76513671875 0.9482421875 0.0615234375 0.060546875
0 0.96337890625 0.580078125 0.0615234375 0.060546875
0 0.9208984375 0.84619140625 0.07421875 0.0732421875
0 0.35595703125 0.84228515625 0.0732421875 0.0732421875
0 0.1474609375 0.67822265625 0.07421875 0.0732421875
0 0.8193359375 0.08935546875 0.07421875 0.0732421875
0 0.8603515625 0.20556640625 0.111328125 0.1103515625
0 0.755859375 0.21142578125 0.111328125 0.1103515625
0 0.650390625 0.20654296875 0.07421875 0.0732421875
0 0.5390625 0.20458984375 0.07421875 0.0732421875
0 0.92724609375 0.2958984375 0.0986328125 0.09765625
0 0.810546875 0.2958984375 0.09765625 0.09765625
0 0.6962890625 0.29638671875 0.07421875 0.0732421875
0 0.5947265625 0.29150390625 0.07421875 0.0732421875
0 0.76171875 0.39599609375 0.07421875 0.0732421875
0 0.6474609375 0.390625 0.09765625 0.09765625
0 0.5361328125 0.3935546875 0.09765625 0.09765625
0 0.92822265625 0.48193359375 0.0869140625 0.0849609375
0 0.81494140625 0.48583984375 0.1103515625 0.1103515625
0 0.69873046875 0.49072265625 0.1103515625 0.1103515625
0 0.59228515625 0.48486328125 0.1103515625 0.1103515625
0 0.4765625 0.484375 0.111328125 0.109375
0 0.87158203125 0.58740234375 0.1220703125 0.1220703125
0 0.75634765625 0.58984375 0.0986328125 0.09765625
0 0.64404296875 0.580078125 0.0986328125 0.09765625
0 0.52587890625 0.580078125 0.0986328125 0.09765625
0 0.9150390625 0.6708984375 0.0859375 0.0859375
0 0.80908203125 0.67578125 0.0986328125 0.09765625
0 0.69580078125 0.66796875 0.0986328125 0.09765625
0 0.587890625 0.671875 0.0859375 0.0859375
0 0.47802734375 0.681640625 0.0986328125 0.09765625
0 0.41796875 0.5830078125 0.09765625 0.09765625
0 0.8623046875 0.75927734375 0.0859375 0.0849609375
0 0.740234375 0.76123046875 0.0859375 0.0849609375
0 0.64111328125 0.765625 0.0869140625 0.0859375
0 0.5322265625 0.765625 0.0859375 0.0859375
0 0.4150390625 0.7646484375 0.0859375 0.0859375
0 0.796875 0.84716796875 0.0859375 0.0849609375
0 0.6865234375 0.84521484375 0.0859375 0.0849609375
0 0.5869140625 0.84521484375 0.0859375 0.0849609375
0 0.4716796875 0.83935546875 0.0859375 0.0849609375
0 0.859375 0.9521484375 0.048828125 0.048828125
0 0.654296875 0.9443359375 0.0859375 0.0859375
0 0.5380859375 0.94384765625 0.0859375 0.0849609375
0 0.44873046875 0.9384765625 0.0498046875 0.048828125
0 0.09619140625 0.9404296875 0.0498046875 0.048828125
0 0.0537109375 0.86279296875 0.07421875 0.0732421875
0 0.27197265625 0.8349609375 0.0498046875 0.048828125
0 0.3125 0.7626953125 0.0859375 0.0859375
0 0.20556640625 0.7529296875 0.0986328125 0.09765625
0 0.083984375 0.75830078125 0.0859375 0.0849609375
0 0.35986328125 0.6767578125 0.0986328125 0.09765625
0 0.248046875 0.67431640625 0.0859375 0.0849609375
0 0.0400390625 0.67333984375 0.07421875 0.0732421875
0 0.31201171875 0.58203125 0.1103515625 0.109375
0 0.201171875 0.580078125 0.09765625 0.09765625
0 0.087890625 0.5771484375 0.111328125 0.109375
0 0.3681640625 0.4814453125 0.09765625 0.09765625
0 0.2529296875 0.4873046875 0.111328125 0.109375
0 0.14453125 0.48583984375 0.111328125 0.1103515625
0 0.419921875 0.3896484375 0.111328125 0.109375
0 0.3095703125 0.38818359375 0.111328125 0.1103515625
0 0.20068359375 0.38720703125 0.1103515625 0.1103515625
0 0.08837890625 0.38525390625 0.1103515625 0.1103515625
0 0.2763671875 0.29541015625 0.0859375 0.0849609375
0 0.1591796875 0.29052734375 0.0859375 0.0849609375
0 0.31005859375 0.19970703125 0.0732421875 0.0732421875
0 0.20458984375 0.19921875 0.1103515625 0.109375
0 0.09033203125 0.201171875 0.1103515625 0.109375
0 0.3662109375 0.107421875 0.0859375 0.0859375
0 0.25048828125 0.1025390625 0.1103515625 0.109375
0 0.14599609375 0.10400390625 0.1103515625 0.1103515625