0 0.69775390625 0.80712890625 0.0732421875 0.0732421875
0 0.52880859375 0.90576171875 0.0615234375 0.0615234375
0 0.57470703125 0.81103515625 0.0615234375 0.0615234375
0 0.5361328125 0.7177734375 0.060546875 0.060546875
0 0.642578125 0.900390625 0.0859375 0.0859375
0 0.7529296875 0.9033203125 0.0859375 0.0859375
0 0.86181640625 0.90087890625 0.0732421875 0.0732421875
0 0.8173828125 0.8037109375 0.0859375 0.0859375
0 0.91748046875 0.806640625 0.0869140625 0.0859375
0 0.6396484375 0.708984375 0.09765625 0.09765625
0 0.748046875 0.71044921875 0.0859375 0.0849609375
0 0.861328125 0.71142578125 0.0859375 0.0849609375
0 0.58203125 0.61767578125 0.07421875 0.0732421875
0 0.6357421875 0.5244140625 0.0859375 0.0859375
0 0.748046875 0.51904296875 0.07421875 0.0732421875
0 0.6923828125 0.6123046875 0.09765625 0.09765625
0 0.8037109375 0.6123046875 0.09765625 0.09765625
0 0.91748046875 0.61572265625 0.0615234375 0.0615234375
0 0.8603515625 0.5224609375 0.0859375 0.0859375