0 0.61474609375 0.34912109375 0.0732421875 0.0732421875
0 0.7607421875 0.25927734375 0.07421875 0.0732421875
0 0.65576171875 0.25830078125 0.0732421875 0.0732421875
0 0.69873046875 0.16259765625 0.0732421875 0.0732421875
0 0.677734375 0.44287109375 0.0859375 0.0849609375
0 0.7099609375 0.34716796875 0.07421875 0.0732421875
0 0.826171875 0.34228515625 0.07421875 0.0732421875
0 0.8037109375 0.1591796875 0.0859375 0.0859375
0 0.880859375 0.25537109375 0.07421875 0.0732421875
0 0.88037109375 0.07275390625 0.0732421875 0.0732421875
0 0.052734375 0.0634765625 0.0859375 0.0859375
0 0.05712890625 0.25 0.0986328125 0.09765625
0 0.11083984375 0.34765625 0.0986328125 0.09765625
0 0.060546875 0.44140625 0.0859375 0.0859375
0 0.1181640625 0.53369140625 0.0859375 0.0849609375
0 0.0517578125 0.6328125 0.09765625 0.09765625
0 0.1171875 0.728515625 0.0859375 0.0859375
0 0.0654296875 0.828125 0.09765625 0.09765625
0 0.119140625 0.92333984375 0.0859375 0.0849609375
0 0.22509765625 0.919921875 0.0986328125 0.09765625
0 0.34033203125 0.92919921875 0.0615234375 0.0615234375
0 0.17138671875 0.828125 0.0986328125 0.09765625
0 0.27880859375 0.8232421875 0.0986328125 0.09765625
0 0.228515625 0.7197265625 0.09765625 0.09765625
0 0.1669921875 0.62841796875 0.0859375 0.0849609375
0 0.2783203125 0.6298828125 0.09765625 0.09765625
0 0.2255859375 0.5302734375 0.09765625 0.09765625
0 0.3203125 0.53662109375 0.0859375 0.0849609375
0 0.1708984375 0.44140625 0.0859375 0.0859375
0 0.2744140625 0.439453125 0.0859375 0.0859375
0 0.2158203125 0.345703125 0.0859375 0.0859375
0 0.3232421875 0.3486328125 0.0859375 0.0859375
0 0.1640625 0.24462890625 0.0859375 0.0849609375
0 0.26513671875 0.2529296875 0.0986328125 0.09765625
0 0.11669921875 0.1533203125 0.0986328125 0.09765625
0 0.21826171875 0.1552734375 0.0986328125 0.09765625
0 0.1611328125 0.0634765625 0.0859375 0.0859375
0 0.27099609375 0.05859375 0.0986328125 0.09765625
0 0.51806640625 0.93017578125 0.0732421875 0.0732421875
0 0.63037109375 0.92578125 0.1103515625 0.109375
0 0.73974609375 0.9248046875 0.1103515625 0.109375
0 0.84765625 0.9248046875 0.0859375 0.0859375
0 0.5703125 0.81982421875 0.123046875 0.1220703125
0 0.6787109375 0.83154296875 0.123046875 0.1220703125
0 0.79931640625 0.82421875 0.0986328125 0.09765625
0 0.89794921875 0.8232421875 0.0986328125 0.09765625
0 0.515625 0.72607421875 0.07421875 0.0732421875
0 0.6279296875 0.720703125 0.09765625 0.09765625
0 0.7412109375 0.71435546875 0.123046875 0.1220703125
0 0.85400390625 0.71875 0.0986328125 0.09765625
0 0.5712890625 0.62548828125 0.123046875 0.1220703125
0 0.69140625 0.62939453125 0.123046875 0.1220703125
0 0.7998046875 0.62744140625 0.0859375 0.0849609375
0 0.92041015625 0.6298828125 0.0986328125 0.09765625
0 0.5224609375 0.53515625 0.09765625 0.09765625
0 0.6357421875 0.53125 0.09765625 0.09765625
0 0.740234375 0.53125 0.09765625 0.09765625
0 0.8544921875 0.529296875 0.09765625 0.09765625
0 0.57421875 0.44482421875 0.07421875 0.0732421875
0 0.7958984375 0.4375 0.0859375 0.0859375
0 0.9091796875 0.4404296875 0.09765625 0.09765625
0 0.51708984375 0.3505859375 0.0615234375 0.060546875
0 0.54931640625 0.2626953125 0.0615234375 0.060546875
0 0.50146484375 0.17431640625 0.0615234375 0.0615234375
0 0.58837890625 0.17333984375 0.0615234375 0.0615234375
0 0.9404296875 0.1552734375 0.0859375 0.0859375
0 0.56884765625 0.068359375 0.0498046875 0.048828125
0 0.67236328125 0.0693359375 0.0498046875 0.048828125
0 0.78173828125 0.06591796875 0.0732421875 0.0732421875