0 0.94091796875 0.888671875 0.0849609375 0.0859375
0 0.94384765625 0.77783203125 0.0849609375 0.0869140625
0 0.9404296875 0.67724609375 0.09765625 0.0986328125
0 0.833984375 0.94775390625 0.09765625 0.0986328125
0 0.830078125 0.84033203125 0.109375 0.1103515625
0 0.82958984375 0.72216796875 0.1103515625 0.1103515625
0 0.83447265625 0.60595703125 0.1103515625 0.1103515625
0 0.7392578125 0.89208984375 0.109375 0.1103515625
0 0.7392578125 0.78076171875 0.09765625 0.0986328125
0 0.7421875 0.66650390625 0.109375 0.1103515625
0 0.64453125 0.939453125 0.09765625 0.09765625
0 0.64453125 0.828125 0.09765625 0.09765625
0 0.64599609375 0.720703125 0.0849609375 0.0859375
0 0.6455078125 0.607421875 0.0859375 0.0859375
0 0.54541015625 0.8828125 0.1103515625 0.111328125
0 0.55322265625 0.7724609375 0.1103515625 0.111328125
0 0.54736328125 0.66650390625 0.1103515625 0.1103515625
0 0.4560546875 0.9404296875 0.0859375 0.0859375
0 0.4501953125 0.8388671875 0.109375 0.111328125
0 0.453125 0.7294921875 0.109375 0.111328125
0 0.45751953125 0.60595703125 0.1103515625 0.1103515625
0 0.3515625 0.88818359375 0.109375 0.1103515625
0 0.357421875 0.77783203125 0.109375 0.1103515625
0 0.3583984375 0.6630859375 0.109375 0.111328125
0 0.26123046875 0.94189453125 0.1103515625 0.1103515625
0 0.2666015625 0.83349609375 0.09765625 0.0986328125
0 0.26416015625 0.7236328125 0.0849609375 0.0859375
0 0.263671875 0.6103515625 0.09765625 0.09765625
0 0.1728515625 0.88623046875 0.09765625 0.0986328125
0 0.16748046875 0.77392578125 0.1103515625 0.1103515625
0 0.17529296875 0.66748046875 0.1103515625 0.1103515625
0 0.0751953125 0.93017578125 0.109375 0.1103515625
0 0.0751953125 0.82763671875 0.09765625 0.0986328125
0 0.0703125 0.71142578125 0.109375 0.1103515625
0 0.07275390625 0.60107421875 0.1103515625 0.1103515625
0 0.08154296875 0.50439453125 0.1103515625 0.1103515625
0 0.078125 0.392578125 0.09765625 0.09765625
0 0.07666015625 0.2822265625 0.1103515625 0.111328125
0 0.07666015625 0.16357421875 0.1103515625 0.1103515625
0 0.17041015625 0.55126953125 0.1103515625 0.1103515625
0 0.16845703125 0.4345703125 0.1103515625 0.111328125
0 0.177734375 0.3251953125 0.09765625 0.09765625
0 0.16796875 0.20751953125 0.109375 0.1103515625
0 0.2666015625 0.498046875 0.109375 0.111328125
0 0.267578125 0.37841796875 0.060546875 0.0615234375
0 0.271484375 0.27197265625 0.109375 0.1103515625
0 0.26953125 0.16162109375 0.109375 0.1103515625
0 0.361328125 0.5537109375 0.109375 0.111328125
0 0.3583984375 0.44384765625 0.109375 0.1103515625
0 0.36669921875 0.33544921875 0.1103515625 0.1103515625
0 0.36279296875 0.21533203125 0.1103515625 0.1103515625
0 0.45556640625 0.49755859375 0.1103515625 0.1103515625
0 0.45947265625 0.39794921875 0.0615234375 0.0615234375
0 0.45849609375 0.27685546875 0.1103515625 0.1103515625
0 0.458984375 0.16064453125 0.109375 0.1103515625
0 0.54931640625 0.54833984375 0.0615234375 0.0615234375
0 0.55419921875 0.43994140625 0.0615234375 0.0615234375
0 0.552734375 0.32958984375 0.109375 0.1103515625
0 0.5537109375 0.21044921875 0.109375 0.1103515625
0 0.642578125 0.49853515625 0.109375 0.1103515625
0 0.6484375 0.373046875 0.0859375 0.0859375
0 0.6484375 0.27294921875 0.109375 0.1103515625
0 0.646484375 0.16455078125 0.09765625 0.0986328125
0 0.740234375 0.55615234375 0.109375 0.1103515625
0 0.74365234375 0.44384765625 0.1103515625 0.1103515625
0 0.73974609375 0.33349609375 0.1103515625 0.1103515625
0 0.73876953125 0.22119140625 0.1103515625 0.1103515625
0 0.83642578125 0.50439453125 0.1103515625 0.1103515625
0 0.83447265625 0.38720703125 0.1103515625 0.1103515625
0 0.833984375 0.28759765625 0.109375 0.1103515625
0 0.8388671875 0.1728515625 0.109375 0.111328125
0 0.73583984375 0.1142578125 0.1103515625 0.111328125
0 0.9345703125 0.57080078125 0.09765625 0.0986328125
0 0.92578125 0.45166015625 0.109375 0.1103515625
0 0.9267578125 0.337890625 0.109375 0.111328125
0 0.9306640625 0.2197265625 0.109375 0.111328125
0 0.935546875 0.10791015625 0.109375 0.1103515625
0 0.84814453125 0.0634765625 0.1103515625 0.111328125
0 0.6435546875 0.0625 0.09765625 0.09765625
0 0.548828125 0.11083984375 0.09765625 0.0986328125
0 0.36767578125 0.10595703125 0.1103515625 0.1103515625
0 0.1689453125 0.11083984375 0.09765625 0.0986328125