0 0.93408203125 0.1728515625 0.1103515625 0.111328125
0 0.84375 0.125 0.09765625 0.09765625
0 0.845703125 0.22900390625 0.060546875 0.0615234375
0 0.7392578125 0.0576171875 0.09765625 0.09765625
0 0.7421875 0.17724609375 0.109375 0.1103515625
0 0.6474609375 0.12548828125 0.109375 0.1103515625
0 0.55126953125 0.05908203125 0.1103515625 0.1103515625
0 0.54833984375 0.16845703125 0.1103515625 0.1103515625
0 0.45263671875 0.11865234375 0.1103515625 0.1103515625
0 0.357421875 0.06103515625 0.109375 0.1103515625
0 0.3544921875 0.17138671875 0.09765625 0.0986328125
0 0.26953125 0.11083984375 0.09765625 0.0986328125
0 0.16845703125 0.06005859375 0.1103515625 0.1103515625
0 0.16650390625 0.16943359375 0.1103515625 0.1103515625
0 0.072265625 0.1162109375 0.09765625 0.09765625
0 0.072265625 0.2177734375 0.09765625 0.09765625
0 0.0751953125 0.34130859375 0.09765625 0.0986328125
0 0.06640625 0.451171875 0.0859375 0.0859375
0 0.068359375 0.55908203125 0.09765625 0.0986328125
0 0.068359375 0.671875 0.09765625 0.09765625
0 0.16748046875 0.27978515625 0.1103515625 0.1103515625
0 0.17333984375 0.39013671875 0.1103515625 0.1103515625
0 0.17333984375 0.50146484375 0.1103515625 0.1103515625
0 0.173828125 0.62060546875 0.109375 0.1103515625
0 0.2568359375 0.22705078125 0.109375 0.1103515625
0 0.259765625 0.34033203125 0.109375 0.1103515625
0 0.26123046875 0.44384765625 0.1103515625 0.1103515625
0 0.26318359375 0.56689453125 0.1103515625 0.1103515625
0 0.26611328125 0.67431640625 0.1103515625 0.1103515625
0 0.3564453125 0.28564453125 0.109375 0.1103515625
0 0.3623046875 0.39501953125 0.109375 0.1103515625
0 0.3564453125 0.50439453125 0.109375 0.1103515625
0 0.3515625 0.61474609375 0.109375 0.1103515625
0 0.44677734375 0.228515625 0.1103515625 0.111328125
0 0.451171875 0.345703125 0.09765625 0.09765625
0 0.453125 0.44873046875 0.109375 0.1103515625
0 0.4560546875 0.56298828125 0.09765625 0.0986328125
0 0.4501953125 0.67333984375 0.109375 0.1103515625
0 0.54931640625 0.28515625 0.1103515625 0.111328125
0 0.54931640625 0.400390625 0.1103515625 0.111328125
0 0.54541015625 0.51025390625 0.1103515625 0.1103515625
0 0.55224609375 0.62548828125 0.1103515625 0.1103515625
0 0.6416015625 0.23193359375 0.109375 0.1103515625
0 0.6474609375 0.34765625 0.109375 0.111328125
0 0.64599609375 0.455078125 0.1103515625 0.111328125
0 0.64697265625 0.5673828125 0.1103515625 0.111328125
0 0.64306640625 0.68310546875 0.1103515625 0.1103515625
0 0.7412109375 0.28955078125 0.09765625 0.0986328125
0 0.7373046875 0.40380859375 0.109375 0.1103515625
0 0.7373046875 0.5087890625 0.109375 0.111328125
0 0.736328125 0.623046875 0.109375 0.111328125
0 0.83447265625 0.33544921875 0.1103515625 0.1103515625
0 0.83154296875 0.45458984375 0.1103515625 0.1103515625
0 0.833984375 0.5654296875 0.09765625 0.09765625
0 0.8369140625 0.6826171875 0.109375 0.111328125
0 0.92822265625 0.29345703125 0.1103515625 0.1103515625
0 0.93212890625 0.39501953125 0.1103515625 0.1103515625
0 0.93212890625 0.51513671875 0.1103515625 0.1103515625
0 0.92724609375 0.62451171875 0.1103515625 0.1103515625
0 0.9306640625 0.734375 0.09765625 0.09765625
0 0.7314453125 0.72900390625 0.109375 0.1103515625
0 0.9287109375 0.8466796875 0.109375 0.111328125
0 0.83203125 0.90380859375 0.109375 0.1103515625
0 0.73583984375 0.84619140625 0.1103515625 0.1103515625
0 0.64013671875 0.89892578125 0.1103515625 0.1103515625
0 0.5439453125 0.84521484375 0.0859375 0.0869140625
0 0.447265625 0.89404296875 0.109375 0.1103515625
0 0.3515625 0.83154296875 0.09765625 0.0986328125
0 0.35009765625 0.9462890625 0.0849609375 0.0859375
0 0.833984375 0.79150390625 0.109375 0.1103515625
0 0.64208984375 0.7890625 0.0849609375 0.0859375
0 0.544921875 0.72607421875 0.109375 0.1103515625
0 0.451171875 0.78369140625 0.109375 0.1103515625
0 0.35595703125 0.72607421875 0.1103515625 0.1103515625
0 0.2646484375 0.78369140625 0.09765625 0.0986328125
0 0.263671875 0.892578125 0.09765625 0.09765625
0 0.16796875 0.7255859375 0.0859375 0.0859375
0 0.076171875 0.77001953125 0.09765625 0.0986328125
0 0.07763671875 0.888671875 0.0849609375 0.0859375
0 0.17578125 0.82861328125 0.09765625 0.0986328125