0 0.9423828125 0.263671875 0.09765625 0.09765625
0 0.9365234375 0.36767578125 0.09765625 0.0986328125
0 0.9384765625 0.47705078125 0.09765625 0.0986328125
0 0.94140625 0.58251953125 0.109375 0.1103515625
0 0.93603515625 0.70068359375 0.1103515625 0.1103515625
0 0.93701171875 0.8046875 0.1103515625 0.111328125
0 0.9423828125 0.91943359375 0.09765625 0.0986328125
0 0.84716796875 0.31591796875 0.1103515625 0.1103515625
0 0.8466796875 0.42333984375 0.09765625 0.0986328125
0 0.8388671875 0.5341796875 0.09765625 0.09765625
0 0.845703125 0.64599609375 0.0859375 0.0869140625
0 0.841796875 0.75537109375 0.09765625 0.0986328125
0 0.84130859375 0.86083984375 0.1103515625 0.1103515625
0 0.75146484375 0.25927734375 0.1103515625 0.1103515625
0 0.75390625 0.3623046875 0.109375 0.111328125
0 0.75 0.47705078125 0.09765625 0.0986328125
0 0.74853515625 0.59375 0.1103515625 0.111328125
0 0.751953125 0.703125 0.09765625 0.09765625
0 0.75341796875 0.82275390625 0.1103515625 0.1103515625
0 0.7548828125 0.91748046875 0.109375 0.1103515625
0 0.6572265625 0.43505859375 0.109375 0.1103515625
0 0.654296875 0.5234375 0.09765625 0.09765625
0 0.65966796875 0.609375 0.1103515625 0.111328125
0 0.66455078125 0.72412109375 0.1103515625 0.1103515625
0 0.646484375 0.85400390625 0.109375 0.1103515625
0 0.55322265625 0.9189453125 0.1103515625 0.111328125
0 0.5595703125 0.8056640625 0.109375 0.111328125
0 0.5654296875 0.70654296875 0.09765625 0.0986328125
0 0.57861328125 0.2451171875 0.1103515625 0.111328125
0 0.5703125 0.34521484375 0.109375 0.1103515625
0 0.5703125 0.48974609375 0.109375 0.1103515625
0 0.56640625 0.57958984375 0.09765625 0.0986328125
0 0.4609375 0.30322265625 0.109375 0.1103515625
0 0.4697265625 0.53125 0.09765625 0.09765625
0 0.470703125 0.6376953125 0.09765625 0.09765625
0 0.470703125 0.7509765625 0.09765625 0.09765625
0 0.466796875 0.8642578125 0.09765625 0.09765625
0 0.3720703125 0.26025390625 0.09765625 0.0986328125
0 0.306640625 0.49462890625 0.048828125 0.0498046875
0 0.37158203125 0.35400390625 0.1103515625 0.1103515625
0 0.375 0.7119140625 0.09765625 0.09765625
0 0.37255859375 0.80126953125 0.1103515625 0.1103515625
0 0.3720703125 0.92236328125 0.09765625 0.0986328125
0 0.279296875 0.845703125 0.0859375 0.0859375
0 0.279296875 0.74658203125 0.109375 0.1103515625
0 0.19140625 0.68310546875 0.09765625 0.0986328125
0 0.2041015625 0.82763671875 0.109375 0.1103515625
0 0.19140625 0.92333984375 0.109375 0.1103515625
0 0.091796875 0.85888671875 0.109375 0.1103515625
0 0.09326171875 0.7607421875 0.0849609375 0.0859375
0 0.09765625 0.294921875 0.0859375 0.0859375
0 0.099609375 0.3916015625 0.09765625 0.09765625
0 0.0908203125 0.638671875 0.09765625 0.09765625
0 0.943359375 0.15771484375 0.109375 0.1103515625
0 0.8359375 0.20068359375 0.109375 0.1103515625
0 0.751953125 0.1396484375 0.109375 0.111328125
0 0.56982421875 0.15234375 0.1103515625 0.111328125
0 0.46875 0.1953125 0.109375 0.111328125
0 0.47021484375 0.08984375 0.1103515625 0.111328125
0 0.1923828125 0.2314453125 0.0859375 0.0859375
0 0.09521484375 0.18798828125 0.1103515625 0.1103515625
0 0.099609375 0.0830078125 0.09765625 0.09765625
0 0.18994140625 0.1416015625 0.0849609375 0.0859375
0 0.390625 0.14306640625 0.09765625 0.0986328125