0 0.89208984375 0.59619140625 0.1103515625 0.1103515625
0 0.890625 0.7109375 0.109375 0.111328125
0 0.8916015625 0.81787109375 0.09765625 0.0986328125
0 0.8876953125 0.9267578125 0.09765625 0.09765625
0 0.80419921875 0.65234375 0.0849609375 0.0859375
0 0.798828125 0.76123046875 0.09765625 0.0986328125
0 0.791015625 0.87841796875 0.09765625 0.0986328125
0 0.70849609375 0.5986328125 0.0849609375 0.0859375
0 0.7021484375 0.7119140625 0.09765625 0.09765625
0 0.69921875 0.81494140625 0.09765625 0.0986328125
0 0.6962890625 0.92822265625 0.09765625 0.0986328125
0 0.6103515625 0.8642578125 0.09765625 0.09765625
0 0.60107421875 0.75732421875 0.1103515625 0.1103515625
0 0.60498046875 0.64794921875 0.1103515625 0.1103515625
0 0.5078125 0.6025390625 0.09765625 0.09765625
0 0.501953125 0.70654296875 0.09765625 0.0986328125
0 0.50390625 0.81591796875 0.09765625 0.0986328125
0 0.5068359375 0.92138671875 0.109375 0.1103515625
0 0.41259765625 0.65478515625 0.1103515625 0.1103515625
0 0.412109375 0.76220703125 0.09765625 0.0986328125
0 0.404296875 0.873046875 0.09765625 0.09765625
0 0.31689453125 0.59814453125 0.1103515625 0.1103515625
0 0.3193359375 0.701171875 0.109375 0.111328125
0 0.3154296875 0.81591796875 0.09765625 0.0986328125
0 0.31396484375 0.9326171875 0.1103515625 0.111328125
0 0.22265625 0.77392578125 0.109375 0.1103515625
0 0.2197265625 0.8623046875 0.09765625 0.09765625
0 0.14404296875 0.583984375 0.1103515625 0.111328125
0 0.1357421875 0.68408203125 0.109375 0.1103515625
0 0.1357421875 0.82861328125 0.109375 0.1103515625
0 0.1318359375 0.91845703125 0.09765625 0.0986328125
0 0.90576171875 0.13037109375 0.1103515625 0.1103515625
0 0.80224609375 0.07861328125 0.1103515625 0.1103515625
0 0.89501953125 0.49462890625 0.1103515625 0.1103515625
0 0.900390625 0.38037109375 0.109375 0.1103515625
0 0.8935546875 0.30615234375 0.09765625 0.0986328125
0 0.80224609375 0.34130859375 0.1103515625 0.1103515625
0 0.8037109375 0.43701171875 0.09765625 0.0986328125
0 0.8046875 0.52685546875 0.109375 0.1103515625
0 0.701171875 0.49072265625 0.109375 0.1103515625
0 0.60400390625 0.53857421875 0.1103515625 0.1103515625
0 0.5087890625 0.49658203125 0.109375 0.1103515625
0 0.4013671875 0.53955078125 0.109375 0.1103515625
0 0.4150390625 0.2080078125 0.09765625 0.09765625
0 0.60888671875 0.10791015625 0.0732421875 0.0732421875
0 0.51171875 0.16259765625 0.109375 0.1103515625
0 0.419921875 0.0986328125 0.109375 0.111328125
0 0.3203125 0.15185546875 0.109375 0.1103515625
0 0.3203125 0.279296875 0.09765625 0.09765625
0 0.3173828125 0.478515625 0.109375 0.111328125
0 0.2333984375 0.33251953125 0.09765625 0.0986328125
0 0.22998046875 0.220703125 0.1103515625 0.111328125
0 0.23095703125 0.09716796875 0.1103515625 0.1103515625
0 0.1494140625 0.13330078125 0.09765625 0.0986328125
0 0.1455078125 0.27294921875 0.109375 0.1103515625
0 0.1494140625 0.38427734375 0.109375 0.1103515625
0 0.13525390625 0.4912109375 0.1103515625 0.111328125