0 0.3740234375 0.43212890625 0.109375 0.1103515625
0 0.55419921875 0.5322265625 0.0732421875 0.07421875
0 0.9462890625 0.10546875 0.037109375 0.037109375
0 0.94873046875 0.21142578125 0.0244140625 0.0244140625
0 0.94287109375 0.32470703125 0.0244140625 0.0244140625
0 0.85107421875 0.13330078125 0.0244140625 0.0244140625
0 0.85107421875 0.24365234375 0.0244140625 0.0244140625
0 0.84716796875 0.35888671875 0.0244140625 0.0244140625
0 0.84326171875 0.46826171875 0.0244140625 0.0244140625
0 0.84619140625 0.55029296875 0.0244140625 0.0244140625
0 0.94384765625 0.41162109375 0.0244140625 0.0244140625
0 0.93701171875 0.51904296875 0.0244140625 0.0244140625
0 0.560546875 0.09912109375 0.09765625 0.0986328125
0 0.564453125 0.20263671875 0.109375 0.1103515625
0 0.5556640625 0.3134765625 0.09765625 0.09765625
0 0.560546875 0.4248046875 0.09765625 0.09765625
0 0.462890625 0.154296875 0.0859375 0.0859375
0 0.4638671875 0.267578125 0.09765625 0.09765625
0 0.45947265625 0.37255859375 0.1103515625 0.1103515625
0 0.4599609375 0.48193359375 0.09765625 0.0986328125
0 0.37451171875 0.0908203125 0.1103515625 0.111328125
0 0.37255859375 0.2041015625 0.1103515625 0.111328125
0 0.3720703125 0.31640625 0.09765625 0.09765625
0 0.37646484375 0.53759765625 0.0732421875 0.0732421875
0 0.2744140625 0.146484375 0.109375 0.111328125
0 0.271484375 0.26806640625 0.109375 0.1103515625
0 0.2734375 0.37548828125 0.09765625 0.0986328125
0 0.27734375 0.47998046875 0.09765625 0.0986328125
0 0.1767578125 0.09423828125 0.109375 0.1103515625
0 0.181640625 0.20263671875 0.09765625 0.0986328125
0 0.1826171875 0.31298828125 0.09765625 0.0986328125
0 0.1826171875 0.41943359375 0.09765625 0.0986328125
0 0.18505859375 0.53173828125 0.0732421875 0.0732421875
0 0.07958984375 0.14453125 0.0849609375 0.0859375
0 0.083984375 0.24658203125 0.09765625 0.0986328125
0 0.0859375 0.36962890625 0.09765625 0.0986328125
0 0.0859375 0.47900390625 0.09765625 0.0986328125
0 0.0947265625 0.75146484375 0.09765625 0.0986328125
0 0.0888671875 0.86962890625 0.09765625 0.0986328125
0 0.19140625 0.70068359375 0.060546875 0.0615234375
0 0.18359375 0.80712890625 0.09765625 0.0986328125
0 0.18359375 0.91650390625 0.09765625 0.0986328125
0 0.28076171875 0.7548828125 0.0849609375 0.0859375
0 0.2763671875 0.86279296875 0.09765625 0.0986328125
0 0.373046875 0.70166015625 0.060546875 0.0615234375
0 0.3759765625 0.81103515625 0.09765625 0.0986328125
0 0.37109375 0.92333984375 0.09765625 0.0986328125
0 0.46484375 0.7578125 0.0859375 0.0859375
0 0.4658203125 0.86181640625 0.09765625 0.0986328125
0 0.56298828125 0.708984375 0.0361328125 0.037109375
0 0.5634765625 0.8076171875 0.09765625 0.09765625
0 0.5625 0.91650390625 0.109375 0.1103515625
0 0.65869140625 0.7666015625 0.0849609375 0.0859375
0 0.65625 0.8642578125 0.09765625 0.09765625
0 0.7587890625 0.71337890625 0.060546875 0.0615234375
0 0.7509765625 0.8115234375 0.0859375 0.0859375
0 0.75244140625 0.9228515625 0.1103515625 0.111328125
0 0.84765625 0.76171875 0.0859375 0.0859375
0 0.83984375 0.87158203125 0.09765625 0.0986328125
0 0.94482421875 0.72021484375 0.0615234375 0.0615234375
0 0.94140625 0.81396484375 0.09765625 0.0986328125