0 0.48828125 0.72314453125 0.109375 0.1103515625
0 0.66845703125 0.8232421875 0.0732421875 0.07421875
0 0.2021484375 0.1103515625 0.109375 0.111328125
0 0.2958984375 0.162109375 0.09765625 0.09765625
0 0.0966796875 0.15673828125 0.109375 0.1103515625
0 0.96533203125 0.42431640625 0.0244140625 0.0244140625
0 0.96533203125 0.53466796875 0.0244140625 0.0244140625
0 0.96142578125 0.64990234375 0.0244140625 0.0244140625
0 0.95751953125 0.75927734375 0.0244140625 0.0244140625
0 0.96044921875 0.84130859375 0.0244140625 0.0244140625
0 0.6748046875 0.39013671875 0.09765625 0.0986328125
0 0.6787109375 0.49365234375 0.109375 0.1103515625
0 0.669921875 0.6044921875 0.09765625 0.09765625
0 0.6748046875 0.7158203125 0.09765625 0.09765625
0 0.5771484375 0.4453125 0.0859375 0.0859375
0 0.578125 0.55859375 0.09765625 0.09765625
0 0.57373046875 0.66357421875 0.1103515625 0.1103515625
0 0.57421875 0.77294921875 0.09765625 0.0986328125
0 0.48876953125 0.3818359375 0.1103515625 0.111328125
0 0.48681640625 0.4951171875 0.1103515625 0.111328125
0 0.486328125 0.607421875 0.09765625 0.09765625
0 0.49072265625 0.82861328125 0.0732421875 0.0732421875
0 0.38916015625 0.333984375 0.1103515625 0.111328125
0 0.388671875 0.4375 0.109375 0.111328125
0 0.3857421875 0.55908203125 0.109375 0.1103515625
0 0.3876953125 0.66650390625 0.09765625 0.0986328125
0 0.3916015625 0.77099609375 0.09765625 0.0986328125
0 0.291015625 0.38525390625 0.109375 0.1103515625
0 0.2958984375 0.49365234375 0.09765625 0.0986328125
0 0.296875 0.60400390625 0.09765625 0.0986328125
0 0.296875 0.71044921875 0.09765625 0.0986328125
0 0.29931640625 0.82275390625 0.0732421875 0.0732421875
0 0.2939453125 0.2744140625 0.109375 0.111328125
0 0.197265625 0.33154296875 0.109375 0.1103515625
0 0.19384765625 0.435546875 0.0849609375 0.0859375
0 0.1982421875 0.53759765625 0.09765625 0.0986328125
0 0.2001953125 0.66064453125 0.09765625 0.0986328125
0 0.2001953125 0.77001953125 0.09765625 0.0986328125
0 0.10107421875 0.27392578125 0.1103515625 0.1103515625
0 0.10009765625 0.37646484375 0.1103515625 0.1103515625
0 0.1083984375 0.48876953125 0.09765625 0.0986328125
0 0.1025390625 0.59423828125 0.09765625 0.0986328125
0 0.103515625 0.71337890625 0.09765625 0.0986328125
0 0.10791015625 0.8154296875 0.0732421875 0.07421875
0 0.19921875 0.21923828125 0.109375 0.1103515625