0 0.13427734375 0.1484375 0.1103515625 0.111328125
0 0.22607421875 0.09912109375 0.1103515625 0.1103515625
0 0.228515625 0.19580078125 0.109375 0.1103515625
0 0.3203125 0.1591796875 0.109375 0.111328125
0 0.32421875 0.05224609375 0.09765625 0.0986328125
0 0.419921875 0.10986328125 0.09765625 0.0986328125
0 0.41455078125 0.21533203125 0.1103515625 0.1103515625
0 0.51416015625 0.15576171875 0.1103515625 0.1103515625
0 0.6005859375 0.21826171875 0.109375 0.1103515625
0 0.607421875 0.10986328125 0.109375 0.1103515625
0 0.70654296875 0.15966796875 0.1103515625 0.1103515625
0 0.70556640625 0.05810546875 0.1103515625 0.1103515625
0 0.80615234375 0.10205078125 0.1103515625 0.1103515625
0 0.802734375 0.21142578125 0.09765625 0.0986328125
0 0.896484375 0.16650390625 0.109375 0.1103515625
0 0.89013671875 0.05712890625 0.1103515625 0.1103515625
0 0.1181640625 0.92041015625 0.109375 0.1103515625
0 0.12060546875 0.8017578125 0.1103515625 0.111328125
0 0.1298828125 0.68603515625 0.109375 0.1103515625
0 0.1220703125 0.57666015625 0.109375 0.1103515625
0 0.1328125 0.46875 0.109375 0.111328125
0 0.22802734375 0.84521484375 0.1103515625 0.1103515625
0 0.2255859375 0.74072265625 0.109375 0.1103515625
0 0.2216796875 0.640625 0.09765625 0.09765625
0 0.220703125 0.52587890625 0.09765625 0.0986328125
0 0.2255859375 0.412109375 0.0859375 0.0859375
0 0.3154296875 0.90869140625 0.09765625 0.0986328125
0 0.3134765625 0.79443359375 0.09765625 0.0986328125
0 0.3173828125 0.68603515625 0.09765625 0.0986328125
0 0.31201171875 0.57958984375 0.0849609375 0.0869140625
0 0.3134765625 0.47314453125 0.109375 0.1103515625
0 0.41015625 0.86083984375 0.09765625 0.0986328125
0 0.4111328125 0.74462890625 0.09765625 0.0986328125
0 0.4140625 0.63818359375 0.09765625 0.0986328125
0 0.4091796875 0.5185546875 0.09765625 0.09765625
0 0.41455078125 0.412109375 0.0849609375 0.0859375
0 0.50830078125 0.9052734375 0.0849609375 0.0859375
0 0.50830078125 0.767578125 0.0849609375 0.0859375
0 0.51123046875 0.681640625 0.0849609375 0.0859375
0 0.509765625 0.57861328125 0.109375 0.1103515625
0 0.50341796875 0.4638671875 0.1220703125 0.123046875
0 0.6015625 0.8544921875 0.09765625 0.09765625
0 0.59375 0.73974609375 0.09765625 0.0986328125
0 0.60302734375 0.62939453125 0.1103515625 0.1103515625
0 0.60302734375 0.53076171875 0.1103515625 0.1103515625
0 0.60693359375 0.42626953125 0.1103515625 0.1103515625
0 0.6982421875 0.90283203125 0.09765625 0.0986328125
0 0.693359375 0.80517578125 0.09765625 0.0986328125
0 0.69580078125 0.6865234375 0.0849609375 0.0859375
0 0.697265625 0.57861328125 0.09765625 0.0986328125
0 0.6962890625 0.47705078125 0.109375 0.1103515625
0 0.79296875 0.85302734375 0.09765625 0.0986328125
0 0.796875 0.7373046875 0.0859375 0.0859375
0 0.7939453125 0.63232421875 0.09765625 0.0986328125
0 0.79296875 0.533203125 0.09765625 0.09765625
0 0.7998046875 0.43212890625 0.109375 0.1103515625
0 0.892578125 0.48291015625 0.109375 0.1103515625
0 0.89501953125 0.58544921875 0.1103515625 0.1103515625
0 0.892578125 0.697265625 0.109375 0.111328125
0 0.89208984375 0.80908203125 0.1103515625 0.1103515625
0 0.87890625 0.9169921875 0.09765625 0.09765625