0 0.12890625 0.75927734375 0.07421875 0.0732421875
0 0.7431640625 0.85791015625 0.07421875 0.0732421875
0 0.68212890625 0.951171875 0.0615234375 0.060546875
0 0.61328125 0.66259765625 0.07421875 0.0732421875
0 0.728515625 0.103515625 0.09765625 0.09765625
0 0.8310546875 0.1025390625 0.09765625 0.09765625
0 0.94140625 0.10205078125 0.0859375 0.0849609375
0 0.67919921875 0.18994140625 0.1103515625 0.1103515625
0 0.79345703125 0.1962890625 0.0986328125 0.09765625
0 0.90283203125 0.2001953125 0.0986328125 0.09765625
0 0.642578125 0.29443359375 0.0859375 0.0849609375
0 0.7490234375 0.29736328125 0.0859375 0.0849609375
0 0.845703125 0.29443359375 0.0859375 0.0849609375
0 0.90771484375 0.380859375 0.0986328125 0.09765625
0 0.7998046875 0.38525390625 0.0859375 0.0849609375
0 0.6875 0.38623046875 0.0859375 0.0849609375
0 0.62890625 0.48046875 0.0859375 0.0859375
0 0.7421875 0.4794921875 0.0859375 0.0859375
0 0.8515625 0.484375 0.09765625 0.09765625
0 0.90087890625 0.5751953125 0.1103515625 0.109375
0 0.796875 0.5712890625 0.111328125 0.109375
0 0.67431640625 0.5654296875 0.0986328125 0.09765625
0 0.7265625 0.66015625 0.0859375 0.0859375
0 0.83447265625 0.66796875 0.0869140625 0.0859375
0 0.900390625 0.76123046875 0.0859375 0.0849609375
0 0.7978515625 0.763671875 0.0859375 0.0859375
0 0.67431640625 0.7666015625 0.0986328125 0.09765625
0 0.6416015625 0.8505859375 0.09765625 0.09765625
0 0.8525390625 0.8564453125 0.09765625 0.09765625
0 0.8017578125 0.943359375 0.111328125 0.109375
0 0.5830078125 0.94677734375 0.0859375 0.0849609375
0 0.11962890625 0.9443359375 0.0986328125 0.09765625
0 0.2451171875 0.94921875 0.0859375 0.0859375
0 0.34375 0.9453125 0.0859375 0.0859375
0 0.4697265625 0.953125 0.0859375 0.0859375
0 0.10302734375 0.853515625 0.0869140625 0.0859375
0 0.2060546875 0.853515625 0.0859375 0.0859375
0 0.3173828125 0.85107421875 0.0859375 0.0849609375
0 0.40869140625 0.8515625 0.0986328125 0.09765625
0 0.54541015625 0.8486328125 0.0986328125 0.09765625
0 0.5751953125 0.75830078125 0.0859375 0.0849609375
0 0.4599609375 0.75830078125 0.0859375 0.0849609375
0 0.3583984375 0.75146484375 0.0859375 0.0849609375
0 0.23828125 0.76318359375 0.0859375 0.0849609375
0 0.07080078125 0.6513671875 0.0986328125 0.09765625
0 0.185546875 0.662109375 0.0859375 0.0859375
0 0.2998046875 0.66650390625 0.0859375 0.0849609375
0 0.40625 0.66748046875 0.0859375 0.0849609375
0 0.51171875 0.67041015625 0.0859375 0.0849609375
0 0.134765625 0.5732421875 0.0859375 0.0859375
0 0.244140625 0.5771484375 0.0859375 0.0859375
0 0.35986328125 0.580078125 0.0986328125 0.09765625
0 0.48193359375 0.5654296875 0.0986328125 0.09765625
0 0.578125 0.57080078125 0.111328125 0.1103515625
0 0.080078125 0.478515625 0.0859375 0.0859375
0 0.20068359375 0.4775390625 0.0986328125 0.09765625
0 0.3076171875 0.4814453125 0.0859375 0.0859375
0 0.412109375 0.48291015625 0.0859375 0.0849609375
0 0.5185546875 0.4765625 0.09765625 0.09765625
0 0.57470703125 0.3857421875 0.0986328125 0.09765625
0 0.46875 0.38720703125 0.0859375 0.0849609375
0 0.3505859375 0.3818359375 0.0859375 0.0859375
0 0.24658203125 0.38818359375 0.0869140625 0.0849609375
0 0.13623046875 0.384765625 0.0986328125 0.09765625
0 0.07080078125 0.2900390625 0.0986328125 0.09765625
0 0.17919921875 0.287109375 0.0986328125 0.09765625
0 0.3017578125 0.2890625 0.0859375 0.0859375
0 0.41162109375 0.2880859375 0.0986328125 0.09765625
0 0.51318359375 0.2900390625 0.0986328125 0.09765625
0 0.126953125 0.19677734375 0.0859375 0.0849609375
0 0.236328125 0.19921875 0.09765625 0.09765625
0 0.35205078125 0.189453125 0.0986328125 0.09765625
0 0.46435546875 0.1962890625 0.0986328125 0.09765625
0 0.57080078125 0.1923828125 0.0986328125 0.09765625
0 0.61279296875 0.1005859375 0.0986328125 0.09765625
0 0.501953125 0.09375 0.09765625 0.09765625
0 0.39404296875 0.1015625 0.0986328125 0.09765625
0 0.283203125 0.0986328125 0.09765625 0.09765625
0 0.17041015625 0.099609375 0.0986328125 0.09765625
0 0.0595703125 0.091796875 0.09765625 0.09765625