0 0.89453125 0.18896484375 0.07421875 0.0732421875
0 0.59033203125 0.29443359375 0.0732421875 0.0732421875
0 0.541015625 0.19189453125 0.07421875 0.0732421875
0 0.39501953125 0.27978515625 0.0732421875 0.0732421875
0 0.48779296875 0.09814453125 0.0732421875 0.0732421875
0 0.31298828125 0.36572265625 0.0732421875 0.0732421875
0 0.2099609375 0.36279296875 0.07421875 0.0732421875
0 0.3251953125 0.9365234375 0.111328125 0.109375
0 0.21484375 0.9375 0.111328125 0.109375
0 0.11962890625 0.9375 0.0986328125 0.09765625
0 0.15478515625 0.8408203125 0.1103515625 0.109375
0 0.26708984375 0.8447265625 0.1103515625 0.109375
0 0.36279296875 0.83447265625 0.1103515625 0.1103515625
0 0.20703125 0.755859375 0.09765625 0.09765625
0 0.10205078125 0.7587890625 0.0986328125 0.09765625
0 0.05126953125 0.654296875 0.0986328125 0.09765625
0 0.1513671875 0.6572265625 0.111328125 0.109375
0 0.25830078125 0.65087890625 0.1103515625 0.1103515625
0 0.37890625 0.65478515625 0.111328125 0.1103515625
0 0.37939453125 0.4736328125 0.0986328125 0.09765625
0 0.3369140625 0.189453125 0.0859375 0.0859375
0 0.2236328125 0.177734375 0.0859375 0.0859375
0 0.28173828125 0.2890625 0.0869140625 0.0859375
0 0.169921875 0.28759765625 0.0859375 0.0849609375
0 0.119140625 0.357421875 0.0859375 0.0859375
0 0.09033203125 0.18408203125 0.1103515625 0.1103515625
0 0.275390625 0.08740234375 0.0859375 0.0849609375
0 0.1494140625 0.0859375 0.0859375 0.0859375
0 0.49658203125 0.29443359375 0.0732421875 0.0732421875
0 0.431640625 0.18994140625 0.07421875 0.0732421875
0 0.79296875 0.2958984375 0.0859375 0.0859375
0 0.8505859375 0.09326171875 0.0859375 0.0849609375
0 0.71923828125 0.0927734375 0.0986328125 0.09765625
0 0.603515625 0.09375 0.09765625 0.09765625
0 0.66064453125 0.19140625 0.1103515625 0.109375
0 0.77880859375 0.1875 0.0986328125 0.09765625
0 0.7060546875 0.474609375 0.048828125 0.048828125
0 0.6044921875 0.47412109375 0.0859375 0.0849609375
0 0.48876953125 0.4765625 0.0869140625 0.0859375
0 0.42578125 0.9443359375 0.111328125 0.109375
0 0.53759765625 0.94091796875 0.1103515625 0.1103515625
0 0.64599609375 0.94091796875 0.1103515625 0.1103515625
0 0.76123046875 0.93994140625 0.1103515625 0.1103515625
0 0.87353515625 0.94091796875 0.1103515625 0.1103515625
0 0.92138671875 0.837890625 0.0986328125 0.09765625
0 0.81201171875 0.84375 0.0986328125 0.09765625
0 0.70263671875 0.84033203125 0.1103515625 0.1103515625
0 0.59130859375 0.8466796875 0.1103515625 0.109375
0 0.47900390625 0.84228515625 0.1103515625 0.1103515625
0 0.4248046875 0.7587890625 0.09765625 0.09765625
0 0.5625 0.7548828125 0.09765625 0.09765625
0 0.66162109375 0.751953125 0.0986328125 0.09765625
0 0.75146484375 0.751953125 0.0986328125 0.09765625
0 0.87451171875 0.7578125 0.0986328125 0.09765625
0 0.48583984375 0.65625 0.0986328125 0.09765625
0 0.6015625 0.65673828125 0.0859375 0.0849609375
0 0.87353515625 0.55859375 0.1103515625 0.109375
0 0.93212890625 0.46826171875 0.1103515625 0.1103515625
0 0.81787109375 0.46533203125 0.1103515625 0.1103515625
0 0.8740234375 0.3740234375 0.111328125 0.109375
0 0.90380859375 0.28466796875 0.1103515625 0.1103515625
0 0.76708984375 0.37890625 0.1103515625 0.109375
0 0.6591796875 0.37890625 0.0859375 0.0859375
0 0.42578125 0.373046875 0.0859375 0.0859375