0 0.68603515625 0.08203125 0.0732421875 0.07421875
0 0.11083984375 0.091796875 0.0849609375 0.0859375
0 0.1123046875 0.19091796875 0.09765625 0.0986328125
0 0.1171875 0.29736328125 0.09765625 0.0986328125
0 0.12109375 0.41162109375 0.09765625 0.0986328125
0 0.1142578125 0.52099609375 0.09765625 0.0986328125
0 0.11669921875 0.6357421875 0.0849609375 0.0859375
0 0.201171875 0.14111328125 0.109375 0.1103515625
0 0.20751953125 0.24169921875 0.1103515625 0.1103515625
0 0.20458984375 0.35205078125 0.1103515625 0.1103515625
0 0.2109375 0.4599609375 0.109375 0.111328125
0 0.203125 0.58349609375 0.09765625 0.0986328125
0 0.2958984375 0.53271484375 0.09765625 0.0986328125
0 0.29931640625 0.41064453125 0.0849609375 0.0869140625
0 0.3017578125 0.3076171875 0.0859375 0.0859375
0 0.3056640625 0.1865234375 0.0859375 0.0859375
0 0.3046875 0.0751953125 0.09765625 0.09765625
0 0.392578125 0.1328125 0.0859375 0.0859375
0 0.400390625 0.236328125 0.09765625 0.09765625
0 0.3984375 0.349609375 0.09765625 0.09765625
0 0.39990234375 0.4580078125 0.0849609375 0.0859375
0 0.38671875 0.58251953125 0.09765625 0.0986328125
0 0.2958984375 0.6279296875 0.09765625 0.09765625
0 0.494140625 0.63330078125 0.109375 0.1103515625
0 0.50048828125 0.509765625 0.1103515625 0.111328125
0 0.494140625 0.404296875 0.09765625 0.09765625
0 0.5009765625 0.2939453125 0.09765625 0.09765625
0 0.5 0.1884765625 0.09765625 0.09765625
0 0.4970703125 0.07373046875 0.09765625 0.0986328125
0 0.59033203125 0.1376953125 0.1103515625 0.111328125
0 0.5927734375 0.24853515625 0.09765625 0.0986328125
0 0.5947265625 0.35498046875 0.09765625 0.0986328125
0 0.59521484375 0.45263671875 0.1103515625 0.1103515625
0 0.59228515625 0.556640625 0.1103515625 0.111328125
0 0.6904296875 0.5126953125 0.09765625 0.09765625
0 0.68017578125 0.4072265625 0.0849609375 0.0859375
0 0.6904296875 0.29150390625 0.09765625 0.0986328125
0 0.689453125 0.1884765625 0.09765625 0.09765625
0 0.7880859375 0.1171875 0.09765625 0.09765625
0 0.78125 0.23046875 0.09765625 0.09765625
0 0.77734375 0.33544921875 0.09765625 0.0986328125
0 0.78125 0.4462890625 0.09765625 0.09765625
0 0.7783203125 0.5478515625 0.0859375 0.0859375
0 0.6826171875 0.630859375 0.09765625 0.09765625
0 0.875 0.60009765625 0.09765625 0.0986328125
0 0.8701171875 0.39794921875 0.09765625 0.0986328125
0 0.873046875 0.27587890625 0.09765625 0.0986328125
0 0.880859375 0.17041015625 0.09765625 0.0986328125
0 0.876953125 0.70703125 0.09765625 0.09765625
0 0.876953125 0.818359375 0.09765625 0.09765625
0 0.8701171875 0.9287109375 0.0859375 0.0859375
0 0.7744140625 0.8916015625 0.0859375 0.0859375
0 0.7822265625 0.7705078125 0.09765625 0.09765625
0 0.7744140625 0.6640625 0.09765625 0.09765625
0 0.685546875 0.7353515625 0.09765625 0.09765625
0 0.6796875 0.83154296875 0.09765625 0.0986328125
0 0.58447265625 0.89794921875 0.1103515625 0.1103515625
0 0.59716796875 0.78466796875 0.1103515625 0.1103515625
0 0.58837890625 0.67333984375 0.1103515625 0.1103515625
0 0.501953125 0.73974609375 0.09765625 0.0986328125
0 0.4873046875 0.85107421875 0.109375 0.1103515625
0 0.396484375 0.90380859375 0.09765625 0.0986328125
0 0.40234375 0.79541015625 0.09765625 0.0986328125
0 0.3984375 0.6865234375 0.0859375 0.0859375
0 0.3046875 0.73583984375 0.09765625 0.0986328125
0 0.3017578125 0.85498046875 0.09765625 0.0986328125
0 0.30224609375 0.953125 0.0849609375 0.0859375
0 0.2080078125 0.88427734375 0.109375 0.1103515625
0 0.21142578125 0.79345703125 0.1103515625 0.1103515625
0 0.2060546875 0.68505859375 0.09765625 0.0986328125
0 0.115234375 0.72802734375 0.09765625 0.0986328125
0 0.1201171875 0.82421875 0.09765625 0.09765625