0 0.66064453125 0.87109375 0.0732421875 0.07421875
0 0.75927734375 0.2568359375 0.0732421875 0.07421875
0 0.8525390625 0.31787109375 0.060546875 0.0615234375
0 0.56396484375 0.38671875 0.0732421875 0.07421875
0 0.09130859375 0.32080078125 0.1103515625 0.1103515625
0 0.09765625 0.20654296875 0.09765625 0.0986328125
0 0.1015625 0.09716796875 0.09765625 0.0986328125
0 0.19580078125 0.357421875 0.0849609375 0.0859375
0 0.19873046875 0.2509765625 0.0849609375 0.0859375
0 0.19580078125 0.154296875 0.0849609375 0.0859375
0 0.2822265625 0.09228515625 0.09765625 0.0986328125
0 0.28662109375 0.2001953125 0.0849609375 0.0859375
0 0.28759765625 0.3125 0.0849609375 0.0859375
0 0.3818359375 0.37109375 0.0859375 0.0859375
0 0.380859375 0.2578125 0.0859375 0.0859375
0 0.3857421875 0.1484375 0.09765625 0.09765625
0 0.4765625 0.09912109375 0.109375 0.1103515625
0 0.47265625 0.203125 0.109375 0.111328125
0 0.466796875 0.32568359375 0.09765625 0.0986328125
0 0.5615234375 0.2734375 0.0859375 0.0859375
0 0.5693359375 0.16552734375 0.0859375 0.0869140625
0 0.66259765625 0.099609375 0.0849609375 0.0859375
0 0.6650390625 0.2021484375 0.0859375 0.0859375
0 0.66796875 0.32568359375 0.09765625 0.0986328125
0 0.751953125 0.3583984375 0.09765625 0.09765625
0 0.7578125 0.1474609375 0.09765625 0.09765625
0 0.8447265625 0.1982421875 0.109375 0.111328125
0 0.85107421875 0.09130859375 0.1103515625 0.1103515625
0 0.94189453125 0.14794921875 0.1103515625 0.1103515625
0 0.9375 0.2529296875 0.0859375 0.0859375
0 0.9345703125 0.36474609375 0.09765625 0.0986328125
0 0.93603515625 0.4951171875 0.0849609375 0.0859375
0 0.9462890625 0.93505859375 0.09765625 0.0986328125
0 0.93310546875 0.8056640625 0.0849609375 0.0859375
0 0.9267578125 0.69921875 0.0859375 0.0859375
0 0.93359375 0.587890625 0.0859375 0.0859375
0 0.84814453125 0.4169921875 0.0849609375 0.0859375
0 0.845703125 0.88037109375 0.09765625 0.0986328125
0 0.8505859375 0.7548828125 0.0859375 0.0859375
0 0.8466796875 0.65625 0.0859375 0.0859375
0 0.8544921875 0.5302734375 0.0859375 0.0859375
0 0.7548828125 0.89697265625 0.0859375 0.0869140625
0 0.7548828125 0.7939453125 0.0859375 0.0859375
0 0.75244140625 0.6826171875 0.0849609375 0.0859375
0 0.7529296875 0.59130859375 0.09765625 0.0986328125
0 0.75 0.45458984375 0.09765625 0.0986328125
0 0.65966796875 0.4248046875 0.0849609375 0.0859375
0 0.65966796875 0.5400390625 0.0849609375 0.0859375
0 0.65283203125 0.6416015625 0.0849609375 0.0859375
0 0.66455078125 0.76171875 0.0849609375 0.0859375
0 0.552734375 0.92919921875 0.09765625 0.0986328125
0 0.5634765625 0.814453125 0.0859375 0.0859375
0 0.56787109375 0.7001953125 0.0849609375 0.0859375
0 0.56884765625 0.59375 0.0849609375 0.0859375
0 0.57177734375 0.48828125 0.0849609375 0.0859375
0 0.474609375 0.865234375 0.0859375 0.0859375
0 0.478515625 0.755859375 0.0859375 0.0859375
0 0.4814453125 0.64013671875 0.09765625 0.0986328125
0 0.466796875 0.51806640625 0.09765625 0.0986328125
0 0.47216796875 0.421875 0.1103515625 0.111328125
0 0.3798828125 0.919921875 0.0859375 0.0859375
0 0.37890625 0.79931640625 0.09765625 0.0986328125
0 0.3828125 0.6923828125 0.0859375 0.0859375
0 0.38427734375 0.587890625 0.0849609375 0.0859375
0 0.3779296875 0.4814453125 0.09765625 0.09765625
0 0.287109375 0.42529296875 0.09765625 0.0986328125
0 0.28857421875 0.53125 0.0849609375 0.0859375
0 0.283203125 0.6494140625 0.0859375 0.0859375
0 0.28955078125 0.75341796875 0.0849609375 0.0869140625
0 0.2861328125 0.86376953125 0.09765625 0.0986328125
0 0.19140625 0.92919921875 0.09765625 0.0986328125
0 0.1884765625 0.82080078125 0.09765625 0.0986328125
0 0.1904296875 0.6982421875 0.0859375 0.0859375
0 0.189453125 0.58837890625 0.09765625 0.0986328125
0 0.19140625 0.48681640625 0.09765625 0.0986328125
0 0.09814453125 0.873046875 0.0849609375 0.0859375
0 0.1005859375 0.763671875 0.09765625 0.09765625
0 0.0908203125 0.64794921875 0.09765625 0.0986328125
0 0.09765625 0.53564453125 0.09765625 0.0986328125
0 0.09375 0.42919921875 0.09765625 0.0986328125