0 0.56298828125 0.791015625 0.0732421875 0.07421875
0 0.47509765625 0.8505859375 0.0732421875 0.07421875
0 0.75146484375 0.28662109375 0.0732421875 0.0732421875
0 0.17236328125 0.40283203125 0.0732421875 0.0732421875
0 0.26708984375 0.4453125 0.0732421875 0.07421875
0 0.087890625 0.85302734375 0.09765625 0.0986328125
0 0.0869140625 0.73388671875 0.09765625 0.0986328125
0 0.08251953125 0.6318359375 0.0732421875 0.07421875
0 0.1787109375 0.90283203125 0.09765625 0.0986328125
0 0.1796875 0.78857421875 0.09765625 0.0986328125
0 0.1796875 0.68359375 0.0859375 0.0859375
0 0.279296875 0.84619140625 0.09765625 0.0986328125
0 0.27294921875 0.7421875 0.0849609375 0.0859375
0 0.2763671875 0.634765625 0.09765625 0.09765625
0 0.37646484375 0.9072265625 0.0849609375 0.0859375
0 0.37451171875 0.7978515625 0.0849609375 0.0859375
0 0.3681640625 0.68359375 0.09765625 0.09765625
0 0.46826171875 0.744140625 0.0732421875 0.07421875
0 0.47265625 0.64013671875 0.060546875 0.0615234375
0 0.556640625 0.9072265625 0.0859375 0.0859375
0 0.9453125 0.9072265625 0.0859375 0.0859375
0 0.8486328125 0.94921875 0.09765625 0.09765625
0 0.75537109375 0.912109375 0.0849609375 0.0859375
0 0.6513671875 0.865234375 0.09765625 0.09765625
0 0.56201171875 0.7041015625 0.0732421875 0.07421875
0 0.6552734375 0.75 0.09765625 0.09765625
0 0.66162109375 0.65625 0.0732421875 0.07421875
0 0.74951171875 0.7958984375 0.0849609375 0.0859375
0 0.74951171875 0.69677734375 0.0732421875 0.0732421875
0 0.8515625 0.73388671875 0.09765625 0.0986328125
0 0.845703125 0.84765625 0.0859375 0.0859375
0 0.9423828125 0.7978515625 0.0859375 0.0859375
0 0.9453125 0.69873046875 0.0859375 0.0869140625
0 0.95458984375 0.49072265625 0.0732421875 0.0732421875
0 0.95068359375 0.41455078125 0.0732421875 0.0732421875
0 0.951171875 0.30419921875 0.060546875 0.0615234375
0 0.943359375 0.1982421875 0.0859375 0.0859375
0 0.9443359375 0.0634765625 0.09765625 0.09765625
0 0.85498046875 0.47607421875 0.0732421875 0.0732421875
0 0.85205078125 0.34912109375 0.0732421875 0.0732421875
0 0.84619140625 0.22216796875 0.0732421875 0.0732421875
0 0.845703125 0.12255859375 0.109375 0.1103515625
0 0.75732421875 0.40625 0.1220703125 0.123046875
0 0.75146484375 0.17578125 0.0849609375 0.0859375
0 0.75341796875 0.06396484375 0.1103515625 0.1103515625
0 0.6552734375 0.45361328125 0.09765625 0.0986328125
0 0.65283203125 0.3466796875 0.1220703125 0.123046875
0 0.650390625 0.23388671875 0.109375 0.1103515625
0 0.6630859375 0.12060546875 0.109375 0.1103515625
0 0.55908203125 0.4814453125 0.0849609375 0.0859375
0 0.55859375 0.3984375 0.09765625 0.09765625
0 0.56005859375 0.2783203125 0.1220703125 0.123046875
0 0.5537109375 0.18212890625 0.109375 0.1103515625
0 0.548828125 0.06591796875 0.109375 0.1103515625
0 0.46728515625 0.4560546875 0.0849609375 0.0859375
0 0.46533203125 0.34375 0.1220703125 0.123046875
0 0.453125 0.1298828125 0.0859375 0.0859375
0 0.373046875 0.392578125 0.09765625 0.09765625
0 0.36474609375 0.2861328125 0.1220703125 0.123046875
0 0.36474609375 0.1767578125 0.1103515625 0.111328125
0 0.36669921875 0.07470703125 0.1103515625 0.1103515625
0 0.27734375 0.35009765625 0.109375 0.1103515625
0 0.2724609375 0.2373046875 0.109375 0.111328125
0 0.27294921875 0.125 0.1220703125 0.123046875
0 0.17724609375 0.29248046875 0.1103515625 0.1103515625
0 0.17431640625 0.181640625 0.1220703125 0.123046875
0 0.17529296875 0.0693359375 0.1220703125 0.123046875
0 0.07958984375 0.45361328125 0.0615234375 0.0615234375
0 0.0810546875 0.34716796875 0.09765625 0.0986328125
0 0.08203125 0.23486328125 0.09765625 0.0986328125
0 0.0751953125 0.1416015625 0.09765625 0.09765625