0 0.93115234375 0.58642578125 0.0732421875 0.0732421875
0 0.92919921875 0.68408203125 0.0732421875 0.0732421875
0 0.748046875 0.671875 0.0859375 0.0859375
0 0.931640625 0.47216796875 0.09765625 0.0986328125
0 0.9462890625 0.357421875 0.0859375 0.0859375
0 0.9384765625 0.1181640625 0.09765625 0.09765625
0 0.931640625 0.24951171875 0.09765625 0.0986328125
0 0.83154296875 0.0712890625 0.0849609375 0.0859375
0 0.8388671875 0.1845703125 0.09765625 0.09765625
0 0.8427734375 0.28759765625 0.109375 0.1103515625
0 0.85302734375 0.4248046875 0.0849609375 0.0859375
0 0.84375 0.51904296875 0.09765625 0.0986328125
0 0.83056640625 0.6396484375 0.0849609375 0.0859375
0 0.75341796875 0.56689453125 0.1103515625 0.1103515625
0 0.74560546875 0.47314453125 0.1103515625 0.1103515625
0 0.74853515625 0.345703125 0.1103515625 0.111328125
0 0.7509765625 0.244140625 0.109375 0.111328125
0 0.7490234375 0.12841796875 0.09765625 0.0986328125
0 0.64892578125 0.0751953125 0.0849609375 0.0859375
0 0.6513671875 0.18408203125 0.109375 0.1103515625
0 0.654296875 0.29248046875 0.09765625 0.0986328125
0 0.66015625 0.416015625 0.0859375 0.0859375
0 0.6552734375 0.5146484375 0.109375 0.111328125
0 0.65625 0.62158203125 0.09765625 0.0986328125
0 0.65087890625 0.7294921875 0.0849609375 0.0859375
0 0.57470703125 0.68505859375 0.0849609375 0.0869140625
0 0.564453125 0.580078125 0.0859375 0.0859375
0 0.56494140625 0.4609375 0.0849609375 0.0859375
0 0.57373046875 0.3515625 0.0849609375 0.0859375
0 0.57666015625 0.2392578125 0.0849609375 0.0859375
0 0.5771484375 0.13330078125 0.09765625 0.0986328125
0 0.46435546875 0.08154296875 0.1103515625 0.1103515625
0 0.46533203125 0.18798828125 0.1103515625 0.1103515625
0 0.46923828125 0.29736328125 0.0966796875 0.0986328125
0 0.47021484375 0.4013671875 0.0849609375 0.0859375
0 0.462890625 0.51708984375 0.09765625 0.0986328125
0 0.4599609375 0.63427734375 0.109375 0.1103515625
0 0.4716796875 0.73828125 0.09765625 0.09765625
0 0.37744140625 0.45849609375 0.0849609375 0.0869140625
0 0.27880859375 0.51953125 0.0849609375 0.0859375
0 0.08642578125 0.6220703125 0.0849609375 0.0859375
0 0.3779296875 0.13330078125 0.09765625 0.0986328125
0 0.37744140625 0.24365234375 0.1103515625 0.1103515625
0 0.375 0.35693359375 0.109375 0.1103515625
0 0.369140625 0.55615234375 0.09765625 0.0986328125
0 0.37451171875 0.6748046875 0.0849609375 0.0859375
0 0.28515625 0.720703125 0.0859375 0.0859375
0 0.2802734375 0.62109375 0.09765625 0.09765625
0 0.18701171875 0.67578125 0.0849609375 0.0859375
0 0.1845703125 0.57275390625 0.09765625 0.0986328125
0 0.203125 0.1357421875 0.09765625 0.09765625
0 0.19921875 0.24072265625 0.09765625 0.0986328125
0 0.1865234375 0.35693359375 0.09765625 0.0986328125
0 0.078125 0.07275390625 0.109375 0.1103515625
0 0.0869140625 0.1875 0.09765625 0.09765625
0 0.0849609375 0.30322265625 0.09765625 0.0986328125
0 0.0869140625 0.4140625 0.09765625 0.09765625
0 0.27880859375 0.07373046875 0.1103515625 0.1103515625
0 0.2802734375 0.19580078125 0.109375 0.1103515625
0 0.2802734375 0.31103515625 0.109375 0.1103515625
0 0.275390625 0.40673828125 0.109375 0.1103515625