0 0.9130859375 0.080078125 0.09765625 0.09765625
0 0.81494140625 0.13916015625 0.0732421875 0.0732421875
0 0.732421875 0.07861328125 0.09765625 0.0986328125
0 0.6337890625 0.14111328125 0.09765625 0.0986328125
0 0.5400390625 0.07958984375 0.09765625 0.0986328125
0 0.4453125 0.13525390625 0.09765625 0.0986328125
0 0.34130859375 0.07763671875 0.1103515625 0.1103515625
0 0.2490234375 0.1416015625 0.109375 0.111328125
0 0.15625 0.087890625 0.09765625 0.09765625
0 0.05712890625 0.126953125 0.1103515625 0.111328125
0 0.06005859375 0.24462890625 0.0732421875 0.0732421875
0 0.06298828125 0.3564453125 0.0849609375 0.0859375
0 0.06201171875 0.5732421875 0.0732421875 0.07421875
0 0.1484375 0.19091796875 0.09765625 0.0986328125
0 0.154296875 0.30029296875 0.09765625 0.0986328125
0 0.1494140625 0.41552734375 0.09765625 0.0986328125
0 0.1591796875 0.5263671875 0.09765625 0.09765625
0 0.1611328125 0.63671875 0.09765625 0.09765625
0 0.25146484375 0.24560546875 0.1103515625 0.1103515625
0 0.25244140625 0.35986328125 0.1103515625 0.1103515625
0 0.2470703125 0.46630859375 0.109375 0.1103515625
0 0.24609375 0.58447265625 0.109375 0.1103515625
0 0.2470703125 0.6923828125 0.109375 0.111328125
0 0.34619140625 0.19482421875 0.1103515625 0.1103515625
0 0.34326171875 0.30615234375 0.1103515625 0.1103515625
0 0.33740234375 0.41455078125 0.1103515625 0.1103515625
0 0.34521484375 0.52685546875 0.1103515625 0.1103515625
0 0.3466796875 0.63525390625 0.109375 0.1103515625
0 0.447265625 0.24755859375 0.109375 0.1103515625
0 0.447265625 0.35595703125 0.09765625 0.0986328125
0 0.44287109375 0.46826171875 0.1103515625 0.1103515625
0 0.44580078125 0.57958984375 0.1103515625 0.1103515625
0 0.44482421875 0.69482421875 0.1103515625 0.1103515625
0 0.5400390625 0.18798828125 0.109375 0.1103515625
0 0.546875 0.31201171875 0.109375 0.1103515625
0 0.5400390625 0.41552734375 0.109375 0.1103515625
0 0.5400390625 0.53173828125 0.109375 0.1103515625
0 0.537109375 0.63525390625 0.109375 0.1103515625
0 0.634765625 0.2421875 0.09765625 0.09765625
0 0.63134765625 0.35791015625 0.1103515625 0.1103515625
0 0.6376953125 0.47314453125 0.109375 0.1103515625
0 0.6328125 0.58447265625 0.09765625 0.0986328125
0 0.638671875 0.69189453125 0.109375 0.1103515625
0 0.72802734375 0.193359375 0.0732421875 0.07421875
0 0.73046875 0.30078125 0.09765625 0.09765625
0 0.72705078125 0.40869140625 0.1103515625 0.1103515625
0 0.72998046875 0.52587890625 0.1103515625 0.1103515625
0 0.72900390625 0.640625 0.0849609375 0.0859375
0 0.81982421875 0.2451171875 0.0732421875 0.07421875
0 0.81640625 0.357421875 0.09765625 0.09765625
0 0.82177734375 0.46875 0.0849609375 0.0859375
0 0.8203125 0.57958984375 0.09765625 0.0986328125
0 0.91796875 0.18798828125 0.09765625 0.0986328125
0 0.9140625 0.3017578125 0.0859375 0.0859375
0 0.912109375 0.404296875 0.09765625 0.09765625
0 0.9130859375 0.5185546875 0.0859375 0.0859375
0 0.916015625 0.634765625 0.0859375 0.0859375
0 0.9189453125 0.73876953125 0.09765625 0.0986328125
0 0.916015625 0.85302734375 0.09765625 0.0986328125
0 0.81787109375 0.6923828125 0.0849609375 0.0859375
0 0.82080078125 0.8046875 0.0849609375 0.0859375
0 0.8173828125 0.91162109375 0.09765625 0.0986328125
0 0.7294921875 0.74658203125 0.09765625 0.0986328125
0 0.7275390625 0.85302734375 0.09765625 0.0986328125
0 0.6318359375 0.80224609375 0.109375 0.1103515625
0 0.63330078125 0.91748046875 0.1103515625 0.1103515625
0 0.53173828125 0.75439453125 0.1103515625 0.1103515625
0 0.43603515625 0.80224609375 0.1103515625 0.1103515625
0 0.53369140625 0.85302734375 0.1103515625 0.1103515625
0 0.43505859375 0.9248046875 0.0732421875 0.07421875
0 0.3359375 0.74755859375 0.109375 0.1103515625
0 0.3388671875 0.8583984375 0.109375 0.111328125
0 0.25 0.7958984375 0.109375 0.111328125
0 0.25048828125 0.9033203125 0.0849609375 0.0859375
0 0.14990234375 0.7626953125 0.1103515625 0.111328125
0 0.15283203125 0.87109375 0.0849609375 0.0859375
0 0.06103515625 0.7041015625 0.0849609375 0.0859375
0 0.06787109375 0.81787109375 0.0244140625 0.0244140625
0 0.0615234375 0.9365234375 0.037109375 0.037109375