0 0.693359375 0.06884765625 0.109375 0.1103515625
0 0.88427734375 0.84912109375 0.1103515625 0.1103515625
0 0.88916015625 0.73974609375 0.1103515625 0.1103515625
0 0.8857421875 0.6298828125 0.09765625 0.09765625
0 0.2119140625 0.921875 0.09765625 0.09765625
0 0.216796875 0.8173828125 0.09765625 0.09765625
0 0.2216796875 0.70068359375 0.09765625 0.0986328125
0 0.12060546875 0.7587890625 0.0732421875 0.07421875
0 0.12158203125 0.6279296875 0.0849609375 0.0859375
0 0.11474609375 0.51416015625 0.0244140625 0.0244140625
0 0.12109375 0.3955078125 0.037109375 0.037109375
0 0.11865234375 0.28955078125 0.0244140625 0.0244140625
0 0.12451171875 0.17626953125 0.0244140625 0.0244140625
0 0.21630859375 0.36767578125 0.0244140625 0.0244140625
0 0.21630859375 0.25732421875 0.0244140625 0.0244140625
0 0.22021484375 0.14208984375 0.0244140625 0.0244140625
0 0.2138671875 0.59228515625 0.09765625 0.0986328125
0 0.2158203125 0.48681640625 0.09765625 0.0986328125
0 0.22412109375 0.03271484375 0.0244140625 0.0244140625
0 0.12353515625 0.08935546875 0.0244140625 0.0244140625
0 0.5068359375 0.40185546875 0.09765625 0.0986328125
0 0.5029296875 0.29833984375 0.109375 0.1103515625
0 0.51171875 0.1875 0.09765625 0.09765625
0 0.5068359375 0.076171875 0.09765625 0.09765625
0 0.6044921875 0.3466796875 0.0859375 0.0859375
0 0.603515625 0.2333984375 0.09765625 0.09765625
0 0.60791015625 0.12841796875 0.1103515625 0.1103515625
0 0.69287109375 0.41015625 0.1103515625 0.111328125
0 0.69482421875 0.296875 0.1103515625 0.111328125
0 0.6953125 0.1845703125 0.09765625 0.09765625
0 0.79248046875 0.4580078125 0.1103515625 0.111328125
0 0.79296875 0.3544921875 0.109375 0.111328125
0 0.7958984375 0.23291015625 0.109375 0.1103515625
0 0.7939453125 0.12548828125 0.09765625 0.0986328125
0 0.890625 0.40673828125 0.109375 0.1103515625
0 0.8857421875 0.29833984375 0.09765625 0.0986328125
0 0.884765625 0.18798828125 0.09765625 0.0986328125
0 0.884765625 0.08154296875 0.09765625 0.0986328125
0 0.8876953125 0.517578125 0.109375 0.111328125