0 0.59521484375 0.908203125 0.0732421875 0.07421875
0 0.123046875 0.07861328125 0.09765625 0.0986328125
0 0.119140625 0.18896484375 0.109375 0.1103515625
0 0.2197265625 0.240234375 0.109375 0.111328125
0 0.22021484375 0.13623046875 0.1103515625 0.1103515625
0 0.314453125 0.19189453125 0.109375 0.1103515625
0 0.32080078125 0.07763671875 0.1103515625 0.1103515625
0 0.4140625 0.150390625 0.0859375 0.0859375
0 0.5146484375 0.1953125 0.0859375 0.0859375
0 0.5107421875 0.0751953125 0.09765625 0.09765625
0 0.6064453125 0.1455078125 0.109375 0.111328125
0 0.6982421875 0.08740234375 0.109375 0.1103515625
0 0.70849609375 0.18310546875 0.1103515625 0.1103515625
0 0.89208984375 0.07861328125 0.1103515625 0.1103515625
0 0.88818359375 0.19921875 0.1103515625 0.111328125
0 0.1240234375 0.28564453125 0.109375 0.1103515625
0 0.125 0.41064453125 0.09765625 0.0986328125
0 0.125 0.5205078125 0.0859375 0.0859375
0 0.1240234375 0.6279296875 0.09765625 0.09765625
0 0.1171875 0.7529296875 0.109375 0.111328125
0 0.1123046875 0.83349609375 0.09765625 0.0986328125
0 0.2021484375 0.8935546875 0.0859375 0.0859375
0 0.2177734375 0.78662109375 0.09765625 0.0986328125
0 0.2158203125 0.67919921875 0.09765625 0.0986328125
0 0.212890625 0.572265625 0.09765625 0.09765625
0 0.212890625 0.451171875 0.09765625 0.09765625
0 0.2109375 0.34326171875 0.09765625 0.0986328125
0 0.306640625 0.8427734375 0.09765625 0.09765625
0 0.30859375 0.74169921875 0.09765625 0.0986328125
0 0.3125 0.6337890625 0.0859375 0.0859375
0 0.3056640625 0.513671875 0.09765625 0.09765625
0 0.30859375 0.3955078125 0.109375 0.111328125
0 0.3125 0.2978515625 0.09765625 0.09765625
0 0.4111328125 0.2509765625 0.0859375 0.0859375
0 0.40625 0.35107421875 0.09765625 0.0986328125
0 0.4052734375 0.4697265625 0.09765625 0.09765625
0 0.40771484375 0.9052734375 0.0849609375 0.0859375
0 0.4052734375 0.791015625 0.0859375 0.0859375
0 0.404296875 0.681640625 0.0859375 0.0859375
0 0.404296875 0.5791015625 0.0859375 0.0859375
0 0.50732421875 0.8603515625 0.0849609375 0.0859375
0 0.50732421875 0.7451171875 0.0849609375 0.0859375
0 0.5087890625 0.63623046875 0.109375 0.1103515625
0 0.51025390625 0.529296875 0.0849609375 0.0859375
0 0.51171875 0.40966796875 0.09765625 0.0986328125
0 0.5068359375 0.29443359375 0.109375 0.1103515625
0 0.5986328125 0.24609375 0.109375 0.111328125
0 0.60205078125 0.35791015625 0.1103515625 0.1103515625
0 0.60205078125 0.46630859375 0.1103515625 0.1103515625
0 0.60302734375 0.58154296875 0.1103515625 0.1103515625
0 0.60205078125 0.69384765625 0.1103515625 0.1103515625
0 0.6005859375 0.8056640625 0.09765625 0.09765625
0 0.689453125 0.869140625 0.0859375 0.0859375
0 0.705078125 0.74169921875 0.09765625 0.0986328125
0 0.69921875 0.63232421875 0.09765625 0.0986328125
0 0.70263671875 0.52294921875 0.1103515625 0.1103515625
0 0.6962890625 0.41162109375 0.109375 0.1103515625
0 0.70068359375 0.29931640625 0.1103515625 0.1103515625
0 0.7841796875 0.2451171875 0.09765625 0.09765625
0 0.7880859375 0.3828125 0.09765625 0.09765625
0 0.791015625 0.48193359375 0.09765625 0.0986328125
0 0.791015625 0.57177734375 0.09765625 0.0986328125
0 0.78515625 0.69482421875 0.09765625 0.0986328125
0 0.88671875 0.30615234375 0.09765625 0.0986328125
0 0.88623046875 0.421875 0.0849609375 0.0859375