0 0.40576171875 0.8955078125 0.0732421875 0.07421875
0 0.125 0.17919921875 0.109375 0.1103515625
0 0.13134765625 0.06494140625 0.1103515625 0.1103515625
0 0.224609375 0.1376953125 0.0859375 0.0859375
0 0.3251953125 0.1826171875 0.0859375 0.0859375
0 0.3212890625 0.0625 0.09765625 0.09765625
0 0.4169921875 0.1328125 0.109375 0.111328125
0 0.5087890625 0.07470703125 0.109375 0.1103515625
0 0.51904296875 0.17041015625 0.1103515625 0.1103515625
0 0.70263671875 0.06591796875 0.1103515625 0.1103515625
0 0.69873046875 0.1865234375 0.1103515625 0.111328125
0 0.8798828125 0.18701171875 0.09765625 0.0986328125
0 0.1201171875 0.943359375 0.09765625 0.09765625
0 0.1171875 0.830078125 0.09765625 0.09765625
0 0.119140625 0.72900390625 0.09765625 0.0986328125
0 0.123046875 0.62109375 0.0859375 0.0859375
0 0.1162109375 0.5009765625 0.09765625 0.09765625
0 0.119140625 0.3828125 0.109375 0.111328125
0 0.123046875 0.28515625 0.09765625 0.09765625
0 0.2216796875 0.23828125 0.0859375 0.0859375
0 0.216796875 0.33837890625 0.09765625 0.0986328125
0 0.2158203125 0.45703125 0.09765625 0.09765625
0 0.21826171875 0.892578125 0.0849609375 0.0859375
0 0.2158203125 0.7783203125 0.0859375 0.0859375
0 0.21484375 0.6689453125 0.0859375 0.0859375
0 0.21484375 0.56640625 0.0859375 0.0859375
0 0.31396484375 0.9501953125 0.0849609375 0.0859375
0 0.31787109375 0.84765625 0.0849609375 0.0859375
0 0.87890625 0.513671875 0.048828125 0.048828125
0 0.87939453125 0.412109375 0.0849609375 0.0859375
0 0.876953125 0.29638671875 0.0859375 0.0869140625
0 0.31787109375 0.732421875 0.0849609375 0.0859375
0 0.3193359375 0.62353515625 0.109375 0.1103515625
0 0.32080078125 0.5166015625 0.0849609375 0.0859375
0 0.322265625 0.39697265625 0.09765625 0.0986328125
0 0.3173828125 0.28173828125 0.109375 0.1103515625
0 0.4091796875 0.2333984375 0.109375 0.111328125
0 0.41259765625 0.34521484375 0.1103515625 0.1103515625
0 0.41259765625 0.45361328125 0.1103515625 0.1103515625
0 0.41357421875 0.56884765625 0.1103515625 0.1103515625
0 0.41259765625 0.68115234375 0.1103515625 0.1103515625
0 0.4111328125 0.79296875 0.09765625 0.09765625
0 0.5 0.8564453125 0.0859375 0.0859375
0 0.515625 0.72900390625 0.09765625 0.0986328125
0 0.509765625 0.61962890625 0.09765625 0.0986328125
0 0.51318359375 0.51025390625 0.1103515625 0.1103515625
0 0.5068359375 0.39892578125 0.109375 0.1103515625
0 0.51123046875 0.28662109375 0.1103515625 0.1103515625
0 0.5947265625 0.232421875 0.09765625 0.09765625
0 0.5986328125 0.3701171875 0.09765625 0.09765625
0 0.6015625 0.46923828125 0.09765625 0.0986328125
0 0.6015625 0.55908203125 0.09765625 0.0986328125
0 0.595703125 0.68212890625 0.09765625 0.0986328125
0 0.697265625 0.29345703125 0.09765625 0.0986328125
0 0.69677734375 0.4091796875 0.0849609375 0.0859375
0 0.787109375 0.90380859375 0.09765625 0.0986328125
0 0.7919921875 0.78662109375 0.109375 0.1103515625
0 0.794921875 0.68115234375 0.109375 0.1103515625
0 0.8798828125 0.85205078125 0.09765625 0.0986328125
0 0.88525390625 0.73974609375 0.1103515625 0.1103515625
0 0.88818359375 0.62548828125 0.1103515625 0.1103515625