0 0.05224609375 0.74951171875 0.0732421875 0.0732421875
0 0.14501953125 0.3408203125 0.0732421875 0.07421875
0 0.81787109375 0.1435546875 0.0732421875 0.07421875
0 0.8994140625 0.60302734375 0.09765625 0.0986328125
0 0.833984375 0.83740234375 0.048828125 0.0498046875
0 0.89892578125 0.69677734375 0.1103515625 0.1103515625
0 0.625 0.6376953125 0.0859375 0.0859375
0 0.626953125 0.734375 0.09765625 0.09765625
0 0.525390625 0.59228515625 0.109375 0.1103515625
0 0.52490234375 0.9375 0.0849609375 0.0859375
0 0.43603515625 0.86181640625 0.1103515625 0.1103515625
0 0.4287109375 0.6572265625 0.09765625 0.09765625
0 0.3408203125 0.59228515625 0.109375 0.1103515625
0 0.33251953125 0.93310546875 0.1103515625 0.1103515625
0 0.24365234375 0.6494140625 0.1103515625 0.111328125
0 0.1533203125 0.62451171875 0.109375 0.1103515625
0 0.1455078125 0.720703125 0.09765625 0.09765625
0 0.0498046875 0.64794921875 0.09765625 0.0986328125
0 0.0576171875 0.876953125 0.09765625 0.09765625
0 0.25 0.8583984375 0.0859375 0.0859375
0 0.62939453125 0.1201171875 0.0849609375 0.0859375
0 0.71630859375 0.17578125 0.0849609375 0.0859375
0 0.82080078125 0.220703125 0.0849609375 0.0859375
0 0.7197265625 0.57421875 0.0859375 0.0859375
0 0.62255859375 0.53076171875 0.1103515625 0.1103515625
0 0.626953125 0.42578125 0.09765625 0.09765625
0 0.630859375 0.33203125 0.09765625 0.09765625
0 0.8203125 0.32177734375 0.09765625 0.0986328125
0 0.71484375 0.38134765625 0.09765625 0.0986328125
0 0.71728515625 0.484375 0.0849609375 0.0859375
0 0.630859375 0.2314453125 0.0859375 0.0859375
0 0.71240234375 0.2685546875 0.0849609375 0.0859375
0 0.5302734375 0.14599609375 0.109375 0.1103515625
0 0.52587890625 0.2734375 0.1103515625 0.111328125
0 0.52978515625 0.36865234375 0.1103515625 0.1103515625
0 0.5361328125 0.4931640625 0.109375 0.111328125
0 0.439453125 0.43310546875 0.109375 0.1103515625
0 0.439453125 0.32666015625 0.109375 0.1103515625
0 0.435546875 0.21728515625 0.109375 0.1103515625
0 0.3466796875 0.0615234375 0.0859375 0.0859375
0 0.3466796875 0.16015625 0.0859375 0.0859375
0 0.3408203125 0.27685546875 0.09765625 0.0986328125
0 0.33984375 0.3798828125 0.09765625 0.09765625
0 0.06982421875 0.291015625 0.0849609375 0.0859375
0 0.06591796875 0.2080078125 0.0849609375 0.0859375
0 0.0556640625 0.091796875 0.0859375 0.0859375
0 0.1513671875 0.0478515625 0.0859375 0.0859375
0 0.14892578125 0.169921875 0.0849609375 0.0859375
0 0.14990234375 0.251953125 0.0849609375 0.0859375
0 0.248046875 0.40234375 0.0859375 0.0859375
0 0.24560546875 0.294921875 0.0849609375 0.0859375
0 0.25341796875 0.2001953125 0.0849609375 0.0859375
0 0.24560546875 0.10546875 0.0849609375 0.0859375
0 0.43310546875 0.1064453125 0.0849609375 0.0859375
0 0.244140625 0.55126953125 0.09765625 0.0986328125
0 0.15234375 0.53076171875 0.109375 0.1103515625
0 0.91796875 0.48583984375 0.09765625 0.0986328125