0 0.91064453125 0.7275390625 0.0732421875 0.07421875
0 0.15576171875 0.0771484375 0.1103515625 0.111328125
0 0.345703125 0.0771484375 0.0859375 0.0859375
0 0.5341796875 0.072265625 0.0859375 0.0859375
0 0.72265625 0.0791015625 0.09765625 0.09765625
0 0.91162109375 0.08203125 0.0849609375 0.0859375
0 0.15576171875 0.95703125 0.0732421875 0.07421875
0 0.0595703125 0.455078125 0.0859375 0.0859375
0 0.064453125 0.5732421875 0.09765625 0.09765625
0 0.0595703125 0.6708984375 0.09765625 0.09765625
0 0.0615234375 0.7919921875 0.0859375 0.0859375
0 0.06298828125 0.90380859375 0.0849609375 0.0869140625
0 0.1572265625 0.84375 0.0859375 0.0859375
0 0.154296875 0.73486328125 0.09765625 0.0986328125
0 0.1572265625 0.62548828125 0.0859375 0.0869140625
0 0.15234375 0.52001953125 0.09765625 0.0986328125
0 0.25439453125 0.45654296875 0.1103515625 0.1103515625
0 0.25439453125 0.5693359375 0.0849609375 0.0859375
0 0.2529296875 0.68408203125 0.109375 0.1103515625
0 0.2490234375 0.78076171875 0.109375 0.1103515625
0 0.24755859375 0.947265625 0.0849609375 0.0859375
0 0.34521484375 0.513671875 0.0849609375 0.0859375
0 0.34228515625 0.6318359375 0.0849609375 0.0859375
0 0.34716796875 0.7587890625 0.0849609375 0.0859375
0 0.34326171875 0.85205078125 0.0849609375 0.0869140625
0 0.4384765625 0.46435546875 0.09765625 0.0986328125
0 0.4404296875 0.572265625 0.0859375 0.0859375
0 0.439453125 0.67626953125 0.09765625 0.0986328125
0 0.43896484375 0.7958984375 0.0849609375 0.0859375
0 0.4453125 0.90185546875 0.09765625 0.0986328125
0 0.5283203125 0.51416015625 0.09765625 0.0986328125
0 0.53466796875 0.6376953125 0.0849609375 0.0859375
0 0.53466796875 0.72607421875 0.0849609375 0.0869140625
0 0.5322265625 0.8369140625 0.0859375 0.0859375
0 0.533203125 0.9541015625 0.0859375 0.0859375
0 0.626953125 0.51416015625 0.09765625 0.0986328125
0 0.6318359375 0.5830078125 0.09765625 0.09765625
0 0.625 0.66357421875 0.09765625 0.0986328125
0 0.63818359375 0.79296875 0.0849609375 0.0859375
0 0.64453125 0.8994140625 0.0859375 0.0859375
0 0.72509765625 0.51953125 0.0849609375 0.0859375
0 0.728515625 0.6376953125 0.0859375 0.0859375
0 0.7255859375 0.71826171875 0.09765625 0.0986328125
0 0.720703125 0.84375 0.0859375 0.0859375
0 0.724609375 0.9423828125 0.0859375 0.0859375
0 0.8193359375 0.4501953125 0.0859375 0.0859375
0 0.8193359375 0.57421875 0.0859375 0.0859375
0 0.81640625 0.70166015625 0.0859375 0.0869140625
0 0.81640625 0.8046875 0.0859375 0.0859375
0 0.81884765625 0.916015625 0.0849609375 0.0859375
0 0.90673828125 0.8369140625 0.0849609375 0.0859375
0 0.904296875 0.515625 0.09765625 0.09765625
0 0.9111328125 0.6171875 0.09765625 0.09765625
0 0.91015625 0.17431640625 0.09765625 0.0986328125
0 0.9150390625 0.2705078125 0.09765625 0.09765625
0 0.904296875 0.404296875 0.0859375 0.0859375
0 0.81640625 0.34375 0.09765625 0.09765625
0 0.8232421875 0.23828125 0.09765625 0.09765625
0 0.8232421875 0.13232421875 0.09765625 0.0986328125
0 0.73193359375 0.1845703125 0.1103515625 0.111328125
0 0.72607421875 0.296875 0.0849609375 0.0859375
0 0.72705078125 0.40234375 0.0849609375 0.0859375
0 0.625 0.1220703125 0.09765625 0.09765625
0 0.62890625 0.234375 0.09765625 0.09765625
0 0.6328125 0.33154296875 0.109375 0.1103515625
0 0.634765625 0.41845703125 0.09765625 0.0986328125
0 0.53125 0.40576171875 0.09765625 0.0986328125
0 0.53515625 0.30419921875 0.09765625 0.0986328125
0 0.5302734375 0.18505859375 0.09765625 0.0986328125
0 0.44482421875 0.13916015625 0.1103515625 0.1103515625
0 0.439453125 0.24267578125 0.09765625 0.0986328125
0 0.44384765625 0.35595703125 0.1103515625 0.1103515625
0 0.34375 0.4033203125 0.0859375 0.0859375
0 0.34619140625 0.28076171875 0.0849609375 0.0869140625
0 0.34228515625 0.193359375 0.0849609375 0.0859375
0 0.2509765625 0.13330078125 0.109375 0.1103515625
0 0.2451171875 0.24658203125 0.109375 0.1103515625
0 0.2509765625 0.3525390625 0.0859375 0.0859375
0 0.16015625 0.19482421875 0.09765625 0.0986328125
0 0.158203125 0.2890625 0.0859375 0.0859375
0 0.15869140625 0.40966796875 0.1103515625 0.1103515625
0 0.06201171875 0.34521484375 0.1103515625 0.1103515625
0 0.06201171875 0.23486328125 0.1103515625 0.1103515625
0 0.0634765625 0.12646484375 0.09765625 0.0986328125