0 0.919921875 0.9130859375 0.09765625 0.09765625
0 0.86083984375 0.81494140625 0.0732421875 0.0732421875
0 0.92138671875 0.732421875 0.0986328125 0.09765625
0 0.85888671875 0.6337890625 0.0986328125 0.09765625
0 0.92041015625 0.5400390625 0.0986328125 0.09765625
0 0.86474609375 0.4453125 0.0986328125 0.09765625
0 0.92236328125 0.34130859375 0.1103515625 0.1103515625
0 0.8583984375 0.2490234375 0.111328125 0.109375
0 0.912109375 0.15625 0.09765625 0.09765625
0 0.873046875 0.05712890625 0.111328125 0.1103515625
0 0.75537109375 0.06005859375 0.0732421875 0.0732421875
0 0.6435546875 0.06298828125 0.0859375 0.0849609375
0 0.4267578125 0.06201171875 0.07421875 0.0732421875
0 0.80908203125 0.1484375 0.0986328125 0.09765625
0 0.69970703125 0.154296875 0.0986328125 0.09765625
0 0.58447265625 0.1494140625 0.0986328125 0.09765625
0 0.4736328125 0.1591796875 0.09765625 0.09765625
0 0.36328125 0.1611328125 0.09765625 0.09765625
0 0.75439453125 0.25146484375 0.1103515625 0.1103515625
0 0.64013671875 0.25244140625 0.1103515625 0.1103515625
0 0.53369140625 0.2470703125 0.1103515625 0.109375
0 0.41552734375 0.24609375 0.1103515625 0.109375
0 0.3076171875 0.2470703125 0.111328125 0.109375
0 0.80517578125 0.34619140625 0.1103515625 0.1103515625
0 0.69384765625 0.34326171875 0.1103515625 0.1103515625
0 0.58544921875 0.33740234375 0.1103515625 0.1103515625
0 0.47314453125 0.34521484375 0.1103515625 0.1103515625
0 0.36474609375 0.3466796875 0.1103515625 0.109375
0 0.75244140625 0.447265625 0.1103515625 0.109375
0 0.64404296875 0.447265625 0.0986328125 0.09765625
0 0.53173828125 0.44287109375 0.1103515625 0.1103515625
0 0.42041015625 0.44580078125 0.1103515625 0.1103515625
0 0.30517578125 0.44482421875 0.1103515625 0.1103515625
0 0.81201171875 0.5400390625 0.1103515625 0.109375
0 0.68798828125 0.546875 0.1103515625 0.109375
0 0.58447265625 0.5400390625 0.1103515625 0.109375
0 0.46826171875 0.5400390625 0.1103515625 0.109375
0 0.36474609375 0.537109375 0.1103515625 0.109375
0 0.7578125 0.634765625 0.09765625 0.09765625
0 0.64208984375 0.63134765625 0.1103515625 0.1103515625
0 0.52685546875 0.6376953125 0.1103515625 0.109375
0 0.41552734375 0.6328125 0.0986328125 0.09765625
0 0.30810546875 0.638671875 0.1103515625 0.109375
0 0.806640625 0.72802734375 0.07421875 0.0732421875
0 0.69921875 0.73046875 0.09765625 0.09765625
0 0.59130859375 0.72705078125 0.1103515625 0.1103515625
0 0.47412109375 0.72998046875 0.1103515625 0.1103515625
0 0.359375 0.72900390625 0.0859375 0.0849609375
0 0.7548828125 0.81982421875 0.07421875 0.0732421875
0 0.642578125 0.81640625 0.09765625 0.09765625
0 0.53125 0.82177734375 0.0859375 0.0849609375
0 0.42041015625 0.8203125 0.0986328125 0.09765625
0 0.81201171875 0.91796875 0.0986328125 0.09765625
0 0.6982421875 0.9140625 0.0859375 0.0859375
0 0.595703125 0.912109375 0.09765625 0.09765625
0 0.4814453125 0.9130859375 0.0859375 0.0859375
0 0.365234375 0.916015625 0.0859375 0.0859375
0 0.26123046875 0.9189453125 0.0986328125 0.09765625
0 0.14697265625 0.916015625 0.0986328125 0.09765625
0 0.3076171875 0.81787109375 0.0859375 0.0849609375
0 0.1953125 0.82080078125 0.0859375 0.0849609375
0 0.08837890625 0.8173828125 0.0986328125 0.09765625
0 0.25341796875 0.7294921875 0.0986328125 0.09765625
0 0.14697265625 0.7275390625 0.0986328125 0.09765625
0 0.19775390625 0.6318359375 0.1103515625 0.109375
0 0.08251953125 0.63330078125 0.1103515625 0.1103515625
0 0.24560546875 0.53173828125 0.1103515625 0.1103515625
0 0.19775390625 0.43603515625 0.1103515625 0.1103515625
0 0.14697265625 0.53369140625 0.1103515625 0.1103515625
0 0.0751953125 0.43505859375 0.07421875 0.0732421875
0 0.25244140625 0.3359375 0.1103515625 0.109375
0 0.1416015625 0.3388671875 0.111328125 0.109375
0 0.2041015625 0.25 0.111328125 0.109375
0 0.0966796875 0.25048828125 0.0859375 0.0849609375
0 0.2373046875 0.14990234375 0.111328125 0.1103515625
0 0.12890625 0.15283203125 0.0859375 0.0849609375
0 0.2958984375 0.06103515625 0.0859375 0.0849609375
0 0.18212890625 0.06787109375 0.0244140625 0.0244140625
0 0.0634765625 0.0615234375 0.037109375 0.037109375