0 0.21044921875 0.234375 0.0732421875 0.07421875
0 0.20654296875 0.58447265625 0.0732421875 0.0732421875
0 0.11083984375 0.40478515625 0.0732421875 0.0732421875
0 0.310546875 0.29443359375 0.09765625 0.0986328125
0 0.31298828125 0.17822265625 0.1103515625 0.1103515625
0 0.4111328125 0.13134765625 0.09765625 0.0986328125
0 0.40185546875 0.23974609375 0.1103515625 0.1103515625
0 0.5 0.19677734375 0.109375 0.1103515625
0 0.587890625 0.2490234375 0.0859375 0.0859375
0 0.5986328125 0.14453125 0.0859375 0.0859375
0 0.50048828125 0.0849609375 0.0849609375 0.0859375
0 0.3076171875 0.0673828125 0.0859375 0.0859375
0 0.12158203125 0.1923828125 0.0849609375 0.0859375
0 0.123046875 0.06640625 0.0859375 0.0859375
0 0.20849609375 0.12109375 0.0849609375 0.0859375
0 0.6875 0.29833984375 0.09765625 0.0986328125
0 0.68359375 0.1826171875 0.0859375 0.0859375
0 0.685546875 0.07470703125 0.09765625 0.0986328125
0 0.7783203125 0.2333984375 0.09765625 0.09765625
0 0.77734375 0.130859375 0.09765625 0.09765625
0 0.86474609375 0.28271484375 0.1103515625 0.1103515625
0 0.87109375 0.16845703125 0.09765625 0.0986328125
0 0.875 0.05908203125 0.09765625 0.0986328125
0 0.20361328125 0.923828125 0.0732421875 0.07421875
0 0.865234375 0.9375 0.09765625 0.09765625
0 0.87158203125 0.8349609375 0.0849609375 0.0859375
0 0.8740234375 0.7255859375 0.09765625 0.09765625
0 0.8642578125 0.60986328125 0.09765625 0.0986328125
0 0.87109375 0.49755859375 0.09765625 0.0986328125
0 0.8671875 0.39111328125 0.09765625 0.0986328125
0 0.775390625 0.34912109375 0.09765625 0.0986328125
0 0.7685546875 0.4599609375 0.09765625 0.09765625
0 0.7763671875 0.56787109375 0.09765625 0.0986328125
0 0.7734375 0.6787109375 0.09765625 0.09765625
0 0.7744140625 0.79150390625 0.09765625 0.0986328125
0 0.7666015625 0.90234375 0.09765625 0.09765625
0 0.6806640625 0.85302734375 0.09765625 0.0986328125
0 0.681640625 0.73828125 0.09765625 0.09765625
0 0.685546875 0.62255859375 0.09765625 0.0986328125
0 0.68212890625 0.517578125 0.0849609375 0.0859375
0 0.6826171875 0.41552734375 0.09765625 0.0986328125
0 0.58642578125 0.36474609375 0.1103515625 0.1103515625
0 0.587890625 0.47314453125 0.109375 0.1103515625
0 0.5927734375 0.58056640625 0.109375 0.1103515625
0 0.58642578125 0.68212890625 0.1103515625 0.1103515625
0 0.58740234375 0.79541015625 0.1103515625 0.1103515625
0 0.58984375 0.90966796875 0.109375 0.1103515625
0 0.4892578125 0.8564453125 0.109375 0.111328125
0 0.4970703125 0.74462890625 0.109375 0.1103515625
0 0.49462890625 0.6396484375 0.0849609375 0.0859375
0 0.4921875 0.5498046875 0.0859375 0.0859375
0 0.4970703125 0.41650390625 0.09765625 0.0986328125
0 0.396484375 0.3515625 0.109375 0.111328125
0 0.49609375 0.3046875 0.0859375 0.0859375
0 0.400390625 0.4765625 0.0859375 0.0859375
0 0.400390625 0.56884765625 0.09765625 0.0986328125
0 0.4013671875 0.68994140625 0.09765625 0.0986328125
0 0.39599609375 0.7939453125 0.0849609375 0.0859375
0 0.4013671875 0.92041015625 0.109375 0.1103515625
0 0.3046875 0.8603515625 0.09765625 0.09765625
0 0.3017578125 0.72509765625 0.09765625 0.0986328125
0 0.3037109375 0.63623046875 0.09765625 0.0986328125
0 0.3125 0.51904296875 0.109375 0.1103515625
0 0.3115234375 0.40771484375 0.109375 0.1103515625
0 0.2119140625 0.3466796875 0.0859375 0.0859375
0 0.205078125 0.4619140625 0.0859375 0.0859375
0 0.20751953125 0.689453125 0.0849609375 0.0859375
0 0.212890625 0.82470703125 0.09765625 0.0986328125
0 0.11572265625 0.767578125 0.0849609375 0.0859375
0 0.1162109375 0.63623046875 0.09765625 0.0986328125
0 0.115234375 0.5205078125 0.09765625 0.09765625