0 0.20068359375 0.12060546875 0.0732421875 0.0732421875
0 0.87451171875 0.94677734375 0.0244140625 0.0244140625
0 0.78369140625 0.97802734375 0.0244140625 0.0244140625
0 0.68359375 0.947265625 0.037109375 0.037109375
0 0.50537109375 0.91162109375 0.0615234375 0.0615234375
0 0.11279296875 0.931640625 0.0849609375 0.0859375
0 0.9619140625 0.78369140625 0.060546875 0.0615234375
0 0.873046875 0.7353515625 0.0859375 0.0859375
0 0.880859375 0.62548828125 0.09765625 0.0986328125
0 0.87109375 0.51513671875 0.109375 0.1103515625
0 0.87353515625 0.4033203125 0.1220703125 0.123046875
0 0.87451171875 0.29150390625 0.0615234375 0.0615234375
0 0.77587890625 0.77685546875 0.0615234375 0.0615234375
0 0.779296875 0.68310546875 0.09765625 0.0986328125
0 0.77490234375 0.568359375 0.1220703125 0.123046875
0 0.7822265625 0.45947265625 0.109375 0.1103515625
0 0.77880859375 0.3447265625 0.1220703125 0.123046875
0 0.7763671875 0.23828125 0.109375 0.111328125
0 0.681640625 0.73388671875 0.09765625 0.0986328125
0 0.68603515625 0.62451171875 0.1103515625 0.1103515625
0 0.69384765625 0.5205078125 0.1220703125 0.123046875
0 0.68505859375 0.39794921875 0.1103515625 0.1103515625
0 0.68408203125 0.294921875 0.1220703125 0.123046875
0 0.591796875 0.7666015625 0.048828125 0.048828125
0 0.5947265625 0.68115234375 0.09765625 0.0986328125
0 0.59521484375 0.56591796875 0.1220703125 0.1220703125
0 0.59130859375 0.4599609375 0.1220703125 0.123046875
0 0.59228515625 0.34326171875 0.1103515625 0.1103515625
0 0.59619140625 0.240234375 0.1220703125 0.123046875
0 0.50634765625 0.73388671875 0.0732421875 0.0732421875
0 0.501953125 0.62158203125 0.109375 0.1103515625
0 0.5009765625 0.51220703125 0.109375 0.1103515625
0 0.5009765625 0.404296875 0.0859375 0.0859375
0 0.49560546875 0.29052734375 0.1103515625 0.1103515625
0 0.39599609375 0.681640625 0.1220703125 0.123046875
0 0.40771484375 0.5732421875 0.1220703125 0.123046875
0 0.400390625 0.45263671875 0.09765625 0.0986328125
0 0.3994140625 0.35400390625 0.09765625 0.0986328125
0 0.40283203125 0.234375 0.1220703125 0.123046875
0 0.30224609375 0.736328125 0.0732421875 0.07421875
0 0.296875 0.6240234375 0.09765625 0.09765625
0 0.29052734375 0.5107421875 0.1220703125 0.123046875
0 0.294921875 0.39794921875 0.09765625 0.0986328125
0 0.306640625 0.29541015625 0.09765625 0.0986328125
0 0.20166015625 0.6806640625 0.1220703125 0.123046875
0 0.20556640625 0.560546875 0.1220703125 0.123046875
0 0.20361328125 0.4521484375 0.0849609375 0.0859375
0 0.2060546875 0.33154296875 0.09765625 0.0986328125
0 0.111328125 0.7294921875 0.09765625 0.09765625
0 0.107421875 0.6162109375 0.09765625 0.09765625
0 0.107421875 0.51171875 0.09765625 0.09765625
0 0.10546875 0.3974609375 0.09765625 0.09765625
0 0.10595703125 0.291015625 0.1220703125 0.123046875
0 0.20751953125 0.22119140625 0.0732421875 0.0732421875
0 0.10595703125 0.1806640625 0.1220703125 0.123046875
0 0.10986328125 0.07275390625 0.1103515625 0.1103515625
0 0.310546875 0.18115234375 0.09765625 0.0986328125
0 0.30859375 0.07177734375 0.09765625 0.0986328125
0 0.40576171875 0.11962890625 0.1103515625 0.1103515625
0 0.50732421875 0.18505859375 0.1103515625 0.1103515625
0 0.4990234375 0.07373046875 0.09765625 0.0986328125
0 0.595703125 0.12841796875 0.09765625 0.0986328125
0 0.68798828125 0.18359375 0.1220703125 0.123046875
0 0.6884765625 0.072265625 0.09765625 0.09765625
0 0.7861328125 0.126953125 0.09765625 0.09765625
0 0.87158203125 0.1884765625 0.1103515625 0.111328125
0 0.8759765625 0.0732421875 0.09765625 0.09765625