0 0.0517578125 0.81591796875 0.07421875 0.0732421875
0 0.744140625 0.63720703125 0.07421875 0.0732421875
0 0.830078125 0.63525390625 0.07421875 0.0732421875
0 0.81201171875 0.43408203125 0.0732421875 0.0732421875
0 0.595703125 0.44091796875 0.07421875 0.0732421875
0 0.79736328125 0.71533203125 0.0732421875 0.0732421875
0 0.92529296875 0.5224609375 0.0615234375 0.060546875
0 0.89501953125 0.71728515625 0.0732421875 0.0732421875
0 0.5078125 0.0556640625 0.0859375 0.0859375
0 0.71240234375 0.060546875 0.0986328125 0.09765625
0 0.20849609375 0.146484375 0.0986328125 0.09765625
0 0.3232421875 0.1533203125 0.0859375 0.0859375
0 0.4287109375 0.15087890625 0.0859375 0.0849609375
0 0.54541015625 0.14990234375 0.1103515625 0.1103515625
0 0.65380859375 0.14599609375 0.1103515625 0.1103515625
0 0.76318359375 0.1474609375 0.1103515625 0.109375
0 0.88134765625 0.150390625 0.0986328125 0.09765625
0 0.1748046875 0.2421875 0.09765625 0.09765625
0 0.26611328125 0.2373046875 0.0986328125 0.09765625
0 0.3701171875 0.251953125 0.09765625 0.09765625
0 0.49755859375 0.2509765625 0.0986328125 0.09765625
0 0.60693359375 0.255859375 0.0986328125 0.09765625
0 0.71240234375 0.259765625 0.0986328125 0.09765625
0 0.8212890625 0.24853515625 0.0859375 0.0849609375
0 0.869140625 0.34423828125 0.0859375 0.0849609375
0 0.2216796875 0.33544921875 0.111328125 0.1103515625
0 0.3466796875 0.33154296875 0.123046875 0.1220703125
0 0.4521484375 0.33837890625 0.0859375 0.0849609375
0 0.5693359375 0.35546875 0.0859375 0.0859375
0 0.65478515625 0.35302734375 0.0869140625 0.0849609375
0 0.7626953125 0.3466796875 0.09765625 0.09765625
0 0.17041015625 0.43115234375 0.1103515625 0.1103515625
0 0.27978515625 0.42724609375 0.1103515625 0.1103515625
0 0.39208984375 0.4296875 0.0986328125 0.09765625
0 0.49072265625 0.427734375 0.0986328125 0.09765625
0 0.57763671875 0.51953125 0.0615234375 0.060546875
0 0.6806640625 0.52001953125 0.07421875 0.0732421875
0 0.7666015625 0.51708984375 0.0859375 0.0849609375
0 0.845703125 0.5263671875 0.0859375 0.0859375
0 0.92919921875 0.65185546875 0.0615234375 0.0615234375
0 0.8828125 0.8984375 0.0859375 0.0859375
0 0.23681640625 0.525390625 0.1103515625 0.109375
0 0.33349609375 0.51806640625 0.1103515625 0.1103515625
0 0.44873046875 0.5205078125 0.1103515625 0.109375
0 0.17578125 0.6162109375 0.0859375 0.0859375
0 0.28662109375 0.62109375 0.1103515625 0.109375
0 0.39306640625 0.61865234375 0.1103515625 0.1103515625
0 0.4931640625 0.619140625 0.111328125 0.109375
0 0.63525390625 0.630859375 0.0986328125 0.09765625
0 0.68310546875 0.71484375 0.0986328125 0.09765625
0 0.568359375 0.7001953125 0.0859375 0.0859375
0 0.22509765625 0.71435546875 0.0869140625 0.0849609375
0 0.3291015625 0.7080078125 0.09765625 0.09765625
0 0.46044921875 0.71484375 0.0986328125 0.09765625
0 0.1689453125 0.81640625 0.0859375 0.0859375
0 0.2822265625 0.81494140625 0.0859375 0.0849609375
0 0.3955078125 0.8076171875 0.09765625 0.09765625
0 0.49853515625 0.8037109375 0.1103515625 0.109375
0 0.6357421875 0.79345703125 0.0859375 0.0849609375
0 0.72998046875 0.802734375 0.0986328125 0.09765625
0 0.8505859375 0.81591796875 0.0859375 0.0849609375
0 0.77783203125 0.89306640625 0.1103515625 0.1103515625
0 0.68408203125 0.90087890625 0.1103515625 0.1103515625
0 0.556640625 0.89794921875 0.111328125 0.1103515625
0 0.455078125 0.8955078125 0.111328125 0.109375
0 0.33935546875 0.8974609375 0.0986328125 0.09765625
0 0.2275390625 0.89697265625 0.07421875 0.0732421875
0 0.103515625 0.89208984375 0.07421875 0.0732421875
0 0.09765625 0.154296875 0.0859375 0.0859375
0 0.05615234375 0.24365234375 0.1103515625 0.1103515625
0 0.06396484375 0.4267578125 0.0986328125 0.09765625
0 0.05810546875 0.61181640625 0.1103515625 0.1103515625
0 0.1220703125 0.5185546875 0.0859375 0.0859375
0 0.1103515625 0.70751953125 0.0859375 0.0849609375
0 0.12939453125 0.32861328125 0.1103515625 0.1103515625
0 0.69970703125 0.4365234375 0.0986328125 0.09765625