0 0.70068359375 0.86572265625 0.1103515625 0.1103515625
0 0.59326171875 0.865234375 0.0986328125 0.09765625
0 0.482421875 0.857421875 0.09765625 0.09765625
0 0.37060546875 0.8642578125 0.0869140625 0.0859375
0 0.26123046875 0.8603515625 0.0986328125 0.09765625
0 0.15576171875 0.85986328125 0.1103515625 0.1103515625
0 0.75732421875 0.77001953125 0.1103515625 0.1103515625
0 0.654296875 0.7724609375 0.111328125 0.109375
0 0.53955078125 0.7685546875 0.0986328125 0.09765625
0 0.4228515625 0.76708984375 0.111328125 0.1103515625
0 0.3134765625 0.7705078125 0.09765625 0.09765625
0 0.19384765625 0.77197265625 0.1103515625 0.1103515625
0 0.09912109375 0.7734375 0.1103515625 0.109375
0 0.58154296875 0.67578125 0.1103515625 0.109375
0 0.4931640625 0.6728515625 0.09765625 0.09765625
0 0.4072265625 0.67822265625 0.111328125 0.1103515625
0 0.29248046875 0.68310546875 0.1103515625 0.1103515625
0 0.16259765625 0.6650390625 0.1103515625 0.109375
0 0.09765625 0.57177734375 0.111328125 0.1103515625
0 0.2109375 0.578125 0.111328125 0.109375
0 0.31005859375 0.583984375 0.0986328125 0.09765625
0 0.771484375 0.59716796875 0.111328125 0.1103515625
0 0.67138671875 0.5888671875 0.1103515625 0.109375
0 0.52685546875 0.5888671875 0.1103515625 0.109375
0 0.43701171875 0.5849609375 0.0986328125 0.09765625
0 0.71337890625 0.4794921875 0.1103515625 0.109375
0 0.4853515625 0.48828125 0.09765625 0.09765625
0 0.37890625 0.4892578125 0.09765625 0.09765625
0 0.265625 0.4892578125 0.09765625 0.09765625
0 0.15234375 0.4853515625 0.09765625 0.09765625
0 0.75634765625 0.390625 0.0986328125 0.09765625
0 0.52197265625 0.3251953125 0.0498046875 0.048828125
0 0.66259765625 0.39013671875 0.1103515625 0.1103515625
0 0.3046875 0.3935546875 0.09765625 0.09765625
0 0.21533203125 0.39111328125 0.1103515625 0.1103515625
0 0.09423828125 0.390625 0.0986328125 0.09765625
0 0.05126953125 0.2939453125 0.0986328125 0.09765625
0 0.1708984375 0.2978515625 0.0859375 0.0859375
0 0.27001953125 0.2978515625 0.1103515625 0.109375
0 0.33349609375 0.2099609375 0.0986328125 0.09765625
0 0.18896484375 0.22265625 0.1103515625 0.109375
0 0.09326171875 0.2099609375 0.1103515625 0.109375
0 0.15771484375 0.1103515625 0.1103515625 0.109375
0 0.255859375 0.11181640625 0.0859375 0.0849609375
0 0.7216796875 0.1162109375 0.0859375 0.0859375
0 0.625 0.1181640625 0.09765625 0.09765625
0 0.3779296875 0.109375 0.09765625 0.09765625
0 0.81591796875 0.8544921875 0.1103515625 0.109375
0 0.876953125 0.7705078125 0.111328125 0.109375
0 0.8642578125 0.58837890625 0.111328125 0.1103515625
0 0.8212890625 0.4873046875 0.111328125 0.109375
0 0.9267578125 0.48876953125 0.111328125 0.1103515625
0 0.78515625 0.2109375 0.0859375 0.0859375
0 0.82861328125 0.11376953125 0.1103515625 0.1103515625
0 0.93359375 0.1181640625 0.09765625 0.09765625
0 0.875 0.20849609375 0.0859375 0.0849609375
0 0.87353515625 0.4091796875 0.0986328125 0.09765625