0 0.47998046875 0.61279296875 0.0615234375 0.0615234375
0 0.20849609375 0.65966796875 0.0615234375 0.0615234375
0 0.40234375 0.76416015625 0.060546875 0.0615234375
0 0.76806640625 0.6787109375 0.0732421875 0.07421875
0 0.48388671875 0.7197265625 0.0732421875 0.07421875
0 0.94287109375 0.0986328125 0.0732421875 0.07421875
0 0.94482421875 0.1845703125 0.0732421875 0.07421875
0 0.86474609375 0.15185546875 0.0732421875 0.0732421875
0 0.86279296875 0.24951171875 0.0732421875 0.0732421875
0 0.96044921875 0.673828125 0.0361328125 0.037109375
0 0.86328125 0.84130859375 0.048828125 0.0498046875
0 0.767578125 0.8828125 0.048828125 0.048828125
0 0.7626953125 0.79296875 0.048828125 0.048828125
0 0.6865234375 0.73681640625 0.060546875 0.0615234375
0 0.58447265625 0.77197265625 0.0361328125 0.0361328125
0 0.85986328125 0.73095703125 0.0615234375 0.0615234375
0 0.68017578125 0.6181640625 0.0849609375 0.0859375
0 0.58203125 0.6611328125 0.0859375 0.0859375
0 0.3984375 0.6650390625 0.048828125 0.048828125
0 0.6796875 0.9462890625 0.09765625 0.09765625
0 0.68896484375 0.828125 0.0849609375 0.0859375
0 0.58837890625 0.8720703125 0.1103515625 0.111328125
0 0.490234375 0.82421875 0.0859375 0.0859375
0 0.4921875 0.94482421875 0.09765625 0.0986328125
0 0.40234375 0.87939453125 0.109375 0.1103515625
0 0.30908203125 0.83251953125 0.1103515625 0.1103515625
0 0.30126953125 0.71826171875 0.1103515625 0.1103515625
0 0.2998046875 0.935546875 0.109375 0.111328125
0 0.20947265625 0.76220703125 0.1103515625 0.1103515625
0 0.20947265625 0.876953125 0.1103515625 0.111328125
0 0.1181640625 0.70361328125 0.109375 0.1103515625
0 0.115234375 0.810546875 0.109375 0.111328125
0 0.1162109375 0.9169921875 0.09765625 0.09765625
0 0.92822265625 0.28369140625 0.0615234375 0.0615234375
0 0.681640625 0.2373046875 0.0859375 0.0859375
0 0.77734375 0.08447265625 0.09765625 0.0986328125
0 0.76416015625 0.205078125 0.0849609375 0.0859375
0 0.68701171875 0.13232421875 0.1103515625 0.1103515625
0 0.5888671875 0.080078125 0.109375 0.111328125
0 0.58984375 0.18701171875 0.09765625 0.0986328125
0 0.58447265625 0.294921875 0.0849609375 0.0859375
0 0.50830078125 0.25048828125 0.0849609375 0.0869140625
0 0.498046875 0.1455078125 0.0859375 0.0859375
0 0.396484375 0.08251953125 0.09765625 0.0986328125
0 0.3935546875 0.19970703125 0.109375 0.1103515625
0 0.4052734375 0.3037109375 0.09765625 0.09765625
0 0.21240234375 0.0849609375 0.0849609375 0.0859375
0 0.302734375 0.12158203125 0.09765625 0.0986328125
0 0.30810546875 0.240234375 0.0849609375 0.0859375
0 0.21875 0.2861328125 0.0859375 0.0859375
0 0.2138671875 0.1865234375 0.09765625 0.09765625
0 0.12060546875 0.2412109375 0.0849609375 0.0859375
0 0.1181640625 0.13818359375 0.09765625 0.0986328125