0 0.95751953125 0.89306640625 0.0732421875 0.0732421875
0 0.7412109375 0.89990234375 0.07421875 0.0732421875
0 0.51220703125 0.32958984375 0.0732421875 0.0732421875
0 0.103515625 0.23681640625 0.07421875 0.0732421875
0 0.5849609375 0.42236328125 0.07421875 0.0732421875
0 0.74267578125 0.12646484375 0.0732421875 0.0732421875
0 0.78662109375 0.24462890625 0.0615234375 0.0615234375
0 0.412109375 0.13818359375 0.111328125 0.1103515625
0 0.38720703125 0.228515625 0.1103515625 0.109375
0 0.4833984375 0.236328125 0.09765625 0.09765625
0 0.41064453125 0.33203125 0.0986328125 0.09765625
0 0.6396484375 0.32421875 0.09765625 0.09765625
0 0.62109375 0.1318359375 0.0859375 0.0859375
0 0.8671875 0.130859375 0.09765625 0.09765625
0 0.91845703125 0.0556640625 0.0986328125 0.09765625
0 0.87744140625 0.24755859375 0.0732421875 0.0732421875
0 0.3544921875 0.4189453125 0.09765625 0.09765625
0 0.462890625 0.427734375 0.0859375 0.0859375
0 0.69140625 0.416015625 0.09765625 0.09765625
0 0.6533203125 0.5146484375 0.0859375 0.0859375
0 0.74560546875 0.51220703125 0.1103515625 0.1103515625
0 0.85791015625 0.51953125 0.0986328125 0.09765625
0 0.35400390625 0.60546875 0.0986328125 0.09765625
0 0.46875 0.6123046875 0.0859375 0.0859375
0 0.57421875 0.60986328125 0.0859375 0.0849609375
0 0.69091796875 0.60888671875 0.1103515625 0.1103515625
0 0.79931640625 0.60498046875 0.1103515625 0.1103515625
0 0.90869140625 0.6064453125 0.1103515625 0.109375
0 0.3203125 0.701171875 0.09765625 0.09765625
0 0.41162109375 0.6962890625 0.0986328125 0.09765625
0 0.515625 0.7109375 0.09765625 0.09765625
0 0.64306640625 0.7099609375 0.0986328125 0.09765625
0 0.75244140625 0.71484375 0.0986328125 0.09765625
0 0.85791015625 0.71875 0.0986328125 0.09765625
0 0.3671875 0.79443359375 0.111328125 0.1103515625
0 0.4921875 0.79052734375 0.123046875 0.1220703125
0 0.59765625 0.79736328125 0.0859375 0.0849609375
0 0.71484375 0.814453125 0.0859375 0.0859375
0 0.80029296875 0.81201171875 0.0869140625 0.0849609375
0 0.908203125 0.8056640625 0.09765625 0.09765625
0 0.31591796875 0.89013671875 0.1103515625 0.1103515625
0 0.42529296875 0.88623046875 0.1103515625 0.1103515625
0 0.53759765625 0.888671875 0.0986328125 0.09765625
0 0.63623046875 0.88671875 0.0986328125 0.09765625
0 0.0537109375 0.31201171875 0.0859375 0.0849609375
0 0.1650390625 0.1337890625 0.0859375 0.0859375
0 0.0576171875 0.13623046875 0.0859375 0.0849609375
0 0.31396484375 0.1376953125 0.0986328125 0.09765625
0 0.29345703125 0.2294921875 0.1103515625 0.109375
0 0.31005859375 0.32666015625 0.1103515625 0.1103515625
0 0.2421875 0.4208984375 0.09765625 0.09765625
0 0.09033203125 0.5126953125 0.0986328125 0.09765625
0 0.14453125 0.6083984375 0.09765625 0.09765625
0 0.2431640625 0.61328125 0.0859375 0.0859375
0 0.08984375 0.697265625 0.111328125 0.109375
0 0.20166015625 0.70263671875 0.1103515625 0.1103515625
0 0.0615234375 0.79638671875 0.0859375 0.0849609375
0 0.1640625 0.79150390625 0.0859375 0.0849609375
0 0.20947265625 0.8857421875 0.0986328125 0.09765625
0 0.1025390625 0.89111328125 0.111328125 0.1103515625
0 0.27490234375 0.78759765625 0.1103515625 0.1103515625
0 0.84521484375 0.8955078125 0.0986328125 0.09765625