0 0.83984375 0.86865234375 0.109375 0.1103515625
0 0.07568359375 0.10498046875 0.1103515625 0.1103515625
0 0.07861328125 0.21630859375 0.1103515625 0.1103515625
0 0.07958984375 0.31884765625 0.1103515625 0.1103515625
0 0.0751953125 0.43701171875 0.09765625 0.0986328125
0 0.16796875 0.16455078125 0.109375 0.1103515625
0 0.1728515625 0.27392578125 0.09765625 0.0986328125
0 0.17138671875 0.37744140625 0.1103515625 0.1103515625
0 0.2744140625 0.10009765625 0.09765625 0.0986328125
0 0.2705078125 0.20849609375 0.09765625 0.0986328125
0 0.27734375 0.32373046875 0.109375 0.1103515625
0 0.27880859375 0.43505859375 0.1103515625 0.1103515625
0 0.36767578125 0.15771484375 0.1103515625 0.1103515625
0 0.369140625 0.26708984375 0.109375 0.1103515625
0 0.3671875 0.37060546875 0.109375 0.1103515625
0 0.46533203125 0.0986328125 0.1103515625 0.111328125
0 0.46044921875 0.21533203125 0.1103515625 0.1103515625
0 0.46240234375 0.31884765625 0.1103515625 0.1103515625
0 0.45654296875 0.43115234375 0.1103515625 0.1103515625
0 0.55859375 0.15625 0.109375 0.111328125
0 0.5556640625 0.26806640625 0.109375 0.1103515625
0 0.5537109375 0.37646484375 0.09765625 0.0986328125
0 0.5556640625 0.49267578125 0.09765625 0.0986328125
0 0.64990234375 0.09716796875 0.1103515625 0.1103515625
0 0.6484375 0.21875 0.0859375 0.0859375
0 0.6484375 0.3251953125 0.09765625 0.09765625
0 0.6533203125 0.43603515625 0.09765625 0.0986328125
0 0.74462890625 0.15576171875 0.1103515625 0.1103515625
0 0.74365234375 0.2607421875 0.1103515625 0.111328125
0 0.744140625 0.3828125 0.109375 0.111328125
0 0.740234375 0.48876953125 0.109375 0.1103515625
0 0.8388671875 0.09814453125 0.109375 0.1103515625
0 0.83642578125 0.21533203125 0.1103515625 0.1103515625
0 0.83837890625 0.32177734375 0.1103515625 0.1103515625
0 0.83935546875 0.4326171875 0.1103515625 0.111328125
0 0.9267578125 0.14990234375 0.109375 0.1103515625
0 0.92578125 0.26318359375 0.109375 0.1103515625
0 0.93359375 0.37451171875 0.109375 0.1103515625
0 0.93017578125 0.486328125 0.1103515625 0.111328125
0 0.93212890625 0.59375 0.1103515625 0.111328125
0 0.93603515625 0.71142578125 0.1103515625 0.1103515625
0 0.9404296875 0.81591796875 0.109375 0.1103515625
0 0.84228515625 0.5498046875 0.1103515625 0.111328125
0 0.8408203125 0.65478515625 0.09765625 0.0986328125
0 0.837890625 0.76123046875 0.109375 0.1103515625
0 0.7451171875 0.59716796875 0.09765625 0.0986328125
0 0.740234375 0.70849609375 0.109375 0.1103515625
0 0.744140625 0.81298828125 0.109375 0.1103515625
0 0.7470703125 0.92626953125 0.048828125 0.0498046875
0 0.93359375 0.9189453125 0.048828125 0.048828125
0 0.6455078125 0.54150390625 0.109375 0.1103515625
0 0.65087890625 0.65673828125 0.1103515625 0.1103515625
0 0.65087890625 0.76708984375 0.1103515625 0.1103515625
0 0.65380859375 0.87939453125 0.1103515625 0.1103515625
0 0.5556640625 0.59423828125 0.09765625 0.0986328125
0 0.55126953125 0.70458984375 0.1103515625 0.1103515625
0 0.556640625 0.81591796875 0.09765625 0.0986328125
0 0.4619140625 0.54541015625 0.109375 0.1103515625
0 0.458984375 0.65380859375 0.109375 0.1103515625
0 0.4638671875 0.76318359375 0.109375 0.1103515625
0 0.462890625 0.86767578125 0.109375 0.1103515625
0 0.37109375 0.49169921875 0.109375 0.1103515625
0 0.3701171875 0.60009765625 0.09765625 0.0986328125
0 0.37158203125 0.71533203125 0.1103515625 0.1103515625
0 0.36572265625 0.80810546875 0.1103515625 0.1103515625
0 0.36767578125 0.9296875 0.1103515625 0.111328125
0 0.27490234375 0.55419921875 0.1103515625 0.1103515625
0 0.27880859375 0.66748046875 0.1103515625 0.1103515625
0 0.27587890625 0.7744140625 0.1103515625 0.111328125
0 0.27734375 0.8818359375 0.09765625 0.09765625
0 0.16845703125 0.49072265625 0.1103515625 0.1103515625
0 0.17333984375 0.60205078125 0.1103515625 0.1103515625
0 0.173828125 0.7138671875 0.109375 0.111328125
0 0.1728515625 0.814453125 0.09765625 0.09765625
0 0.17578125 0.93408203125 0.109375 0.1103515625
0 0.076171875 0.552734375 0.09765625 0.09765625
0 0.0810546875 0.6640625 0.09765625 0.09765625
0 0.0771484375 0.77490234375 0.109375 0.1103515625
0 0.0810546875 0.88232421875 0.109375 0.1103515625