0 0.42431640625 0.4228515625 0.0732421875 0.07421875
0 0.05029296875 0.0966796875 0.0849609375 0.0859375
0 0.2373046875 0.0908203125 0.0859375 0.0859375
0 0.61328125 0.08984375 0.0859375 0.0859375
0 0.42822265625 0.103515625 0.0849609375 0.0859375
0 0.6142578125 0.197265625 0.0859375 0.0859375
0 0.6103515625 0.3056640625 0.09765625 0.09765625
0 0.61376953125 0.4287109375 0.0849609375 0.0859375
0 0.61474609375 0.5234375 0.0849609375 0.0859375
0 0.61376953125 0.646484375 0.0849609375 0.0859375
0 0.51806640625 0.1416015625 0.0849609375 0.0859375
0 0.517578125 0.2587890625 0.09765625 0.09765625
0 0.51953125 0.3701171875 0.09765625 0.09765625
0 0.5234375 0.4775390625 0.0859375 0.0859375
0 0.517578125 0.5849609375 0.0859375 0.0859375
0 0.42431640625 0.1982421875 0.0849609375 0.0859375
0 0.4248046875 0.3095703125 0.09765625 0.09765625
0 0.4296875 0.53076171875 0.09765625 0.0986328125
0 0.3349609375 0.1455078125 0.0859375 0.0859375
0 0.33203125 0.25732421875 0.09765625 0.0986328125
0 0.3330078125 0.37060546875 0.09765625 0.0986328125
0 0.32958984375 0.4736328125 0.0849609375 0.0859375
0 0.3310546875 0.58935546875 0.09765625 0.0986328125
0 0.240234375 0.19482421875 0.09765625 0.0986328125
0 0.2373046875 0.30908203125 0.09765625 0.0986328125
0 0.236328125 0.41552734375 0.09765625 0.0986328125
0 0.2353515625 0.52978515625 0.09765625 0.0986328125
0 0.2333984375 0.64306640625 0.09765625 0.0986328125
0 0.13916015625 0.1484375 0.0849609375 0.0859375
0 0.14208984375 0.2607421875 0.0849609375 0.0859375
0 0.138671875 0.36767578125 0.09765625 0.0986328125
0 0.1435546875 0.47802734375 0.09765625 0.0986328125
0 0.1396484375 0.5927734375 0.0859375 0.0859375
0 0.05078125 0.20263671875 0.09765625 0.0986328125
0 0.04736328125 0.650390625 0.0849609375 0.0859375
0 0.05078125 0.7578125 0.09765625 0.09765625
0 0.04443359375 0.8525390625 0.0849609375 0.0859375
0 0.1396484375 0.703125 0.0859375 0.0859375
0 0.1416015625 0.806640625 0.0859375 0.0859375
0 0.2353515625 0.748046875 0.0859375 0.0859375
0 0.232421875 0.85546875 0.0859375 0.0859375
0 0.33642578125 0.6962890625 0.0849609375 0.0859375
0 0.328125 0.79736328125 0.09765625 0.0986328125
0 0.427734375 0.64892578125 0.09765625 0.0986328125
0 0.42578125 0.75048828125 0.09765625 0.0986328125
0 0.517578125 0.693359375 0.0859375 0.0859375
0 0.5224609375 0.80322265625 0.09765625 0.0986328125
0 0.6201171875 0.7548828125 0.0859375 0.0859375