0 0.75390625 0.14306640625 0.07421875 0.0732421875
0 0.8134765625 0.23095703125 0.07421875 0.0732421875
0 0.36572265625 0.53369140625 0.0732421875 0.0732421875
0 0.408203125 0.43896484375 0.07421875 0.0732421875
0 0.85107421875 0.9013671875 0.1103515625 0.109375
0 0.74365234375 0.9033203125 0.0986328125 0.09765625
0 0.63916015625 0.9072265625 0.0986328125 0.09765625
0 0.91650390625 0.8115234375 0.0986328125 0.09765625
0 0.80615234375 0.8125 0.0986328125 0.09765625
0 0.69970703125 0.8125 0.0986328125 0.09765625
0 0.58740234375 0.81494140625 0.0732421875 0.0732421875
0 0.87255859375 0.7138671875 0.0986328125 0.09765625
0 0.74951171875 0.7158203125 0.0986328125 0.09765625
0 0.64013671875 0.7158203125 0.0986328125 0.09765625
0 0.92138671875 0.6240234375 0.0986328125 0.09765625
0 0.81591796875 0.6181640625 0.0986328125 0.09765625
0 0.69677734375 0.619140625 0.0986328125 0.09765625
0 0.5947265625 0.62353515625 0.07421875 0.0732421875
0 0.86572265625 0.52734375 0.0986328125 0.09765625
0 0.75146484375 0.5263671875 0.0986328125 0.09765625
0 0.646484375 0.5263671875 0.0859375 0.0859375
0 0.92236328125 0.427734375 0.0986328125 0.09765625
0 0.80908203125 0.4267578125 0.0986328125 0.09765625
0 0.705078125 0.43310546875 0.0859375 0.0849609375
0 0.59765625 0.4296875 0.09765625 0.09765625
0 0.8701171875 0.32958984375 0.0859375 0.0849609375
0 0.7607421875 0.33154296875 0.0859375 0.0849609375
0 0.646484375 0.337890625 0.09765625 0.09765625
0 0.919921875 0.23681640625 0.0859375 0.0849609375
0 0.70703125 0.23779296875 0.07421875 0.0732421875
0 0.60302734375 0.2333984375 0.0615234375 0.060546875
0 0.8701171875 0.1494140625 0.0859375 0.0859375
0 0.9287109375 0.0546875 0.0859375 0.0859375
0 0.828125 0.0546875 0.09765625 0.09765625
0 0.6669921875 0.14404296875 0.07421875 0.0732421875
0 0.712890625 0.05078125 0.09765625 0.09765625
0 0.619140625 0.04443359375 0.07421875 0.0732421875
0 0.41650390625 0.05078125 0.0986328125 0.09765625
0 0.19677734375 0.0556640625 0.1103515625 0.109375
0 0.4443359375 0.14697265625 0.0859375 0.0849609375
0 0.361328125 0.1474609375 0.09765625 0.09765625
0 0.2412109375 0.14599609375 0.123046875 0.1220703125
0 0.14501953125 0.15234375 0.1103515625 0.109375
0 0.4189453125 0.23876953125 0.0859375 0.0849609375
0 0.306640625 0.24072265625 0.123046875 0.1220703125
0 0.0927734375 0.2529296875 0.0859375 0.0859375
0 0.35546875 0.3330078125 0.09765625 0.09765625
0 0.2490234375 0.34130859375 0.123046875 0.1220703125
0 0.1396484375 0.34130859375 0.111328125 0.1103515625
0 0.31298828125 0.4287109375 0.1103515625 0.109375
0 0.2001953125 0.43359375 0.111328125 0.109375
0 0.087890625 0.43310546875 0.123046875 0.1220703125
0 0.25537109375 0.52880859375 0.1103515625 0.1103515625
0 0.14453125 0.53173828125 0.123046875 0.1220703125
0 0.41650390625 0.62646484375 0.0615234375 0.0615234375
0 0.31005859375 0.625 0.0986328125 0.09765625
0 0.19775390625 0.6240234375 0.0986328125 0.09765625
0 0.1044921875 0.630859375 0.09765625 0.09765625
0 0.36767578125 0.724609375 0.0986328125 0.09765625
0 0.24951171875 0.71875 0.0986328125 0.09765625
0 0.1533203125 0.71826171875 0.123046875 0.1220703125
0 0.41845703125 0.8212890625 0.0615234375 0.060546875
0 0.31201171875 0.8134765625 0.0986328125 0.09765625
0 0.20263671875 0.8134765625 0.0986328125 0.09765625
0 0.0859375 0.81591796875 0.123046875 0.1220703125
0 0.3642578125 0.91064453125 0.0859375 0.0849609375
0 0.25634765625 0.90625 0.0986328125 0.09765625
0 0.14208984375 0.90966796875 0.1220703125 0.1220703125