0 0.9453125 0.89609375 0.096875 0.0984375
0 0.8578125 0.73046875 0.084375 0.0859375
0 0.853125 0.83984375 0.096875 0.0984375
0 0.7625 0.67734375 0.084375 0.0859375
0 0.75625 0.7890625 0.096875 0.096875
0 0.753125 0.89296875 0.096875 0.0984375
0 0.6640625 0.9421875 0.096875 0.096875
0 0.6546875 0.834375 0.109375 0.109375
0 0.659375 0.725 0.109375 0.109375
0 0.5625 0.6796875 0.096875 0.096875
0 0.55625 0.78515625 0.096875 0.0984375
0 0.5578125 0.89453125 0.096875 0.0984375
0 0.4671875 0.7328125 0.109375 0.109375
0 0.465625 0.83984375 0.096875 0.0984375
0 0.3703125 0.675 0.109375 0.109375
0 0.3734375 0.77890625 0.109375 0.1109375
0 0.36875 0.89453125 0.096875 0.0984375
0 0.2765625 0.8515625 0.109375 0.109375
0 0.2734375 0.9390625 0.096875 0.096875
0 0.1984375 0.66171875 0.109375 0.1109375
0 0.1890625 0.7609375 0.109375 0.109375
0 0.1890625 0.90625 0.109375 0.109375
0 0.0796875 0.71875 0.109375 0.109375
0 0.0890625 0.946875 0.096875 0.096875
0 0.85625 0.15625 0.109375 0.109375
0 0.85625 0.07109375 0.096875 0.0984375
0 0.75625 0.13125 0.109375 0.109375
0 0.946875 0.38359375 0.096875 0.0984375
0 0.85625 0.41875 0.109375 0.109375
0 0.8578125 0.51484375 0.096875 0.0984375
0 0.859375 0.6046875 0.109375 0.109375
0 0.7546875 0.56875 0.109375 0.109375
0 0.6578125 0.615625 0.109375 0.109375
0 0.5625 0.5734375 0.109375 0.109375
0 0.4546875 0.6171875 0.109375 0.109375
0 0.46875 0.2859375 0.096875 0.096875
0 0.665625 0.07265625 0.096875 0.0984375
0 0.6625 0.1859375 0.071875 0.071875
0 0.5640625 0.1265625 0.109375 0.109375
0 0.565625 0.240625 0.109375 0.109375
0 0.465625 0.0625 0.096875 0.096875
0 0.4734375 0.17734375 0.109375 0.1109375
0 0.378125 0.10078125 0.096875 0.0984375
0 0.375 0.2296875 0.109375 0.109375
0 0.375 0.35625 0.096875 0.096875
0 0.371875 0.55703125 0.109375 0.1109375
0 0.2875 0.41015625 0.096875 0.0984375
0 0.284375 0.29921875 0.109375 0.1109375
0 0.284375 0.175 0.109375 0.109375
0 0.28125 0.0640625 0.109375 0.109375
0 0.2 0.11796875 0.096875 0.0984375
0 0.203125 0.21171875 0.096875 0.0984375
0 0.2 0.35 0.109375 0.109375
0 0.203125 0.4609375 0.109375 0.109375
0 0.1890625 0.56953125 0.109375 0.1109375
0 0.0875 0.61171875 0.109375 0.1109375
0 0.0890625 0.50703125 0.109375 0.1109375
0 0.0890625 0.39140625 0.084375 0.0859375
0 0.0953125 0.16796875 0.096875 0.0984375
0 0.0984375 0.06796875 0.109375 0.1109375