0 0.40869140625 0.79248046875 0.0732421875 0.0732421875
0 0.12939453125 0.177734375 0.1103515625 0.111328125
0 0.12255859375 0.28662109375 0.1103515625 0.1103515625
0 0.220703125 0.337890625 0.09765625 0.09765625
0 0.224609375 0.22705078125 0.09765625 0.0986328125
0 0.224609375 0.11279296875 0.09765625 0.0986328125
0 0.3115234375 0.06103515625 0.109375 0.1103515625
0 0.306640625 0.17529296875 0.09765625 0.0986328125
0 0.3115234375 0.28173828125 0.09765625 0.0986328125
0 0.40185546875 0.3447265625 0.0849609375 0.0859375
0 0.4072265625 0.2158203125 0.0859375 0.0859375
0 0.4072265625 0.10546875 0.0859375 0.0859375
0 0.5 0.2822265625 0.0859375 0.0859375
0 0.5166015625 0.17138671875 0.09765625 0.0986328125
0 0.5107421875 0.06103515625 0.109375 0.1103515625
0 0.5966796875 0.11962890625 0.09765625 0.0986328125
0 0.58935546875 0.22998046875 0.1103515625 0.1103515625
0 0.587890625 0.34326171875 0.09765625 0.0986328125
0 0.6884765625 0.27587890625 0.09765625 0.0986328125
0 0.6982421875 0.17822265625 0.09765625 0.0986328125
0 0.6953125 0.06103515625 0.109375 0.1103515625
0 0.787109375 0.12255859375 0.09765625 0.0986328125
0 0.7802734375 0.2265625 0.09765625 0.09765625
0 0.7841796875 0.32666015625 0.109375 0.1103515625
0 0.8828125 0.28369140625 0.09765625 0.0986328125
0 0.8828125 0.17333984375 0.109375 0.1103515625
0 0.88134765625 0.07177734375 0.1103515625 0.1103515625
0 0.59375 0.87744140625 0.0859375 0.0869140625
0 0.59375 0.7666015625 0.0859375 0.0859375
0 0.50048828125 0.8212890625 0.0732421875 0.07421875
0 0.50439453125 0.9267578125 0.0732421875 0.07421875
0 0.30810546875 0.828125 0.0849609375 0.0859375
0 0.1181640625 0.94091796875 0.109375 0.1103515625
0 0.11669921875 0.830078125 0.1103515625 0.111328125
0 0.21484375 0.787109375 0.09765625 0.09765625
0 0.2060546875 0.89013671875 0.109375 0.1103515625
0 0.306640625 0.93017578125 0.109375 0.1103515625
0 0.40478515625 0.890625 0.0849609375 0.0859375
0 0.8818359375 0.92578125 0.09765625 0.09765625
0 0.876953125 0.82421875 0.109375 0.111328125
0 0.78125 0.77734375 0.109375 0.111328125
0 0.78662109375 0.88525390625 0.1103515625 0.1103515625
0 0.68701171875 0.8330078125 0.0849609375 0.0859375
0 0.8828125 0.3994140625 0.09765625 0.09765625
0 0.8828125 0.513671875 0.09765625 0.09765625
0 0.875 0.6240234375 0.09765625 0.09765625
0 0.87451171875 0.72509765625 0.1103515625 0.1103515625
0 0.7861328125 0.67431640625 0.09765625 0.0986328125
0 0.78369140625 0.56201171875 0.1103515625 0.1103515625
0 0.78369140625 0.439453125 0.1103515625 0.111328125
0 0.6923828125 0.50390625 0.0859375 0.0859375
0 0.689453125 0.3701171875 0.09765625 0.09765625
0 0.5966796875 0.44775390625 0.109375 0.1103515625
0 0.595703125 0.57080078125 0.09765625 0.0986328125
0 0.59521484375 0.66552734375 0.0849609375 0.0869140625
0 0.50634765625 0.7373046875 0.0849609375 0.0859375
0 0.50048828125 0.61376953125 0.1103515625 0.1103515625
0 0.50146484375 0.50439453125 0.1103515625 0.1103515625
0 0.501953125 0.39404296875 0.09765625 0.0986328125
0 0.40234375 0.45263671875 0.09765625 0.0986328125
0 0.404296875 0.56298828125 0.09765625 0.0986328125
0 0.4033203125 0.6669921875 0.0859375 0.0859375
0 0.3056640625 0.72509765625 0.109375 0.1103515625
0 0.30859375 0.62060546875 0.09765625 0.0986328125
0 0.30859375 0.5029296875 0.0859375 0.0859375
0 0.3076171875 0.396484375 0.0859375 0.0859375
0 0.216796875 0.44287109375 0.09765625 0.0986328125
0 0.2138671875 0.55029296875 0.09765625 0.0986328125
0 0.2197265625 0.65625 0.09765625 0.09765625
0 0.126953125 0.7080078125 0.109375 0.111328125
0 0.12548828125 0.607421875 0.1103515625 0.111328125
0 0.11962890625 0.51708984375 0.1103515625 0.1103515625
0 0.12548828125 0.39111328125 0.1103515625 0.1103515625
0 0.6923828125 0.62646484375 0.109375 0.1103515625
0 0.6875 0.71728515625 0.109375 0.1103515625