0 0.96142578125 0.1513671875 0.0732421875 0.07421875
0 0.77099609375 0.728515625 0.0732421875 0.07421875
0 0.77490234375 0.37841796875 0.0732421875 0.0732421875
0 0.87060546875 0.55810546875 0.0732421875 0.0732421875
0 0.9501953125 0.822265625 0.0859375 0.0859375
0 0.6708984375 0.66845703125 0.09765625 0.0986328125
0 0.66845703125 0.78466796875 0.1103515625 0.1103515625
0 0.5703125 0.83154296875 0.09765625 0.0986328125
0 0.57958984375 0.72314453125 0.1103515625 0.1103515625
0 0.4814453125 0.76611328125 0.109375 0.1103515625
0 0.3935546875 0.7138671875 0.0859375 0.0859375
0 0.3828125 0.818359375 0.0859375 0.0859375
0 0.38671875 0.943359375 0.0859375 0.0859375
0 0.48095703125 0.8779296875 0.0849609375 0.0859375
0 0.5751953125 0.9482421875 0.0859375 0.0859375
0 0.673828125 0.8955078125 0.0859375 0.0859375
0 0.85986328125 0.7705078125 0.0849609375 0.0859375
0 0.8583984375 0.896484375 0.0859375 0.0859375
0 0.77294921875 0.841796875 0.0849609375 0.0859375
0 0.2939453125 0.66455078125 0.09765625 0.0986328125
0 0.2978515625 0.7802734375 0.0859375 0.0859375
0 0.2958984375 0.88818359375 0.09765625 0.0986328125
0 0.203125 0.7294921875 0.09765625 0.09765625
0 0.2041015625 0.83203125 0.09765625 0.09765625
0 0.20458984375 0.9423828125 0.0849609375 0.0859375
0 0.11669921875 0.68017578125 0.1103515625 0.1103515625
0 0.1103515625 0.79443359375 0.09765625 0.0986328125
0 0.1064453125 0.90380859375 0.09765625 0.0986328125
0 0.96240234375 0.6142578125 0.0732421875 0.07421875
0 0.77783203125 0.0390625 0.0732421875 0.07421875
0 0.10986328125 0.1279296875 0.0849609375 0.0859375
0 0.107421875 0.2373046875 0.09765625 0.09765625
0 0.1171875 0.35302734375 0.09765625 0.0986328125
0 0.1103515625 0.46533203125 0.09765625 0.0986328125
0 0.1142578125 0.57177734375 0.09765625 0.0986328125
0 0.2060546875 0.61376953125 0.09765625 0.0986328125
0 0.212890625 0.5029296875 0.09765625 0.09765625
0 0.205078125 0.39501953125 0.09765625 0.0986328125
0 0.2080078125 0.2841796875 0.09765625 0.09765625
0 0.20703125 0.17138671875 0.09765625 0.0986328125
0 0.21484375 0.060546875 0.09765625 0.09765625
0 0.30078125 0.10986328125 0.09765625 0.0986328125
0 0.2998046875 0.224609375 0.09765625 0.09765625
0 0.2958984375 0.34033203125 0.09765625 0.0986328125
0 0.29931640625 0.4453125 0.0849609375 0.0859375
0 0.298828125 0.54736328125 0.09765625 0.0986328125
0 0.39501953125 0.59814453125 0.1103515625 0.1103515625
0 0.3935546875 0.48974609375 0.109375 0.1103515625
0 0.388671875 0.38232421875 0.109375 0.1103515625
0 0.39501953125 0.28076171875 0.1103515625 0.1103515625
0 0.39404296875 0.16748046875 0.1103515625 0.1103515625
0 0.4921875 0.1064453125 0.109375 0.111328125
0 0.484375 0.21826171875 0.109375 0.1103515625
0 0.48681640625 0.3232421875 0.0849609375 0.0859375
0 0.4892578125 0.4130859375 0.0859375 0.0859375
0 0.484375 0.54638671875 0.09765625 0.0986328125
0 0.5849609375 0.611328125 0.109375 0.111328125
0 0.4853515625 0.658203125 0.0859375 0.0859375
0 0.5810546875 0.486328125 0.0859375 0.0859375
0 0.5810546875 0.39404296875 0.09765625 0.0986328125
0 0.580078125 0.27294921875 0.09765625 0.0986328125
0 0.58544921875 0.1689453125 0.0849609375 0.0859375
0 0.6767578125 0.1025390625 0.09765625 0.09765625
0 0.6796875 0.23779296875 0.09765625 0.0986328125
0 0.677734375 0.32666015625 0.09765625 0.0986328125
0 0.6689453125 0.44384765625 0.109375 0.1103515625
0 0.669921875 0.55517578125 0.109375 0.1103515625
0 0.76953125 0.6162109375 0.0859375 0.0859375
0 0.7763671875 0.5009765625 0.0859375 0.0859375
0 0.77392578125 0.2734375 0.0849609375 0.0859375
0 0.7685546875 0.13818359375 0.09765625 0.0986328125
0 0.86572265625 0.1953125 0.0849609375 0.0859375
0 0.865234375 0.32666015625 0.09765625 0.0986328125
0 0.8662109375 0.4423828125 0.09765625 0.09765625