0 0.12939453125 0.0810546875 0.0849609375 0.0859375
0 0.125 0.1884765625 0.0859375 0.0859375
0 0.12841796875 0.2900390625 0.0849609375 0.0859375
0 0.12353515625 0.4013671875 0.0849609375 0.0859375
0 0.12451171875 0.5146484375 0.0849609375 0.0859375
0 0.2236328125 0.130859375 0.09765625 0.09765625
0 0.2197265625 0.24267578125 0.109375 0.1103515625
0 0.2177734375 0.34814453125 0.109375 0.1103515625
0 0.2197265625 0.46337890625 0.09765625 0.0986328125
0 0.21728515625 0.57177734375 0.1103515625 0.1103515625
0 0.31591796875 0.0771484375 0.1103515625 0.111328125
0 0.31982421875 0.1865234375 0.1103515625 0.111328125
0 0.3193359375 0.29833984375 0.109375 0.1103515625
0 0.3154296875 0.40087890625 0.09765625 0.0986328125
0 0.318359375 0.51708984375 0.109375 0.1103515625
0 0.41015625 0.1298828125 0.09765625 0.09765625
0 0.4130859375 0.23828125 0.09765625 0.09765625
0 0.41455078125 0.3466796875 0.1103515625 0.111328125
0 0.4150390625 0.45654296875 0.09765625 0.0986328125
0 0.5087890625 0.08154296875 0.09765625 0.0986328125
0 0.5107421875 0.18505859375 0.09765625 0.0986328125
0 0.501953125 0.2978515625 0.109375 0.111328125
0 0.50439453125 0.40234375 0.1103515625 0.111328125
0 0.51220703125 0.4990234375 0.1103515625 0.111328125
0 0.6015625 0.12451171875 0.09765625 0.0986328125
0 0.603515625 0.23974609375 0.109375 0.1103515625
0 0.6005859375 0.3466796875 0.09765625 0.09765625
0 0.6025390625 0.4609375 0.09765625 0.09765625
0 0.693359375 0.07763671875 0.09765625 0.0986328125
0 0.6962890625 0.18310546875 0.09765625 0.0986328125
0 0.69482421875 0.29443359375 0.1103515625 0.1103515625
0 0.6943359375 0.40185546875 0.09765625 0.0986328125
0 0.7900390625 0.13232421875 0.0859375 0.0869140625
0 0.78662109375 0.2431640625 0.0849609375 0.0859375
0 0.78955078125 0.3505859375 0.0849609375 0.0859375
0 0.78955078125 0.458984375 0.0732421875 0.07421875
0 0.8818359375 0.076171875 0.0859375 0.0859375
0 0.87890625 0.1865234375 0.0859375 0.0859375
0 0.88134765625 0.29541015625 0.0732421875 0.0732421875
0 0.88330078125 0.40673828125 0.0732421875 0.0732421875
0 0.8876953125 0.50830078125 0.09765625 0.0986328125
0 0.8818359375 0.62060546875 0.09765625 0.0986328125
0 0.884765625 0.7333984375 0.09765625 0.09765625
0 0.88134765625 0.8525390625 0.0849609375 0.0859375
0 0.7919921875 0.5654296875 0.09765625 0.09765625
0 0.7890625 0.685546875 0.0859375 0.0859375
0 0.79150390625 0.7939453125 0.0732421875 0.07421875
0 0.78955078125 0.90234375 0.0732421875 0.07421875
0 0.6943359375 0.5146484375 0.109375 0.111328125
0 0.693359375 0.6259765625 0.09765625 0.09765625
0 0.697265625 0.7392578125 0.09765625 0.09765625
0 0.69775390625 0.8447265625 0.0849609375 0.0859375
0 0.599609375 0.568359375 0.09765625 0.09765625
0 0.599609375 0.67919921875 0.09765625 0.0986328125
0 0.60205078125 0.7900390625 0.0849609375 0.0859375
0 0.6005859375 0.90185546875 0.09765625 0.0986328125
0 0.50634765625 0.62744140625 0.1103515625 0.1103515625
0 0.50830078125 0.73486328125 0.1103515625 0.1103515625
0 0.5048828125 0.845703125 0.0859375 0.0859375
0 0.408203125 0.56884765625 0.09765625 0.0986328125
0 0.4052734375 0.67822265625 0.09765625 0.0986328125
0 0.4140625 0.79150390625 0.09765625 0.0986328125
0 0.4150390625 0.89892578125 0.09765625 0.0986328125
0 0.3095703125 0.63037109375 0.109375 0.1103515625
0 0.30859375 0.74267578125 0.109375 0.1103515625
0 0.31201171875 0.84521484375 0.1103515625 0.1103515625
0 0.21923828125 0.68310546875 0.1103515625 0.1103515625
0 0.21044921875 0.79345703125 0.1103515625 0.1103515625
0 0.21630859375 0.90771484375 0.1103515625 0.1103515625
0 0.126953125 0.62548828125 0.09765625 0.0986328125
0 0.1298828125 0.7333984375 0.0859375 0.0859375
0 0.119140625 0.8466796875 0.09765625 0.09765625