0 0.4716796875 0.06787109375 0.07421875 0.0732421875
0 0.31982421875 0.9052734375 0.1103515625 0.109375
0 0.3720703125 0.8173828125 0.0859375 0.0859375
0 0.267578125 0.806640625 0.0859375 0.0859375
0 0.142578125 0.810546875 0.0859375 0.0859375
0 0.09375 0.9033203125 0.0859375 0.0859375
0 0.2080078125 0.90478515625 0.0859375 0.0849609375
0 0.42138671875 0.7177734375 0.0986328125 0.09765625
0 0.3056640625 0.7216796875 0.0859375 0.0859375
0 0.19775390625 0.7197265625 0.0986328125 0.09765625
0 0.0888671875 0.71728515625 0.0859375 0.0849609375
0 0.3564453125 0.626953125 0.09765625 0.09765625
0 0.25390625 0.6279296875 0.09765625 0.09765625
0 0.1435546875 0.62841796875 0.0859375 0.0849609375
0 0.40576171875 0.54052734375 0.1103515625 0.1103515625
0 0.29150390625 0.5341796875 0.0986328125 0.09765625
0 0.18212890625 0.5302734375 0.0986328125 0.09765625
0 0.06884765625 0.5302734375 0.0986328125 0.09765625
0 0.4423828125 0.43603515625 0.0859375 0.0849609375
0 0.3359375 0.43310546875 0.0859375 0.0849609375
0 0.2392578125 0.43603515625 0.0859375 0.0849609375
0 0.125 0.43310546875 0.0859375 0.0849609375
0 0.07177734375 0.3505859375 0.1103515625 0.109375
0 0.17724609375 0.349609375 0.0986328125 0.09765625
0 0.28515625 0.34521484375 0.0859375 0.0849609375
0 0.3974609375 0.34423828125 0.0859375 0.0849609375
0 0.4560546875 0.25 0.0859375 0.0859375
0 0.3427734375 0.2509765625 0.0859375 0.0859375
0 0.2333984375 0.24609375 0.09765625 0.09765625
0 0.1162109375 0.255859375 0.111328125 0.109375
0 0.07373046875 0.1513671875 0.1103515625 0.109375
0 0.18408203125 0.1552734375 0.1103515625 0.109375
0 0.2880859375 0.1591796875 0.111328125 0.109375
0 0.41064453125 0.1650390625 0.0986328125 0.09765625
0 0.3583984375 0.0703125 0.0859375 0.0859375
0 0.13330078125 0.06640625 0.0986328125 0.09765625
0 0.25048828125 0.0625 0.0869140625 0.0859375
0 0.8994140625 0.068359375 0.0859375 0.0859375
0 0.78515625 0.06396484375 0.0859375 0.0849609375
0 0.6787109375 0.06298828125 0.0859375 0.0849609375
0 0.5732421875 0.06005859375 0.0859375 0.0849609375
0 0.9501953125 0.1572265625 0.0859375 0.0859375
0 0.8408203125 0.1533203125 0.0859375 0.0859375
0 0.72509765625 0.150390625 0.0986328125 0.09765625
0 0.60302734375 0.1650390625 0.0986328125 0.09765625
0 0.5068359375 0.15966796875 0.111328125 0.1103515625
0 0.88427734375 0.2529296875 0.0986328125 0.09765625
0 0.77734375 0.2490234375 0.0859375 0.0859375
0 0.6728515625 0.24755859375 0.0859375 0.0849609375
0 0.56640625 0.25390625 0.09765625 0.09765625
0 0.51025390625 0.3447265625 0.0986328125 0.09765625
0 0.6162109375 0.34326171875 0.0859375 0.0849609375
0 0.734375 0.3486328125 0.0859375 0.0859375
0 0.83837890625 0.34228515625 0.0869140625 0.0849609375
0 0.94873046875 0.345703125 0.0986328125 0.09765625
0 0.90576171875 0.443359375 0.0986328125 0.09765625
0 0.783203125 0.44140625 0.0859375 0.0859375
0 0.67333984375 0.4423828125 0.0986328125 0.09765625
0 0.57177734375 0.4404296875 0.0986328125 0.09765625
0 0.8486328125 0.53125 0.09765625 0.09765625
0 0.73291015625 0.541015625 0.0986328125 0.09765625
0 0.62060546875 0.5341796875 0.0986328125 0.09765625
0 0.51416015625 0.5380859375 0.0986328125 0.09765625
0 0.47216796875 0.6298828125 0.0986328125 0.09765625
0 0.5830078125 0.63671875 0.09765625 0.09765625
0 0.69091796875 0.62890625 0.0986328125 0.09765625
0 0.8017578125 0.6318359375 0.09765625 0.09765625
0 0.91455078125 0.630859375 0.0986328125 0.09765625
0 0.861328125 0.7236328125 0.09765625 0.09765625
0 0.74560546875 0.7197265625 0.0986328125 0.09765625
0 0.640625 0.72314453125 0.0859375 0.0849609375
0 0.53857421875 0.72265625 0.0986328125 0.09765625
0 0.48779296875 0.81884765625 0.1103515625 0.1103515625
0 0.59619140625 0.8173828125 0.1103515625 0.109375
0 0.70361328125 0.8125 0.1103515625 0.109375
0 0.80517578125 0.81884765625 0.1103515625 0.1103515625
0 0.91845703125 0.81787109375 0.1103515625 0.1103515625
0 0.86767578125 0.908203125 0.1103515625 0.109375
0 0.7626953125 0.91064453125 0.0859375 0.0849609375
0 0.6728515625 0.9130859375 0.0859375 0.0859375
0 0.53955078125 0.908203125 0.0986328125 0.09765625
0 0.427734375 0.9091796875 0.0859375 0.0859375