0 0.91943359375 0.89697265625 0.0732421875 0.0732421875
0 0.703125 0.90380859375 0.07421875 0.0732421875
0 0.47412109375 0.33349609375 0.0732421875 0.0732421875
0 0.0654296875 0.24072265625 0.07421875 0.0732421875
0 0.546875 0.42626953125 0.07421875 0.0732421875
0 0.70458984375 0.13037109375 0.0732421875 0.0732421875
0 0.74853515625 0.24853515625 0.0615234375 0.0615234375
0 0.3740234375 0.14208984375 0.111328125 0.1103515625
0 0.34912109375 0.232421875 0.1103515625 0.109375
0 0.4453125 0.240234375 0.09765625 0.09765625
0 0.37255859375 0.3359375 0.0986328125 0.09765625
0 0.6015625 0.328125 0.09765625 0.09765625
0 0.5830078125 0.1357421875 0.0859375 0.0859375
0 0.8291015625 0.134765625 0.09765625 0.09765625
0 0.92919921875 0.15283203125 0.1103515625 0.1103515625
0 0.88037109375 0.0595703125 0.0986328125 0.09765625
0 0.83935546875 0.25146484375 0.0732421875 0.0732421875
0 0.94482421875 0.2470703125 0.0986328125 0.09765625
0 0.93603515625 0.330078125 0.0986328125 0.09765625
0 0.31640625 0.4228515625 0.09765625 0.09765625
0 0.4248046875 0.431640625 0.0859375 0.0859375
0 0.6533203125 0.419921875 0.09765625 0.09765625
0 0.615234375 0.5185546875 0.0859375 0.0859375
0 0.70751953125 0.51611328125 0.1103515625 0.1103515625
0 0.81982421875 0.5234375 0.0986328125 0.09765625
0 0.96044921875 0.43212890625 0.0732421875 0.0732421875
0 0.31591796875 0.609375 0.0986328125 0.09765625
0 0.4306640625 0.6162109375 0.0859375 0.0859375
0 0.5361328125 0.61376953125 0.0859375 0.0849609375
0 0.65283203125 0.61279296875 0.1103515625 0.1103515625
0 0.76123046875 0.60888671875 0.1103515625 0.1103515625
0 0.87060546875 0.6103515625 0.1103515625 0.109375
0 0.2822265625 0.705078125 0.09765625 0.09765625
0 0.37353515625 0.7001953125 0.0986328125 0.09765625
0 0.4775390625 0.71484375 0.09765625 0.09765625
0 0.60498046875 0.7138671875 0.0986328125 0.09765625
0 0.71435546875 0.71875 0.0986328125 0.09765625
0 0.81982421875 0.72265625 0.0986328125 0.09765625
0 0.9287109375 0.71142578125 0.0859375 0.0849609375
0 0.3291015625 0.79833984375 0.111328125 0.1103515625
0 0.4541015625 0.79443359375 0.123046875 0.1220703125
0 0.5595703125 0.80126953125 0.0859375 0.0849609375
0 0.6767578125 0.818359375 0.0859375 0.0859375
0 0.76220703125 0.81591796875 0.0869140625 0.0849609375
0 0.8701171875 0.8095703125 0.09765625 0.09765625
0 0.27783203125 0.89404296875 0.1103515625 0.1103515625
0 0.38720703125 0.89013671875 0.1103515625 0.1103515625
0 0.49951171875 0.892578125 0.0986328125 0.09765625
0 0.59814453125 0.890625 0.0986328125 0.09765625
0 0.126953125 0.1376953125 0.0859375 0.0859375
0 0.27587890625 0.1416015625 0.0986328125 0.09765625
0 0.25537109375 0.2333984375 0.1103515625 0.109375
0 0.27197265625 0.33056640625 0.1103515625 0.1103515625
0 0.2041015625 0.4248046875 0.09765625 0.09765625
0 0.05224609375 0.5166015625 0.0986328125 0.09765625
0 0.1064453125 0.6123046875 0.09765625 0.09765625
0 0.205078125 0.6171875 0.0859375 0.0859375
0 0.16357421875 0.70654296875 0.1103515625 0.1103515625
0 0.1259765625 0.79541015625 0.0859375 0.0849609375
0 0.17138671875 0.8896484375 0.0986328125 0.09765625
0 0.064453125 0.89501953125 0.111328125 0.1103515625
0 0.23681640625 0.79150390625 0.1103515625 0.1103515625
0 0.80712890625 0.8994140625 0.0986328125 0.09765625