0 0.59814453125 0.90234375 0.0732421875 0.07421875
0 0.68603515625 0.8427734375 0.0732421875 0.07421875
0 0.12060546875 0.0673828125 0.1103515625 0.111328125
0 0.12548828125 0.169921875 0.1103515625 0.111328125
0 0.1279296875 0.2802734375 0.109375 0.111328125
0 0.21533203125 0.1142578125 0.0849609375 0.0859375
0 0.21533203125 0.22265625 0.1103515625 0.111328125
0 0.22119140625 0.345703125 0.1103515625 0.111328125
0 0.3125 0.06396484375 0.09765625 0.0986328125
0 0.3076171875 0.18603515625 0.09765625 0.0986328125
0 0.31103515625 0.2919921875 0.1103515625 0.111328125
0 0.40234375 0.125 0.0859375 0.0859375
0 0.404296875 0.23291015625 0.09765625 0.0986328125
0 0.404296875 0.345703125 0.09765625 0.09765625
0 0.50927734375 0.06396484375 0.1103515625 0.1103515625
0 0.50927734375 0.17529296875 0.1103515625 0.1103515625
0 0.509765625 0.29443359375 0.109375 0.1103515625
0 0.59716796875 0.11767578125 0.1103515625 0.1103515625
0 0.59912109375 0.24072265625 0.1103515625 0.1103515625
0 0.60205078125 0.34814453125 0.1103515625 0.1103515625
0 0.6982421875 0.06884765625 0.109375 0.1103515625
0 0.6923828125 0.17822265625 0.109375 0.1103515625
0 0.6875 0.28857421875 0.109375 0.1103515625
0 0.7890625 0.12255859375 0.109375 0.1103515625
0 0.7919921875 0.23681640625 0.09765625 0.0986328125
0 0.7861328125 0.34716796875 0.109375 0.1103515625
0 0.88525390625 0.07421875 0.1103515625 0.111328125
0 0.88134765625 0.18408203125 0.1103515625 0.1103515625
0 0.88818359375 0.29931640625 0.1103515625 0.1103515625
0 0.8798828125 0.51904296875 0.0859375 0.0869140625
0 0.8818359375 0.62744140625 0.109375 0.1103515625
0 0.8828125 0.73388671875 0.09765625 0.0986328125
0 0.8818359375 0.84716796875 0.09765625 0.0986328125
0 0.88818359375 0.951171875 0.0849609375 0.0859375
0 0.783203125 0.56787109375 0.109375 0.1103515625
0 0.7880859375 0.67919921875 0.09765625 0.0986328125
0 0.78466796875 0.7861328125 0.0849609375 0.0859375
0 0.78662109375 0.8955078125 0.0849609375 0.0859375
0 0.6875 0.50537109375 0.09765625 0.0986328125
0 0.68603515625 0.6201171875 0.0849609375 0.0859375
0 0.69189453125 0.736328125 0.0849609375 0.0859375
0 0.69287109375 0.94921875 0.0732421875 0.07421875
0 0.880859375 0.39990234375 0.109375 0.1103515625
0 0.787109375 0.45751953125 0.109375 0.1103515625
0 0.69189453125 0.39990234375 0.1103515625 0.1103515625
0 0.6005859375 0.45751953125 0.09765625 0.0986328125
0 0.599609375 0.56640625 0.09765625 0.09765625
0 0.59765625 0.6748046875 0.09765625 0.09765625
0 0.6044921875 0.7861328125 0.0859375 0.0859375
0 0.50390625 0.3994140625 0.0859375 0.0859375
0 0.21728515625 0.443359375 0.0849609375 0.0859375
0 0.125 0.384765625 0.09765625 0.09765625
0 0.1357421875 0.5244140625 0.109375 0.111328125
0 0.1357421875 0.62841796875 0.09765625 0.0986328125
0 0.1376953125 0.72900390625 0.09765625 0.0986328125
0 0.12744140625 0.84130859375 0.1103515625 0.1103515625
0 0.21875 0.5576171875 0.109375 0.111328125
0 0.2138671875 0.671875 0.0859375 0.0859375
0 0.2158203125 0.7861328125 0.0859375 0.0859375
0 0.30908203125 0.38720703125 0.1103515625 0.1103515625
0 0.30810546875 0.509765625 0.1103515625 0.111328125
0 0.30859375 0.615234375 0.09765625 0.09765625
0 0.3125 0.744140625 0.09765625 0.09765625
0 0.412109375 0.44384765625 0.09765625 0.0986328125
0 0.41357421875 0.5625 0.0849609375 0.0859375
0 0.41455078125 0.677734375 0.0849609375 0.0859375
0 0.40576171875 0.78125 0.0849609375 0.0859375
0 0.51171875 0.50244140625 0.09765625 0.0986328125
0 0.51171875 0.62939453125 0.109375 0.1103515625
0 0.509765625 0.7275390625 0.0859375 0.0859375
0 0.509765625 0.828125 0.09765625 0.09765625
0 0.505859375 0.943359375 0.09765625 0.09765625
0 0.41162109375 0.8974609375 0.0849609375 0.0859375
0 0.3154296875 0.845703125 0.0859375 0.0859375
0 0.21875 0.8955078125 0.0859375 0.0859375
0 0.126953125 0.94580078125 0.09765625 0.0986328125