0 0.94677734375 0.83349609375 0.0732421875 0.0732421875
0 0.94970703125 0.73046875 0.0732421875 0.07421875
0 0.84326171875 0.5224609375 0.0732421875 0.07421875
0 0.19140625 0.0595703125 0.09765625 0.09765625
0 0.38232421875 0.06396484375 0.1103515625 0.1103515625
0 0.55517578125 0.078125 0.1103515625 0.111328125
0 0.76171875 0.06298828125 0.09765625 0.0986328125
0 0.09521484375 0.12353515625 0.1103515625 0.1103515625
0 0.1904296875 0.16552734375 0.109375 0.1103515625
0 0.2978515625 0.12255859375 0.109375 0.1103515625
0 0.2841796875 0.4541015625 0.09765625 0.09765625
0 0.083984375 0.89208984375 0.109375 0.1103515625
0 0.09033203125 0.77783203125 0.1103515625 0.1103515625
0 0.087890625 0.66748046875 0.09765625 0.0986328125
0 0.09033203125 0.55419921875 0.0732421875 0.0732421875
0 0.18359375 0.8505859375 0.0859375 0.0859375
0 0.1884765625 0.73388671875 0.09765625 0.0986328125
0 0.18896484375 0.61279296875 0.1103515625 0.1103515625
0 0.1875 0.49951171875 0.109375 0.1103515625
0 0.2841796875 0.8955078125 0.0859375 0.0859375
0 0.2802734375 0.775390625 0.09765625 0.09765625
0 0.287109375 0.6767578125 0.09765625 0.09765625
0 0.279296875 0.5634765625 0.109375 0.111328125
0 0.3759765625 0.845703125 0.109375 0.111328125
0 0.375 0.7353515625 0.109375 0.111328125
0 0.375 0.64013671875 0.09765625 0.0986328125
0 0.37890625 0.51025390625 0.109375 0.1103515625
0 0.37890625 0.3828125 0.09765625 0.09765625
0 0.3818359375 0.18359375 0.109375 0.111328125
0 0.4658203125 0.32958984375 0.09765625 0.0986328125
0 0.46923828125 0.44140625 0.1103515625 0.111328125
0 0.46826171875 0.56494140625 0.1103515625 0.1103515625
0 0.4716796875 0.67529296875 0.109375 0.1103515625
0 0.4677734375 0.78759765625 0.109375 0.1103515625
0 0.47802734375 0.88330078125 0.1103515625 0.1103515625
0 0.556640625 0.7275390625 0.09765625 0.09765625
0 0.5537109375 0.62255859375 0.09765625 0.0986328125
0 0.5498046875 0.52880859375 0.09765625 0.0986328125
0 0.5537109375 0.38916015625 0.109375 0.1103515625
0 0.5498046875 0.27783203125 0.109375 0.1103515625
0 0.56396484375 0.1708984375 0.1103515625 0.111328125
0 0.6650390625 0.1279296875 0.109375 0.111328125
0 0.66357421875 0.2333984375 0.1103515625 0.111328125
0 0.66357421875 0.349609375 0.0849609375 0.0859375
0 0.658203125 0.57177734375 0.09765625 0.0986328125
0 0.6552734375 0.671875 0.109375 0.111328125
0 0.66162109375 0.77880859375 0.1103515625 0.1103515625
0 0.65771484375 0.8994140625 0.1103515625 0.111328125
0 0.8388671875 0.89990234375 0.09765625 0.0986328125
0 0.955078125 0.6396484375 0.0859375 0.0859375
0 0.94482421875 0.490234375 0.0849609375 0.0859375
0 0.84033203125 0.4453125 0.0849609375 0.0859375
0 0.94140625 0.091796875 0.0859375 0.0859375
0 0.8408203125 0.34423828125 0.09765625 0.0986328125
0 0.9462890625 0.28466796875 0.09765625 0.0986328125
0 0.94384765625 0.181640625 0.0849609375 0.0859375
0 0.94873046875 0.3974609375 0.0849609375 0.0859375
0 0.1806640625 0.951171875 0.0859375 0.0859375
0 0.5537109375 0.9453125 0.09765625 0.09765625
0 0.7431640625 0.18017578125 0.09765625 0.0986328125
0 0.939453125 0.9462890625 0.0859375 0.0859375