0 0.4091796875 0.46728515625 0.109375 0.1103515625
0 0.58935546875 0.5673828125 0.0732421875 0.07421875
0 0.98388671875 0.24658203125 0.0244140625 0.0244140625
0 0.97802734375 0.35986328125 0.0244140625 0.0244140625
0 0.88623046875 0.16845703125 0.0244140625 0.0244140625
0 0.88623046875 0.27880859375 0.0244140625 0.0244140625
0 0.88232421875 0.39404296875 0.0244140625 0.0244140625
0 0.87841796875 0.50341796875 0.0244140625 0.0244140625
0 0.88134765625 0.58544921875 0.0244140625 0.0244140625
0 0.97900390625 0.44677734375 0.0244140625 0.0244140625
0 0.97216796875 0.55419921875 0.0244140625 0.0244140625
0 0.595703125 0.13427734375 0.09765625 0.0986328125
0 0.599609375 0.23779296875 0.109375 0.1103515625
0 0.5908203125 0.3486328125 0.09765625 0.09765625
0 0.595703125 0.4599609375 0.09765625 0.09765625
0 0.498046875 0.189453125 0.0859375 0.0859375
0 0.4990234375 0.302734375 0.09765625 0.09765625
0 0.49462890625 0.40771484375 0.1103515625 0.1103515625
0 0.4951171875 0.51708984375 0.09765625 0.0986328125
0 0.40966796875 0.1259765625 0.1103515625 0.111328125
0 0.40771484375 0.2392578125 0.1103515625 0.111328125
0 0.4072265625 0.3515625 0.09765625 0.09765625
0 0.41162109375 0.57275390625 0.0732421875 0.0732421875
0 0.31005859375 0.078125 0.1103515625 0.111328125
0 0.3095703125 0.181640625 0.109375 0.111328125
0 0.306640625 0.30322265625 0.109375 0.1103515625
0 0.30859375 0.41064453125 0.09765625 0.0986328125
0 0.3125 0.51513671875 0.09765625 0.0986328125
0 0.2119140625 0.12939453125 0.109375 0.1103515625
0 0.216796875 0.23779296875 0.09765625 0.0986328125
0 0.2177734375 0.34814453125 0.09765625 0.0986328125
0 0.2177734375 0.45458984375 0.09765625 0.0986328125
0 0.22021484375 0.56689453125 0.0732421875 0.0732421875
0 0.1181640625 0.07568359375 0.109375 0.1103515625
0 0.11474609375 0.1796875 0.0849609375 0.0859375
0 0.119140625 0.28173828125 0.09765625 0.0986328125
0 0.12109375 0.40478515625 0.09765625 0.0986328125
0 0.12109375 0.51416015625 0.09765625 0.0986328125
0 0.03173828125 0.73779296875 0.0615234375 0.0615234375
0 0.1298828125 0.78662109375 0.09765625 0.0986328125
0 0.1240234375 0.90478515625 0.09765625 0.0986328125
0 0.2265625 0.73583984375 0.060546875 0.0615234375
0 0.21875 0.84228515625 0.09765625 0.0986328125
0 0.31591796875 0.7900390625 0.0849609375 0.0859375
0 0.3115234375 0.89794921875 0.09765625 0.0986328125
0 0.408203125 0.73681640625 0.060546875 0.0615234375
0 0.4111328125 0.84619140625 0.09765625 0.0986328125
0 0.5 0.79296875 0.0859375 0.0859375
0 0.5009765625 0.89697265625 0.09765625 0.0986328125
0 0.59814453125 0.744140625 0.0361328125 0.037109375
0 0.5986328125 0.8427734375 0.09765625 0.09765625
0 0.69384765625 0.8017578125 0.0849609375 0.0859375
0 0.69140625 0.8994140625 0.09765625 0.09765625
0 0.7939453125 0.74853515625 0.060546875 0.0615234375
0 0.7861328125 0.8466796875 0.0859375 0.0859375
0 0.8828125 0.796875 0.0859375 0.0859375
0 0.875 0.90673828125 0.09765625 0.0986328125