0 0.06494140625 0.0859375 0.1103515625 0.111328125
0 0.06640625 0.18994140625 0.109375 0.1103515625
0 0.06103515625 0.30029296875 0.1103515625 0.1103515625
0 0.05859375 0.40087890625 0.09765625 0.0986328125
0 0.06201171875 0.4931640625 0.1103515625 0.111328125
0 0.06591796875 0.6259765625 0.1103515625 0.111328125
0 0.05908203125 0.73486328125 0.1103515625 0.1103515625
0 0.1572265625 0.7861328125 0.09765625 0.09765625
0 0.1611328125 0.67529296875 0.09765625 0.0986328125
0 0.1611328125 0.56103515625 0.09765625 0.0986328125
0 0.15625 0.45263671875 0.109375 0.1103515625
0 0.15673828125 0.34521484375 0.1103515625 0.1103515625
0 0.1591796875 0.22412109375 0.09765625 0.0986328125
0 0.16064453125 0.12646484375 0.0849609375 0.0869140625
0 0.2548828125 0.076171875 0.0859375 0.0859375
0 0.2587890625 0.1826171875 0.09765625 0.09765625
0 0.248046875 0.28759765625 0.09765625 0.0986328125
0 0.251953125 0.39697265625 0.109375 0.1103515625
0 0.248046875 0.50927734375 0.109375 0.1103515625
0 0.2431640625 0.62353515625 0.09765625 0.0986328125
0 0.248046875 0.72998046875 0.09765625 0.0986328125
0 0.33837890625 0.79296875 0.0849609375 0.0859375
0 0.34375 0.6640625 0.0859375 0.0859375
0 0.34375 0.5537109375 0.0859375 0.0859375
0 0.34814453125 0.1357421875 0.1103515625 0.111328125
0 0.34375 0.2294921875 0.09765625 0.09765625
0 0.345703125 0.34765625 0.09765625 0.09765625
0 0.34375 0.44775390625 0.09765625 0.0986328125
0 0.4365234375 0.73046875 0.0859375 0.0859375
0 0.453125 0.61962890625 0.09765625 0.0986328125
0 0.447265625 0.50927734375 0.109375 0.1103515625
0 0.44482421875 0.4013671875 0.0849609375 0.0859375
0 0.4501953125 0.29296875 0.0859375 0.0859375
0 0.455078125 0.1865234375 0.109375 0.111328125
0 0.45556640625 0.08544921875 0.1103515625 0.1103515625
0 0.53662109375 0.1357421875 0.0849609375 0.0859375
0 0.54052734375 0.240234375 0.0849609375 0.0859375
0 0.5341796875 0.36083984375 0.09765625 0.0986328125
0 0.5390625 0.4560546875 0.09765625 0.09765625
0 0.533203125 0.56787109375 0.09765625 0.0986328125
0 0.52587890625 0.67822265625 0.1103515625 0.1103515625
0 0.5244140625 0.79150390625 0.09765625 0.0986328125
0 0.625 0.72412109375 0.09765625 0.0986328125
0 0.634765625 0.62646484375 0.09765625 0.0986328125
0 0.6318359375 0.50927734375 0.109375 0.1103515625
0 0.62939453125 0.41015625 0.0849609375 0.0859375
0 0.630859375 0.28955078125 0.09765625 0.0986328125
0 0.63232421875 0.1767578125 0.0849609375 0.0859375
0 0.634765625 0.07373046875 0.09765625 0.0986328125
0 0.72021484375 0.12939453125 0.1103515625 0.1103515625
0 0.72119140625 0.232421875 0.1103515625 0.111328125
0 0.7275390625 0.341796875 0.109375 0.111328125
0 0.7265625 0.45751953125 0.09765625 0.0986328125
0 0.7236328125 0.57080078125 0.09765625 0.0986328125
0 0.716796875 0.6748046875 0.09765625 0.09765625
0 0.720703125 0.77490234375 0.109375 0.1103515625
0 0.8193359375 0.73193359375 0.09765625 0.0986328125
0 0.8193359375 0.62158203125 0.109375 0.1103515625
0 0.81787109375 0.52001953125 0.1103515625 0.1103515625
0 0.81982421875 0.08544921875 0.1103515625 0.1103515625
0 0.822265625 0.18701171875 0.109375 0.1103515625
0 0.8212890625 0.30419921875 0.09765625 0.0986328125
0 0.8203125 0.40576171875 0.09765625 0.0986328125
0 0.91162109375 0.14013671875 0.1103515625 0.1103515625
0 0.9150390625 0.24462890625 0.09765625 0.0986328125
0 0.912109375 0.341796875 0.09765625 0.09765625
0 0.912109375 0.46142578125 0.09765625 0.0986328125
0 0.91796875 0.56689453125 0.09765625 0.0986328125
0 0.9169921875 0.68896484375 0.09765625 0.0986328125
0 0.91357421875 0.7890625 0.0849609375 0.0859375
0 0.90625 0.8974609375 0.09765625 0.09765625
0 0.8193359375 0.84765625 0.09765625 0.09765625
0 0.72021484375 0.8876953125 0.1103515625 0.111328125
0 0.62890625 0.9521484375 0.0859375 0.0859375
0 0.6259765625 0.818359375 0.09765625 0.09765625
0 0.533203125 0.89599609375 0.109375 0.1103515625
0 0.4384765625 0.84228515625 0.09765625 0.0986328125
0 0.3388671875 0.90087890625 0.09765625 0.0986328125
0 0.2451171875 0.951171875 0.0859375 0.0859375
0 0.244140625 0.8447265625 0.0859375 0.0859375
0 0.1533203125 0.89111328125 0.09765625 0.0986328125
0 0.06201171875 0.83935546875 0.1103515625 0.1103515625