0 0.47607421875 0.271484375 0.0732421875 0.07421875
0 0.3828125 0.21044921875 0.060546875 0.0615234375
0 0.48486328125 0.71142578125 0.0732421875 0.0732421875
0 0.55810546875 0.8623046875 0.0732421875 0.07421875
0 0.67138671875 0.1416015625 0.0732421875 0.07421875
0 0.48193359375 0.9140625 0.0732421875 0.07421875
0 0.47705078125 0.80615234375 0.0732421875 0.0732421875
0 0.3837890625 0.7646484375 0.0859375 0.0859375
0 0.3837890625 0.8798828125 0.0859375 0.0859375
0 0.57275390625 0.7685546875 0.0732421875 0.07421875
0 0.57275390625 0.64892578125 0.0732421875 0.0732421875
0 0.947265625 0.87451171875 0.09765625 0.0986328125
0 0.94189453125 0.767578125 0.1103515625 0.111328125
0 0.9482421875 0.6572265625 0.09765625 0.09765625
0 0.94873046875 0.328125 0.0849609375 0.0859375
0 0.94775390625 0.2158203125 0.0849609375 0.0859375
0 0.853515625 0.1572265625 0.0859375 0.0859375
0 0.8544921875 0.2705078125 0.0859375 0.0859375
0 0.849609375 0.3798828125 0.09765625 0.09765625
0 0.859375 0.4970703125 0.109375 0.111328125
0 0.8544921875 0.59326171875 0.09765625 0.0986328125
0 0.86083984375 0.71435546875 0.1103515625 0.1103515625
0 0.85546875 0.81689453125 0.109375 0.1103515625
0 0.76220703125 0.86865234375 0.1103515625 0.1103515625
0 0.85546875 0.9326171875 0.0859375 0.0859375
0 0.767578125 0.775390625 0.109375 0.111328125
0 0.7548828125 0.65185546875 0.109375 0.1103515625
0 0.7548828125 0.53955078125 0.109375 0.1103515625
0 0.7587890625 0.42919921875 0.109375 0.1103515625
0 0.7626953125 0.3251953125 0.109375 0.111328125
0 0.7685546875 0.20263671875 0.09765625 0.0986328125
0 0.673828125 0.2548828125 0.0859375 0.0859375
0 0.669921875 0.47998046875 0.09765625 0.0986328125
0 0.666015625 0.36279296875 0.0859375 0.0869140625
0 0.57275390625 0.4287109375 0.0849609375 0.0859375
0 0.5703125 0.326171875 0.0859375 0.0859375
0 0.19140625 0.3427734375 0.0859375 0.0859375
0 0.0986328125 0.4853515625 0.0859375 0.0859375
0 0.6630859375 0.6943359375 0.0859375 0.0859375
0 0.66796875 0.814453125 0.0859375 0.0859375
0 0.66552734375 0.5947265625 0.0849609375 0.0859375
0 0.66650390625 0.9208984375 0.0849609375 0.0859375
0 0.5673828125 0.20263671875 0.09765625 0.0986328125
0 0.4833984375 0.169921875 0.09765625 0.09765625
0 0.4775390625 0.380859375 0.09765625 0.09765625
0 0.478515625 0.48388671875 0.09765625 0.0986328125
0 0.48486328125 0.6044921875 0.0849609375 0.0859375
0 0.56982421875 0.537109375 0.0849609375 0.0859375
0 0.390625 0.330078125 0.109375 0.111328125
0 0.38427734375 0.43701171875 0.1103515625 0.1103515625
0 0.38525390625 0.54443359375 0.1103515625 0.1103515625
0 0.38623046875 0.66455078125 0.1103515625 0.1103515625
0 0.2958984375 0.7216796875 0.0859375 0.0859375
0 0.296875 0.8115234375 0.0859375 0.0859375
0 0.30126953125 0.61328125 0.0849609375 0.0859375
0 0.29736328125 0.48193359375 0.1103515625 0.1103515625
0 0.29345703125 0.38037109375 0.1103515625 0.1103515625
0 0.2978515625 0.275390625 0.0859375 0.0859375
0 0.30078125 0.16357421875 0.09765625 0.0986328125
0 0.1953125 0.21923828125 0.09765625 0.0986328125
0 0.19384765625 0.4599609375 0.1103515625 0.111328125
0 0.18994140625 0.57080078125 0.1103515625 0.1103515625
0 0.1923828125 0.67822265625 0.09765625 0.0986328125
0 0.197265625 0.75927734375 0.09765625 0.0986328125
0 0.09814453125 0.8330078125 0.0849609375 0.0859375
0 0.099609375 0.92822265625 0.09765625 0.0986328125
0 0.1962890625 0.87353515625 0.09765625 0.0986328125
0 0.30078125 0.92431640625 0.09765625 0.0986328125
0 0.1015625 0.72509765625 0.09765625 0.0986328125
0 0.0986328125 0.1630859375 0.0859375 0.0859375
0 0.1103515625 0.2646484375 0.09765625 0.09765625
0 0.103515625 0.380859375 0.0859375 0.0859375
0 0.103515625 0.6318359375 0.0859375 0.0859375
0 0.1064453125 0.05224609375 0.09765625 0.0986328125
0 0.1953125 0.10693359375 0.09765625 0.0986328125
0 0.38720703125 0.111328125 0.0849609375 0.0859375
0 0.4853515625 0.07373046875 0.09765625 0.0986328125
0 0.57568359375 0.103515625 0.0849609375 0.0859375
0 0.76318359375 0.1064453125 0.1103515625 0.111328125
0 0.9482421875 0.10302734375 0.09765625 0.0986328125