0 0.19677734375 0.6669921875 0.0732421875 0.07421875
0 0.95556640625 0.4736328125 0.0732421875 0.07421875
0 0.3037109375 0.7685546875 0.0859375 0.0859375
0 0.1025390625 0.50537109375 0.0859375 0.0869140625
0 0.1025390625 0.39453125 0.0859375 0.0859375
0 0.10107421875 0.7109375 0.0849609375 0.0859375
0 0.1005859375 0.84228515625 0.09765625 0.0986328125
0 0.19921875 0.90087890625 0.109375 0.1103515625
0 0.1953125 0.78271484375 0.09765625 0.0986328125
0 0.482421875 0.85546875 0.048828125 0.048828125
0 0.9501953125 0.576171875 0.09765625 0.09765625
0 0.861328125 0.5126953125 0.0859375 0.0859375
0 0.845703125 0.64013671875 0.09765625 0.0986328125
0 0.8515625 0.74951171875 0.09765625 0.0986328125
0 0.84814453125 0.85888671875 0.1103515625 0.1103515625
0 0.759765625 0.89990234375 0.09765625 0.0986328125
0 0.759765625 0.81005859375 0.09765625 0.0986328125
0 0.765625 0.68701171875 0.09765625 0.0986328125
0 0.6650390625 0.41748046875 0.09765625 0.0986328125
0 0.572265625 0.369140625 0.09765625 0.09765625
0 0.57421875 0.46533203125 0.09765625 0.0986328125
0 0.5693359375 0.58251953125 0.109375 0.1103515625
0 0.56640625 0.68798828125 0.109375 0.1103515625
0 0.474609375 0.41162109375 0.09765625 0.0986328125
0 0.4814453125 0.51708984375 0.09765625 0.0986328125
0 0.47607421875 0.62939453125 0.1103515625 0.1103515625
0 0.47314453125 0.74365234375 0.1103515625 0.1103515625
0 0.3818359375 0.6875 0.109375 0.111328125
0 0.390625 0.5537109375 0.09765625 0.09765625
0 0.3857421875 0.4521484375 0.109375 0.111328125
0 0.2900390625 0.4052734375 0.109375 0.111328125
0 0.29541015625 0.51318359375 0.1103515625 0.1103515625
0 0.29248046875 0.65771484375 0.1103515625 0.1103515625
0 0.38671875 0.79443359375 0.109375 0.1103515625
0 0.38671875 0.90234375 0.0859375 0.0859375
0 0.19580078125 0.4609375 0.0849609375 0.0859375
0 0.8544921875 0.07958984375 0.109375 0.1103515625
0 0.8544921875 0.19482421875 0.09765625 0.0986328125
0 0.78125 0.11376953125 0.09765625 0.0986328125
0 0.77587890625 0.2353515625 0.0849609375 0.0859375
0 0.673828125 0.2880859375 0.09765625 0.09765625
0 0.66796875 0.18115234375 0.09765625 0.0986328125
0 0.66796875 0.09521484375 0.09765625 0.0986328125
0 0.5732421875 0.13623046875 0.109375 0.1103515625
0 0.572265625 0.248046875 0.09765625 0.09765625
0 0.486328125 0.2919921875 0.09765625 0.09765625
0 0.478515625 0.0771484375 0.09765625 0.09765625
0 0.4833984375 0.1904296875 0.09765625 0.09765625
0 0.3916015625 0.1416015625 0.09765625 0.09765625
0 0.3837890625 0.251953125 0.09765625 0.09765625
0 0.38330078125 0.35302734375 0.1103515625 0.1103515625
0 0.294921875 0.30224609375 0.09765625 0.0986328125
0 0.29248046875 0.18994140625 0.1103515625 0.1103515625
0 0.29248046875 0.0673828125 0.1103515625 0.111328125
0 0.201171875 0.1318359375 0.0859375 0.0859375
0 0.10546875 0.07568359375 0.109375 0.1103515625
0 0.1044921875 0.19873046875 0.09765625 0.0986328125
0 0.10400390625 0.29345703125 0.0849609375 0.0869140625
0 0.201171875 0.25439453125 0.109375 0.1103515625
0 0.1962890625 0.34521484375 0.109375 0.1103515625