0 0.17138671875 0.18994140625 0.0732421875 0.0732421875
0 0.07861328125 0.2626953125 0.0732421875 0.07421875
0 0.37451171875 0.42041015625 0.0732421875 0.0732421875
0 0.953125 0.27783203125 0.048828125 0.0498046875
0 0.25634765625 0.46435546875 0.0615234375 0.0615234375
0 0.921875 0.74853515625 0.09765625 0.0986328125
0 0.92578125 0.62890625 0.0859375 0.0859375
0 0.92578125 0.52978515625 0.109375 0.1103515625
0 0.837890625 0.46630859375 0.09765625 0.0986328125
0 0.8505859375 0.61083984375 0.109375 0.1103515625
0 0.837890625 0.70654296875 0.109375 0.1103515625
0 0.8232421875 0.8095703125 0.09765625 0.09765625
0 0.7421875 0.76025390625 0.109375 0.1103515625
0 0.73828125 0.64208984375 0.109375 0.1103515625
0 0.73974609375 0.5439453125 0.0849609375 0.0859375
0 0.744140625 0.078125 0.0859375 0.0859375
0 0.74609375 0.1748046875 0.09765625 0.09765625
0 0.7373046875 0.421875 0.09765625 0.09765625
0 0.64404296875 0.3779296875 0.0849609375 0.0859375
0 0.638671875 0.48583984375 0.09765625 0.0986328125
0 0.638671875 0.5869140625 0.09765625 0.09765625
0 0.638671875 0.70263671875 0.109375 0.1103515625
0 0.64013671875 0.80029296875 0.1103515625 0.1103515625
0 0.5419921875 0.75830078125 0.109375 0.1103515625
0 0.54296875 0.64404296875 0.09765625 0.0986328125
0 0.5537109375 0.5283203125 0.109375 0.111328125
0 0.544921875 0.42724609375 0.109375 0.1103515625
0 0.55517578125 0.30224609375 0.1103515625 0.1103515625
0 0.5478515625 0.09765625 0.09765625 0.09765625
0 0.45166015625 0.37353515625 0.1103515625 0.1103515625
0 0.4619140625 0.486328125 0.0859375 0.0859375
0 0.36279296875 0.08984375 0.1103515625 0.111328125
0 0.2724609375 0.06494140625 0.109375 0.1103515625
0 0.2646484375 0.1611328125 0.09765625 0.09765625
0 0.1689453125 0.08837890625 0.09765625 0.0986328125
0 0.1767578125 0.3173828125 0.09765625 0.09765625
0 0.369140625 0.298828125 0.0859375 0.0859375
0 0.3701171875 0.544921875 0.09765625 0.09765625
0 0.35205078125 0.64501953125 0.1103515625 0.1103515625
0 0.34912109375 0.73095703125 0.1103515625 0.1103515625
0 0.4541015625 0.740234375 0.109375 0.111328125
0 0.4453125 0.59619140625 0.09765625 0.0986328125
0 0.25341796875 0.55517578125 0.0732421875 0.0732421875
0 0.2578125 0.66064453125 0.09765625 0.0986328125
0 0.25341796875 0.76904296875 0.1103515625 0.1103515625
0 0.169921875 0.7294921875 0.09765625 0.09765625
0 0.1748046875 0.65185546875 0.09765625 0.0986328125
0 0.0732421875 0.140625 0.0859375 0.0859375
0 0.0849609375 0.369140625 0.09765625 0.09765625
0 0.07275390625 0.67626953125 0.0732421875 0.0732421875
0 0.0791015625 0.77490234375 0.09765625 0.0986328125