0 0.228125 0.21171875 0.071875 0.0734375
0 0.315625 0.15078125 0.071875 0.0734375
0 0.0390625 0.7140625 0.071875 0.071875
0 0.61875 0.5984375 0.071875 0.071875
0 0.5234375 0.55703125 0.071875 0.0734375
0 0.8984375 0.15859375 0.096875 0.0984375
0 0.8984375 0.26484375 0.096875 0.0984375
0 0.9 0.3765625 0.071875 0.071875
0 0.7984375 0.09296875 0.096875 0.0984375
0 0.8015625 0.21484375 0.096875 0.0984375
0 0.8015625 0.32421875 0.096875 0.0984375
0 0.703125 0.14921875 0.096875 0.0984375
0 0.7046875 0.26796875 0.096875 0.0984375
0 0.709375 0.36953125 0.071875 0.0734375
0 0.6125 0.09921875 0.096875 0.0984375
0 0.6109375 0.21328125 0.096875 0.0984375
0 0.61171875 0.31796875 0.0859375 0.0859375
0 0.5125 0.15546875 0.096875 0.0984375
0 0.51875 0.26015625 0.084375 0.0859375
0 0.515625 0.3671875 0.096875 0.096875
0 0.4140625 0.09453125 0.084375 0.0859375
0 0.4171875 0.20390625 0.084375 0.0859375
0 0.4234375 0.3171875 0.096875 0.096875
0 0.321875 0.04453125 0.084375 0.0859375
0 0.3234375 0.25859375 0.071875 0.0734375
0 0.31875 0.36171875 0.059375 0.0609375
0 0.23515625 0.09453125 0.0859375 0.0859375
0 0.140625 0.1359375 0.096875 0.096875
0 0.2296875 0.29765625 0.071875 0.0734375
0 0.1359375 0.2515625 0.096875 0.096875
0 0.1296875 0.34609375 0.071875 0.0734375
0 0.0421875 0.3046875 0.071875 0.071875
0 0.1359375 0.54765625 0.096875 0.0984375
0 0.1390625 0.6546875 0.121875 0.121875
0 0.140625 0.7671875 0.109375 0.109375
0 0.128125 0.88125 0.109375 0.109375
0 0.2328125 0.52109375 0.084375 0.0859375
0 0.2328125 0.603125 0.096875 0.096875
0 0.23125 0.7234375 0.121875 0.121875
0 0.2375 0.81875 0.109375 0.109375
0 0.2421875 0.9359375 0.109375 0.109375
0 0.3234375 0.54609375 0.084375 0.0859375
0 0.3265625 0.6578125 0.121875 0.121875
0 0.33828125 0.87265625 0.0859375 0.0859375
0 0.41875 0.609375 0.096875 0.096875
0 0.4265625 0.715625 0.121875 0.121875
0 0.4265625 0.82578125 0.109375 0.1109375
0 0.425 0.9265625 0.109375 0.109375
0 0.5140625 0.6515625 0.109375 0.109375
0 0.51875 0.76484375 0.109375 0.1109375
0 0.51875 0.8765625 0.121875 0.121875
0 0.6140625 0.709375 0.109375 0.109375
0 0.6171875 0.8203125 0.121875 0.121875
0 0.615625 0.93125 0.121875 0.121875
0 0.71171875 0.54765625 0.0609375 0.0609375
0 0.7109375 0.65546875 0.096875 0.0984375
0 0.709375 0.76640625 0.096875 0.0984375
0 0.715625 0.859375 0.096875 0.096875
0 0.809375 0.59765625 0.096875 0.0984375
0 0.8046875 0.71484375 0.096875 0.0984375
0 0.803125 0.8109375 0.121875 0.121875
0 0.803125 0.9265625 0.121875 0.121875
0 0.90625 0.54609375 0.059375 0.0609375
0 0.8984375 0.65234375 0.096875 0.0984375
0 0.8984375 0.76171875 0.096875 0.0984375
0 0.9015625 0.878125 0.121875 0.121875