0 0.7958984375 0.72900390625 0.09765625 0.0986328125
0 0.7021484375 0.67236328125 0.109375 0.1103515625
0 0.8935546875 0.89306640625 0.109375 0.1103515625
0 0.8935546875 0.677734375 0.09765625 0.09765625
0 0.896484375 0.568359375 0.09765625 0.09765625
0 0.80419921875 0.94287109375 0.1103515625 0.1103515625
0 0.7998046875 0.84130859375 0.109375 0.1103515625
0 0.794921875 0.61572265625 0.109375 0.1103515625
0 0.79736328125 0.51171875 0.1103515625 0.111328125
0 0.70458984375 0.88232421875 0.1103515625 0.1103515625
0 0.7041015625 0.56689453125 0.09765625 0.0986328125
0 0.7021484375 0.4560546875 0.09765625 0.09765625
0 0.703125 0.3408203125 0.0859375 0.0859375
0 0.70263671875 0.23583984375 0.0615234375 0.0615234375
0 0.7021484375 0.12158203125 0.09765625 0.0986328125
0 0.6103515625 0.1826171875 0.0859375 0.0859375
0 0.59521484375 0.0654296875 0.0849609375 0.0859375
0 0.798828125 0.3974609375 0.09765625 0.09765625
0 0.79931640625 0.2900390625 0.0849609375 0.0859375
0 0.79833984375 0.17041015625 0.1103515625 0.1103515625
0 0.7978515625 0.06494140625 0.109375 0.1103515625
0 0.89697265625 0.4736328125 0.1103515625 0.111328125
0 0.88671875 0.35302734375 0.09765625 0.0986328125
0 0.896484375 0.23291015625 0.060546875 0.0615234375
0 0.89453125 0.13427734375 0.109375 0.1103515625
0 0.513671875 0.123046875 0.09765625 0.09765625
0 0.40869140625 0.0693359375 0.1103515625 0.111328125
0 0.41455078125 0.1796875 0.0849609375 0.0859375
0 0.314453125 0.12255859375 0.09765625 0.0986328125
0 0.21875 0.17041015625 0.109375 0.1103515625
0 0.2158203125 0.06494140625 0.09765625 0.0986328125
0 0.125 0.12548828125 0.09765625 0.0986328125