0 0.9609375 0.09033203125 0.060546875 0.0615234375
0 0.8671875 0.14208984375 0.09765625 0.0986328125
0 0.8671875 0.25048828125 0.09765625 0.0986328125
0 0.77490234375 0.09228515625 0.0732421875 0.0732421875
0 0.7763671875 0.19677734375 0.09765625 0.0986328125
0 0.7744140625 0.31005859375 0.09765625 0.0986328125
0 0.673828125 0.15380859375 0.09765625 0.0986328125
0 0.6796875 0.25927734375 0.109375 0.1103515625
0 0.5888671875 0.09912109375 0.09765625 0.0986328125
0 0.5888671875 0.19970703125 0.09765625 0.0986328125
0 0.5830078125 0.3134765625 0.109375 0.111328125
0 0.4921875 0.14208984375 0.109375 0.1103515625
0 0.49072265625 0.25390625 0.1103515625 0.111328125
0 0.3974609375 0.0810546875 0.09765625 0.09765625
0 0.39892578125 0.19140625 0.1103515625 0.111328125
0 0.39892578125 0.31005859375 0.1103515625 0.1103515625
0 0.2978515625 0.1484375 0.09765625 0.09765625
0 0.3076171875 0.26611328125 0.109375 0.1103515625
0 0.2080078125 0.09521484375 0.060546875 0.0615234375
0 0.2041015625 0.20166015625 0.109375 0.1103515625
0 0.2060546875 0.31201171875 0.109375 0.1103515625
0 0.10888671875 0.13818359375 0.1103515625 0.1103515625
0 0.11279296875 0.25830078125 0.1103515625 0.1103515625
0 0.10791015625 0.36767578125 0.1103515625 0.1103515625
0 0.11083984375 0.47900390625 0.1103515625 0.1103515625
0 0.11181640625 0.58154296875 0.1103515625 0.1103515625
0 0.107421875 0.69970703125 0.09765625 0.0986328125
0 0.2001953125 0.42724609375 0.109375 0.1103515625
0 0.205078125 0.53662109375 0.09765625 0.0986328125
0 0.20361328125 0.64013671875 0.1103515625 0.1103515625
0 0.306640625 0.36279296875 0.09765625 0.0986328125
0 0.302734375 0.47119140625 0.09765625 0.0986328125
0 0.3095703125 0.58642578125 0.109375 0.1103515625
0 0.31103515625 0.69775390625 0.1103515625 0.1103515625
0 0.39990234375 0.42041015625 0.1103515625 0.1103515625
0 0.4013671875 0.52978515625 0.109375 0.1103515625
0 0.3994140625 0.63330078125 0.109375 0.1103515625
0 0.49755859375 0.361328125 0.1103515625 0.111328125
0 0.49267578125 0.47802734375 0.1103515625 0.1103515625
0 0.49462890625 0.58154296875 0.1103515625 0.1103515625
0 0.48876953125 0.69384765625 0.1103515625 0.1103515625
0 0.5908203125 0.4189453125 0.109375 0.111328125
0 0.587890625 0.53076171875 0.109375 0.1103515625
0 0.5859375 0.63916015625 0.09765625 0.0986328125
0 0.587890625 0.75537109375 0.09765625 0.0986328125
0 0.68212890625 0.35986328125 0.1103515625 0.1103515625
0 0.6806640625 0.4814453125 0.0859375 0.0859375
0 0.6806640625 0.587890625 0.09765625 0.09765625
0 0.685546875 0.69873046875 0.09765625 0.0986328125
0 0.77685546875 0.41845703125 0.1103515625 0.1103515625
0 0.77587890625 0.5234375 0.1103515625 0.111328125
0 0.7763671875 0.6455078125 0.109375 0.111328125
0 0.7724609375 0.75146484375 0.109375 0.1103515625
0 0.87109375 0.36083984375 0.109375 0.1103515625
0 0.86865234375 0.47802734375 0.1103515625 0.1103515625
0 0.87060546875 0.58447265625 0.1103515625 0.1103515625
0 0.87158203125 0.6953125 0.1103515625 0.111328125
0 0.87451171875 0.8125 0.1103515625 0.111328125
0 0.873046875 0.91748046875 0.09765625 0.0986328125
0 0.77734375 0.85986328125 0.09765625 0.0986328125
0 0.677734375 0.80419921875 0.109375 0.1103515625
0 0.68310546875 0.91943359375 0.1103515625 0.1103515625
0 0.587890625 0.85693359375 0.09765625 0.0986328125
0 0.494140625 0.80810546875 0.109375 0.1103515625
0 0.4912109375 0.91650390625 0.109375 0.1103515625
0 0.4033203125 0.75439453125 0.109375 0.1103515625
0 0.40234375 0.86279296875 0.09765625 0.0986328125
0 0.30712890625 0.81689453125 0.1103515625 0.1103515625
0 0.31103515625 0.93017578125 0.1103515625 0.1103515625
0 0.20068359375 0.75341796875 0.1103515625 0.1103515625
0 0.20556640625 0.86474609375 0.1103515625 0.1103515625
0 0.1083984375 0.8154296875 0.09765625 0.09765625
0 0.11328125 0.9267578125 0.09765625 0.09765625