0 0.55615234375 0.671875 0.0732421875 0.07421875
0 0.083984375 0.40869140625 0.09765625 0.0986328125
0 0.0859375 0.5166015625 0.0859375 0.0859375
0 0.0849609375 0.62060546875 0.09765625 0.0986328125
0 0.08447265625 0.740234375 0.0849609375 0.0859375
0 0.0908203125 0.84619140625 0.09765625 0.0986328125
0 0.173828125 0.45849609375 0.09765625 0.0986328125
0 0.18017578125 0.58203125 0.0849609375 0.0859375
0 0.18017578125 0.67041015625 0.0849609375 0.0869140625
0 0.177734375 0.78125 0.0859375 0.0859375
0 0.1787109375 0.8984375 0.0859375 0.0859375
0 0.2724609375 0.45849609375 0.09765625 0.0986328125
0 0.27734375 0.52734375 0.09765625 0.09765625
0 0.2705078125 0.60791015625 0.09765625 0.0986328125
0 0.28369140625 0.7373046875 0.0849609375 0.0859375
0 0.2900390625 0.84375 0.0859375 0.0859375
0 0.283203125 0.955078125 0.0859375 0.0859375
0 0.37060546875 0.4638671875 0.0849609375 0.0859375
0 0.3740234375 0.58203125 0.0859375 0.0859375
0 0.37109375 0.66259765625 0.09765625 0.0986328125
0 0.3662109375 0.7880859375 0.0859375 0.0859375
0 0.3701171875 0.88671875 0.0859375 0.0859375
0 0.46484375 0.39453125 0.0859375 0.0859375
0 0.46484375 0.5185546875 0.0859375 0.0859375
0 0.4619140625 0.64599609375 0.0859375 0.0869140625
0 0.4619140625 0.7490234375 0.0859375 0.0859375
0 0.46435546875 0.8603515625 0.0849609375 0.0859375
0 0.56396484375 0.9013671875 0.0849609375 0.0859375
0 0.55224609375 0.78125 0.0849609375 0.0859375
0 0.5498046875 0.4599609375 0.09765625 0.09765625
0 0.556640625 0.5615234375 0.09765625 0.09765625
0 0.6572265625 0.46923828125 0.09765625 0.0986328125
0 0.6640625 0.61376953125 0.09765625 0.0986328125
0 0.6533203125 0.728515625 0.0859375 0.0859375
0 0.64892578125 0.8427734375 0.0849609375 0.0859375
0 0.64794921875 0.94921875 0.0849609375 0.0859375
0 0.7412109375 0.4619140625 0.0859375 0.0859375
0 0.7451171875 0.568359375 0.09765625 0.09765625
0 0.7421875 0.677734375 0.0859375 0.0859375
0 0.73828125 0.787109375 0.0859375 0.0859375
0 0.7353515625 0.90283203125 0.09765625 0.0986328125
0 0.8369140625 0.5185546875 0.0859375 0.0859375
0 0.8369140625 0.623046875 0.0859375 0.0859375
0 0.837890625 0.74365234375 0.09765625 0.0986328125
0 0.833984375 0.8505859375 0.0859375 0.0859375
0 0.83251953125 0.955078125 0.0849609375 0.0859375
0 0.93359375 0.8935546875 0.0859375 0.0859375
0 0.92724609375 0.78955078125 0.0849609375 0.0869140625
0 0.9306640625 0.67919921875 0.09765625 0.0986328125
0 0.9326171875 0.56298828125 0.09765625 0.0986328125
0 0.9287109375 0.45654296875 0.09765625 0.0986328125
0 0.9423828125 0.13037109375 0.09765625 0.0986328125
0 0.927734375 0.24169921875 0.109375 0.1103515625
0 0.9296875 0.34765625 0.0859375 0.0859375
0 0.82958984375 0.41015625 0.0849609375 0.0859375
0 0.8369140625 0.29443359375 0.09765625 0.0986328125
0 0.8427734375 0.18603515625 0.09765625 0.0986328125
0 0.8388671875 0.0771484375 0.0859375 0.0859375
0 0.7451171875 0.12646484375 0.09765625 0.0986328125
0 0.7421875 0.24560546875 0.09765625 0.0986328125
0 0.74267578125 0.34375 0.0849609375 0.0859375
0 0.6484375 0.3740234375 0.09765625 0.09765625
0 0.6484375 0.27490234375 0.109375 0.1103515625
0 0.65185546875 0.18408203125 0.1103515625 0.1103515625
0 0.646484375 0.07568359375 0.09765625 0.0986328125
0 0.5556640625 0.11865234375 0.09765625 0.0986328125
0 0.560546875 0.21484375 0.09765625 0.09765625
0 0.5498046875 0.3486328125 0.0859375 0.0859375
0 0.4619140625 0.2880859375 0.09765625 0.09765625
0 0.46875 0.1826171875 0.09765625 0.09765625
0 0.46875 0.07666015625 0.09765625 0.0986328125
0 0.37744140625 0.12890625 0.1103515625 0.111328125
0 0.37158203125 0.2412109375 0.0849609375 0.0859375
0 0.37255859375 0.3466796875 0.0849609375 0.0859375
0 0.2705078125 0.06640625 0.09765625 0.09765625
0 0.2744140625 0.1787109375 0.09765625 0.09765625
0 0.2783203125 0.27587890625 0.109375 0.1103515625
0 0.2802734375 0.36279296875 0.09765625 0.0986328125
0 0.1767578125 0.35009765625 0.09765625 0.0986328125
0 0.1806640625 0.24853515625 0.09765625 0.0986328125
0 0.17578125 0.12939453125 0.09765625 0.0986328125
0 0.09033203125 0.08349609375 0.1103515625 0.1103515625
0 0.0849609375 0.18701171875 0.09765625 0.0986328125
0 0.08935546875 0.30029296875 0.1103515625 0.1103515625