0 0.82958984375 0.140625 0.1103515625 0.109375
0 0.71728515625 0.1416015625 0.1103515625 0.109375
0 0.8798828125 0.23388671875 0.111328125 0.1103515625
0 0.77001953125 0.22998046875 0.1103515625 0.1103515625
0 0.66552734375 0.236328125 0.1103515625 0.109375
0 0.943359375 0.333984375 0.09765625 0.09765625
0 0.828125 0.32958984375 0.111328125 0.1103515625
0 0.7197265625 0.32666015625 0.111328125 0.1103515625
0 0.88427734375 0.4296875 0.0986328125 0.09765625
0 0.7724609375 0.427734375 0.09765625 0.09765625
0 0.6630859375 0.423828125 0.09765625 0.09765625
0 0.93310546875 0.51904296875 0.1103515625 0.1103515625
0 0.82275390625 0.5166015625 0.1103515625 0.109375
0 0.71533203125 0.5146484375 0.1103515625 0.109375
0 0.615234375 0.5166015625 0.111328125 0.109375
0 0.87548828125 0.61279296875 0.1103515625 0.1103515625
0 0.77294921875 0.61376953125 0.1103515625 0.1103515625
0 0.65478515625 0.609375 0.0986328125 0.09765625
0 0.92724609375 0.7021484375 0.1103515625 0.109375
0 0.81787109375 0.70703125 0.0986328125 0.09765625
0 0.71435546875 0.70556640625 0.1103515625 0.1103515625
0 0.88330078125 0.8046875 0.0986328125 0.09765625
0 0.76806640625 0.8115234375 0.1103515625 0.109375
0 0.65673828125 0.81298828125 0.1103515625 0.1103515625
0 0.93408203125 0.90185546875 0.1103515625 0.1103515625
0 0.82470703125 0.9033203125 0.1103515625 0.109375
0 0.72119140625 0.9013671875 0.1103515625 0.109375
0 0.60009765625 0.9052734375 0.1103515625 0.109375
0 0.49169921875 0.904296875 0.0986328125 0.09765625
0 0.37646484375 0.90576171875 0.1103515625 0.1103515625
0 0.28369140625 0.89990234375 0.1103515625 0.1103515625
0 0.162109375 0.90185546875 0.111328125 0.1103515625
0 0.53759765625 0.80908203125 0.1103515625 0.1103515625
0 0.42431640625 0.81298828125 0.1103515625 0.1103515625
0 0.3173828125 0.81005859375 0.111328125 0.1103515625
0 0.2099609375 0.8115234375 0.09765625 0.09765625
0 0.10595703125 0.8134765625 0.0615234375 0.060546875
0 0.60107421875 0.70263671875 0.1103515625 0.1103515625
0 0.48974609375 0.70751953125 0.1103515625 0.1103515625
0 0.3779296875 0.7080078125 0.111328125 0.109375
0 0.27734375 0.70703125 0.09765625 0.09765625
0 0.15771484375 0.7099609375 0.1103515625 0.109375
0 0.5390625 0.6103515625 0.09765625 0.09765625
0 0.427734375 0.615234375 0.09765625 0.09765625
0 0.31689453125 0.611328125 0.1103515625 0.109375
0 0.20947265625 0.615234375 0.1103515625 0.109375
0 0.494140625 0.515625 0.111328125 0.109375
0 0.384765625 0.5205078125 0.09765625 0.09765625
0 0.27587890625 0.51904296875 0.1103515625 0.1103515625
0 0.16650390625 0.51611328125 0.1103515625 0.1103515625
0 0.5517578125 0.42529296875 0.111328125 0.1103515625
0 0.44189453125 0.42236328125 0.1103515625 0.1103515625
0 0.32568359375 0.42724609375 0.1103515625 0.1103515625
0 0.21630859375 0.42041015625 0.1103515625 0.1103515625
0 0.60693359375 0.32470703125 0.1103515625 0.1103515625
0 0.48779296875 0.32666015625 0.1103515625 0.1103515625
0 0.38427734375 0.3271484375 0.1103515625 0.109375
0 0.27392578125 0.3251953125 0.1103515625 0.109375
0 0.16357421875 0.322265625 0.0986328125 0.09765625
0 0.54931640625 0.234375 0.1103515625 0.109375
0 0.44091796875 0.2314453125 0.1103515625 0.109375
0 0.32763671875 0.232421875 0.0986328125 0.09765625
0 0.22412109375 0.2373046875 0.0986328125 0.09765625
0 0.60400390625 0.13671875 0.1103515625 0.109375
0 0.49169921875 0.1396484375 0.1103515625 0.109375
0 0.38818359375 0.13623046875 0.1103515625 0.1103515625
0 0.27490234375 0.13623046875 0.1103515625 0.1103515625
0 0.16552734375 0.13427734375 0.1103515625 0.1103515625
0 0.10791015625 0.224609375 0.1103515625 0.109375
0 0.1064453125 0.41455078125 0.111328125 0.1103515625
0 0.10302734375 0.609375 0.1103515625 0.109375