0 0.7978515625 0.08056640625 0.109375 0.1103515625
0 0.96826171875 0.1201171875 0.0361328125 0.037109375
0 0.96435546875 0.208984375 0.0361328125 0.037109375
0 0.78369140625 0.3154296875 0.1103515625 0.111328125
0 0.69775390625 0.1513671875 0.1103515625 0.111328125
0 0.69775390625 0.255859375 0.1103515625 0.111328125
0 0.59326171875 0.087890625 0.0849609375 0.0859375
0 0.595703125 0.20068359375 0.109375 0.1103515625
0 0.6025390625 0.31201171875 0.109375 0.1103515625
0 0.5 0.13720703125 0.09765625 0.0986328125
0 0.49609375 0.2490234375 0.0859375 0.0859375
0 0.5009765625 0.36328125 0.0859375 0.0859375
0 0.4033203125 0.08349609375 0.09765625 0.0986328125
0 0.400390625 0.1923828125 0.0859375 0.0859375
0 0.40673828125 0.30712890625 0.0849609375 0.0869140625
0 0.3095703125 0.13720703125 0.09765625 0.0986328125
0 0.30908203125 0.24853515625 0.0849609375 0.0869140625
0 0.21728515625 0.07421875 0.0849609375 0.0859375
0 0.216796875 0.19287109375 0.09765625 0.0986328125
0 0.2177734375 0.30322265625 0.09765625 0.0986328125
0 0.1201171875 0.14404296875 0.09765625 0.0986328125
0 0.1240234375 0.24853515625 0.109375 0.1103515625
0 0.12158203125 0.3583984375 0.0849609375 0.0859375
0 0.12255859375 0.4736328125 0.1103515625 0.111328125
0 0.1181640625 0.5830078125 0.09765625 0.09765625
0 0.1181640625 0.6943359375 0.09765625 0.09765625
0 0.11669921875 0.8017578125 0.0849609375 0.0859375
0 0.1171875 0.9150390625 0.0859375 0.0859375
0 0.2138671875 0.41796875 0.0859375 0.0859375
0 0.212890625 0.5302734375 0.09765625 0.09765625
0 0.21728515625 0.6396484375 0.1103515625 0.111328125
0 0.20947265625 0.75 0.1103515625 0.111328125
0 0.21533203125 0.85595703125 0.1103515625 0.1103515625
0 0.30712890625 0.361328125 0.0849609375 0.0859375
0 0.3095703125 0.470703125 0.0859375 0.0859375
0 0.306640625 0.58203125 0.0859375 0.0859375
0 0.3125 0.68359375 0.109375 0.111328125
0 0.3095703125 0.79296875 0.109375 0.111328125
0 0.30517578125 0.91650390625 0.1103515625 0.1103515625
0 0.40185546875 0.41748046875 0.1103515625 0.1103515625
0 0.40283203125 0.53076171875 0.1103515625 0.1103515625
0 0.4111328125 0.63427734375 0.109375 0.1103515625
0 0.4052734375 0.74462890625 0.109375 0.1103515625
0 0.404296875 0.859375 0.109375 0.111328125
0 0.50341796875 0.46533203125 0.1103515625 0.1103515625
0 0.50146484375 0.58056640625 0.1103515625 0.1103515625
0 0.49609375 0.68896484375 0.09765625 0.0986328125
0 0.49853515625 0.798828125 0.0849609375 0.0859375
0 0.4990234375 0.912109375 0.09765625 0.09765625
0 0.59765625 0.42431640625 0.109375 0.1103515625
0 0.599609375 0.52392578125 0.109375 0.1103515625
0 0.58984375 0.63623046875 0.09765625 0.0986328125
0 0.59521484375 0.74853515625 0.1103515625 0.1103515625
0 0.58740234375 0.85498046875 0.1103515625 0.1103515625
0 0.67822265625 0.36767578125 0.1103515625 0.1103515625
0 0.6865234375 0.48388671875 0.109375 0.1103515625
0 0.6875 0.59228515625 0.109375 0.1103515625
0 0.6875 0.69482421875 0.09765625 0.0986328125
0 0.6923828125 0.81103515625 0.109375 0.1103515625
0 0.77880859375 0.42822265625 0.1103515625 0.1103515625
0 0.78271484375 0.53271484375 0.1103515625 0.1103515625
0 0.77978515625 0.64404296875 0.1103515625 0.1103515625
0 0.7783203125 0.75537109375 0.109375 0.1103515625
0 0.779296875 0.86474609375 0.109375 0.1103515625
0 0.87109375 0.3623046875 0.109375 0.111328125
0 0.875 0.474609375 0.109375 0.111328125
0 0.873046875 0.58447265625 0.09765625 0.0986328125
0 0.88037109375 0.69677734375 0.1103515625 0.1103515625
0 0.87255859375 0.80419921875 0.1103515625 0.1103515625
0 0.87451171875 0.92236328125 0.1103515625 0.1103515625
0 0.68994140625 0.92138671875 0.1103515625 0.1103515625