0 0.35791015625 0.30322265625 0.0615234375 0.0615234375
0 0.08642578125 0.35009765625 0.0615234375 0.0615234375
0 0.2802734375 0.45458984375 0.060546875 0.0615234375
0 0.64599609375 0.369140625 0.0732421875 0.07421875
0 0.36181640625 0.41015625 0.0732421875 0.07421875
0 0.83837890625 0.3642578125 0.0361328125 0.037109375
0 0.7412109375 0.53173828125 0.048828125 0.0498046875
0 0.6455078125 0.5732421875 0.048828125 0.048828125
0 0.640625 0.4833984375 0.048828125 0.048828125
0 0.564453125 0.42724609375 0.060546875 0.0615234375
0 0.46240234375 0.46240234375 0.0361328125 0.0361328125
0 0.8447265625 0.4716796875 0.0859375 0.0859375
0 0.73779296875 0.42138671875 0.0615234375 0.0615234375
0 0.91943359375 0.419921875 0.0244140625 0.025390625
0 0.935546875 0.54736328125 0.09765625 0.0986328125
0 0.9365234375 0.6513671875 0.09765625 0.09765625
0 0.9296875 0.7685546875 0.09765625 0.09765625
0 0.93212890625 0.87109375 0.0849609375 0.0859375
0 0.8388671875 0.91259765625 0.09765625 0.0986328125
0 0.837890625 0.810546875 0.0859375 0.0859375
0 0.8359375 0.70068359375 0.09765625 0.0986328125
0 0.8369140625 0.5849609375 0.109375 0.111328125
0 0.7451171875 0.6484375 0.0859375 0.0859375
0 0.7451171875 0.7373046875 0.09765625 0.09765625
0 0.744140625 0.84619140625 0.09765625 0.0986328125
0 0.64404296875 0.90771484375 0.1103515625 0.1103515625
0 0.6484375 0.79296875 0.09765625 0.09765625
0 0.64453125 0.6875 0.09765625 0.09765625
0 0.55810546875 0.30859375 0.0849609375 0.0859375
0 0.4599609375 0.3515625 0.0859375 0.0859375
0 0.2763671875 0.35546875 0.048828125 0.048828125
0 0.5576171875 0.63671875 0.09765625 0.09765625
0 0.56689453125 0.5185546875 0.0849609375 0.0859375
0 0.552734375 0.7646484375 0.0859375 0.0859375
0 0.5576171875 0.86572265625 0.09765625 0.0986328125
0 0.4580078125 0.90869140625 0.109375 0.1103515625
0 0.45703125 0.80078125 0.09765625 0.09765625
0 0.4658203125 0.69287109375 0.109375 0.1103515625
0 0.46630859375 0.5625 0.1103515625 0.111328125
0 0.3681640625 0.5146484375 0.0859375 0.0859375
0 0.3701171875 0.63525390625 0.09765625 0.0986328125
0 0.3662109375 0.7470703125 0.09765625 0.09765625
0 0.35986328125 0.8603515625 0.1103515625 0.111328125
0 0.26953125 0.90185546875 0.109375 0.1103515625
0 0.2744140625 0.79638671875 0.109375 0.1103515625
0 0.27197265625 0.6845703125 0.1103515625 0.111328125
0 0.2802734375 0.56982421875 0.109375 0.1103515625
0 0.18701171875 0.52294921875 0.1103515625 0.1103515625
0 0.17919921875 0.40869140625 0.1103515625 0.1103515625
0 0.177734375 0.6259765625 0.109375 0.111328125
0 0.1806640625 0.7275390625 0.09765625 0.09765625
0 0.17626953125 0.85205078125 0.1103515625 0.1103515625
0 0.08740234375 0.45263671875 0.1103515625 0.1103515625
0 0.08740234375 0.5673828125 0.1103515625 0.111328125
0 0.08984375 0.68603515625 0.109375 0.1103515625
0 0.08203125 0.783203125 0.109375 0.111328125
0 0.0859375 0.88623046875 0.109375 0.1103515625