0 0.19873046875 0.8935546875 0.1103515625 0.109375
0 0.08984375 0.1279296875 0.0859375 0.0859375
0 0.19873046875 0.1259765625 0.0986328125 0.09765625
0 0.14306640625 0.2177734375 0.0986328125 0.09765625
0 0.25439453125 0.220703125 0.0986328125 0.09765625
0 0.08935546875 0.32080078125 0.1103515625 0.1103515625
0 0.19677734375 0.32470703125 0.1103515625 0.1103515625
0 0.15185546875 0.41650390625 0.1103515625 0.1103515625
0 0.2607421875 0.4169921875 0.111328125 0.109375
0 0.0908203125 0.513671875 0.09765625 0.09765625
0 0.20703125 0.509765625 0.09765625 0.09765625
0 0.146484375 0.603515625 0.111328125 0.109375
0 0.24609375 0.60888671875 0.111328125 0.1103515625
0 0.0908203125 0.70654296875 0.111328125 0.1103515625
0 0.19775390625 0.70166015625 0.1103515625 0.1103515625
0 0.14599609375 0.79296875 0.1103515625 0.109375
0 0.09130859375 0.8955078125 0.1103515625 0.109375
0 0.31103515625 0.89453125 0.0498046875 0.048828125
0 0.2490234375 0.7998046875 0.048828125 0.048828125
0 0.41796875 0.892578125 0.111328125 0.109375
0 0.4765625 0.7900390625 0.0859375 0.0859375
0 0.3642578125 0.79638671875 0.0859375 0.0849609375
0 0.3154296875 0.69970703125 0.0859375 0.0849609375
0 0.421875 0.70263671875 0.0859375 0.0849609375
0 0.529296875 0.6953125 0.09765625 0.09765625
0 0.6337890625 0.7001953125 0.09765625 0.09765625
0 0.75048828125 0.705078125 0.0986328125 0.09765625
0 0.36376953125 0.60595703125 0.0732421875 0.0732421875
0 0.4755859375 0.60302734375 0.0859375 0.0849609375
0 0.6923828125 0.60400390625 0.07421875 0.0732421875
0 0.31005859375 0.517578125 0.0986328125 0.09765625
0 0.41943359375 0.51171875 0.0986328125 0.09765625
0 0.53466796875 0.5166015625 0.0986328125 0.09765625
0 0.6455078125 0.5068359375 0.09765625 0.09765625
0 0.755859375 0.5048828125 0.09765625 0.09765625
0 0.36474609375 0.41455078125 0.1103515625 0.1103515625
0 0.47900390625 0.41357421875 0.1103515625 0.1103515625
0 0.58544921875 0.4189453125 0.1103515625 0.109375
0 0.70361328125 0.419921875 0.1103515625 0.109375
0 0.8115234375 0.4189453125 0.111328125 0.109375
0 0.31396484375 0.31982421875 0.1103515625 0.1103515625
0 0.42529296875 0.32275390625 0.1103515625 0.1103515625
0 0.53369140625 0.32861328125 0.1103515625 0.1103515625
0 0.64599609375 0.32080078125 0.1103515625 0.1103515625
0 0.75439453125 0.3193359375 0.1103515625 0.109375
0 0.36669921875 0.21875 0.1103515625 0.109375
0 0.47509765625 0.21875 0.0986328125 0.09765625
0 0.58740234375 0.22314453125 0.1103515625 0.1103515625
0 0.69873046875 0.22021484375 0.1103515625 0.1103515625
0 0.81396484375 0.22119140625 0.1103515625 0.1103515625
0 0.30712890625 0.1259765625 0.1103515625 0.109375
0 0.43115234375 0.119140625 0.1103515625 0.109375
0 0.53466796875 0.1259765625 0.1103515625 0.109375
0 0.65087890625 0.1259765625 0.1103515625 0.109375
0 0.75439453125 0.12890625 0.1103515625 0.109375
0 0.87353515625 0.13427734375 0.1103515625 0.1103515625
0 0.92138671875 0.22998046875 0.1103515625 0.1103515625
0 0.86669921875 0.330078125 0.1103515625 0.109375
0 0.9150390625 0.416015625 0.111328125 0.109375
0 0.8818359375 0.51611328125 0.111328125 0.1103515625
0 0.8232421875 0.60498046875 0.0859375 0.0849609375
0 0.93701171875 0.59814453125 0.0244140625 0.0244140625
0 0.85888671875 0.697265625 0.0986328125 0.09765625