0 0.7705078125 0.49267578125 0.109375 0.1103515625
0 0.8701171875 0.87255859375 0.109375 0.1103515625
0 0.77099609375 0.9287109375 0.1103515625 0.111328125
0 0.580078125 0.93115234375 0.109375 0.1103515625
0 0.4833984375 0.87548828125 0.109375 0.1103515625
0 0.38525390625 0.9326171875 0.0849609375 0.0859375
0 0.29248046875 0.87548828125 0.1103515625 0.1103515625
0 0.19140625 0.93017578125 0.109375 0.1103515625
0 0.1015625 0.87841796875 0.09765625 0.0986328125
0 0.1044921875 0.76904296875 0.09765625 0.0986328125
0 0.095703125 0.65576171875 0.09765625 0.0986328125
0 0.0947265625 0.54833984375 0.09765625 0.0986328125
0 0.09765625 0.43701171875 0.09765625 0.0986328125
0 0.2001953125 0.81689453125 0.109375 0.1103515625
0 0.201171875 0.70458984375 0.109375 0.1103515625
0 0.19775390625 0.60205078125 0.1103515625 0.1103515625
0 0.20166015625 0.49462890625 0.1103515625 0.1103515625
0 0.29052734375 0.76416015625 0.1103515625 0.1103515625
0 0.29931640625 0.65380859375 0.1103515625 0.1103515625
0 0.29345703125 0.53955078125 0.1103515625 0.1103515625
0 0.2939453125 0.4306640625 0.109375 0.111328125
0 0.3828125 0.82177734375 0.09765625 0.0986328125
0 0.3798828125 0.7138671875 0.0859375 0.0859375
0 0.390625 0.6005859375 0.09765625 0.09765625
0 0.38671875 0.484375 0.09765625 0.09765625
0 0.484375 0.76318359375 0.109375 0.1103515625
0 0.482421875 0.6591796875 0.109375 0.111328125
0 0.48046875 0.544921875 0.109375 0.111328125
0 0.48583984375 0.4453125 0.1103515625 0.111328125
0 0.58203125 0.81884765625 0.109375 0.1103515625
0 0.58056640625 0.7080078125 0.1103515625 0.111328125
0 0.58349609375 0.6005859375 0.1103515625 0.111328125
0 0.57861328125 0.49365234375 0.1103515625 0.1103515625
0 0.68017578125 0.875 0.1103515625 0.111328125
0 0.67822265625 0.767578125 0.1103515625 0.111328125
0 0.67431640625 0.64990234375 0.1103515625 0.1103515625
0 0.669921875 0.54541015625 0.109375 0.1103515625
0 0.76806640625 0.8115234375 0.1103515625 0.111328125
0 0.76953125 0.70654296875 0.09765625 0.0986328125
0 0.7724609375 0.60009765625 0.109375 0.1103515625
0 0.865234375 0.76416015625 0.09765625 0.0986328125
0 0.8701171875 0.65283203125 0.109375 0.1103515625
0 0.8662109375 0.54833984375 0.109375 0.1103515625
0 0.86328125 0.43505859375 0.048828125 0.0498046875
0 0.771484375 0.38037109375 0.048828125 0.0498046875
0 0.6767578125 0.4423828125 0.048828125 0.048828125
0 0.8662109375 0.32275390625 0.109375 0.1103515625
0 0.76953125 0.2734375 0.109375 0.111328125
0 0.6669921875 0.21484375 0.0859375 0.0859375
0 0.67333984375 0.3271484375 0.0849609375 0.0859375
0 0.57666015625 0.3759765625 0.0849609375 0.0859375
0 0.57958984375 0.26953125 0.0849609375 0.0859375
0 0.572265625 0.162109375 0.09765625 0.09765625
0 0.5771484375 0.0576171875 0.09765625 0.09765625
0 0.48291015625 0.32763671875 0.0732421875 0.0732421875
0 0.47998046875 0.2158203125 0.0849609375 0.0859375
0 0.39453125 0.38134765625 0.09765625 0.0986328125
0 0.388671875 0.27197265625 0.09765625 0.0986328125
0 0.3935546875 0.15673828125 0.09765625 0.0986328125
0 0.29150390625 0.32666015625 0.1103515625 0.1103515625
0 0.29052734375 0.21240234375 0.1103515625 0.1103515625
0 0.2958984375 0.10595703125 0.109375 0.1103515625
0 0.19677734375 0.37744140625 0.1103515625 0.1103515625
0 0.19970703125 0.26611328125 0.1103515625 0.1103515625
0 0.20556640625 0.15771484375 0.1103515625 0.1103515625
0 0.095703125 0.32470703125 0.109375 0.1103515625
0 0.095703125 0.21630859375 0.09765625 0.0986328125
0 0.10009765625 0.10400390625 0.1103515625 0.1103515625