0 0.45166015625 0.15625 0.0986328125 0.09765625
0 0.50830078125 0.0625 0.1103515625 0.109375
0 0.0732421875 0.06201171875 0.0859375 0.0849609375
0 0.12939453125 0.15771484375 0.1103515625 0.1103515625
0 0.06787109375 0.255859375 0.0869140625 0.0859375
0 0.18115234375 0.25390625 0.0986328125 0.09765625
0 0.12744140625 0.349609375 0.0986328125 0.09765625
0 0.06396484375 0.43212890625 0.0615234375 0.0615234375
0 0.12646484375 0.53515625 0.1103515625 0.109375
0 0.1240234375 0.72119140625 0.111328125 0.1103515625
0 0.064453125 0.80712890625 0.111328125 0.1103515625
0 0.12060546875 0.90234375 0.1103515625 0.109375
0 0.23291015625 0.9072265625 0.1103515625 0.109375
0 0.33251953125 0.9052734375 0.1103515625 0.109375
0 0.44482421875 0.9150390625 0.0986328125 0.09765625
0 0.55712890625 0.90966796875 0.1103515625 0.1103515625
0 0.66357421875 0.91748046875 0.1103515625 0.1103515625
0 0.17626953125 0.82666015625 0.1103515625 0.1103515625
0 0.29248046875 0.818359375 0.1103515625 0.109375
0 0.40087890625 0.8173828125 0.1103515625 0.109375
0 0.50341796875 0.8173828125 0.0986328125 0.09765625
0 0.61962890625 0.8125 0.1103515625 0.109375
0 0.23681640625 0.72607421875 0.1103515625 0.1103515625
0 0.34130859375 0.72216796875 0.1103515625 0.1103515625
0 0.45263671875 0.72509765625 0.1103515625 0.1103515625
0 0.56396484375 0.7265625 0.1103515625 0.109375
0 0.67333984375 0.7255859375 0.1103515625 0.109375
0 0.1708984375 0.6337890625 0.111328125 0.109375
0 0.283203125 0.6298828125 0.111328125 0.109375
0 0.39306640625 0.6318359375 0.0986328125 0.09765625
0 0.50537109375 0.62451171875 0.1103515625 0.1103515625
0 0.61279296875 0.63232421875 0.1103515625 0.1103515625
0 0.236328125 0.537109375 0.111328125 0.109375
0 0.341796875 0.5400390625 0.111328125 0.109375
0 0.4482421875 0.5380859375 0.09765625 0.09765625
0 0.55712890625 0.5390625 0.1103515625 0.109375
0 0.67724609375 0.5390625 0.0986328125 0.09765625
0 0.18505859375 0.44140625 0.0986328125 0.09765625
0 0.283203125 0.44677734375 0.111328125 0.1103515625
0 0.3935546875 0.4423828125 0.111328125 0.109375
0 0.505859375 0.4453125 0.111328125 0.109375
0 0.62060546875 0.443359375 0.1103515625 0.109375
0 0.453125 0.34521484375 0.111328125 0.1103515625
0 0.5361328125 0.34326171875 0.07421875 0.0732421875
0 0.67578125 0.353515625 0.09765625 0.09765625
0 0.28759765625 0.25390625 0.1103515625 0.109375
0 0.5029296875 0.25390625 0.09765625 0.09765625
0 0.6123046875 0.2568359375 0.09765625 0.09765625
0 0.23779296875 0.16455078125 0.1103515625 0.1103515625
0 0.33935546875 0.16015625 0.1103515625 0.109375
0 0.56494140625 0.1552734375 0.1103515625 0.109375
0 0.6689453125 0.15771484375 0.111328125 0.1103515625
0 0.177734375 0.06884765625 0.0859375 0.0849609375
0 0.29833984375 0.06494140625 0.1103515625 0.1103515625
0 0.61376953125 0.064453125 0.0986328125 0.09765625
0 0.724609375 0.0625 0.09765625 0.09765625
0 0.83984375 0.0634765625 0.0859375 0.0859375
0 0.94482421875 0.06298828125 0.0615234375 0.0615234375
0 0.783203125 0.1591796875 0.09765625 0.09765625
0 0.890625 0.15966796875 0.0859375 0.0849609375
0 0.70703125 0.25732421875 0.111328125 0.1103515625
0 0.82763671875 0.2470703125 0.0986328125 0.09765625
0 0.94775390625 0.2568359375 0.0615234375 0.060546875
0 0.77783203125 0.3466796875 0.0986328125 0.09765625
0 0.89404296875 0.3427734375 0.0986328125 0.09765625
0 0.72412109375 0.4443359375 0.0986328125 0.09765625
0 0.83349609375 0.443359375 0.0986328125 0.09765625
0 0.94970703125 0.44287109375 0.0732421875 0.0732421875
0 0.78369140625 0.53369140625 0.1103515625 0.1103515625
0 0.88134765625 0.541015625 0.0986328125 0.09765625
0 0.73095703125 0.63037109375 0.1103515625 0.1103515625
0 0.83935546875 0.62890625 0.1103515625 0.109375
0 0.78076171875 0.7236328125 0.1103515625 0.109375
0 0.89013671875 0.7275390625 0.1103515625 0.109375
0 0.72998046875 0.81494140625 0.1103515625 0.1103515625
0 0.82666015625 0.82373046875 0.1103515625 0.1103515625
0 0.9384765625 0.8203125 0.09765625 0.09765625
0 0.77978515625 0.91259765625 0.1103515625 0.1103515625
0 0.896484375 0.91064453125 0.111328125 0.1103515625