0 0.30712890625 0.6005859375 0.0732421875 0.07421875
0 0.1171875 0.15234375 0.0859375 0.0859375
0 0.1201171875 0.2685546875 0.0859375 0.0859375
0 0.22265625 0.09765625 0.09765625 0.09765625
0 0.2216796875 0.21484375 0.09765625 0.09765625
0 0.30859375 0.17041015625 0.09765625 0.0986328125
0 0.400390625 0.1015625 0.0859375 0.0859375
0 0.40380859375 0.2109375 0.0849609375 0.0859375
0 0.5 0.15625 0.0859375 0.0859375
0 0.49609375 0.267578125 0.0859375 0.0859375
0 0.31103515625 0.28125 0.0849609375 0.0859375
0 0.4970703125 0.375 0.0859375 0.0859375
0 0.4931640625 0.4833984375 0.09765625 0.09765625
0 0.49658203125 0.6064453125 0.0849609375 0.0859375
0 0.49755859375 0.701171875 0.0849609375 0.0859375
0 0.49658203125 0.82421875 0.0849609375 0.0859375
0 0.40087890625 0.3193359375 0.0849609375 0.0859375
0 0.400390625 0.4365234375 0.09765625 0.09765625
0 0.40234375 0.5478515625 0.09765625 0.09765625
0 0.40625 0.6552734375 0.0859375 0.0859375
0 0.400390625 0.7626953125 0.0859375 0.0859375
0 0.30712890625 0.3759765625 0.0849609375 0.0859375
0 0.3076171875 0.4873046875 0.09765625 0.09765625
0 0.3125 0.70849609375 0.09765625 0.0986328125
0 0.2177734375 0.3232421875 0.0859375 0.0859375
0 0.21484375 0.43505859375 0.09765625 0.0986328125
0 0.2158203125 0.54833984375 0.09765625 0.0986328125
0 0.21240234375 0.6513671875 0.0849609375 0.0859375
0 0.2138671875 0.76708984375 0.09765625 0.0986328125
0 0.123046875 0.37255859375 0.09765625 0.0986328125
0 0.1201171875 0.48681640625 0.09765625 0.0986328125
0 0.119140625 0.59326171875 0.09765625 0.0986328125
0 0.1181640625 0.70751953125 0.09765625 0.0986328125
0 0.1162109375 0.82080078125 0.09765625 0.0986328125
0 0.1181640625 0.92578125 0.0859375 0.0859375
0 0.21923828125 0.8740234375 0.0849609375 0.0859375
0 0.310546875 0.82666015625 0.09765625 0.0986328125
0 0.30859375 0.92822265625 0.09765625 0.0986328125
0 0.400390625 0.87109375 0.0859375 0.0859375
0 0.5029296875 0.9326171875 0.0859375 0.0859375