0 0.2275390625 0.27001953125 0.109375 0.1103515625
0 0.8935546875 0.20654296875 0.0859375 0.0869140625
0 0.40771484375 0.3701171875 0.0732421875 0.07421875
0 0.890625 0.1005859375 0.0859375 0.0859375
0 0.80224609375 0.04931640625 0.0244140625 0.0244140625
0 0.79638671875 0.16259765625 0.0244140625 0.0244140625
0 0.70458984375 0.08154296875 0.0244140625 0.0244140625
0 0.70068359375 0.19677734375 0.0244140625 0.0244140625
0 0.69677734375 0.30615234375 0.0244140625 0.0244140625
0 0.69970703125 0.38818359375 0.0244140625 0.0244140625
0 0.79736328125 0.24951171875 0.0244140625 0.0244140625
0 0.79052734375 0.35693359375 0.0244140625 0.0244140625
0 0.890625 0.3876953125 0.037109375 0.037109375
0 0.8876953125 0.30517578125 0.109375 0.1103515625
0 0.4091796875 0.1513671875 0.09765625 0.09765625
0 0.4140625 0.2626953125 0.09765625 0.09765625
0 0.3173828125 0.10546875 0.09765625 0.09765625
0 0.31298828125 0.21044921875 0.1103515625 0.1103515625
0 0.3134765625 0.31982421875 0.09765625 0.0986328125
0 0.2255859375 0.154296875 0.09765625 0.09765625
0 0.22998046875 0.37548828125 0.0732421875 0.0732421875
0 0.125 0.10595703125 0.109375 0.1103515625
0 0.126953125 0.21337890625 0.09765625 0.0986328125
0 0.130859375 0.31787109375 0.09765625 0.0986328125
0 0.03857421875 0.36962890625 0.0732421875 0.0732421875
0 0.044921875 0.53857421875 0.060546875 0.0615234375
0 0.13427734375 0.5927734375 0.0849609375 0.0859375
0 0.1298828125 0.70068359375 0.09765625 0.0986328125
0 0.13330078125 0.81494140625 0.1220703125 0.1220703125
0 0.1376953125 0.92236328125 0.09765625 0.0986328125
0 0.2265625 0.53955078125 0.060546875 0.0615234375
0 0.2294921875 0.64892578125 0.09765625 0.0986328125
0 0.224609375 0.76123046875 0.09765625 0.0986328125
0 0.2255859375 0.87255859375 0.09765625 0.0986328125
0 0.318359375 0.595703125 0.0859375 0.0859375
0 0.3193359375 0.69970703125 0.09765625 0.0986328125
0 0.3212890625 0.81298828125 0.09765625 0.0986328125
0 0.318359375 0.92626953125 0.09765625 0.0986328125
0 0.41650390625 0.546875 0.0361328125 0.037109375
0 0.4169921875 0.6455078125 0.09765625 0.09765625
0 0.416015625 0.75439453125 0.109375 0.1103515625
0 0.41357421875 0.875 0.1220703125 0.123046875
0 0.51220703125 0.6044921875 0.0849609375 0.0859375
0 0.509765625 0.7021484375 0.09765625 0.09765625
0 0.50830078125 0.818359375 0.1103515625 0.111328125
0 0.50439453125 0.9306640625 0.1220703125 0.123046875
0 0.6123046875 0.55126953125 0.060546875 0.0615234375
0 0.6044921875 0.6494140625 0.0859375 0.0859375
0 0.60595703125 0.7607421875 0.1103515625 0.111328125
0 0.59814453125 0.8740234375 0.1220703125 0.123046875
0 0.701171875 0.599609375 0.0859375 0.0859375
0 0.693359375 0.70947265625 0.09765625 0.0986328125
0 0.703125 0.81982421875 0.109375 0.1103515625
0 0.70068359375 0.931640625 0.1220703125 0.123046875
0 0.79833984375 0.55810546875 0.0615234375 0.0615234375
0 0.794921875 0.65185546875 0.09765625 0.0986328125
0 0.79931640625 0.7666015625 0.1220703125 0.123046875
0 0.7919921875 0.87548828125 0.109375 0.1103515625
0 0.892578125 0.60107421875 0.09765625 0.0986328125
0 0.88818359375 0.71044921875 0.1103515625 0.1103515625
0 0.88037109375 0.814453125 0.1220703125 0.123046875
0 0.88916015625 0.93701171875 0.1103515625 0.1103515625