0 0.2646484375 0.36376953125 0.07421875 0.0732421875
0 0.18408203125 0.27197265625 0.0732421875 0.0732421875
0 0.103515625 0.08349609375 0.0859375 0.0849609375
0 0.2080078125 0.07861328125 0.0859375 0.0849609375
0 0.326171875 0.07861328125 0.0859375 0.0849609375
0 0.29833984375 0.26708984375 0.0615234375 0.0615234375
0 0.859375 0.0986328125 0.111328125 0.109375
0 0.7490234375 0.08935546875 0.0859375 0.0849609375
0 0.64501953125 0.08154296875 0.1103515625 0.1103515625
0 0.537109375 0.09033203125 0.0859375 0.0849609375
0 0.4599609375 0.0908203125 0.09765625 0.09765625
0 0.89111328125 0.17578125 0.0986328125 0.09765625
0 0.78759765625 0.1787109375 0.0986328125 0.09765625
0 0.6962890625 0.1796875 0.0859375 0.0859375
0 0.578125 0.1875 0.0859375 0.0859375
0 0.48193359375 0.1875 0.0986328125 0.09765625
0 0.36328125 0.1796875 0.0859375 0.0859375
0 0.259765625 0.17431640625 0.0859375 0.0849609375
0 0.1298828125 0.1767578125 0.0859375 0.0859375
0 0.85498046875 0.27734375 0.0986328125 0.09765625
0 0.7421875 0.28564453125 0.0859375 0.0849609375
0 0.640625 0.28173828125 0.111328125 0.1103515625
0 0.53369140625 0.2802734375 0.1103515625 0.109375
0 0.43408203125 0.279296875 0.1103515625 0.109375
0 0.37255859375 0.3798828125 0.1103515625 0.109375
0 0.47900390625 0.38525390625 0.1103515625 0.1103515625
0 0.58203125 0.3837890625 0.111328125 0.109375
0 0.7001953125 0.3828125 0.09765625 0.09765625
0 0.81103515625 0.3818359375 0.0986328125 0.09765625
0 0.8671875 0.47216796875 0.0859375 0.0849609375
0 0.75732421875 0.470703125 0.1103515625 0.109375
0 0.65185546875 0.4716796875 0.0986328125 0.09765625
0 0.53759765625 0.470703125 0.1103515625 0.109375
0 0.42333984375 0.46484375 0.0986328125 0.09765625
0 0.32177734375 0.46875 0.1103515625 0.109375
0 0.08740234375 0.4677734375 0.0986328125 0.09765625
0 0.3203125 0.6484375 0.0859375 0.0859375
0 0.8095703125 0.56005859375 0.0859375 0.0849609375
0 0.703125 0.5625 0.0859375 0.0859375
0 0.587890625 0.56494140625 0.0859375 0.0849609375
0 0.4658203125 0.56103515625 0.0859375 0.0849609375
0 0.35791015625 0.560546875 0.0986328125 0.09765625
0 0.2666015625 0.56298828125 0.0859375 0.0849609375
0 0.86669921875 0.658203125 0.0986328125 0.09765625
0 0.75439453125 0.654296875 0.1103515625 0.109375
0 0.65087890625 0.6513671875 0.0986328125 0.09765625
0 0.54248046875 0.65283203125 0.1103515625 0.1103515625
0 0.421875 0.65380859375 0.0859375 0.0849609375
0 0.80029296875 0.75244140625 0.1103515625 0.1103515625
0 0.69873046875 0.7548828125 0.1103515625 0.109375
0 0.5947265625 0.748046875 0.09765625 0.09765625
0 0.48291015625 0.7431640625 0.1103515625 0.109375
0 0.36669921875 0.74951171875 0.1103515625 0.1103515625
0 0.86279296875 0.8466796875 0.1103515625 0.109375
0 0.75341796875 0.84814453125 0.1103515625 0.1103515625
0 0.650390625 0.84423828125 0.111328125 0.1103515625
0 0.54150390625 0.83642578125 0.1103515625 0.1103515625
0 0.42138671875 0.83984375 0.1103515625 0.109375
0 0.81689453125 0.94921875 0.0986328125 0.09765625
0 0.7001953125 0.947265625 0.0859375 0.0859375
0 0.5830078125 0.9501953125 0.0859375 0.0859375
0 0.365234375 0.94580078125 0.0859375 0.0849609375
0 0.2587890625 0.939453125 0.09765625 0.09765625
0 0.14697265625 0.9365234375 0.0986328125 0.09765625
0 0.09375 0.8408203125 0.09765625 0.09765625
0 0.20654296875 0.8369140625 0.0986328125 0.09765625
0 0.14306640625 0.7470703125 0.0986328125 0.09765625
0 0.09521484375 0.6494140625 0.0986328125 0.09765625