0 0.580078125 0.04541015625 0.048828125 0.0498046875
0 0.671875 0.10009765625 0.048828125 0.0498046875
0 0.7666015625 0.0380859375 0.048828125 0.048828125
0 0.48583984375 0.1044921875 0.0849609375 0.0859375
0 0.29736328125 0.1083984375 0.0732421875 0.07421875
0 0.1123046875 0.10498046875 0.060546875 0.0615234375
0 0.10107421875 0.21142578125 0.1103515625 0.1103515625
0 0.09814453125 0.33056640625 0.1103515625 0.1103515625
0 0.1005859375 0.44140625 0.09765625 0.09765625
0 0.103515625 0.55859375 0.109375 0.111328125
0 0.19482421875 0.16943359375 0.1103515625 0.1103515625
0 0.19873046875 0.27099609375 0.1103515625 0.1103515625
0 0.19873046875 0.39111328125 0.1103515625 0.1103515625
0 0.19384765625 0.50048828125 0.1103515625 0.1103515625
0 0.197265625 0.6103515625 0.09765625 0.09765625
0 0.294921875 0.21240234375 0.0859375 0.0869140625
0 0.38134765625 0.15771484375 0.0732421875 0.0732421875
0 0.48681640625 0.20654296875 0.1103515625 0.1103515625
0 0.5771484375 0.15771484375 0.109375 0.1103515625
0 0.673828125 0.20703125 0.109375 0.111328125
0 0.7763671875 0.265625 0.0859375 0.0859375
0 0.77001953125 0.1533203125 0.0849609375 0.0859375
0 0.86669921875 0.1044921875 0.0849609375 0.0859375
0 0.86376953125 0.2109375 0.0849609375 0.0859375
0 0.87109375 0.318359375 0.09765625 0.09765625
0 0.8662109375 0.4228515625 0.09765625 0.09765625
0 0.861328125 0.53955078125 0.09765625 0.0986328125
0 0.96044921875 0.15283203125 0.0732421875 0.0732421875
0 0.96240234375 0.4814453125 0.0732421875 0.07421875
0 0.96826171875 0.72607421875 0.0244140625 0.0244140625
0 0.9619140625 0.8447265625 0.037109375 0.037109375
0 0.96435546875 0.95068359375 0.0244140625 0.0244140625
0 0.86669921875 0.87255859375 0.0244140625 0.0244140625
0 0.86669921875 0.98291015625 0.0244140625 0.0244140625
0 0.869140625 0.64794921875 0.09765625 0.0986328125
0 0.8671875 0.75341796875 0.09765625 0.0986328125
0 0.576171875 0.83837890625 0.09765625 0.0986328125
0 0.580078125 0.94189453125 0.109375 0.1103515625
0 0.478515625 0.8935546875 0.0859375 0.0859375
0 0.39013671875 0.830078125 0.1103515625 0.111328125
0 0.38818359375 0.943359375 0.1103515625 0.111328125
0 0.29052734375 0.7822265625 0.1103515625 0.111328125
0 0.2900390625 0.8857421875 0.109375 0.111328125
0 0.1923828125 0.83349609375 0.109375 0.1103515625
0 0.197265625 0.94189453125 0.09765625 0.0986328125
0 0.1953125 0.72265625 0.109375 0.111328125
0 0.0986328125 0.77978515625 0.109375 0.1103515625
0 0.09521484375 0.8837890625 0.0849609375 0.0859375
0 0.1005859375 0.66748046875 0.109375 0.1103515625