0 0.1025390625 0.07373046875 0.09765625 0.0986328125
0 0.10498046875 0.18359375 0.0849609375 0.0859375
0 0.10546875 0.296875 0.09765625 0.09765625
0 0.20166015625 0.13330078125 0.1103515625 0.1103515625
0 0.19384765625 0.23974609375 0.1103515625 0.1103515625
0 0.2939453125 0.07958984375 0.09765625 0.0986328125
0 0.298828125 0.19580078125 0.109375 0.1103515625
0 0.384765625 0.14013671875 0.109375 0.1103515625
0 0.3857421875 0.24951171875 0.109375 0.1103515625
0 0.48681640625 0.08154296875 0.1103515625 0.1103515625
0 0.47900390625 0.18896484375 0.1103515625 0.1103515625
0 0.572265625 0.13330078125 0.109375 0.1103515625
0 0.572265625 0.25341796875 0.09765625 0.0986328125
0 0.666015625 0.08203125 0.109375 0.111328125
0 0.66796875 0.19677734375 0.109375 0.1103515625
0 0.76806640625 0.1123046875 0.0732421875 0.07421875
0 0.7578125 0.251953125 0.09765625 0.09765625
0 0.857421875 0.0791015625 0.09765625 0.09765625
0 0.8544921875 0.1884765625 0.09765625 0.09765625
0 0.95166015625 0.466796875 0.0849609375 0.0859375
0 0.85400390625 0.283203125 0.1103515625 0.111328125
0 0.8642578125 0.40380859375 0.09765625 0.0986328125
0 0.8544921875 0.52392578125 0.060546875 0.0615234375
0 0.8564453125 0.62255859375 0.109375 0.1103515625
0 0.8544921875 0.74169921875 0.109375 0.1103515625
0 0.7646484375 0.35400390625 0.09765625 0.0986328125
0 0.7685546875 0.47021484375 0.09765625 0.0986328125
0 0.7607421875 0.57568359375 0.09765625 0.0986328125
0 0.7607421875 0.68408203125 0.09765625 0.0986328125
0 0.6669921875 0.30029296875 0.09765625 0.0986328125
0 0.66796875 0.40966796875 0.09765625 0.0986328125
0 0.66845703125 0.52587890625 0.0732421875 0.0732421875
0 0.669921875 0.63037109375 0.09765625 0.0986328125
0 0.66796875 0.74365234375 0.09765625 0.0986328125
0 0.57763671875 0.35986328125 0.1103515625 0.1103515625
0 0.5703125 0.45751953125 0.09765625 0.0986328125
0 0.5673828125 0.58740234375 0.09765625 0.0986328125
0 0.5732421875 0.69287109375 0.109375 0.1103515625
0 0.48095703125 0.30712890625 0.1103515625 0.1103515625
0 0.482421875 0.41552734375 0.109375 0.1103515625
0 0.482421875 0.53271484375 0.09765625 0.0986328125
0 0.482421875 0.63330078125 0.09765625 0.0986328125
0 0.4765625 0.7470703125 0.109375 0.111328125
0 0.3876953125 0.35693359375 0.109375 0.1103515625
0 0.3837890625 0.46630859375 0.109375 0.1103515625
0 0.3857421875 0.57568359375 0.109375 0.1103515625
0 0.38427734375 0.6875 0.1103515625 0.111328125
0 0.29638671875 0.30615234375 0.1103515625 0.1103515625
0 0.28759765625 0.40283203125 0.1103515625 0.1103515625
0 0.291015625 0.5146484375 0.09765625 0.09765625
0 0.29248046875 0.625 0.1103515625 0.111328125
0 0.29248046875 0.74365234375 0.1103515625 0.1103515625
0 0.19873046875 0.35595703125 0.1103515625 0.1103515625
0 0.20068359375 0.47265625 0.1103515625 0.111328125
0 0.19140625 0.58203125 0.09765625 0.09765625
0 0.201171875 0.69970703125 0.109375 0.1103515625
0 0.1025390625 0.4091796875 0.109375 0.111328125
0 0.1015625 0.52880859375 0.060546875 0.0615234375
0 0.09765625 0.63525390625 0.109375 0.1103515625
0 0.099609375 0.74560546875 0.109375 0.1103515625
0 0.09375 0.86083984375 0.109375 0.1103515625
0 0.2001953125 0.79638671875 0.09765625 0.0986328125
0 0.1962890625 0.90478515625 0.09765625 0.0986328125
0 0.29345703125 0.85400390625 0.1103515625 0.1103515625
0 0.39111328125 0.794921875 0.1103515625 0.111328125
0 0.38623046875 0.91162109375 0.1103515625 0.1103515625
0 0.484375 0.8525390625 0.109375 0.111328125
0 0.57568359375 0.79345703125 0.1103515625 0.1103515625
0 0.57421875 0.9150390625 0.0859375 0.0859375
0 0.67041015625 0.85205078125 0.1103515625 0.1103515625
0 0.7646484375 0.79443359375 0.109375 0.1103515625
0 0.76220703125 0.91162109375 0.1103515625 0.1103515625
0 0.8525390625 0.84619140625 0.109375 0.1103515625