0 0.271484375 0.10693359375 0.060546875 0.0615234375
0 0.07666015625 0.07666015625 0.0732421875 0.0732421875
0 0.74365234375 0.947265625 0.0732421875 0.07421875
0 0.73486328125 0.82763671875 0.0732421875 0.0732421875
0 0.36279296875 0.84423828125 0.0732421875 0.0732421875
0 0.80908203125 0.900390625 0.0732421875 0.07421875
0 0.9091796875 0.39599609375 0.09765625 0.0986328125
0 0.9130859375 0.51318359375 0.109375 0.1103515625
0 0.91552734375 0.625 0.0849609375 0.0859375
0 0.6357421875 0.4462890625 0.048828125 0.048828125
0 0.81103515625 0.45947265625 0.0849609375 0.0869140625
0 0.81103515625 0.5556640625 0.0849609375 0.0859375
0 0.82373046875 0.6806640625 0.1103515625 0.111328125
0 0.73095703125 0.70263671875 0.1103515625 0.1103515625
0 0.63134765625 0.6572265625 0.0849609375 0.0859375
0 0.72314453125 0.5048828125 0.0849609375 0.0859375
0 0.724609375 0.611328125 0.048828125 0.048828125
0 0.92822265625 0.869140625 0.0849609375 0.0859375
0 0.6337890625 0.888671875 0.109375 0.111328125
0 0.541015625 0.5078125 0.048828125 0.048828125
0 0.451171875 0.462890625 0.048828125 0.048828125
0 0.4462890625 0.5634765625 0.048828125 0.048828125
0 0.3564453125 0.5166015625 0.037109375 0.037109375
0 0.34619140625 0.63232421875 0.0361328125 0.0361328125
0 0.17431640625 0.5009765625 0.0361328125 0.037109375
0 0.0771484375 0.66845703125 0.048828125 0.0498046875
0 0.1806640625 0.6083984375 0.0859375 0.0859375
0 0.07373046875 0.55810546875 0.0615234375 0.0615234375
0 0.25537109375 0.556640625 0.0244140625 0.025390625
0 0.5439453125 0.6142578125 0.09765625 0.09765625
0 0.53466796875 0.72607421875 0.1103515625 0.1103515625
0 0.544921875 0.84033203125 0.109375 0.1103515625
0 0.44580078125 0.66748046875 0.1103515625 0.1103515625
0 0.45068359375 0.79638671875 0.1103515625 0.1103515625
0 0.4501953125 0.89501953125 0.09765625 0.0986328125
0 0.36328125 0.751953125 0.09765625 0.09765625
0 0.271484375 0.68408203125 0.09765625 0.0986328125
0 0.2724609375 0.7880859375 0.09765625 0.09765625
0 0.265625 0.9052734375 0.09765625 0.09765625
0 0.173828125 0.947265625 0.0859375 0.0859375
0 0.171875 0.83740234375 0.09765625 0.0986328125
0 0.1728515625 0.7216796875 0.109375 0.111328125
0 0.0810546875 0.78515625 0.0859375 0.0859375
0 0.0810546875 0.8740234375 0.09765625 0.09765625
0 0.62890625 0.55419921875 0.048828125 0.0498046875
0 0.921875 0.087890625 0.09765625 0.09765625
0 0.8310546875 0.13330078125 0.09765625 0.0986328125
0 0.6435546875 0.06298828125 0.09765625 0.0986328125
0 0.44970703125 0.05078125 0.0849609375 0.0859375
0 0.14208984375 0.11083984375 0.0615234375 0.0615234375