0 0.6669921875 0.46240234375 0.07421875 0.0732421875
0 0.7265625 0.55029296875 0.07421875 0.0732421875
0 0.16259765625 0.27392578125 0.0732421875 0.0732421875
0 0.27880859375 0.85302734375 0.0732421875 0.0732421875
0 0.3212890625 0.75830078125 0.07421875 0.0732421875
0 0.83447265625 0.943359375 0.0986328125 0.09765625
0 0.72900390625 0.9375 0.0986328125 0.09765625
0 0.60986328125 0.9384765625 0.0986328125 0.09765625
0 0.5078125 0.94287109375 0.07421875 0.0732421875
0 0.89208984375 0.845703125 0.1103515625 0.109375
0 0.77880859375 0.8466796875 0.0986328125 0.09765625
0 0.66455078125 0.845703125 0.0986328125 0.09765625
0 0.5595703125 0.845703125 0.0859375 0.0859375
0 0.94189453125 0.74609375 0.1103515625 0.109375
0 0.83544921875 0.7470703125 0.0986328125 0.09765625
0 0.72216796875 0.74609375 0.0986328125 0.09765625
0 0.6181640625 0.75244140625 0.0859375 0.0849609375
0 0.5107421875 0.7490234375 0.09765625 0.09765625
0 0.89013671875 0.65234375 0.0986328125 0.09765625
0 0.783203125 0.64892578125 0.0859375 0.0849609375
0 0.673828125 0.65087890625 0.0859375 0.0849609375
0 0.5595703125 0.6572265625 0.09765625 0.09765625
0 0.94921875 0.55029296875 0.0859375 0.0849609375
0 0.8330078125 0.55615234375 0.0859375 0.0849609375
0 0.6201171875 0.55712890625 0.07421875 0.0732421875
0 0.51611328125 0.552734375 0.0615234375 0.060546875
0 0.89453125 0.4619140625 0.09765625 0.09765625
0 0.783203125 0.46875 0.0859375 0.0859375
0 0.8974609375 0.078125 0.0859375 0.0859375
0 0.783203125 0.080078125 0.0859375 0.0859375
0 0.8251953125 0.1767578125 0.09765625 0.09765625
0 0.8916015625 0.27880859375 0.0859375 0.0849609375
0 0.7880859375 0.27001953125 0.0859375 0.0849609375
0 0.93994140625 0.3759765625 0.1103515625 0.109375
0 0.841796875 0.3740234375 0.0859375 0.0859375
0 0.7412109375 0.3740234375 0.09765625 0.09765625
0 0.580078125 0.46337890625 0.07421875 0.0732421875
0 0.6259765625 0.3701171875 0.09765625 0.09765625
0 0.5322265625 0.36376953125 0.07421875 0.0732421875
0 0.671875 0.27587890625 0.0859375 0.0849609375
0 0.57275390625 0.27587890625 0.0732421875 0.0732421875
0 0.60986328125 0.173828125 0.0986328125 0.09765625
0 0.7236328125 0.1796875 0.0859375 0.0859375
0 0.673828125 0.0830078125 0.0859375 0.0859375
0 0.57470703125 0.080078125 0.0869140625 0.0859375
0 0.36669921875 0.07080078125 0.0732421875 0.0732421875
0 0.29052734375 0.07470703125 0.0732421875 0.0732421875
0 0.18017578125 0.07421875 0.0615234375 0.060546875
0 0.07421875 0.08203125 0.0859375 0.0859375
0 0.35205078125 0.17041015625 0.0732421875 0.0732421875
0 0.22509765625 0.17333984375 0.0732421875 0.0732421875
0 0.09814453125 0.17919921875 0.0732421875 0.0732421875
0 0.2822265625 0.26806640625 0.123046875 0.1220703125
0 0.0517578125 0.27392578125 0.0859375 0.0849609375
0 0.32958984375 0.3701171875 0.0986328125 0.09765625
0 0.22265625 0.37255859375 0.123046875 0.1220703125
0 0.10986328125 0.375 0.1103515625 0.109375
0 0.357421875 0.46630859375 0.0859375 0.0849609375
0 0.2744140625 0.466796875 0.09765625 0.09765625
0 0.154296875 0.46533203125 0.123046875 0.1220703125
0 0.05810546875 0.4716796875 0.1103515625 0.109375
0 0.33203125 0.55810546875 0.0859375 0.0849609375
0 0.2197265625 0.56005859375 0.123046875 0.1220703125
0 0.2685546875 0.65234375 0.09765625 0.09765625
0 0.162109375 0.66064453125 0.123046875 0.1220703125
0 0.22607421875 0.748046875 0.1103515625 0.109375
0 0.11328125 0.7529296875 0.111328125 0.109375
0 0.16845703125 0.84814453125 0.1103515625 0.1103515625
0 0.32958984375 0.94580078125 0.0615234375 0.0615234375
0 0.22314453125 0.9443359375 0.0986328125 0.09765625
0 0.11083984375 0.943359375 0.0986328125 0.09765625