0 0.33154296875 0.6787109375 0.0732421875 0.07421875
0 0.056640625 0.38525390625 0.109375 0.1103515625
0 0.05810546875 0.27734375 0.0849609375 0.0859375
0 0.1513671875 0.33203125 0.0859375 0.0859375
0 0.1513671875 0.22412109375 0.09765625 0.0986328125
0 0.1552734375 0.13427734375 0.09765625 0.0986328125
0 0.2412109375 0.3984375 0.09765625 0.09765625
0 0.24609375 0.2724609375 0.09765625 0.09765625
0 0.248046875 0.17724609375 0.09765625 0.0986328125
0 0.2470703125 0.07080078125 0.09765625 0.0986328125
0 0.3349609375 0.126953125 0.0859375 0.0859375
0 0.33740234375 0.232421875 0.0849609375 0.0859375
0 0.33740234375 0.3349609375 0.0849609375 0.0859375
0 0.43017578125 0.39501953125 0.1103515625 0.1103515625
0 0.43408203125 0.27880859375 0.1103515625 0.1103515625
0 0.44091796875 0.16552734375 0.1103515625 0.1103515625
0 0.5263671875 0.12841796875 0.109375 0.1103515625
0 0.52587890625 0.220703125 0.1103515625 0.111328125
0 0.51953125 0.34814453125 0.109375 0.1103515625
0 0.62939453125 0.39111328125 0.1103515625 0.1103515625
0 0.6318359375 0.28857421875 0.109375 0.1103515625
0 0.6240234375 0.17138671875 0.09765625 0.0986328125
0 0.6240234375 0.06201171875 0.09765625 0.0986328125
0 0.7119140625 0.33935546875 0.109375 0.1103515625
0 0.71484375 0.20263671875 0.109375 0.1103515625
0 0.72265625 0.12109375 0.0859375 0.0859375
0 0.8037109375 0.287109375 0.0859375 0.0859375
0 0.814453125 0.1923828125 0.109375 0.111328125
0 0.81689453125 0.09326171875 0.1103515625 0.1103515625
0 0.9072265625 0.11572265625 0.09765625 0.0986328125
0 0.9033203125 0.22607421875 0.09765625 0.0986328125
0 0.8994140625 0.33642578125 0.109375 0.1103515625
0 0.05615234375 0.83447265625 0.1103515625 0.1103515625
0 0.05908203125 0.60693359375 0.1103515625 0.1103515625
0 0.140625 0.4443359375 0.109375 0.111328125
0 0.1494140625 0.56298828125 0.109375 0.1103515625
0 0.1533203125 0.66943359375 0.109375 0.1103515625
0 0.14453125 0.76806640625 0.09765625 0.0986328125
0 0.14404296875 0.88623046875 0.1103515625 0.1103515625
0 0.24462890625 0.9375 0.1103515625 0.111328125
0 0.2373046875 0.82666015625 0.109375 0.1103515625
0 0.23828125 0.72705078125 0.109375 0.1103515625
0 0.2373046875 0.61083984375 0.109375 0.1103515625
0 0.248046875 0.49267578125 0.109375 0.1103515625
0 0.33447265625 0.4443359375 0.0849609375 0.0859375
0 0.33447265625 0.5654296875 0.0849609375 0.0859375
0 0.32373046875 0.79296875 0.0849609375 0.0859375
0 0.3291015625 0.88818359375 0.09765625 0.0986328125
0 0.4267578125 0.94287109375 0.109375 0.1103515625
0 0.42333984375 0.82861328125 0.1103515625 0.1103515625
0 0.4287109375 0.7255859375 0.109375 0.111328125
0 0.4375 0.61865234375 0.109375 0.1103515625
0 0.4326171875 0.51123046875 0.109375 0.1103515625
0 0.5283203125 0.45751953125 0.109375 0.1103515625
0 0.529296875 0.54638671875 0.109375 0.1103515625
0 0.52685546875 0.65185546875 0.1103515625 0.1103515625
0 0.52001953125 0.7841796875 0.1103515625 0.111328125
0 0.52001953125 0.89208984375 0.1103515625 0.1103515625
0 0.6220703125 0.94189453125 0.09765625 0.0986328125
0 0.6142578125 0.84033203125 0.09765625 0.0986328125
0 0.61865234375 0.72412109375 0.1103515625 0.1103515625
0 0.6181640625 0.60888671875 0.09765625 0.0986328125
0 0.6201171875 0.50048828125 0.109375 0.1103515625
0 0.712890625 0.4541015625 0.109375 0.111328125
0 0.7197265625 0.56591796875 0.09765625 0.0986328125
0 0.71044921875 0.66357421875 0.1103515625 0.1103515625
0 0.708984375 0.77783203125 0.09765625 0.0986328125
0 0.71240234375 0.89990234375 0.1103515625 0.1103515625
0 0.8056640625 0.9326171875 0.0859375 0.0859375
0 0.80419921875 0.837890625 0.0849609375 0.0859375
0 0.80322265625 0.7216796875 0.0849609375 0.0859375
0 0.80078125 0.6142578125 0.0859375 0.0859375
0 0.7958984375 0.4970703125 0.0859375 0.0859375
0 0.80126953125 0.39453125 0.0849609375 0.0859375
0 0.904296875 0.43310546875 0.109375 0.1103515625
0 0.9052734375 0.55810546875 0.09765625 0.0986328125
0 0.9052734375 0.66796875 0.0859375 0.0859375
0 0.904296875 0.775390625 0.09765625 0.09765625
0 0.8974609375 0.900390625 0.109375 0.111328125