0 0.181640625 0.91748046875 0.09765625 0.0986328125
0 0.3701171875 0.92333984375 0.09765625 0.0986328125
0 0.56640625 0.9169921875 0.109375 0.111328125
0 0.75830078125 0.931640625 0.1103515625 0.111328125
0 0.94921875 0.9287109375 0.048828125 0.048828125
0 0.939453125 0.701171875 0.0859375 0.0859375
0 0.94580078125 0.8134765625 0.0849609375 0.0859375
0 0.84912109375 0.8623046875 0.0849609375 0.0859375
0 0.85205078125 0.755859375 0.0849609375 0.0859375
0 0.8447265625 0.6484375 0.09765625 0.09765625
0 0.849609375 0.5439453125 0.09765625 0.09765625
0 0.8544921875 0.42724609375 0.09765625 0.0986328125
0 0.75537109375 0.81396484375 0.0732421875 0.0732421875
0 0.75244140625 0.7021484375 0.0849609375 0.0859375
0 0.75341796875 0.4853515625 0.0732421875 0.07421875
0 0.6669921875 0.86767578125 0.09765625 0.0986328125
0 0.6611328125 0.75830078125 0.09765625 0.0986328125
0 0.666015625 0.64306640625 0.09765625 0.0986328125
0 0.65625 0.5322265625 0.09765625 0.09765625
0 0.654296875 0.421875 0.09765625 0.09765625
0 0.56396484375 0.81298828125 0.1103515625 0.1103515625
0 0.56298828125 0.69873046875 0.1103515625 0.1103515625
0 0.568359375 0.59228515625 0.109375 0.1103515625
0 0.5693359375 0.47412109375 0.109375 0.1103515625
0 0.568359375 0.3662109375 0.109375 0.111328125
0 0.46923828125 0.86376953125 0.1103515625 0.1103515625
0 0.47216796875 0.75244140625 0.1103515625 0.1103515625
0 0.47802734375 0.64404296875 0.1103515625 0.1103515625
0 0.47021484375 0.53173828125 0.1103515625 0.1103515625
0 0.46875 0.42333984375 0.109375 0.1103515625
0 0.3681640625 0.81103515625 0.109375 0.1103515625
0 0.3681640625 0.70263671875 0.09765625 0.0986328125
0 0.37255859375 0.59033203125 0.1103515625 0.1103515625
0 0.36962890625 0.47900390625 0.1103515625 0.1103515625
0 0.37060546875 0.36376953125 0.1103515625 0.1103515625
0 0.275390625 0.87060546875 0.109375 0.1103515625
0 0.2685546875 0.74658203125 0.109375 0.1103515625
0 0.275390625 0.64306640625 0.109375 0.1103515625
0 0.275390625 0.52685546875 0.109375 0.1103515625
0 0.2783203125 0.42333984375 0.109375 0.1103515625
0 0.1806640625 0.81640625 0.09765625 0.09765625
0 0.18408203125 0.70068359375 0.1103515625 0.1103515625
0 0.177734375 0.58544921875 0.109375 0.1103515625
0 0.1826171875 0.47412109375 0.09765625 0.0986328125
0 0.1767578125 0.36669921875 0.109375 0.1103515625
0 0.08740234375 0.865234375 0.0732421875 0.07421875
0 0.0849609375 0.7578125 0.09765625 0.09765625
0 0.08837890625 0.64990234375 0.1103515625 0.1103515625
0 0.08544921875 0.53271484375 0.1103515625 0.1103515625
0 0.08642578125 0.41796875 0.0849609375 0.0859375
0 0.0859375 0.31201171875 0.09765625 0.0986328125
0 0.087890625 0.20556640625 0.09765625 0.0986328125
0 0.08984375 0.09228515625 0.09765625 0.0986328125
0 0.18359375 0.25634765625 0.109375 0.1103515625
0 0.18212890625 0.14111328125 0.1103515625 0.1103515625
0 0.28369140625 0.30419921875 0.1103515625 0.1103515625
0 0.37939453125 0.25634765625 0.1103515625 0.1103515625
0 0.28173828125 0.20556640625 0.1103515625 0.1103515625
0 0.28466796875 0.09033203125 0.1103515625 0.1103515625
0 0.38037109375 0.1337890625 0.0732421875 0.07421875
0 0.4794921875 0.31103515625 0.109375 0.1103515625
0 0.4765625 0.2001953125 0.109375 0.111328125
0 0.47265625 0.099609375 0.109375 0.111328125
0 0.5654296875 0.2626953125 0.109375 0.111328125
0 0.56494140625 0.1552734375 0.0849609375 0.0859375
0 0.66552734375 0.2958984375 0.1103515625 0.111328125
0 0.66259765625 0.1875 0.0849609375 0.0859375
0 0.66943359375 0.068359375 0.0849609375 0.0859375
0 0.75439453125 0.3544921875 0.0849609375 0.0859375
0 0.74755859375 0.24072265625 0.0244140625 0.0244140625
0 0.75390625 0.1220703125 0.037109375 0.037109375
0 0.75146484375 0.01611328125 0.0244140625 0.0244140625
0 0.84912109375 0.09423828125 0.0244140625 0.0244140625
0 0.8466796875 0.31884765625 0.09765625 0.0986328125
0 0.8486328125 0.21337890625 0.09765625 0.0986328125