0 0.76318359375 0.890625 0.0732421875 0.07421875
0 0.85107421875 0.8310546875 0.0732421875 0.07421875
0 0.0849609375 0.07763671875 0.109375 0.1103515625
0 0.0947265625 0.19287109375 0.109375 0.1103515625
0 0.09912109375 0.29736328125 0.1103515625 0.1103515625
0 0.1826171875 0.12109375 0.109375 0.111328125
0 0.181640625 0.23193359375 0.09765625 0.0986328125
0 0.1767578125 0.34228515625 0.09765625 0.0986328125
0 0.29052734375 0.158203125 0.1103515625 0.111328125
0 0.29296875 0.2685546875 0.109375 0.111328125
0 0.38037109375 0.1025390625 0.0849609375 0.0859375
0 0.38037109375 0.2109375 0.1103515625 0.111328125
0 0.38623046875 0.333984375 0.1103515625 0.111328125
0 0.4775390625 0.05224609375 0.09765625 0.0986328125
0 0.47265625 0.17431640625 0.09765625 0.0986328125
0 0.47607421875 0.2802734375 0.1103515625 0.111328125
0 0.5673828125 0.11328125 0.0859375 0.0859375
0 0.5693359375 0.22119140625 0.09765625 0.0986328125
0 0.5693359375 0.333984375 0.09765625 0.09765625
0 0.67431640625 0.16357421875 0.1103515625 0.1103515625
0 0.6748046875 0.28271484375 0.109375 0.1103515625
0 0.76220703125 0.10595703125 0.1103515625 0.1103515625
0 0.76416015625 0.22900390625 0.1103515625 0.1103515625
0 0.76708984375 0.33642578125 0.1103515625 0.1103515625
0 0.86328125 0.05712890625 0.109375 0.1103515625
0 0.857421875 0.16650390625 0.109375 0.1103515625
0 0.8525390625 0.27685546875 0.109375 0.1103515625
0 0.94970703125 0.7744140625 0.0849609375 0.0859375
0 0.95166015625 0.8837890625 0.0849609375 0.0859375
0 0.8525390625 0.49365234375 0.09765625 0.0986328125
0 0.85107421875 0.6083984375 0.0849609375 0.0859375
0 0.85693359375 0.724609375 0.0849609375 0.0859375
0 0.85791015625 0.9375 0.0732421875 0.07421875
0 0.85693359375 0.38818359375 0.1103515625 0.1103515625
0 0.765625 0.44580078125 0.09765625 0.0986328125
0 0.7646484375 0.5546875 0.09765625 0.09765625
0 0.7626953125 0.6630859375 0.09765625 0.09765625
0 0.76953125 0.7744140625 0.0859375 0.0859375
0 0.6689453125 0.3876953125 0.0859375 0.0859375
0 0.38232421875 0.431640625 0.0849609375 0.0859375
0 0.09033203125 0.40869140625 0.1103515625 0.1103515625
0 0.09033203125 0.52001953125 0.1103515625 0.1103515625
0 0.08740234375 0.63232421875 0.1103515625 0.1103515625
0 0.08837890625 0.74658203125 0.1103515625 0.1103515625
0 0.1796875 0.46923828125 0.109375 0.1103515625
0 0.1748046875 0.56689453125 0.09765625 0.0986328125
0 0.1806640625 0.67822265625 0.09765625 0.0986328125
0 0.2900390625 0.373046875 0.09765625 0.09765625
0 0.30078125 0.5126953125 0.109375 0.111328125
0 0.30078125 0.61669921875 0.09765625 0.0986328125
0 0.302734375 0.71728515625 0.09765625 0.0986328125
0 0.29248046875 0.82958984375 0.1103515625 0.1103515625
0 0.3837890625 0.5458984375 0.109375 0.111328125
0 0.37890625 0.66015625 0.0859375 0.0859375
0 0.380859375 0.7744140625 0.0859375 0.0859375
0 0.47412109375 0.37548828125 0.1103515625 0.1103515625
0 0.47314453125 0.498046875 0.1103515625 0.111328125
0 0.4736328125 0.603515625 0.09765625 0.09765625
0 0.4775390625 0.732421875 0.09765625 0.09765625
0 0.5771484375 0.43212890625 0.09765625 0.0986328125
0 0.57861328125 0.55078125 0.0849609375 0.0859375
0 0.57958984375 0.666015625 0.0849609375 0.0859375
0 0.57080078125 0.76953125 0.0849609375 0.0859375
0 0.6767578125 0.49072265625 0.09765625 0.0986328125
0 0.6767578125 0.61767578125 0.109375 0.1103515625
0 0.6748046875 0.7158203125 0.0859375 0.0859375
0 0.6748046875 0.81640625 0.09765625 0.09765625
0 0.6708984375 0.931640625 0.09765625 0.09765625
0 0.57666015625 0.8857421875 0.0849609375 0.0859375
0 0.474609375 0.94775390625 0.09765625 0.0986328125
0 0.48046875 0.833984375 0.0859375 0.0859375
0 0.3837890625 0.8837890625 0.0859375 0.0859375
0 0.2919921875 0.93408203125 0.09765625 0.0986328125
0 0.1796875 0.89208984375 0.09765625 0.0986328125
0 0.08984375 0.85009765625 0.09765625 0.0986328125
0 0.0888671875 0.9560546875 0.0859375 0.0859375