0 0.90380859375 0.45849609375 0.0732421875 0.0732421875
0 0.91845703125 0.26318359375 0.0732421875 0.0732421875
0 0.83251953125 0.18115234375 0.0732421875 0.0732421875
0 0.83544921875 0.078125 0.0732421875 0.07421875
0 0.25048828125 0.9560546875 0.0732421875 0.07421875
0 0.0693359375 0.1982421875 0.0859375 0.0859375
0 0.07421875 0.08154296875 0.09765625 0.0986328125
0 0.169921875 0.2431640625 0.0859375 0.0859375
0 0.166015625 0.123046875 0.09765625 0.09765625
0 0.26171875 0.193359375 0.109375 0.111328125
0 0.2607421875 0.0830078125 0.109375 0.111328125
0 0.353515625 0.13525390625 0.109375 0.1103515625
0 0.36376953125 0.23095703125 0.1103515625 0.1103515625
0 0.4423828125 0.0751953125 0.09765625 0.09765625
0 0.54736328125 0.12646484375 0.1103515625 0.1103515625
0 0.54345703125 0.2470703125 0.1103515625 0.111328125
0 0.724609375 0.24755859375 0.09765625 0.0986328125
0 0.9091796875 0.14990234375 0.0859375 0.0869140625
0 0.90380859375 0.36474609375 0.0732421875 0.0732421875
0 0.90234375 0.6611328125 0.0859375 0.0859375
0 0.06640625 0.298828125 0.0859375 0.0859375
0 0.0615234375 0.39892578125 0.09765625 0.0986328125
0 0.060546875 0.517578125 0.09765625 0.09765625
0 0.06298828125 0.953125 0.0849609375 0.0859375
0 0.060546875 0.8388671875 0.0859375 0.0859375
0 0.0595703125 0.7294921875 0.0859375 0.0859375
0 0.0595703125 0.626953125 0.0859375 0.0859375
0 0.16259765625 0.908203125 0.0849609375 0.0859375
0 0.7236328125 0.57421875 0.048828125 0.048828125
0 0.72412109375 0.47265625 0.0849609375 0.0859375
0 0.7216796875 0.35693359375 0.0859375 0.0869140625
0 0.16259765625 0.79296875 0.0849609375 0.0859375
0 0.1640625 0.68408203125 0.109375 0.1103515625
0 0.16552734375 0.5771484375 0.0849609375 0.0859375
0 0.1669921875 0.45751953125 0.09765625 0.0986328125
0 0.162109375 0.34228515625 0.109375 0.1103515625
0 0.25390625 0.2939453125 0.109375 0.111328125
0 0.25732421875 0.40576171875 0.1103515625 0.1103515625
0 0.25732421875 0.51416015625 0.1103515625 0.1103515625
0 0.25830078125 0.62939453125 0.1103515625 0.1103515625
0 0.25732421875 0.74169921875 0.1103515625 0.1103515625
0 0.255859375 0.853515625 0.09765625 0.09765625
0 0.3447265625 0.9169921875 0.0859375 0.0859375
0 0.3603515625 0.78955078125 0.09765625 0.0986328125
0 0.3544921875 0.68017578125 0.09765625 0.0986328125
0 0.35791015625 0.57080078125 0.1103515625 0.1103515625
0 0.3515625 0.45947265625 0.109375 0.1103515625
0 0.35595703125 0.34716796875 0.1103515625 0.1103515625
0 0.439453125 0.29296875 0.09765625 0.09765625
0 0.443359375 0.4306640625 0.09765625 0.09765625
0 0.4462890625 0.52978515625 0.09765625 0.0986328125
0 0.4462890625 0.61962890625 0.09765625 0.0986328125
0 0.4404296875 0.74267578125 0.09765625 0.0986328125
0 0.5419921875 0.35400390625 0.09765625 0.0986328125
0 0.54150390625 0.4697265625 0.0849609375 0.0859375
0 0.63671875 0.84716796875 0.109375 0.1103515625
0 0.6396484375 0.74169921875 0.109375 0.1103515625
0 0.724609375 0.91259765625 0.09765625 0.0986328125
0 0.72998046875 0.80029296875 0.1103515625 0.1103515625
0 0.73291015625 0.68603515625 0.1103515625 0.1103515625
0 0.82421875 0.7421875 0.109375 0.111328125
0 0.8154296875 0.8759765625 0.09765625 0.09765625
0 0.91064453125 0.91650390625 0.1103515625 0.1103515625
0 0.91357421875 0.77197265625 0.1103515625 0.1103515625
0 0.8193359375 0.63525390625 0.109375 0.1103515625
0 0.8193359375 0.52734375 0.0859375 0.0859375
0 0.8251953125 0.2939453125 0.0859375 0.0859375