0 0.1328125 0.55322265625 0.0859375 0.0869140625
0 0.896484375 0.09228515625 0.09765625 0.0986328125
0 0.8935546875 0.20654296875 0.09765625 0.0986328125
0 0.892578125 0.31298828125 0.09765625 0.0986328125
0 0.8916015625 0.42724609375 0.09765625 0.0986328125
0 0.8896484375 0.54052734375 0.09765625 0.0986328125
0 0.79541015625 0.0458984375 0.0849609375 0.0859375
0 0.79833984375 0.158203125 0.0849609375 0.0859375
0 0.794921875 0.26513671875 0.09765625 0.0986328125
0 0.7998046875 0.37548828125 0.09765625 0.0986328125
0 0.7958984375 0.490234375 0.0859375 0.0859375
0 0.70703125 0.10009765625 0.09765625 0.0986328125
0 0.705078125 0.20654296875 0.09765625 0.0986328125
0 0.703125 0.31982421875 0.09765625 0.0986328125
0 0.705078125 0.42724609375 0.09765625 0.0986328125
0 0.70361328125 0.5478515625 0.0849609375 0.0859375
0 0.609375 0.15576171875 0.109375 0.1103515625
0 0.61083984375 0.27099609375 0.1103515625 0.1103515625
0 0.615234375 0.37255859375 0.09765625 0.0986328125
0 0.6044921875 0.4814453125 0.09765625 0.09765625
0 0.50927734375 0.10791015625 0.1103515625 0.1103515625
0 0.41357421875 0.15576171875 0.1103515625 0.1103515625
0 0.51123046875 0.20654296875 0.1103515625 0.1103515625
0 0.50830078125 0.32177734375 0.1103515625 0.1103515625
0 0.51123046875 0.439453125 0.1103515625 0.111328125
0 0.5087890625 0.546875 0.0859375 0.0859375
0 0.41259765625 0.2783203125 0.0732421875 0.07421875
0 0.416015625 0.376953125 0.09765625 0.09765625
0 0.4091796875 0.4951171875 0.09765625 0.09765625
0 0.3134765625 0.10107421875 0.109375 0.1103515625
0 0.31640625 0.2119140625 0.109375 0.111328125
0 0.3203125 0.3125 0.109375 0.111328125
0 0.3134765625 0.43212890625 0.09765625 0.0986328125
0 0.31396484375 0.548828125 0.0849609375 0.0859375
0 0.2275390625 0.1494140625 0.109375 0.111328125
0 0.22802734375 0.2568359375 0.0849609375 0.0859375
0 0.224609375 0.38232421875 0.09765625 0.0986328125
0 0.232421875 0.49169921875 0.09765625 0.0986328125
0 0.12744140625 0.1162109375 0.1103515625 0.111328125
0 0.13037109375 0.224609375 0.0849609375 0.0859375
0 0.12353515625 0.34375 0.0849609375 0.0859375
0 0.1298828125 0.447265625 0.0859375 0.0859375
0 0.04541015625 0.17138671875 0.0244140625 0.0244140625
0 0.0390625 0.2900390625 0.037109375 0.037109375
0 0.04150390625 0.39599609375 0.0244140625 0.0244140625
0 0.03564453125 0.50927734375 0.0244140625 0.0244140625
0 0.03662109375 0.59619140625 0.0244140625 0.0244140625
0 0.02978515625 0.70361328125 0.0244140625 0.0244140625
0 0.1298828125 0.734375 0.037109375 0.037109375
0 0.126953125 0.65185546875 0.109375 0.1103515625
0 0.236328125 0.595703125 0.0859375 0.0859375
0 0.23681640625 0.70458984375 0.0732421875 0.0732421875
0 0.3173828125 0.65478515625 0.09765625 0.0986328125
0 0.30810546875 0.77001953125 0.0615234375 0.0615234375
0 0.4091796875 0.60107421875 0.09765625 0.0986328125
0 0.4140625 0.70849609375 0.09765625 0.0986328125
0 0.517578125 0.658203125 0.09765625 0.09765625
0 0.60888671875 0.5966796875 0.0849609375 0.0859375
0 0.607421875 0.7080078125 0.09765625 0.09765625
0 0.70703125 0.6552734375 0.09765625 0.09765625
0 0.70068359375 0.75 0.0849609375 0.0859375
0 0.7958984375 0.6005859375 0.0859375 0.0859375
0 0.7978515625 0.7041015625 0.0859375 0.0859375
0 0.8916015625 0.6455078125 0.0859375 0.0859375
0 0.888671875 0.7529296875 0.0859375 0.0859375
0 0.03759765625 0.90478515625 0.0615234375 0.0615234375
0 0.1318359375 0.94775390625 0.09765625 0.0986328125
0 0.2216796875 0.9150390625 0.048828125 0.048828125
0 0.30712890625 0.94775390625 0.0732421875 0.0732421875
0 0.51123046875 0.9453125 0.0732421875 0.07421875
0 0.88671875 0.94677734375 0.060546875 0.0615234375