0 0.07666015625 0.05126953125 0.0732421875 0.0732421875
0 0.1826171875 0.0537109375 0.0859375 0.0859375
0 0.2939453125 0.052734375 0.09765625 0.09765625
0 0.1279296875 0.150390625 0.0859375 0.0859375
0 0.234375 0.150390625 0.09765625 0.09765625
0 0.0771484375 0.24365234375 0.0859375 0.0849609375
0 0.185546875 0.24072265625 0.0859375 0.0849609375
0 0.2900390625 0.2421875 0.09765625 0.09765625
0 0.1357421875 0.33837890625 0.0859375 0.0849609375
0 0.23828125 0.33984375 0.09765625 0.09765625
0 0.0771484375 0.42822265625 0.07421875 0.0732421875
0 0.185546875 0.43017578125 0.07421875 0.0732421875
0 0.29736328125 0.43798828125 0.0732421875 0.0732421875
0 0.1279296875 0.52197265625 0.0859375 0.0849609375
0 0.23681640625 0.5205078125 0.0986328125 0.09765625
0 0.0732421875 0.61767578125 0.0859375 0.0849609375
0 0.18505859375 0.619140625 0.0986328125 0.09765625
0 0.29931640625 0.619140625 0.0986328125 0.09765625
0 0.12890625 0.71484375 0.0859375 0.0859375
0 0.23779296875 0.712890625 0.0986328125 0.09765625
0 0.07470703125 0.8056640625 0.0986328125 0.09765625
0 0.18212890625 0.8046875 0.0986328125 0.09765625
0 0.29345703125 0.8076171875 0.0986328125 0.09765625
0 0.12841796875 0.90771484375 0.1103515625 0.1103515625
0 0.23583984375 0.91162109375 0.1103515625 0.1103515625
0 0.35302734375 0.90673828125 0.1103515625 0.1103515625
0 0.46435546875 0.90966796875 0.1103515625 0.1103515625
0 0.57275390625 0.91552734375 0.1103515625 0.1103515625
0 0.68505859375 0.90771484375 0.1103515625 0.1103515625
0 0.79345703125 0.90625 0.1103515625 0.109375
0 0.40576171875 0.8056640625 0.1103515625 0.109375
0 0.51416015625 0.8056640625 0.0986328125 0.09765625
0 0.62646484375 0.81005859375 0.1103515625 0.1103515625
0 0.73779296875 0.80712890625 0.1103515625 0.1103515625
0 0.85302734375 0.80810546875 0.1103515625 0.1103515625
0 0.34619140625 0.712890625 0.1103515625 0.109375
0 0.47021484375 0.7060546875 0.1103515625 0.109375
0 0.57373046875 0.712890625 0.1103515625 0.109375
0 0.68994140625 0.712890625 0.1103515625 0.109375
0 0.79345703125 0.7158203125 0.1103515625 0.109375
0 0.400390625 0.6181640625 0.09765625 0.09765625
0 0.51611328125 0.62158203125 0.1103515625 0.1103515625
0 0.63134765625 0.615234375 0.1103515625 0.109375
0 0.74267578125 0.6201171875 0.0986328125 0.09765625
0 0.85009765625 0.6142578125 0.1103515625 0.109375
0 0.3515625 0.52490234375 0.07421875 0.0732421875
0 0.458984375 0.5224609375 0.09765625 0.09765625
0 0.56689453125 0.52587890625 0.1103515625 0.1103515625
0 0.68408203125 0.52294921875 0.1103515625 0.1103515625
0 0.798828125 0.52392578125 0.0859375 0.0849609375
0 0.4033203125 0.43310546875 0.07421875 0.0732421875
0 0.515625 0.4365234375 0.09765625 0.09765625
0 0.626953125 0.43115234375 0.0859375 0.0849609375
0 0.73779296875 0.4326171875 0.0986328125 0.09765625
0 0.34619140625 0.3349609375 0.0986328125 0.09765625
0 0.4599609375 0.3388671875 0.0859375 0.0859375
0 0.5625 0.3408203125 0.09765625 0.09765625
0 0.6767578125 0.33984375 0.0859375 0.0859375
0 0.79296875 0.3369140625 0.0859375 0.0859375
0 0.39794921875 0.2421875 0.0986328125 0.09765625
0 0.51611328125 0.2373046875 0.0986328125 0.09765625
0 0.6220703125 0.234375 0.09765625 0.09765625
0 0.7392578125 0.2353515625 0.09765625 0.09765625
0 0.34912109375 0.1484375 0.0869140625 0.0859375
0 0.45654296875 0.1484375 0.0986328125 0.09765625
0 0.56494140625 0.1494140625 0.0986328125 0.09765625
0 0.69482421875 0.1484375 0.0986328125 0.09765625
0 0.51123046875 0.0556640625 0.0986328125 0.09765625
0 0.6259765625 0.056640625 0.0859375 0.0859375
0 0.7353515625 0.05322265625 0.0859375 0.0849609375
0 0.8056640625 0.14599609375 0.0859375 0.0849609375
0 0.84375 0.05615234375 0.0859375 0.0849609375
0 0.900390625 0.14990234375 0.0859375 0.0849609375
0 0.84765625 0.2392578125 0.0859375 0.0859375
0 0.89697265625 0.333984375 0.0986328125 0.09765625
0 0.8505859375 0.43505859375 0.0859375 0.0849609375
0 0.90478515625 0.5234375 0.0986328125 0.09765625
0 0.91259765625 0.72119140625 0.1103515625 0.1103515625
0 0.90576171875 0.9169921875 0.1103515625 0.109375