0 0.43798828125 0.2783203125 0.0732421875 0.07421875
0 0.92529296875 0.11669921875 0.1103515625 0.1103515625
0 0.91845703125 0.22607421875 0.1103515625 0.1103515625
0 0.8251953125 0.05810546875 0.109375 0.1103515625
0 0.8232421875 0.16845703125 0.109375 0.1103515625
0 0.8203125 0.27880859375 0.09765625 0.0986328125
0 0.73046875 0.11474609375 0.09765625 0.0986328125
0 0.7353515625 0.21826171875 0.09765625 0.0986328125
0 0.63427734375 0.16748046875 0.1103515625 0.1103515625
0 0.63232421875 0.27685546875 0.1103515625 0.1103515625
0 0.537109375 0.11083984375 0.09765625 0.0986328125
0 0.5380859375 0.2236328125 0.09765625 0.09765625
0 0.5380859375 0.3251953125 0.09765625 0.09765625
0 0.4404296875 0.05908203125 0.09765625 0.0986328125
0 0.4384765625 0.1611328125 0.09765625 0.09765625
0 0.345703125 0.10693359375 0.09765625 0.0986328125
0 0.34716796875 0.2197265625 0.0849609375 0.0859375
0 0.25146484375 0.05712890625 0.1103515625 0.1103515625
0 0.244140625 0.17041015625 0.109375 0.1103515625
0 0.2353515625 0.2783203125 0.109375 0.111328125
0 0.1572265625 0.10400390625 0.09765625 0.0986328125
0 0.154296875 0.2294921875 0.109375 0.111328125
0 0.0576171875 0.0546875 0.0859375 0.0859375
0 0.05810546875 0.169921875 0.1103515625 0.111328125
0 0.0595703125 0.63818359375 0.109375 0.1103515625
0 0.06396484375 0.74267578125 0.1103515625 0.1103515625
0 0.1376953125 0.322265625 0.09765625 0.09765625
0 0.1513671875 0.46484375 0.109375 0.111328125
0 0.1474609375 0.56640625 0.109375 0.111328125
0 0.146484375 0.67724609375 0.09765625 0.0986328125
0 0.1416015625 0.78759765625 0.09765625 0.0986328125
0 0.2568359375 0.38427734375 0.09765625 0.0986328125
0 0.25048828125 0.5009765625 0.1103515625 0.111328125
0 0.25537109375 0.603515625 0.1103515625 0.111328125
0 0.2578125 0.7138671875 0.109375 0.111328125
0 0.3486328125 0.34130859375 0.109375 0.1103515625
0 0.345703125 0.4453125 0.0859375 0.0859375
0 0.34521484375 0.5478515625 0.0849609375 0.0859375
0 0.34521484375 0.65625 0.1103515625 0.111328125
0 0.35107421875 0.779296875 0.1103515625 0.111328125
0 0.4443359375 0.38671875 0.0859375 0.0859375
0 0.4423828125 0.49755859375 0.09765625 0.0986328125
0 0.4375 0.61962890625 0.09765625 0.0986328125
0 0.44091796875 0.7255859375 0.1103515625 0.111328125
0 0.541015625 0.44873046875 0.09765625 0.0986328125
0 0.5322265625 0.55859375 0.0859375 0.0859375
0 0.5341796875 0.66650390625 0.09765625 0.0986328125
0 0.5341796875 0.779296875 0.09765625 0.09765625
0 0.63330078125 0.38720703125 0.1103515625 0.1103515625
0 0.63916015625 0.49755859375 0.1103515625 0.1103515625
0 0.63916015625 0.60888671875 0.1103515625 0.1103515625
0 0.6396484375 0.72802734375 0.109375 0.1103515625
0 0.72265625 0.33447265625 0.109375 0.1103515625
0 0.7255859375 0.44775390625 0.109375 0.1103515625
0 0.72705078125 0.55126953125 0.1103515625 0.1103515625
0 0.72900390625 0.67431640625 0.1103515625 0.1103515625
0 0.73193359375 0.78173828125 0.1103515625 0.1103515625
0 0.822265625 0.39306640625 0.109375 0.1103515625
0 0.828125 0.50244140625 0.109375 0.1103515625
0 0.822265625 0.61181640625 0.109375 0.1103515625
0 0.8173828125 0.72216796875 0.109375 0.1103515625
0 0.91259765625 0.3359375 0.1103515625 0.111328125
0 0.9169921875 0.453125 0.09765625 0.09765625
0 0.9189453125 0.55615234375 0.109375 0.1103515625
0 0.921875 0.67041015625 0.09765625 0.0986328125
0 0.916015625 0.78076171875 0.109375 0.1103515625
0 0.8173828125 0.93896484375 0.09765625 0.0986328125
0 0.9169921875 0.89111328125 0.109375 0.1103515625
0 0.82177734375 0.83349609375 0.1103515625 0.1103515625
0 0.73046875 0.89111328125 0.09765625 0.0986328125
0 0.6337890625 0.8330078125 0.0859375 0.0859375
0 0.34716796875 0.876953125 0.0849609375 0.0859375
0 0.14453125 0.91455078125 0.109375 0.1103515625
0 0.2548828125 0.818359375 0.09765625 0.09765625
0 0.43896484375 0.82080078125 0.1103515625 0.1103515625
0 0.43798828125 0.943359375 0.1103515625 0.111328125
0 0.5419921875 0.87744140625 0.09765625 0.0986328125
0 0.6416015625 0.93603515625 0.09765625 0.0986328125