0 0.66162109375 0.33544921875 0.0732421875 0.0732421875
0 0.56884765625 0.744140625 0.0732421875 0.07421875
0 0.75439453125 0.2626953125 0.0732421875 0.07421875
0 0.45849609375 0.10498046875 0.0732421875 0.0732421875
0 0.57666015625 0.06103515625 0.0615234375 0.0615234375
0 0.0888671875 0.447265625 0.0859375 0.0859375
0 0.0869140625 0.3505859375 0.09765625 0.09765625
0 0.1884765625 0.49267578125 0.109375 0.1103515625
0 0.095703125 0.103515625 0.09765625 0.09765625
0 0.18896484375 0.1474609375 0.0849609375 0.0859375
0 0.2880859375 0.09814453125 0.109375 0.1103515625
0 0.27783203125 0.22314453125 0.1103515625 0.1103515625
0 0.28515625 0.427734375 0.09765625 0.09765625
0 0.373046875 0.49267578125 0.109375 0.1103515625
0 0.38134765625 0.15185546875 0.1103515625 0.1103515625
0 0.47021484375 0.435546875 0.1103515625 0.111328125
0 0.560546875 0.46044921875 0.109375 0.1103515625
0 0.568359375 0.3642578125 0.09765625 0.09765625
0 0.6640625 0.43701171875 0.09765625 0.0986328125
0 0.65625 0.2080078125 0.09765625 0.09765625
0 0.4638671875 0.2265625 0.0859375 0.0859375
0 0.7509765625 0.4931640625 0.09765625 0.09765625
0 0.759765625 0.384765625 0.0859375 0.0859375
0 0.748046875 0.15625 0.09765625 0.09765625
0 0.8466796875 0.1943359375 0.0859375 0.0859375
0 0.84423828125 0.10205078125 0.1103515625 0.1103515625
0 0.9375 0.49365234375 0.09765625 0.0986328125
0 0.9443359375 0.37890625 0.0859375 0.0859375
0 0.94189453125 0.2734375 0.0849609375 0.0859375
0 0.94091796875 0.15673828125 0.1103515625 0.1103515625
0 0.09130859375 0.55419921875 0.1103515625 0.1103515625
0 0.0869140625 0.6591796875 0.09765625 0.09765625
0 0.0830078125 0.7529296875 0.09765625 0.09765625
0 0.0830078125 0.853515625 0.0859375 0.0859375
0 0.18359375 0.93896484375 0.109375 0.1103515625
0 0.18798828125 0.8115234375 0.1103515625 0.111328125
0 0.18408203125 0.71630859375 0.1103515625 0.1103515625
0 0.177734375 0.591796875 0.109375 0.111328125
0 0.2744140625 0.65185546875 0.109375 0.1103515625
0 0.2744140625 0.75830078125 0.109375 0.1103515625
0 0.2783203125 0.86767578125 0.109375 0.1103515625
0 0.3671875 0.9248046875 0.0859375 0.0859375
0 0.373046875 0.80810546875 0.09765625 0.0986328125
0 0.3740234375 0.705078125 0.09765625 0.09765625
0 0.7578125 0.9423828125 0.0859375 0.0859375
0 0.75146484375 0.810546875 0.0849609375 0.0859375
0 0.64404296875 0.7939453125 0.0849609375 0.0859375
0 0.64794921875 0.876953125 0.0849609375 0.0859375
0 0.56494140625 0.9150390625 0.0849609375 0.0859375
0 0.56396484375 0.8330078125 0.0849609375 0.0859375
0 0.4658203125 0.6826171875 0.0859375 0.0859375
0 0.46826171875 0.7900390625 0.0849609375 0.0859375
0 0.46044921875 0.884765625 0.0849609375 0.0859375
0 0.4697265625 0.53369140625 0.09765625 0.0986328125
0 0.5615234375 0.55419921875 0.109375 0.1103515625
0 0.65869140625 0.53759765625 0.1103515625 0.1103515625
0 0.7529296875 0.60546875 0.09765625 0.09765625
0 0.845703125 0.87060546875 0.09765625 0.0986328125
0 0.8447265625 0.75732421875 0.09765625 0.0986328125
0 0.93359375 0.92529296875 0.09765625 0.0986328125
0 0.9375 0.8125 0.0859375 0.0859375
0 0.9404296875 0.703125 0.09765625 0.09765625
0 0.9453125 0.6044921875 0.0859375 0.0859375