0 0.52880859375 0.373046875 0.0732421875 0.07421875
0 0.62060546875 0.29248046875 0.0732421875 0.0732421875
0 0.42822265625 0.0859375 0.0732421875 0.07421875
0 0.80908203125 0.2119140625 0.0849609375 0.0859375
0 0.81396484375 0.31640625 0.0849609375 0.0859375
0 0.81396484375 0.4345703125 0.0849609375 0.0859375
0 0.8955078125 0.4775390625 0.0859375 0.0859375
0 0.90185546875 0.3759765625 0.0849609375 0.0859375
0 0.90576171875 0.2783203125 0.0849609375 0.0859375
0 0.62548828125 0.40673828125 0.0615234375 0.0615234375
0 0.90234375 0.91845703125 0.109375 0.1103515625
0 0.9052734375 0.81298828125 0.109375 0.1103515625
0 0.8974609375 0.70263671875 0.109375 0.1103515625
0 0.9013671875 0.59423828125 0.09765625 0.0986328125
0 0.80322265625 0.857421875 0.0849609375 0.0859375
0 0.81103515625 0.75341796875 0.1103515625 0.1103515625
0 0.80224609375 0.6455078125 0.0849609375 0.0859375
0 0.8017578125 0.568359375 0.09765625 0.09765625
0 0.7138671875 0.89599609375 0.09765625 0.0986328125
0 0.712890625 0.8046875 0.0859375 0.0859375
0 0.705078125 0.6865234375 0.0859375 0.0859375
0 0.705078125 0.59033203125 0.09765625 0.0986328125
0 0.712890625 0.4716796875 0.0859375 0.0859375
0 0.71826171875 0.3681640625 0.0849609375 0.0859375
0 0.7158203125 0.23828125 0.0859375 0.0859375
0 0.60693359375 0.8505859375 0.0849609375 0.0859375
0 0.61083984375 0.7490234375 0.1103515625 0.111328125
0 0.6123046875 0.64208984375 0.109375 0.1103515625
0 0.61328125 0.54248046875 0.109375 0.1103515625
0 0.5126953125 0.48095703125 0.109375 0.1103515625
0 0.50732421875 0.58740234375 0.1103515625 0.1103515625
0 0.5087890625 0.6904296875 0.109375 0.111328125
0 0.509765625 0.80859375 0.09765625 0.09765625
0 0.5107421875 0.91943359375 0.09765625 0.0986328125
0 0.421875 0.86572265625 0.109375 0.1103515625
0 0.4208984375 0.76025390625 0.09765625 0.0986328125
0 0.421875 0.64599609375 0.109375 0.1103515625
0 0.427734375 0.53173828125 0.09765625 0.0986328125
0 0.423828125 0.43017578125 0.109375 0.1103515625
0 0.4248046875 0.19580078125 0.09765625 0.0986328125
0 0.244140625 0.4287109375 0.0859375 0.0859375
0 0.33251953125 0.91796875 0.0849609375 0.0859375
0 0.330078125 0.8115234375 0.0859375 0.0859375
0 0.32763671875 0.6962890625 0.0849609375 0.0859375
0 0.33154296875 0.57421875 0.0849609375 0.0859375
0 0.33203125 0.46630859375 0.09765625 0.0986328125
0 0.32958984375 0.375 0.0849609375 0.0859375
0 0.23828125 0.86279296875 0.109375 0.1103515625
0 0.2412109375 0.75927734375 0.09765625 0.0986328125
0 0.23974609375 0.65087890625 0.1103515625 0.1103515625
0 0.23876953125 0.5302734375 0.0849609375 0.0859375
0 0.14013671875 0.90869140625 0.1103515625 0.1103515625
0 0.1376953125 0.80712890625 0.109375 0.1103515625
0 0.14453125 0.703125 0.09765625 0.09765625
0 0.1494140625 0.59130859375 0.109375 0.1103515625
0 0.14306640625 0.47509765625 0.1103515625 0.1103515625
0 0.05615234375 0.64990234375 0.1103515625 0.1103515625
0 0.0517578125 0.2021484375 0.09765625 0.09765625
0 0.0556640625 0.31494140625 0.09765625 0.0986328125
0 0.1455078125 0.25146484375 0.09765625 0.0986328125
0 0.2431640625 0.20361328125 0.09765625 0.0986328125
0 0.140625 0.14404296875 0.09765625 0.0986328125
0 0.2421875 0.08544921875 0.09765625 0.0986328125
0 0.33203125 0.1484375 0.0859375 0.0859375
0 0.52099609375 0.138671875 0.1103515625 0.111328125
0 0.6123046875 0.08984375 0.09765625 0.09765625
0 0.90087890625 0.14453125 0.0849609375 0.0859375