0 0.32470703125 0.3818359375 0.0732421875 0.07421875
0 0.04541015625 0.13525390625 0.0732421875 0.0732421875
0 0.43017578125 0.68603515625 0.0732421875 0.0732421875
0 0.13427734375 0.958984375 0.0732421875 0.07421875
0 0.13818359375 0.60888671875 0.0732421875 0.0732421875
0 0.32763671875 0.7353515625 0.0732421875 0.07421875
0 0.41552734375 0.88134765625 0.0732421875 0.0732421875
0 0.23388671875 0.78857421875 0.0732421875 0.0732421875
0 0.79052734375 0.8974609375 0.1103515625 0.111328125
0 0.609375 0.89697265625 0.09765625 0.0986328125
0 0.3251953125 0.939453125 0.0859375 0.0859375
0 0.43017578125 0.77978515625 0.0732421875 0.0732421875
0 0.32568359375 0.8447265625 0.0732421875 0.07421875
0 0.431640625 0.4833984375 0.0859375 0.0859375
0 0.23046875 0.22021484375 0.0859375 0.0869140625
0 0.23046875 0.109375 0.0859375 0.0859375
0 0.13720703125 0.1640625 0.0732421875 0.07421875
0 0.14111328125 0.26953125 0.0732421875 0.07421875
0 0.1328125 0.8466796875 0.0859375 0.0859375
0 0.1396484375 0.7314453125 0.0859375 0.0859375
0 0.13720703125 0.50390625 0.0849609375 0.0859375
0 0.1318359375 0.36865234375 0.09765625 0.0986328125
0 0.22900390625 0.42578125 0.0849609375 0.0859375
0 0.228515625 0.55712890625 0.09765625 0.0986328125
0 0.2294921875 0.6728515625 0.09765625 0.09765625
0 0.3271484375 0.61572265625 0.109375 0.1103515625
0 0.3232421875 0.49755859375 0.09765625 0.0986328125
0 0.6103515625 0.5703125 0.048828125 0.048828125
0 0.60986328125 0.671875 0.0849609375 0.0859375
0 0.6123046875 0.78759765625 0.0859375 0.0869140625
0 0.89453125 0.8515625 0.09765625 0.09765625
0 0.890625 0.7138671875 0.09765625 0.09765625
0 0.8876953125 0.61474609375 0.09765625 0.0986328125
0 0.8876953125 0.52490234375 0.09765625 0.0986328125
0 0.8935546875 0.40185546875 0.09765625 0.0986328125
0 0.7919921875 0.79052734375 0.09765625 0.0986328125
0 0.79248046875 0.6748046875 0.0849609375 0.0859375
0 0.79296875 0.13232421875 0.09765625 0.0986328125
0 0.7001953125 0.083984375 0.09765625 0.09765625
0 0.7021484375 0.18017578125 0.09765625 0.0986328125
0 0.697265625 0.29736328125 0.109375 0.1103515625
0 0.6943359375 0.40283203125 0.109375 0.1103515625
0 0.6025390625 0.12646484375 0.09765625 0.0986328125
0 0.609375 0.23193359375 0.09765625 0.0986328125
0 0.60400390625 0.34423828125 0.1103515625 0.1103515625
0 0.60107421875 0.45849609375 0.1103515625 0.1103515625
0 0.509765625 0.40234375 0.109375 0.111328125
0 0.5185546875 0.2685546875 0.09765625 0.09765625
0 0.513671875 0.1669921875 0.109375 0.111328125
0 0.41796875 0.1201171875 0.109375 0.111328125
0 0.42333984375 0.22802734375 0.1103515625 0.1103515625
0 0.42041015625 0.37255859375 0.1103515625 0.1103515625
0 0.5146484375 0.50927734375 0.109375 0.1103515625
0 0.5146484375 0.6171875 0.0859375 0.0859375
0 0.32373046875 0.17578125 0.0849609375 0.0859375
0 0.51123046875 0.06787109375 0.1103515625 0.1103515625
0 0.14306640625 0.080078125 0.0849609375 0.0859375
0 0.32421875 0.06005859375 0.109375 0.1103515625
0 0.5087890625 0.8505859375 0.0859375 0.0859375