0 0.95166015625 0.43896484375 0.0732421875 0.0732421875
0 0.85302734375 0.27001953125 0.0615234375 0.0615234375
0 0.94775390625 0.31591796875 0.0615234375 0.0615234375
0 0.67431640625 0.27197265625 0.0615234375 0.0615234375
0 0.953125 0.7626953125 0.0859375 0.0859375
0 0.0908203125 0.271484375 0.0859375 0.0859375
0 0.10595703125 0.388671875 0.0849609375 0.0859375
0 0.1015625 0.49609375 0.0859375 0.0859375
0 0.10498046875 0.59765625 0.0849609375 0.0859375
0 0.10009765625 0.708984375 0.0849609375 0.0859375
0 0.10107421875 0.822265625 0.0849609375 0.0859375
0 0.1875 0.3310546875 0.09765625 0.09765625
0 0.2001953125 0.4384765625 0.09765625 0.09765625
0 0.1962890625 0.55029296875 0.109375 0.1103515625
0 0.1943359375 0.65576171875 0.109375 0.1103515625
0 0.1962890625 0.77099609375 0.09765625 0.0986328125
0 0.19384765625 0.87939453125 0.1103515625 0.1103515625
0 0.29248046875 0.384765625 0.1103515625 0.111328125
0 0.29638671875 0.494140625 0.1103515625 0.111328125
0 0.2958984375 0.60595703125 0.109375 0.1103515625
0 0.2919921875 0.70849609375 0.09765625 0.0986328125
0 0.294921875 0.82470703125 0.109375 0.1103515625
0 0.28662109375 0.2744140625 0.0849609375 0.0859375
0 0.38671875 0.33154296875 0.09765625 0.0986328125
0 0.38671875 0.4375 0.09765625 0.09765625
0 0.3896484375 0.5458984375 0.09765625 0.09765625
0 0.39111328125 0.654296875 0.1103515625 0.111328125
0 0.3916015625 0.76416015625 0.09765625 0.0986328125
0 0.482421875 0.28369140625 0.109375 0.1103515625
0 0.4853515625 0.38916015625 0.09765625 0.0986328125
0 0.4873046875 0.49267578125 0.09765625 0.0986328125
0 0.478515625 0.60546875 0.109375 0.111328125
0 0.48095703125 0.7099609375 0.1103515625 0.111328125
0 0.48876953125 0.806640625 0.1103515625 0.111328125
0 0.576171875 0.32861328125 0.09765625 0.0986328125
0 0.578125 0.43212890625 0.09765625 0.0986328125
0 0.580078125 0.54736328125 0.109375 0.1103515625
0 0.5771484375 0.654296875 0.09765625 0.09765625
0 0.5791015625 0.7685546875 0.09765625 0.09765625
0 0.669921875 0.38525390625 0.09765625 0.0986328125
0 0.6728515625 0.49072265625 0.09765625 0.0986328125
0 0.67138671875 0.60205078125 0.1103515625 0.1103515625
0 0.6708984375 0.70947265625 0.09765625 0.0986328125
0 0.7646484375 0.32470703125 0.09765625 0.0986328125
0 0.7666015625 0.43994140625 0.0859375 0.0869140625
0 0.76318359375 0.55078125 0.0849609375 0.0859375
0 0.76611328125 0.658203125 0.0849609375 0.0859375
0 0.76611328125 0.7666015625 0.0732421875 0.07421875
0 0.8583984375 0.3837890625 0.0859375 0.0859375
0 0.85546875 0.494140625 0.0859375 0.0859375
0 0.85791015625 0.60302734375 0.0732421875 0.0732421875
0 0.85986328125 0.71435546875 0.0732421875 0.0732421875
0 0.955078125 0.55859375 0.0859375 0.0859375
0 0.9521484375 0.65869140625 0.0859375 0.0869140625
0 0.8642578125 0.81591796875 0.09765625 0.0986328125
0 0.9501953125 0.87939453125 0.09765625 0.0986328125
0 0.8583984375 0.92822265625 0.09765625 0.0986328125
0 0.7685546875 0.873046875 0.09765625 0.09765625
0 0.6708984375 0.822265625 0.109375 0.111328125
0 0.669921875 0.93359375 0.09765625 0.09765625
0 0.576171875 0.8759765625 0.09765625 0.09765625
0 0.48291015625 0.93505859375 0.1103515625 0.1103515625
0 0.384765625 0.87646484375 0.09765625 0.0986328125
0 0.2861328125 0.93798828125 0.109375 0.1103515625
0 0.103515625 0.93310546875 0.09765625 0.0986328125