0 0.92626953125 0.1025390625 0.0986328125 0.09765625
0 0.81640625 0.10498046875 0.0859375 0.0849609375
0 0.703125 0.10546875 0.09765625 0.09765625
0 0.86669921875 0.20166015625 0.1103515625 0.1103515625
0 0.76025390625 0.19384765625 0.1103515625 0.1103515625
0 0.92041015625 0.2939453125 0.0986328125 0.09765625
0 0.80419921875 0.298828125 0.1103515625 0.109375
0 0.85986328125 0.384765625 0.1103515625 0.109375
0 0.75048828125 0.3857421875 0.1103515625 0.109375
0 0.91845703125 0.48681640625 0.1103515625 0.1103515625
0 0.81103515625 0.47900390625 0.1103515625 0.1103515625
0 0.86669921875 0.572265625 0.1103515625 0.109375
0 0.74658203125 0.572265625 0.0986328125 0.09765625
0 0.91796875 0.666015625 0.111328125 0.109375
0 0.80322265625 0.66796875 0.1103515625 0.109375
0 0.8876953125 0.76806640625 0.07421875 0.0732421875
0 0.748046875 0.7578125 0.09765625 0.09765625
0 0.9208984375 0.857421875 0.09765625 0.09765625
0 0.8115234375 0.8544921875 0.09765625 0.09765625
0 0.533203125 0.95166015625 0.0859375 0.0849609375
0 0.716796875 0.85400390625 0.111328125 0.1103515625
0 0.59619140625 0.8642578125 0.0986328125 0.09765625
0 0.47607421875 0.8544921875 0.0615234375 0.060546875
0 0.37744140625 0.8564453125 0.1103515625 0.109375
0 0.25830078125 0.8544921875 0.1103515625 0.109375
0 0.64599609375 0.7646484375 0.0986328125 0.09765625
0 0.52978515625 0.7685546875 0.0986328125 0.09765625
0 0.42431640625 0.7607421875 0.0986328125 0.09765625
0 0.31591796875 0.7607421875 0.0986328125 0.09765625
0 0.69970703125 0.6669921875 0.0986328125 0.09765625
0 0.59033203125 0.66796875 0.0986328125 0.09765625
0 0.47412109375 0.66845703125 0.0732421875 0.0732421875
0 0.36962890625 0.669921875 0.0986328125 0.09765625
0 0.25634765625 0.66796875 0.0986328125 0.09765625
0 0.64013671875 0.57763671875 0.1103515625 0.1103515625
0 0.54248046875 0.5703125 0.0986328125 0.09765625
0 0.41259765625 0.5673828125 0.0986328125 0.09765625
0 0.30712890625 0.5732421875 0.1103515625 0.109375
0 0.69287109375 0.48095703125 0.1103515625 0.1103515625
0 0.58447265625 0.482421875 0.1103515625 0.109375
0 0.46728515625 0.482421875 0.0986328125 0.09765625
0 0.36669921875 0.482421875 0.0986328125 0.09765625
0 0.2529296875 0.4765625 0.111328125 0.109375
0 0.64306640625 0.3876953125 0.1103515625 0.109375
0 0.53369140625 0.3837890625 0.1103515625 0.109375
0 0.42431640625 0.3857421875 0.1103515625 0.109375
0 0.3125 0.38427734375 0.111328125 0.1103515625
0 0.69384765625 0.29638671875 0.1103515625 0.1103515625
0 0.59716796875 0.28759765625 0.1103515625 0.1103515625
0 0.4853515625 0.291015625 0.09765625 0.09765625
0 0.375 0.29248046875 0.111328125 0.1103515625
0 0.25634765625 0.29248046875 0.1103515625 0.1103515625
0 0.64404296875 0.19873046875 0.1103515625 0.1103515625
0 0.52734375 0.20068359375 0.111328125 0.1103515625
0 0.41796875 0.19140625 0.09765625 0.09765625
0 0.30029296875 0.201171875 0.1103515625 0.109375
0 0.5908203125 0.1025390625 0.111328125 0.109375
0 0.47119140625 0.1015625 0.0615234375 0.060546875
0 0.36474609375 0.09765625 0.1103515625 0.109375
0 0.25439453125 0.099609375 0.1103515625 0.109375
0 0.13916015625 0.09375 0.1103515625 0.109375
0 0.20361328125 0.2001953125 0.0986328125 0.09765625
0 0.09521484375 0.1962890625 0.0986328125 0.09765625
0 0.14599609375 0.29345703125 0.1103515625 0.1103515625
0 0.205078125 0.39111328125 0.111328125 0.1103515625
0 0.08837890625 0.38623046875 0.1103515625 0.1103515625
0 0.1474609375 0.484375 0.111328125 0.109375
0 0.20654296875 0.57568359375 0.1103515625 0.1103515625
0 0.0849609375 0.57421875 0.0859375 0.0859375
0 0.14794921875 0.67041015625 0.1103515625 0.1103515625
0 0.20556640625 0.7646484375 0.1103515625 0.109375
0 0.08837890625 0.76220703125 0.1103515625 0.1103515625
0 0.15380859375 0.8525390625 0.1103515625 0.109375