0 0.89697265625 0.7958984375 0.0732421875 0.07421875
0 0.80517578125 0.87646484375 0.0732421875 0.0732421875
0 0.61181640625 0.8525390625 0.0849609375 0.0859375
0 0.61181640625 0.734375 0.0849609375 0.0859375
0 0.5302734375 0.69140625 0.0859375 0.0859375
0 0.42333984375 0.7431640625 0.0849609375 0.0859375
0 0.4267578125 0.83447265625 0.0859375 0.0869140625
0 0.52392578125 0.79296875 0.0849609375 0.0859375
0 0.52001953125 0.890625 0.0849609375 0.0859375
0 0.80029296875 0.76220703125 0.0615234375 0.0615234375
0 0.0498046875 0.41552734375 0.09765625 0.0986328125
0 0.052734375 0.73779296875 0.09765625 0.0986328125
0 0.0517578125 0.85986328125 0.09765625 0.0986328125
0 0.142578125 0.91064453125 0.09765625 0.0986328125
0 0.14013671875 0.79541015625 0.1103515625 0.1103515625
0 0.1455078125 0.6884765625 0.109375 0.111328125
0 0.1494140625 0.57763671875 0.09765625 0.0986328125
0 0.1494140625 0.47509765625 0.109375 0.1103515625
0 0.1455078125 0.3583984375 0.0859375 0.0859375
0 0.14306640625 0.2529296875 0.0849609375 0.0859375
0 0.248046875 0.205078125 0.0859375 0.0859375
0 0.2412109375 0.30615234375 0.09765625 0.0986328125
0 0.240234375 0.41796875 0.09765625 0.09765625
0 0.23828125 0.52490234375 0.09765625 0.0986328125
0 0.24609375 0.63818359375 0.109375 0.1103515625
0 0.2333984375 0.74951171875 0.09765625 0.0986328125
0 0.2373046875 0.86181640625 0.09765625 0.0986328125
0 0.34375 0.9072265625 0.09765625 0.09765625
0 0.34423828125 0.8046875 0.0849609375 0.0859375
0 0.333984375 0.6875 0.109375 0.111328125
0 0.333984375 0.59765625 0.109375 0.111328125
0 0.3359375 0.23193359375 0.09765625 0.0986328125
0 0.3330078125 0.37646484375 0.09765625 0.0986328125
0 0.333984375 0.47265625 0.09765625 0.09765625
0 0.4345703125 0.19580078125 0.09765625 0.0986328125
0 0.431640625 0.3115234375 0.09765625 0.09765625
0 0.435546875 0.41943359375 0.09765625 0.0986328125
0 0.4306640625 0.53271484375 0.09765625 0.0986328125
0 0.4287109375 0.62255859375 0.09765625 0.0986328125
0 0.5234375 0.25048828125 0.109375 0.1103515625
0 0.5205078125 0.35595703125 0.109375 0.1103515625
0 0.5283203125 0.46630859375 0.109375 0.1103515625
0 0.5244140625 0.57470703125 0.09765625 0.0986328125
0 0.6318359375 0.201171875 0.109375 0.111328125
0 0.62255859375 0.3115234375 0.0849609375 0.0859375
0 0.61474609375 0.41552734375 0.1103515625 0.1103515625
0 0.62353515625 0.5234375 0.0849609375 0.0859375
0 0.6240234375 0.6005859375 0.09765625 0.09765625
0 0.708984375 0.16943359375 0.09765625 0.0986328125
0 0.7119140625 0.27294921875 0.09765625 0.0986328125
0 0.712890625 0.3642578125 0.0859375 0.0859375
0 0.720703125 0.482421875 0.0859375 0.0859375
0 0.720703125 0.57861328125 0.09765625 0.0986328125
0 0.712890625 0.697265625 0.0859375 0.0859375
0 0.70751953125 0.80078125 0.0849609375 0.0859375
0 0.7099609375 0.9306640625 0.0859375 0.0859375
0 0.810546875 0.20556640625 0.09765625 0.0986328125
0 0.81884765625 0.318359375 0.0849609375 0.0859375
0 0.81494140625 0.419921875 0.1103515625 0.111328125
0 0.8134765625 0.52685546875 0.109375 0.1103515625
0 0.8125 0.62646484375 0.109375 0.1103515625
0 0.9130859375 0.68798828125 0.109375 0.1103515625
0 0.91845703125 0.58154296875 0.1103515625 0.1103515625
0 0.9169921875 0.478515625 0.109375 0.111328125
0 0.916015625 0.3603515625 0.09765625 0.09765625
0 0.9150390625 0.24951171875 0.09765625 0.0986328125