0 0.19482421875 0.49365234375 0.0732421875 0.0732421875
0 0.18798828125 0.7109375 0.0849609375 0.0859375
0 0.19287109375 0.82763671875 0.0732421875 0.0732421875
0 0.28271484375 0.65283203125 0.0732421875 0.0732421875
0 0.28857421875 0.87890625 0.0849609375 0.0859375
0 0.28173828125 0.76708984375 0.0615234375 0.0615234375
0 0.28955078125 0.54736328125 0.0732421875 0.0732421875
0 0.09765625 0.107421875 0.09765625 0.09765625
0 0.09619140625 0.2158203125 0.0849609375 0.0859375
0 0.09521484375 0.3291015625 0.0849609375 0.0859375
0 0.09619140625 0.4365234375 0.0849609375 0.0859375
0 0.18896484375 0.0498046875 0.0732421875 0.07421875
0 0.2822265625 0.103515625 0.0859375 0.0859375
0 0.28759765625 0.2158203125 0.0732421875 0.07421875
0 0.1943359375 0.16015625 0.09765625 0.09765625
0 0.1943359375 0.271484375 0.09765625 0.09765625
0 0.19091796875 0.38525390625 0.0615234375 0.0615234375
0 0.099609375 0.54833984375 0.0859375 0.0869140625
0 0.2841796875 0.328125 0.0859375 0.0859375
0 0.28515625 0.4365234375 0.0859375 0.0859375
0 0.18701171875 0.60205078125 0.0732421875 0.0732421875
0 0.1904296875 0.93359375 0.0859375 0.0859375
0 0.0947265625 0.6591796875 0.0859375 0.0859375
0 0.0908203125 0.77099609375 0.09765625 0.0986328125
0 0.09375 0.87890625 0.0859375 0.0859375