0 0.25927734375 0.04443359375 0.0615234375 0.0615234375
0 0.193359375 0.33251953125 0.07421875 0.0732421875
0 0.15234375 0.04833984375 0.07421875 0.0732421875
0 0.7734375 0.50732421875 0.07421875 0.0732421875
0 0.6875 0.50927734375 0.07421875 0.0732421875
0 0.70556640625 0.71044921875 0.0732421875 0.0732421875
0 0.921875 0.70361328125 0.07421875 0.0732421875
0 0.72021484375 0.42919921875 0.0732421875 0.0732421875
0 0.59228515625 0.6220703125 0.0615234375 0.060546875
0 0.62255859375 0.42724609375 0.0732421875 0.0732421875
0 0.19140625 0.8916015625 0.048828125 0.048828125
0 0.236328125 0.8017578125 0.048828125 0.048828125
0 0.1357421875 0.796875 0.048828125 0.048828125
0 0.1826171875 0.70703125 0.037109375 0.037109375
0 0.06689453125 0.69677734375 0.0361328125 0.0361328125
0 0.1982421875 0.52490234375 0.037109375 0.0361328125
0 0.03076171875 0.427734375 0.0498046875 0.048828125
0 0.0791015625 0.3271484375 0.048828125 0.048828125
0 0.13525390625 0.2509765625 0.0615234375 0.060546875
0 0.10009765625 0.14892578125 0.0361328125 0.0361328125
0 0.0908203125 0.53125 0.0859375 0.0859375
0 0.14111328125 0.42431640625 0.0615234375 0.0615234375
0 0.142578125 0.60595703125 0.025390625 0.0244140625
0 0.0849609375 0.89453125 0.09765625 0.09765625
0 0.25390625 0.24462890625 0.0859375 0.0849609375
0 0.2109375 0.146484375 0.0859375 0.0859375
0 0.0439453125 0.25341796875 0.0859375 0.0849609375
0 0.0478515625 0.0546875 0.0859375 0.0859375
0 0.91064453125 0.888671875 0.0986328125 0.09765625
0 0.80517578125 0.884765625 0.0986328125 0.09765625
0 0.6962890625 0.89599609375 0.0859375 0.0849609375
0 0.6484375 0.80029296875 0.0859375 0.0849609375
0 0.9482421875 0.7890625 0.0859375 0.0859375
0 0.86279296875 0.79150390625 0.0869140625 0.0849609375
0 0.7548828125 0.7978515625 0.09765625 0.09765625
0 0.93994140625 0.625 0.0615234375 0.060546875
0 0.8369140625 0.62451171875 0.07421875 0.0732421875
0 0.7509765625 0.62744140625 0.0859375 0.0849609375
0 0.671875 0.6181640625 0.0859375 0.0859375
0 0.58837890625 0.49267578125 0.0615234375 0.0615234375
0 0.634765625 0.24609375 0.0859375 0.0859375
0 0.88232421875 0.513671875 0.0986328125 0.09765625
0 0.83447265625 0.4296875 0.0986328125 0.09765625
0 0.94921875 0.4443359375 0.0859375 0.0859375
0 0.8818359375 0.35107421875 0.0859375 0.0849609375
0 0.78759765625 0.341796875 0.0986328125 0.09765625
0 0.6669921875 0.32861328125 0.0859375 0.0849609375
0 0.73974609375 0.25146484375 0.1103515625 0.1103515625
0 0.83349609375 0.24365234375 0.1103515625 0.1103515625
0 0.890625 0.158203125 0.0859375 0.0859375
0 0.7919921875 0.1533203125 0.111328125 0.109375
0 0.68505859375 0.154296875 0.0986328125 0.09765625
0 0.5771484375 0.14892578125 0.0859375 0.0849609375
0 0.62158203125 0.07275390625 0.0869140625 0.0849609375
0 0.7265625 0.0625 0.0859375 0.0859375
0 0.845703125 0.06298828125 0.0859375 0.0849609375
0 0.955078125 0.07177734375 0.0859375 0.0849609375
0 0.81787109375 0.7080078125 0.0986328125 0.09765625