0 0.3271484375 0.06005859375 0.0859375 0.0849609375
0 0.20458984375 0.05615234375 0.1103515625 0.1103515625
0 0.091796875 0.05615234375 0.111328125 0.1103515625
0 0.3515625 0.908203125 0.111328125 0.109375
0 0.24462890625 0.91064453125 0.1103515625 0.1103515625
0 0.13037109375 0.91015625 0.0986328125 0.09765625
0 0.30712890625 0.80615234375 0.1103515625 0.1103515625
0 0.18896484375 0.80712890625 0.1103515625 0.1103515625
0 0.07958984375 0.8212890625 0.1103515625 0.109375
0 0.35693359375 0.72216796875 0.1103515625 0.1103515625
0 0.24267578125 0.71533203125 0.1103515625 0.1103515625
0 0.13427734375 0.716796875 0.1103515625 0.109375
0 0.31201171875 0.626953125 0.0986328125 0.09765625
0 0.18603515625 0.6259765625 0.0986328125 0.09765625
0 0.08447265625 0.6298828125 0.1103515625 0.109375
0 0.13916015625 0.5302734375 0.0986328125 0.09765625
0 0.25 0.5234375 0.09765625 0.09765625
0 0.3642578125 0.5341796875 0.09765625 0.09765625
0 0.30859375 0.4345703125 0.111328125 0.109375
0 0.19677734375 0.43359375 0.1103515625 0.109375
0 0.08642578125 0.42919921875 0.1103515625 0.1103515625
0 0.3740234375 0.341796875 0.0859375 0.0859375
0 0.25537109375 0.33251953125 0.1103515625 0.1103515625
0 0.1513671875 0.3349609375 0.0859375 0.0859375
0 0.09814453125 0.2431640625 0.0986328125 0.09765625
0 0.1982421875 0.2392578125 0.09765625 0.09765625
0 0.3193359375 0.24609375 0.09765625 0.09765625
0 0.3583984375 0.1533203125 0.111328125 0.109375
0 0.25537109375 0.1494140625 0.0986328125 0.09765625
0 0.146484375 0.15283203125 0.0859375 0.0849609375
0 0.87744140625 0.91259765625 0.1103515625 0.1103515625
0 0.7734375 0.91357421875 0.111328125 0.1103515625
0 0.65869140625 0.9189453125 0.0986328125 0.09765625
0 0.55224609375 0.916015625 0.0986328125 0.09765625
0 0.93212890625 0.822265625 0.0869140625 0.0859375
0 0.82275390625 0.818359375 0.0986328125 0.09765625
0 0.71728515625 0.81787109375 0.1103515625 0.1103515625
0 0.58349609375 0.8193359375 0.1103515625 0.109375
0 0.875 0.728515625 0.09765625 0.09765625
0 0.75537109375 0.72998046875 0.1103515625 0.1103515625
0 0.66064453125 0.7314453125 0.1103515625 0.109375
0 0.53515625 0.72705078125 0.0859375 0.0849609375
0 0.85400390625 0.64111328125 0.1103515625 0.1103515625
0 0.72412109375 0.623046875 0.1103515625 0.109375
0 0.6005859375 0.63037109375 0.111328125 0.1103515625
0 0.55126953125 0.541015625 0.1103515625 0.109375
0 0.6591796875 0.52978515625 0.111328125 0.1103515625
0 0.7724609375 0.5361328125 0.111328125 0.109375
0 0.87158203125 0.5419921875 0.0986328125 0.09765625
0 0.9404296875 0.447265625 0.09765625 0.09765625
0 0.8271484375 0.447265625 0.09765625 0.09765625
0 0.7138671875 0.443359375 0.09765625 0.09765625
0 0.8662109375 0.3515625 0.09765625 0.09765625
0 0.77685546875 0.34912109375 0.1103515625 0.1103515625
0 0.65576171875 0.3486328125 0.0986328125 0.09765625
0 0.560546875 0.35009765625 0.111328125 0.1103515625
0 0.607421875 0.43505859375 0.111328125 0.1103515625
0 0.61279296875 0.251953125 0.0986328125 0.09765625
0 0.732421875 0.255859375 0.0859375 0.0859375
0 0.83154296875 0.255859375 0.1103515625 0.109375
0 0.89501953125 0.16796875 0.0986328125 0.09765625
0 0.75048828125 0.1806640625 0.1103515625 0.109375
0 0.65478515625 0.16796875 0.1103515625 0.109375
0 0.5517578125 0.1533203125 0.09765625 0.09765625
0 0.60107421875 0.072265625 0.1103515625 0.109375
0 0.71923828125 0.068359375 0.1103515625 0.109375
0 0.8173828125 0.06982421875 0.0859375 0.0849609375
0 0.939453125 0.0673828125 0.09765625 0.09765625