0 0.09765625 0.939453125 0.09765625 0.09765625
0 0.2001953125 0.9423828125 0.09765625 0.09765625
0 0.31103515625 0.94140625 0.0986328125 0.09765625
0 0.25439453125 0.8466796875 0.0986328125 0.09765625
0 0.146484375 0.83984375 0.111328125 0.109375
0 0.103515625 0.755859375 0.111328125 0.109375
0 0.21142578125 0.75341796875 0.1103515625 0.1103515625
0 0.322265625 0.75732421875 0.111328125 0.1103515625
0 0.259765625 0.65771484375 0.111328125 0.1103515625
0 0.14892578125 0.65380859375 0.1103515625 0.1103515625
0 0.10009765625 0.5595703125 0.1103515625 0.109375
0 0.21044921875 0.56591796875 0.1103515625 0.1103515625
0 0.30712890625 0.5634765625 0.1103515625 0.109375
0 0.2705078125 0.4716796875 0.111328125 0.109375
0 0.16357421875 0.4677734375 0.0986328125 0.09765625
0 0.0556640625 0.466796875 0.09765625 0.09765625
0 0.10400390625 0.3681640625 0.1103515625 0.109375
0 0.22119140625 0.3720703125 0.0986328125 0.09765625
0 0.32666015625 0.37744140625 0.1103515625 0.1103515625
0 0.26708984375 0.27783203125 0.1103515625 0.1103515625
0 0.15478515625 0.2802734375 0.1103515625 0.109375
0 0.109375 0.18212890625 0.111328125 0.1103515625
0 0.32958984375 0.19140625 0.1103515625 0.109375
0 0.22119140625 0.1845703125 0.1103515625 0.109375
0 0.27099609375 0.08544921875 0.1103515625 0.1103515625
0 0.16943359375 0.08642578125 0.1103515625 0.1103515625
0 0.63232421875 0.95263671875 0.0615234375 0.0615234375
0 0.53955078125 0.94873046875 0.0869140625 0.0849609375
0 0.9013671875 0.85888671875 0.0859375 0.0849609375
0 0.7998046875 0.8544921875 0.0859375 0.0859375
0 0.6865234375 0.85205078125 0.0859375 0.0849609375
0 0.57373046875 0.859375 0.0986328125 0.09765625
0 0.9482421875 0.76025390625 0.0859375 0.0849609375
0 0.84765625 0.765625 0.0859375 0.0859375
0 0.755859375 0.76171875 0.0859375 0.0859375
0 0.6416015625 0.76123046875 0.0859375 0.0849609375
0 0.53076171875 0.755859375 0.0986328125 0.09765625
0 0.9130859375 0.67138671875 0.111328125 0.1103515625
0 0.79736328125 0.662109375 0.1103515625 0.109375
0 0.68798828125 0.669921875 0.1103515625 0.109375
0 0.580078125 0.6591796875 0.111328125 0.109375
0 0.85205078125 0.56640625 0.1103515625 0.109375
0 0.751953125 0.5703125 0.09765625 0.09765625
0 0.63720703125 0.5712890625 0.0986328125 0.09765625
0 0.5234375 0.56640625 0.0859375 0.0859375
0 0.90576171875 0.478515625 0.0986328125 0.09765625
0 0.79736328125 0.474609375 0.0986328125 0.09765625
0 0.69091796875 0.47998046875 0.0869140625 0.0849609375
0 0.58447265625 0.478515625 0.1103515625 0.109375
0 0.85595703125 0.380859375 0.0986328125 0.09765625
0 0.74951171875 0.3779296875 0.0986328125 0.09765625
0 0.6298828125 0.3828125 0.09765625 0.09765625
0 0.5234375 0.37744140625 0.0859375 0.0849609375
0 0.87890625 0.28369140625 0.0859375 0.0849609375
0 0.79296875 0.28076171875 0.0859375 0.0849609375
0 0.68994140625 0.2822265625 0.1103515625 0.109375
0 0.5751953125 0.28857421875 0.123046875 0.1220703125
0 0.85107421875 0.1982421875 0.0986328125 0.09765625
0 0.74072265625 0.18896484375 0.1103515625 0.1103515625
0 0.64208984375 0.18896484375 0.1103515625 0.1103515625
0 0.53759765625 0.18505859375 0.1103515625 0.1103515625
0 0.91650390625 0.0986328125 0.0986328125 0.09765625
0 0.7978515625 0.09619140625 0.0859375 0.0849609375
0 0.68994140625 0.0947265625 0.0986328125 0.09765625
0 0.58837890625 0.095703125 0.1103515625 0.109375