0 0.28955078125 0.93701171875 0.0732421875 0.0732421875
0 0.1015625 0.482421875 0.09765625 0.09765625
0 0.10546875 0.37158203125 0.09765625 0.0986328125
0 0.10546875 0.25732421875 0.09765625 0.0986328125
0 0.1005859375 0.14892578125 0.109375 0.1103515625
0 0.1962890625 0.09326171875 0.109375 0.1103515625
0 0.1923828125 0.20556640625 0.109375 0.1103515625
0 0.1875 0.31982421875 0.09765625 0.0986328125
0 0.1923828125 0.42626953125 0.09765625 0.0986328125
0 0.28271484375 0.4892578125 0.0849609375 0.0859375
0 0.2880859375 0.3603515625 0.0859375 0.0859375
0 0.2880859375 0.25 0.0859375 0.0859375
0 0.2880859375 0.14404296875 0.09765625 0.0986328125
0 0.380859375 0.4267578125 0.0859375 0.0859375
0 0.3974609375 0.31591796875 0.09765625 0.0986328125
0 0.3916015625 0.20556640625 0.109375 0.1103515625
0 0.38916015625 0.09765625 0.0849609375 0.0859375
0 0.478515625 0.05712890625 0.09765625 0.0986328125
0 0.4833984375 0.15234375 0.09765625 0.09765625
0 0.4775390625 0.26416015625 0.09765625 0.0986328125
0 0.47021484375 0.37451171875 0.1103515625 0.1103515625
0 0.46875 0.48779296875 0.09765625 0.0986328125
0 0.5693359375 0.42041015625 0.09765625 0.0986328125
0 0.5791015625 0.32275390625 0.09765625 0.0986328125
0 0.576171875 0.20556640625 0.109375 0.1103515625
0 0.57373046875 0.1064453125 0.0849609375 0.0859375
0 0.6708984375 0.15380859375 0.09765625 0.0986328125
0 0.66796875 0.26708984375 0.09765625 0.0986328125
0 0.6611328125 0.37109375 0.09765625 0.09765625
0 0.6650390625 0.47119140625 0.109375 0.1103515625
0 0.763671875 0.42822265625 0.09765625 0.0986328125
0 0.763671875 0.31787109375 0.109375 0.1103515625
0 0.76220703125 0.21630859375 0.1103515625 0.1103515625
0 0.7646484375 0.10205078125 0.09765625 0.0986328125
0 0.8564453125 0.15771484375 0.09765625 0.0986328125
0 0.8623046875 0.26318359375 0.09765625 0.0986328125
0 0.861328125 0.38525390625 0.09765625 0.0986328125
0 0.85791015625 0.4853515625 0.0849609375 0.0859375
0 0.474609375 0.9111328125 0.0859375 0.0859375
0 0.095703125 0.931640625 0.09765625 0.09765625
0 0.9443359375 0.8857421875 0.09765625 0.09765625
0 0.8466796875 0.92822265625 0.09765625 0.0986328125
0 0.662109375 0.921875 0.109375 0.111328125
0 0.9462890625 0.54541015625 0.09765625 0.0986328125
0 0.9443359375 0.7646484375 0.09765625 0.09765625
0 0.8583984375 0.80859375 0.09765625 0.09765625
0 0.8505859375 0.59375 0.09765625 0.09765625
0 0.85546875 0.70703125 0.09765625 0.09765625
0 0.763671875 0.5439453125 0.09765625 0.09765625
0 0.763671875 0.658203125 0.09765625 0.09765625
0 0.755859375 0.7685546875 0.09765625 0.09765625
0 0.75537109375 0.86962890625 0.1103515625 0.1103515625
0 0.6669921875 0.81884765625 0.09765625 0.0986328125
0 0.66455078125 0.70654296875 0.1103515625 0.1103515625
0 0.66455078125 0.583984375 0.1103515625 0.111328125
0 0.5732421875 0.6484375 0.0859375 0.0859375
0 0.5703125 0.5146484375 0.09765625 0.09765625
0 0.4775390625 0.59228515625 0.109375 0.1103515625
0 0.4765625 0.71533203125 0.09765625 0.0986328125
0 0.47607421875 0.81005859375 0.0849609375 0.0869140625
0 0.38720703125 0.8818359375 0.0849609375 0.0859375
0 0.38134765625 0.75830078125 0.1103515625 0.1103515625
0 0.38232421875 0.64892578125 0.1103515625 0.1103515625
0 0.3828125 0.53857421875 0.09765625 0.0986328125
0 0.283203125 0.59716796875 0.09765625 0.0986328125
0 0.28515625 0.70751953125 0.09765625 0.0986328125
0 0.2841796875 0.8115234375 0.0859375 0.0859375
0 0.1865234375 0.86962890625 0.109375 0.1103515625
0 0.189453125 0.76513671875 0.09765625 0.0986328125
0 0.189453125 0.6474609375 0.0859375 0.0859375
0 0.1884765625 0.541015625 0.0859375 0.0859375
0 0.09765625 0.58740234375 0.09765625 0.0986328125
0 0.0947265625 0.69482421875 0.09765625 0.0986328125
0 0.1005859375 0.80078125 0.09765625 0.09765625
0 0.5732421875 0.77099609375 0.109375 0.1103515625
0 0.568359375 0.86181640625 0.109375 0.1103515625