0 0.9453125 0.0517578125 0.09765625 0.09765625
0 0.72802734375 0.056640625 0.0986328125 0.09765625
0 0.890625 0.14990234375 0.111328125 0.1103515625
0 0.78076171875 0.14599609375 0.1103515625 0.1103515625
0 0.66552734375 0.15283203125 0.1103515625 0.1103515625
0 0.943359375 0.248046875 0.111328125 0.109375
0 0.8359375 0.24658203125 0.111328125 0.1103515625
0 0.7236328125 0.24755859375 0.111328125 0.1103515625
0 0.60791015625 0.24365234375 0.1103515625 0.1103515625
0 0.88720703125 0.337890625 0.1103515625 0.109375
0 0.7822265625 0.337890625 0.111328125 0.109375
0 0.66796875 0.3369140625 0.111328125 0.109375
0 0.83642578125 0.43212890625 0.1103515625 0.1103515625
0 0.7255859375 0.4345703125 0.09765625 0.09765625
0 0.6083984375 0.4375 0.111328125 0.109375
0 0.89599609375 0.53271484375 0.1103515625 0.1103515625
0 0.77587890625 0.53271484375 0.1103515625 0.1103515625
0 0.66650390625 0.52783203125 0.1103515625 0.1103515625
0 0.556640625 0.53125 0.09765625 0.09765625
0 0.56201171875 0.33203125 0.1103515625 0.109375
0 0.95458984375 0.62890625 0.0869140625 0.0859375
0 0.32861328125 0.91015625 0.0986328125 0.09765625
0 0.22509765625 0.9140625 0.1103515625 0.109375
0 0.1142578125 0.9052734375 0.09765625 0.09765625
0 0.2734375 0.8125 0.0859375 0.0859375
0 0.16015625 0.8134765625 0.09765625 0.09765625
0 0.3369140625 0.72412109375 0.111328125 0.1103515625
0 0.2236328125 0.72216796875 0.111328125 0.1103515625
0 0.111328125 0.7216796875 0.09765625 0.09765625
0 0.384765625 0.62451171875 0.111328125 0.1103515625
0 0.28125 0.6240234375 0.111328125 0.109375
0 0.15966796875 0.62109375 0.1103515625 0.109375
0 0.05224609375 0.623046875 0.0986328125 0.09765625
0 0.33349609375 0.5263671875 0.1103515625 0.109375
0 0.22509765625 0.53125 0.0986328125 0.09765625
0 0.11474609375 0.5322265625 0.0986328125 0.09765625
0 0.4443359375 0.529296875 0.111328125 0.109375
0 0.38720703125 0.4326171875 0.1103515625 0.109375
0 0.283203125 0.42919921875 0.0859375 0.0849609375
0 0.18115234375 0.43359375 0.0986328125 0.09765625
0 0.05810546875 0.435546875 0.0986328125 0.09765625
0 0.44482421875 0.33642578125 0.1103515625 0.1103515625
0 0.34228515625 0.33544921875 0.1103515625 0.1103515625
0 0.22998046875 0.34375 0.0986328125 0.09765625
0 0.12451171875 0.337890625 0.0986328125 0.09765625
0 0.39208984375 0.24072265625 0.1103515625 0.1103515625
0 0.28759765625 0.24609375 0.1103515625 0.109375
0 0.17431640625 0.2470703125 0.0986328125 0.09765625
0 0.06005859375 0.24609375 0.0986328125 0.09765625
0 0.44580078125 0.14453125 0.0869140625 0.0859375
0 0.33740234375 0.146484375 0.1103515625 0.109375
0 0.23095703125 0.1474609375 0.0986328125 0.09765625
0 0.11767578125 0.146484375 0.0986328125 0.09765625
0 0.28564453125 0.052734375 0.0986328125 0.09765625
0 0.1787109375 0.04931640625 0.0859375 0.0849609375
0 0.0693359375 0.05126953125 0.0859375 0.0849609375
0 0.49951171875 0.4345703125 0.1103515625 0.109375
0 0.501953125 0.24267578125 0.0859375 0.0849609375
0 0.56494140625 0.1455078125 0.1103515625 0.109375