0 0.26220703125 0.1142578125 0.0732421875 0.07421875
0 0.17041015625 0.19482421875 0.0732421875 0.0732421875
0 0.36279296875 0.4013671875 0.0732421875 0.07421875
0 0.93115234375 0.05908203125 0.0732421875 0.0732421875
0 0.16552734375 0.08056640625 0.0615234375 0.0615234375
0 0.07275390625 0.119140625 0.0849609375 0.0859375
0 0.0751953125 0.2490234375 0.0859375 0.0859375
0 0.3671875 0.05712890625 0.109375 0.1103515625
0 0.3662109375 0.29150390625 0.09765625 0.0986328125
0 0.546875 0.05859375 0.0859375 0.0859375
0 0.46142578125 0.1123046875 0.0849609375 0.0859375
0 0.92919921875 0.177734375 0.0849609375 0.0859375
0 0.837890625 0.1201171875 0.09765625 0.09765625
0 0.8349609375 0.23193359375 0.09765625 0.0986328125
0 0.7392578125 0.28515625 0.09765625 0.09765625
0 0.7353515625 0.17236328125 0.09765625 0.0986328125
0 0.6455078125 0.23583984375 0.09765625 0.0986328125
0 0.5478515625 0.28369140625 0.09765625 0.0986328125
0 0.9287109375 0.83740234375 0.109375 0.1103515625
0 0.82666015625 0.78662109375 0.1103515625 0.1103515625
0 0.83203125 0.89599609375 0.109375 0.1103515625
0 0.63818359375 0.78759765625 0.1103515625 0.1103515625
0 0.7373046875 0.83349609375 0.109375 0.1103515625
0 0.63671875 0.89697265625 0.09765625 0.0986328125
0 0.54638671875 0.93896484375 0.1103515625 0.1103515625
0 0.54736328125 0.84130859375 0.1103515625 0.1103515625
0 0.44921875 0.796875 0.0859375 0.0859375
0 0.453125 0.90625 0.0859375 0.0859375
0 0.361328125 0.9384765625 0.109375 0.111328125
0 0.3662109375 0.85791015625 0.09765625 0.0986328125
0 0.2763671875 0.7978515625 0.0859375 0.0859375
0 0.2607421875 0.90478515625 0.09765625 0.0986328125
0 0.1689453125 0.7353515625 0.09765625 0.09765625
0 0.171875 0.8486328125 0.09765625 0.09765625
0 0.169921875 0.94970703125 0.09765625 0.0986328125
0 0.0693359375 0.6875 0.0859375 0.0859375
0 0.07080078125 0.7861328125 0.0849609375 0.0859375
0 0.0732421875 0.900390625 0.0859375 0.0859375
0 0.9306640625 0.291015625 0.09765625 0.09765625
0 0.9208984375 0.38232421875 0.09765625 0.0986328125
0 0.9248046875 0.51220703125 0.09765625 0.0986328125
0 0.9267578125 0.61767578125 0.109375 0.1103515625
0 0.919921875 0.73486328125 0.09765625 0.0986328125
0 0.8310546875 0.69091796875 0.09765625 0.0986328125
0 0.8330078125 0.56396484375 0.109375 0.1103515625
0 0.8271484375 0.45654296875 0.109375 0.1103515625
0 0.833984375 0.33935546875 0.109375 0.1103515625
0 0.740234375 0.51611328125 0.09765625 0.0986328125
0 0.73681640625 0.61279296875 0.1103515625 0.1103515625
0 0.7333984375 0.72509765625 0.09765625 0.0986328125
0 0.6474609375 0.67431640625 0.109375 0.1103515625
0 0.6474609375 0.56298828125 0.09765625 0.0986328125
0 0.64404296875 0.4462890625 0.0849609375 0.0859375
0 0.650390625 0.34326171875 0.09765625 0.0986328125
0 0.548828125 0.40185546875 0.09765625 0.0986328125
0 0.5439453125 0.615234375 0.09765625 0.09765625
0 0.546875 0.7197265625 0.0859375 0.0859375
0 0.45556640625 0.6748046875 0.0849609375 0.0859375
0 0.45263671875 0.5546875 0.0849609375 0.0859375
0 0.458984375 0.3388671875 0.0859375 0.0859375
0 0.3623046875 0.5068359375 0.09765625 0.09765625
0 0.3623046875 0.6171875 0.09765625 0.09765625
0 0.361328125 0.7294921875 0.09765625 0.09765625
0 0.2685546875 0.67626953125 0.09765625 0.0986328125
0 0.2724609375 0.5634765625 0.09765625 0.09765625
0 0.26708984375 0.45703125 0.0849609375 0.0859375
0 0.27001953125 0.3486328125 0.1103515625 0.111328125
0 0.1787109375 0.3974609375 0.09765625 0.09765625
0 0.169921875 0.5009765625 0.09765625 0.09765625
0 0.1630859375 0.61865234375 0.09765625 0.0986328125
0 0.07080078125 0.5908203125 0.0849609375 0.0859375