0 0.39501953125 0.20458984375 0.0732421875 0.0732421875
0 0.46826171875 0.35546875 0.0732421875 0.07421875
0 0.84326171875 0.8994140625 0.0732421875 0.07421875
0 0.94580078125 0.755859375 0.0849609375 0.0859375
0 0.9287109375 0.873046875 0.0859375 0.0859375
0 0.85302734375 0.47412109375 0.1103515625 0.1103515625
0 0.85693359375 0.58349609375 0.1103515625 0.1103515625
0 0.8544921875 0.69580078125 0.09765625 0.0986328125
0 0.8564453125 0.79443359375 0.09765625 0.0986328125
0 0.7646484375 0.88134765625 0.060546875 0.0615234375
0 0.7587890625 0.54052734375 0.109375 0.1103515625
0 0.76611328125 0.63720703125 0.1103515625 0.1103515625
0 0.763671875 0.75244140625 0.109375 0.1103515625
0 0.66796875 0.4794921875 0.0859375 0.0859375
0 0.6630859375 0.59033203125 0.109375 0.1103515625
0 0.66552734375 0.69677734375 0.1103515625 0.1103515625
0 0.6650390625 0.796875 0.109375 0.111328125
0 0.6533203125 0.93896484375 0.09765625 0.0986328125
0 0.583984375 0.8720703125 0.0859375 0.0859375
0 0.56982421875 0.52880859375 0.0849609375 0.0869140625
0 0.576171875 0.6328125 0.09765625 0.09765625
0 0.5693359375 0.76416015625 0.09765625 0.0986328125
0 0.4677734375 0.47265625 0.0859375 0.0859375
0 0.46923828125 0.5859375 0.0849609375 0.0859375
0 0.4765625 0.69921875 0.09765625 0.09765625
0 0.48046875 0.80224609375 0.109375 0.1103515625
0 0.49072265625 0.939453125 0.0849609375 0.0859375
0 0.38623046875 0.8603515625 0.1103515625 0.111328125
0 0.388671875 0.7587890625 0.109375 0.111328125
0 0.38671875 0.64306640625 0.09765625 0.0986328125
0 0.38720703125 0.53125 0.0732421875 0.07421875
0 0.28955078125 0.46875 0.0849609375 0.0859375
0 0.28662109375 0.58984375 0.0849609375 0.0859375
0 0.2890625 0.69873046875 0.109375 0.1103515625
0 0.2919921875 0.80712890625 0.09765625 0.0986328125
0 0.2978515625 0.9306640625 0.0859375 0.0859375
0 0.21142578125 0.8662109375 0.0849609375 0.0859375
0 0.21435546875 0.75390625 0.0849609375 0.0859375
0 0.21484375 0.64794921875 0.09765625 0.0986328125
0 0.2001953125 0.54296875 0.0859375 0.0859375
0 0.1064453125 0.47216796875 0.09765625 0.0986328125
0 0.10205078125 0.59619140625 0.1103515625 0.1103515625
0 0.10302734375 0.70263671875 0.1103515625 0.1103515625
0 0.10693359375 0.81201171875 0.0966796875 0.0986328125
0 0.10791015625 0.916015625 0.0849609375 0.0859375
0 0.39208984375 0.4072265625 0.0732421875 0.07421875
0 0.38720703125 0.29931640625 0.0732421875 0.0732421875
0 0.2939453125 0.2578125 0.0859375 0.0859375
0 0.2939453125 0.373046875 0.0859375 0.0859375
0 0.48291015625 0.26171875 0.0732421875 0.07421875
0 0.48291015625 0.14208984375 0.0732421875 0.0732421875
0 0.94921875 0.095703125 0.09765625 0.09765625
0 0.94677734375 0.2197265625 0.0849609375 0.0859375
0 0.95166015625 0.322265625 0.0849609375 0.0859375
0 0.857421875 0.36767578125 0.09765625 0.0986328125
0 0.85205078125 0.2607421875 0.1103515625 0.111328125
0 0.8583984375 0.150390625 0.09765625 0.09765625
0 0.7646484375 0.08642578125 0.09765625 0.0986328125
0 0.77099609375 0.20751953125 0.1103515625 0.1103515625
0 0.765625 0.31005859375 0.109375 0.1103515625
0 0.67236328125 0.36181640625 0.1103515625 0.1103515625
0 0.765625 0.42578125 0.0859375 0.0859375
0 0.677734375 0.2685546875 0.109375 0.111328125
0 0.6650390625 0.14501953125 0.109375 0.1103515625
0 0.5732421875 0.1875 0.0859375 0.0859375
0 0.578125 0.3076171875 0.0859375 0.0859375
0 0.57568359375 0.087890625 0.0849609375 0.0859375
0 0.57666015625 0.4140625 0.0849609375 0.0859375
0 0.39501953125 0.09765625 0.0849609375 0.0859375
0 0.29638671875 0.15771484375 0.1103515625 0.1103515625
0 0.2060546875 0.21484375 0.0859375 0.0859375
0 0.20703125 0.3046875 0.0859375 0.0859375
0 0.21142578125 0.1064453125 0.0849609375 0.0859375
0 0.10009765625 0.06396484375 0.1103515625 0.1103515625
0 0.1025390625 0.17138671875 0.09765625 0.0986328125
0 0.107421875 0.25244140625 0.09765625 0.0986328125
0 0.1064453125 0.36669921875 0.09765625 0.0986328125
0 0.2109375 0.41748046875 0.09765625 0.0986328125