0 0.8359375 0.25439453125 0.07421875 0.0732421875
0 0.88134765625 0.9296875 0.1103515625 0.109375
0 0.83837890625 0.83056640625 0.1103515625 0.1103515625
0 0.88818359375 0.73486328125 0.1103515625 0.1103515625
0 0.83544921875 0.63671875 0.0986328125 0.09765625
0 0.89599609375 0.5517578125 0.0986328125 0.09765625
0 0.83740234375 0.44873046875 0.1103515625 0.1103515625
0 0.890625 0.3544921875 0.09765625 0.09765625
0 0.7890625 0.3544921875 0.09765625 0.09765625
0 0.89453125 0.16357421875 0.0859375 0.0849609375
0 0.94384765625 0.060546875 0.1103515625 0.109375
0 0.72998046875 0.0732421875 0.0986328125 0.09765625
0 0.61328125 0.06689453125 0.111328125 0.1103515625
0 0.5107421875 0.07177734375 0.111328125 0.1103515625
0 0.400390625 0.07421875 0.111328125 0.109375
0 0.77294921875 0.1650390625 0.1103515625 0.109375
0 0.6689453125 0.162109375 0.0859375 0.0859375
0 0.56640625 0.16162109375 0.0859375 0.0849609375
0 0.4580078125 0.16162109375 0.111328125 0.1103515625
0 0.3349609375 0.16748046875 0.111328125 0.1103515625
0 0.7275390625 0.2607421875 0.0859375 0.0859375
0 0.61669921875 0.2587890625 0.0986328125 0.09765625
0 0.49462890625 0.25390625 0.0986328125 0.09765625
0 0.388671875 0.25732421875 0.111328125 0.1103515625
0 0.66552734375 0.357421875 0.0986328125 0.09765625
0 0.5556640625 0.3486328125 0.0859375 0.0859375
0 0.44775390625 0.3505859375 0.0986328125 0.09765625
0 0.3349609375 0.3505859375 0.09765625 0.09765625
0 0.72705078125 0.44970703125 0.1103515625 0.1103515625
0 0.61669921875 0.45556640625 0.1103515625 0.1103515625
0 0.50537109375 0.45556640625 0.1103515625 0.1103515625
0 0.38623046875 0.4560546875 0.1103515625 0.109375
0 0.77978515625 0.5390625 0.1103515625 0.109375
0 0.66650390625 0.5419921875 0.1103515625 0.109375
0 0.56298828125 0.54345703125 0.1103515625 0.1103515625
0 0.43994140625 0.54541015625 0.1103515625 0.1103515625
0 0.33251953125 0.54833984375 0.1103515625 0.1103515625
0 0.72119140625 0.638671875 0.1103515625 0.109375
0 0.61181640625 0.64453125 0.1103515625 0.109375
0 0.50244140625 0.638671875 0.1103515625 0.109375
0 0.39208984375 0.6337890625 0.1103515625 0.109375
0 0.7783203125 0.72900390625 0.111328125 0.1103515625
0 0.6611328125 0.7333984375 0.09765625 0.09765625
0 0.55810546875 0.7353515625 0.1103515625 0.109375
0 0.44384765625 0.73828125 0.0986328125 0.09765625
0 0.33349609375 0.732421875 0.1103515625 0.109375
0 0.7216796875 0.83154296875 0.111328125 0.1103515625
0 0.6064453125 0.83154296875 0.111328125 0.1103515625
0 0.49658203125 0.82763671875 0.1103515625 0.1103515625
0 0.38134765625 0.83447265625 0.1103515625 0.1103515625
0 0.77490234375 0.923828125 0.1103515625 0.109375
0 0.6591796875 0.9296875 0.111328125 0.109375
0 0.5517578125 0.92822265625 0.111328125 0.1103515625
0 0.439453125 0.92919921875 0.111328125 0.1103515625
0 0.32373046875 0.92529296875 0.1103515625 0.1103515625
0 0.10791015625 0.92236328125 0.1103515625 0.1103515625
0 0.16162109375 0.826171875 0.0869140625 0.0859375
0 0.11279296875 0.7294921875 0.1103515625 0.109375
0 0.17529296875 0.6337890625 0.0986328125 0.09765625
0 0.060546875 0.63232421875 0.0859375 0.0849609375
0 0.2177734375 0.92431640625 0.0859375 0.0849609375
0 0.28076171875 0.8271484375 0.1103515625 0.109375
0 0.22314453125 0.7333984375 0.1103515625 0.109375
0 0.28076171875 0.63818359375 0.1103515625 0.1103515625
0 0.22314453125 0.546875 0.0986328125 0.09765625
0 0.1142578125 0.5458984375 0.09765625 0.09765625
0 0.28125 0.4501953125 0.0859375 0.0859375
0 0.2373046875 0.16357421875 0.0859375 0.0849609375
0 0.2958984375 0.0712890625 0.09765625 0.09765625
0 0.15625 0.08203125 0.111328125 0.109375
0 0.05224609375 0.08203125 0.0986328125 0.09765625
0 0.123046875 0.1650390625 0.111328125 0.109375
0 0.29345703125 0.25537109375 0.1103515625 0.1103515625
0 0.1708984375 0.25439453125 0.111328125 0.1103515625
0 0.0654296875 0.2548828125 0.09765625 0.09765625
0 0.23681640625 0.3583984375 0.0986328125 0.09765625
0 0.1181640625 0.35986328125 0.0859375 0.0849609375
0 0.17822265625 0.4580078125 0.0986328125 0.09765625