0 0.3759765625 0.67724609375 0.07421875 0.0732421875
0 0.31640625 0.58935546875 0.07421875 0.0732421875
0 0.88037109375 0.86572265625 0.0732421875 0.0732421875
0 0.76416015625 0.28662109375 0.0732421875 0.0732421875
0 0.7216796875 0.38134765625 0.07421875 0.0732421875
0 0.1552734375 0.11083984375 0.0859375 0.0849609375
0 0.25732421875 0.1064453125 0.0986328125 0.09765625
0 0.38037109375 0.1044921875 0.0986328125 0.09765625
0 0.48974609375 0.1044921875 0.0986328125 0.09765625
0 0.09619140625 0.20458984375 0.1103515625 0.1103515625
0 0.20849609375 0.1962890625 0.0986328125 0.09765625
0 0.31396484375 0.2021484375 0.0986328125 0.09765625
0 0.43310546875 0.201171875 0.0986328125 0.09765625
0 0.53515625 0.19677734375 0.07421875 0.0732421875
0 0.15087890625 0.2939453125 0.1103515625 0.109375
0 0.26416015625 0.29296875 0.0986328125 0.09765625
0 0.37841796875 0.2939453125 0.0986328125 0.09765625
0 0.4833984375 0.2939453125 0.0859375 0.0859375
0 0.10107421875 0.3935546875 0.1103515625 0.109375
0 0.20751953125 0.392578125 0.0986328125 0.09765625
0 0.32080078125 0.3935546875 0.0986328125 0.09765625
0 0.4248046875 0.38720703125 0.0859375 0.0849609375
0 0.5322265625 0.390625 0.09765625 0.09765625
0 0.15283203125 0.4873046875 0.0986328125 0.09765625
0 0.259765625 0.49072265625 0.0859375 0.0849609375
0 0.369140625 0.48876953125 0.0859375 0.0849609375
0 0.4833984375 0.482421875 0.09765625 0.09765625
0 0.09375 0.58935546875 0.0859375 0.0849609375
0 0.2099609375 0.58349609375 0.0859375 0.0849609375
0 0.4228515625 0.58251953125 0.07421875 0.0732421875
0 0.52685546875 0.5869140625 0.0615234375 0.060546875
0 0.1484375 0.677734375 0.09765625 0.09765625
0 0.259765625 0.6708984375 0.0859375 0.0859375
0 0.1513671875 0.86083984375 0.0859375 0.0849609375
0 0.2548828125 0.86962890625 0.0859375 0.0849609375
0 0.10302734375 0.763671875 0.1103515625 0.109375
0 0.201171875 0.765625 0.0859375 0.0859375
0 0.3017578125 0.765625 0.09765625 0.09765625
0 0.462890625 0.67626953125 0.07421875 0.0732421875
0 0.4169921875 0.76953125 0.09765625 0.09765625
0 0.5107421875 0.77587890625 0.07421875 0.0732421875
0 0.37109375 0.86376953125 0.0859375 0.0849609375
0 0.47021484375 0.86376953125 0.0732421875 0.0732421875
0 0.94482421875 0.96044921875 0.0732421875 0.0732421875
0 0.7607421875 0.87158203125 0.123046875 0.1220703125
0 0.71337890625 0.76953125 0.0986328125 0.09765625
0 0.8203125 0.76708984375 0.123046875 0.1220703125
0 0.93310546875 0.7646484375 0.1103515625 0.109375
0 0.685546875 0.67333984375 0.0859375 0.0849609375
0 0.7685546875 0.6728515625 0.09765625 0.09765625
0 0.888671875 0.67431640625 0.123046875 0.1220703125
0 0.7109375 0.58154296875 0.0859375 0.0849609375
0 0.8232421875 0.57958984375 0.123046875 0.1220703125
0 0.7744140625 0.4873046875 0.09765625 0.09765625
0 0.880859375 0.47900390625 0.123046875 0.1220703125
0 0.81689453125 0.3916015625 0.1103515625 0.109375
0 0.9296875 0.38671875 0.111328125 0.109375
0 0.87451171875 0.29150390625 0.1103515625 0.1103515625
0 0.71337890625 0.19384765625 0.0615234375 0.0615234375
0 0.81982421875 0.1953125 0.0986328125 0.09765625
0 0.93212890625 0.1962890625 0.0986328125 0.09765625
0 0.76220703125 0.095703125 0.0986328125 0.09765625
0 0.88037109375 0.1015625 0.0986328125 0.09765625