0 0.51318359375 0.6865234375 0.0732421875 0.07421875
0 0.6064453125 0.74755859375 0.060546875 0.0615234375
0 0.50439453125 0.24658203125 0.0732421875 0.0732421875
0 0.43115234375 0.095703125 0.0732421875 0.07421875
0 0.31787109375 0.81640625 0.0732421875 0.07421875
0 0.50732421875 0.0439453125 0.0732421875 0.07421875
0 0.51220703125 0.15185546875 0.0732421875 0.0732421875
0 0.60546875 0.193359375 0.0859375 0.0859375
0 0.60546875 0.078125 0.0859375 0.0859375
0 0.41650390625 0.189453125 0.0732421875 0.07421875
0 0.41650390625 0.30908203125 0.0732421875 0.0732421875
0 0.1357421875 0.80078125 0.0859375 0.0859375
0 0.134765625 0.6875 0.0859375 0.0859375
0 0.1396484375 0.578125 0.09765625 0.09765625
0 0.1298828125 0.4609375 0.109375 0.111328125
0 0.134765625 0.36474609375 0.09765625 0.0986328125
0 0.12841796875 0.24365234375 0.1103515625 0.1103515625
0 0.1337890625 0.14111328125 0.109375 0.1103515625
0 0.22705078125 0.08935546875 0.1103515625 0.1103515625
0 0.2216796875 0.1826171875 0.109375 0.111328125
0 0.234375 0.30615234375 0.109375 0.1103515625
0 0.234375 0.41845703125 0.109375 0.1103515625
0 0.23046875 0.52880859375 0.109375 0.1103515625
0 0.2265625 0.6328125 0.109375 0.111328125
0 0.220703125 0.75537109375 0.09765625 0.0986328125
0 0.3154296875 0.703125 0.0859375 0.0859375
0 0.3193359375 0.47802734375 0.09765625 0.0986328125
0 0.3232421875 0.59521484375 0.0859375 0.0869140625
0 0.41650390625 0.529296875 0.0849609375 0.0859375
0 0.4189453125 0.6318359375 0.0859375 0.0859375
0 0.7978515625 0.615234375 0.0859375 0.0859375
0 0.890625 0.47265625 0.0859375 0.0859375
0 0.326171875 0.263671875 0.0859375 0.0859375
0 0.3212890625 0.1435546875 0.0859375 0.0859375
0 0.32373046875 0.36328125 0.0849609375 0.0859375
0 0.421875 0.75537109375 0.09765625 0.0986328125
0 0.505859375 0.7880859375 0.09765625 0.09765625
0 0.51171875 0.5771484375 0.09765625 0.09765625
0 0.5107421875 0.47412109375 0.09765625 0.0986328125
0 0.50439453125 0.353515625 0.0849609375 0.0859375
0 0.41943359375 0.4208984375 0.0849609375 0.0859375
0 0.5986328125 0.6279296875 0.109375 0.111328125
0 0.60498046875 0.52099609375 0.1103515625 0.1103515625
0 0.60400390625 0.41357421875 0.1103515625 0.1103515625
0 0.60302734375 0.29345703125 0.1103515625 0.1103515625
0 0.693359375 0.236328125 0.0859375 0.0859375
0 0.6923828125 0.146484375 0.0859375 0.0859375
0 0.68798828125 0.3447265625 0.0849609375 0.0859375
0 0.69189453125 0.47607421875 0.1103515625 0.1103515625
0 0.69580078125 0.57763671875 0.1103515625 0.1103515625
0 0.69140625 0.6826171875 0.0859375 0.0859375
0 0.6884765625 0.79443359375 0.09765625 0.0986328125
0 0.7939453125 0.73876953125 0.09765625 0.0986328125
0 0.79541015625 0.498046875 0.1103515625 0.111328125
0 0.79931640625 0.38720703125 0.1103515625 0.1103515625
0 0.796875 0.27978515625 0.09765625 0.0986328125
0 0.7919921875 0.19873046875 0.09765625 0.0986328125
0 0.89111328125 0.125 0.0849609375 0.0859375
0 0.79296875 0.08447265625 0.09765625 0.0986328125
0 0.8876953125 0.23291015625 0.09765625 0.0986328125
0 0.890625 0.794921875 0.0859375 0.0859375
0 0.87890625 0.693359375 0.09765625 0.09765625
0 0.8857421875 0.5771484375 0.0859375 0.0859375
0 0.8857421875 0.326171875 0.0859375 0.0859375
0 0.8828125 0.90576171875 0.09765625 0.0986328125
0 0.7939453125 0.85107421875 0.09765625 0.0986328125
0 0.68994140625 0.9248046875 0.0849609375 0.0859375
0 0.60205078125 0.8466796875 0.0849609375 0.0859375
0 0.50390625 0.88427734375 0.09765625 0.0986328125
0 0.41357421875 0.8544921875 0.0849609375 0.0859375
0 0.32568359375 0.91796875 0.0849609375 0.0859375
0 0.220703125 0.94775390625 0.09765625 0.0986328125
0 0.22607421875 0.8515625 0.1103515625 0.111328125
0 0.1318359375 0.9111328125 0.09765625 0.09765625