0 0.32568359375 0.63427734375 0.0615234375 0.0615234375
0 0.37255859375 0.90576171875 0.0615234375 0.0615234375
0 0.47705078125 0.7119140625 0.0615234375 0.060546875
0 0.3916015625 0.34619140625 0.07421875 0.0732421875
0 0.4326171875 0.63037109375 0.07421875 0.0732421875
0 0.38671875 0.15380859375 0.037109375 0.0361328125
0 0.55419921875 0.2509765625 0.0498046875 0.048828125
0 0.595703125 0.3466796875 0.048828125 0.048828125
0 0.505859375 0.3515625 0.048828125 0.048828125
0 0.44970703125 0.427734375 0.0615234375 0.060546875
0 0.48486328125 0.52978515625 0.0361328125 0.0361328125
0 0.494140625 0.1474609375 0.0859375 0.0859375
0 0.44384765625 0.25439453125 0.0615234375 0.0615234375
0 0.4423828125 0.07275390625 0.025390625 0.0244140625
0 0.56982421875 0.056640625 0.0986328125 0.09765625
0 0.673828125 0.0556640625 0.09765625 0.09765625
0 0.791015625 0.0625 0.09765625 0.09765625
0 0.8935546875 0.06005859375 0.0859375 0.0849609375
0 0.93505859375 0.1533203125 0.0986328125 0.09765625
0 0.8330078125 0.154296875 0.0859375 0.0859375
0 0.72314453125 0.15625 0.0986328125 0.09765625
0 0.607421875 0.1552734375 0.111328125 0.109375
0 0.6708984375 0.2470703125 0.0859375 0.0859375
0 0.759765625 0.2470703125 0.09765625 0.09765625
0 0.86865234375 0.248046875 0.0986328125 0.09765625
0 0.93017578125 0.34814453125 0.1103515625 0.1103515625
0 0.8154296875 0.34375 0.09765625 0.09765625
0 0.7099609375 0.34765625 0.09765625 0.09765625
0 0.3310546875 0.43408203125 0.0859375 0.0849609375
0 0.3740234375 0.5322265625 0.0859375 0.0859375
0 0.3779296875 0.7158203125 0.048828125 0.048828125
0 0.6591796875 0.4345703125 0.09765625 0.09765625
0 0.541015625 0.42529296875 0.0859375 0.0849609375
0 0.787109375 0.439453125 0.0859375 0.0859375
0 0.88818359375 0.4345703125 0.0986328125 0.09765625
0 0.93115234375 0.5341796875 0.1103515625 0.109375
0 0.8232421875 0.53515625 0.09765625 0.09765625
0 0.71533203125 0.5263671875 0.1103515625 0.109375
0 0.5849609375 0.52587890625 0.111328125 0.1103515625
0 0.537109375 0.6240234375 0.0859375 0.0859375
0 0.65771484375 0.6220703125 0.0986328125 0.09765625
0 0.76953125 0.6259765625 0.09765625 0.09765625
0 0.8828125 0.63232421875 0.111328125 0.1103515625
0 0.92431640625 0.72265625 0.1103515625 0.109375
0 0.81884765625 0.7177734375 0.1103515625 0.109375
0 0.70703125 0.72021484375 0.111328125 0.1103515625
0 0.59228515625 0.7119140625 0.1103515625 0.109375
0 0.54541015625 0.80517578125 0.1103515625 0.1103515625
0 0.43115234375 0.81298828125 0.1103515625 0.1103515625
0 0.6484375 0.814453125 0.111328125 0.109375
0 0.75 0.8115234375 0.09765625 0.09765625
0 0.87451171875 0.81591796875 0.1103515625 0.1103515625
0 0.47509765625 0.90478515625 0.1103515625 0.1103515625
0 0.58984375 0.90478515625 0.111328125 0.1103515625
0 0.70849609375 0.90234375 0.1103515625 0.109375
0 0.8056640625 0.91015625 0.111328125 0.109375
0 0.90869140625 0.90625 0.1103515625 0.109375