0 0.13525390625 0.36376953125 0.0615234375 0.0615234375
0 0.0576171875 0.51513671875 0.060546875 0.0615234375
0 0.42333984375 0.4296875 0.0732421875 0.07421875
0 0.13916015625 0.470703125 0.0732421875 0.07421875
0 0.80419921875 0.76806640625 0.0732421875 0.0732421875
0 0.89599609375 0.92431640625 0.0615234375 0.0615234375
0 0.892578125 0.38671875 0.048828125 0.048828125
0 0.8876953125 0.4873046875 0.048828125 0.048828125
0 0.7978515625 0.4404296875 0.037109375 0.037109375
0 0.78759765625 0.55615234375 0.0361328125 0.0361328125
0 0.61572265625 0.4248046875 0.0361328125 0.037109375
0 0.5185546875 0.59228515625 0.048828125 0.0498046875
0 0.4228515625 0.6337890625 0.048828125 0.048828125
0 0.41796875 0.5439453125 0.048828125 0.048828125
0 0.341796875 0.48779296875 0.060546875 0.0615234375
0 0.23974609375 0.52294921875 0.0361328125 0.0361328125
0 0.6220703125 0.5322265625 0.0859375 0.0859375
0 0.51513671875 0.48193359375 0.0615234375 0.0615234375
0 0.69677734375 0.48046875 0.0244140625 0.025390625
0 0.88720703125 0.59130859375 0.1103515625 0.1103515625
0 0.89208984375 0.72021484375 0.1103515625 0.1103515625
0 0.8916015625 0.81884765625 0.09765625 0.0986328125
0 0.802734375 0.8955078125 0.09765625 0.09765625
0 0.8046875 0.67578125 0.09765625 0.09765625
0 0.712890625 0.60791015625 0.09765625 0.0986328125
0 0.7138671875 0.7119140625 0.09765625 0.09765625
0 0.70703125 0.8291015625 0.09765625 0.09765625
0 0.70947265625 0.931640625 0.0849609375 0.0859375
0 0.615234375 0.87109375 0.0859375 0.0859375
0 0.61328125 0.76123046875 0.09765625 0.0986328125
0 0.6142578125 0.6455078125 0.109375 0.111328125
0 0.5224609375 0.708984375 0.0859375 0.0859375
0 0.5224609375 0.7978515625 0.09765625 0.09765625
0 0.521484375 0.90673828125 0.09765625 0.0986328125
0 0.42578125 0.853515625 0.09765625 0.09765625
0 0.421875 0.748046875 0.09765625 0.09765625
0 0.33544921875 0.369140625 0.0849609375 0.0859375
0 0.2373046875 0.412109375 0.0859375 0.0859375
0 0.0537109375 0.416015625 0.048828125 0.048828125
0 0.3349609375 0.697265625 0.09765625 0.09765625
0 0.34423828125 0.5791015625 0.0849609375 0.0859375
0 0.330078125 0.8251953125 0.0859375 0.0859375
0 0.3349609375 0.92626953125 0.09765625 0.0986328125
0 0.234375 0.861328125 0.09765625 0.09765625
0 0.2431640625 0.75341796875 0.109375 0.1103515625
0 0.24365234375 0.623046875 0.1103515625 0.111328125
0 0.1455078125 0.5751953125 0.0859375 0.0859375
0 0.1474609375 0.69580078125 0.09765625 0.0986328125
0 0.1435546875 0.8076171875 0.09765625 0.09765625
0 0.13720703125 0.9208984375 0.1103515625 0.111328125
0 0.0576171875 0.63037109375 0.109375 0.1103515625
0 0.58349609375 0.03466796875 0.0615234375 0.0615234375
0 0.23974609375 0.0458984375 0.0849609375 0.0859375
0 0.060546875 0.0546875 0.09765625 0.09765625