0 0.7568359375 0.330078125 0.0859375 0.0859375
0 0.75244140625 0.52392578125 0.0732421875 0.0732421875
0 0.53515625 0.51708984375 0.0859375 0.0849609375
0 0.41845703125 0.52197265625 0.0732421875 0.0732421875
0 0.59326171875 0.61181640625 0.0732421875 0.0732421875
0 0.3671875 0.61767578125 0.0859375 0.0849609375
0 0.47900390625 0.61083984375 0.0615234375 0.0615234375
0 0.2509765625 0.6142578125 0.0859375 0.0859375
0 0.69873046875 0.61865234375 0.0732421875 0.0732421875
0 0.861328125 0.14306640625 0.0859375 0.0849609375
0 0.7529296875 0.14306640625 0.07421875 0.0732421875
0 0.91650390625 0.23486328125 0.0732421875 0.0732421875
0 0.80517578125 0.23681640625 0.0732421875 0.0732421875
0 0.86083984375 0.3291015625 0.0869140625 0.0859375
0 0.9169921875 0.42431640625 0.0859375 0.0849609375
0 0.8095703125 0.42529296875 0.0859375 0.0849609375
0 0.86083984375 0.52001953125 0.0615234375 0.0615234375
0 0.69775390625 0.4287109375 0.0869140625 0.0859375
0 0.70361328125 0.2412109375 0.0986328125 0.09765625
0 0.91796875 0.61328125 0.0859375 0.0859375
0 0.8095703125 0.6142578125 0.0859375 0.0859375
0 0.64404296875 0.51611328125 0.0732421875 0.0732421875
0 0.3125 0.51953125 0.0859375 0.0859375
0 0.201171875 0.5205078125 0.09765625 0.09765625
0 0.5869140625 0.423828125 0.0859375 0.0859375
0 0.47509765625 0.419921875 0.0986328125 0.09765625
0 0.3671875 0.4228515625 0.0859375 0.0859375
0 0.2607421875 0.4228515625 0.09765625 0.09765625
0 0.64013671875 0.3271484375 0.0986328125 0.09765625
0 0.53271484375 0.3271484375 0.0986328125 0.09765625
0 0.41796875 0.32958984375 0.0859375 0.0849609375
0 0.3095703125 0.33251953125 0.0859375 0.0849609375
0 0.205078125 0.3310546875 0.09765625 0.09765625
0 0.59130859375 0.2353515625 0.0986328125 0.09765625
0 0.478515625 0.23828125 0.09765625 0.09765625
0 0.359375 0.23486328125 0.0859375 0.0849609375
0 0.2568359375 0.2333984375 0.09765625 0.09765625
0 0.646484375 0.1455078125 0.09765625 0.09765625
0 0.5263671875 0.142578125 0.0859375 0.0859375
0 0.41796875 0.14501953125 0.07421875 0.0732421875
0 0.3095703125 0.14306640625 0.07421875 0.0732421875
0 0.19775390625 0.13525390625 0.0732421875 0.0732421875
0 0.47265625 0.05078125 0.09765625 0.09765625
0 0.3671875 0.05126953125 0.0859375 0.0849609375
0 0.25830078125 0.052734375 0.0986328125 0.09765625
0 0.1435546875 0.04833984375 0.07421875 0.0732421875
0 0.091796875 0.14013671875 0.07421875 0.0732421875
0 0.14892578125 0.23828125 0.0986328125 0.09765625
0 0.09716796875 0.3310546875 0.0986328125 0.09765625
0 0.14599609375 0.4248046875 0.0869140625 0.0859375
0 0.09228515625 0.5244140625 0.0986328125 0.09765625
0 0.15234375 0.61376953125 0.0859375 0.0849609375