0 0.63427734375 0.67431640625 0.0615234375 0.0615234375
0 0.90576171875 0.62744140625 0.0615234375 0.0615234375
0 0.7119140625 0.52294921875 0.060546875 0.0615234375
0 0.34619140625 0.6083984375 0.0732421875 0.07421875
0 0.63037109375 0.5673828125 0.0732421875 0.07421875
0 0.15380859375 0.61328125 0.0361328125 0.037109375
0 0.2509765625 0.44580078125 0.048828125 0.0498046875
0 0.3466796875 0.404296875 0.048828125 0.048828125
0 0.3515625 0.494140625 0.048828125 0.048828125
0 0.427734375 0.55029296875 0.060546875 0.0615234375
0 0.52978515625 0.51513671875 0.0361328125 0.0361328125
0 0.1474609375 0.505859375 0.0859375 0.0859375
0 0.25439453125 0.55615234375 0.0615234375 0.0615234375
0 0.07275390625 0.5576171875 0.0244140625 0.025390625
0 0.056640625 0.43017578125 0.09765625 0.0986328125
0 0.0556640625 0.326171875 0.09765625 0.09765625
0 0.0625 0.208984375 0.09765625 0.09765625
0 0.06005859375 0.1064453125 0.0849609375 0.0859375
0 0.1533203125 0.06494140625 0.09765625 0.0986328125
0 0.154296875 0.1669921875 0.0859375 0.0859375
0 0.15625 0.27685546875 0.09765625 0.0986328125
0 0.1552734375 0.392578125 0.109375 0.111328125
0 0.2470703125 0.3291015625 0.0859375 0.0859375
0 0.2470703125 0.240234375 0.09765625 0.09765625
0 0.248046875 0.13134765625 0.09765625 0.0986328125
0 0.34814453125 0.06982421875 0.1103515625 0.1103515625
0 0.34375 0.1845703125 0.09765625 0.09765625
0 0.34765625 0.2900390625 0.09765625 0.09765625
0 0.43408203125 0.6689453125 0.0849609375 0.0859375
0 0.5322265625 0.6259765625 0.0859375 0.0859375
0 0.7158203125 0.6220703125 0.048828125 0.048828125
0 0.4345703125 0.3408203125 0.09765625 0.09765625
0 0.42529296875 0.458984375 0.0849609375 0.0859375
0 0.439453125 0.212890625 0.0859375 0.0859375
0 0.4345703125 0.11181640625 0.09765625 0.0986328125
0 0.5341796875 0.06884765625 0.109375 0.1103515625
0 0.53515625 0.1767578125 0.09765625 0.09765625
0 0.5263671875 0.28466796875 0.109375 0.1103515625
0 0.52587890625 0.4150390625 0.1103515625 0.111328125
0 0.6240234375 0.462890625 0.0859375 0.0859375
0 0.6220703125 0.34228515625 0.09765625 0.0986328125
0 0.6259765625 0.23046875 0.09765625 0.09765625
0 0.63232421875 0.1171875 0.1103515625 0.111328125
0 0.72265625 0.07568359375 0.109375 0.1103515625
0 0.7177734375 0.18115234375 0.109375 0.1103515625
0 0.72021484375 0.29296875 0.1103515625 0.111328125
0 0.7119140625 0.40771484375 0.109375 0.1103515625
0 0.80517578125 0.45458984375 0.1103515625 0.1103515625
0 0.81298828125 0.56884765625 0.1103515625 0.1103515625
0 0.814453125 0.3515625 0.109375 0.111328125
0 0.8115234375 0.25 0.09765625 0.09765625
0 0.81591796875 0.12548828125 0.1103515625 0.1103515625
0 0.90478515625 0.52490234375 0.1103515625 0.1103515625
0 0.90478515625 0.41015625 0.1103515625 0.111328125
0 0.90234375 0.29150390625 0.109375 0.1103515625
0 0.91015625 0.1943359375 0.109375 0.111328125
0 0.90625 0.09130859375 0.109375 0.1103515625