0 0.2046875 0.8515625 0.109375 0.109375
0 0.87109375 0.78984375 0.0859375 0.0859375
0 0.384375 0.95390625 0.071875 0.0734375
0 0.68125 0.103125 0.096875 0.096875
0 0.6765625 0.22109375 0.096875 0.0984375
0 0.7765625 0.16328125 0.071875 0.0734375
0 0.875 0.115625 0.096875 0.096875
0 0.8765625 0.2265625 0.096875 0.096875
0 0.865625 0.35234375 0.109375 0.1109375
0 0.8671875 0.46171875 0.084375 0.0859375
0 0.8609375 0.58046875 0.084375 0.0859375
0 0.86796875 0.68359375 0.0859375 0.0859375
0 0.7765625 0.29453125 0.084375 0.0859375
0 0.78359375 0.40703125 0.0234375 0.0234375
0 0.77734375 0.52578125 0.0359375 0.0359375
0 0.78046875 0.63203125 0.0234375 0.0234375
0 0.77421875 0.74609375 0.0234375 0.0234375
0 0.68203125 0.55390625 0.0234375 0.0234375
0 0.68203125 0.66484375 0.0234375 0.0234375
0 0.67890625 0.78046875 0.0234375 0.0234375
0 0.684375 0.32890625 0.096875 0.0984375
0 0.68125 0.43515625 0.096875 0.0984375
0 0.67421875 0.88984375 0.0234375 0.0234375
0 0.67734375 0.97109375 0.0234375 0.0234375
0 0.77421875 0.83203125 0.0234375 0.0234375
0 0.76796875 0.93984375 0.0234375 0.0234375
0 0.86796875 0.97109375 0.0359375 0.0359375
0 0.8640625 0.8875 0.109375 0.109375
0 0.390625 0.51953125 0.096875 0.0984375
0 0.3953125 0.6234375 0.109375 0.109375
0 0.3859375 0.734375 0.096875 0.096875
0 0.390625 0.8453125 0.096875 0.096875
0 0.29453125 0.57578125 0.0859375 0.0859375
0 0.29375 0.6875 0.096875 0.096875
0 0.2890625 0.7921875 0.109375 0.109375
0 0.290625 0.90234375 0.096875 0.0984375
0 0.2046875 0.51171875 0.109375 0.1109375
0 0.203125 0.62578125 0.109375 0.1109375
0 0.203125 0.7359375 0.096875 0.096875
0 0.20625 0.9578125 0.071875 0.071875
0 0.1046875 0.46328125 0.109375 0.1109375
0 0.1046875 0.56796875 0.109375 0.1109375
0 0.1015625 0.6875 0.109375 0.109375
0 0.103125 0.79609375 0.096875 0.0984375
0 0.1078125 0.90078125 0.096875 0.0984375