0 0.34033203125 0.95361328125 0.0615234375 0.0615234375
0 0.40625 0.66552734375 0.07421875 0.0732421875
0 0.447265625 0.94970703125 0.07421875 0.0732421875
0 0.74462890625 0.28466796875 0.0732421875 0.0732421875
0 0.90087890625 0.19287109375 0.0615234375 0.0615234375
0 0.408203125 0.1064453125 0.048828125 0.048828125
0 0.36328125 0.1962890625 0.048828125 0.048828125
0 0.4638671875 0.201171875 0.048828125 0.048828125
0 0.4169921875 0.291015625 0.037109375 0.037109375
0 0.53271484375 0.30126953125 0.0361328125 0.0361328125
0 0.4013671875 0.47314453125 0.037109375 0.0361328125
0 0.56884765625 0.5703125 0.0498046875 0.048828125
0 0.6103515625 0.666015625 0.048828125 0.048828125
0 0.5205078125 0.6708984375 0.048828125 0.048828125
0 0.46435546875 0.7470703125 0.0615234375 0.060546875
0 0.49951171875 0.84912109375 0.0361328125 0.0361328125
0 0.5087890625 0.466796875 0.0859375 0.0859375
0 0.45849609375 0.57373046875 0.0615234375 0.0615234375
0 0.45703125 0.39208984375 0.025390625 0.0244140625
0 0.5146484375 0.103515625 0.09765625 0.09765625
0 0.62646484375 0.11279296875 0.1103515625 0.1103515625
0 0.74072265625 0.1025390625 0.1103515625 0.109375
0 0.85400390625 0.10009765625 0.1103515625 0.1103515625
0 0.56787109375 0.20166015625 0.1103515625 0.1103515625
0 0.69677734375 0.19677734375 0.1103515625 0.1103515625
0 0.79541015625 0.197265625 0.0986328125 0.09765625
0 0.8720703125 0.2861328125 0.09765625 0.09765625
0 0.65234375 0.2841796875 0.09765625 0.09765625
0 0.58447265625 0.3759765625 0.0986328125 0.09765625
0 0.6884765625 0.375 0.09765625 0.09765625
0 0.8056640625 0.3818359375 0.09765625 0.09765625
0 0.908203125 0.37939453125 0.0859375 0.0849609375
0 0.94970703125 0.47265625 0.0986328125 0.09765625
0 0.84765625 0.4736328125 0.0859375 0.0859375
0 0.73779296875 0.4755859375 0.0986328125 0.09765625
0 0.6220703125 0.474609375 0.111328125 0.109375
0 0.685546875 0.56640625 0.0859375 0.0859375
0 0.7744140625 0.56640625 0.09765625 0.09765625
0 0.88330078125 0.5673828125 0.0986328125 0.09765625
0 0.830078125 0.6630859375 0.09765625 0.09765625
0 0.724609375 0.6669921875 0.09765625 0.09765625
0 0.345703125 0.75341796875 0.0859375 0.0849609375
0 0.388671875 0.8515625 0.0859375 0.0859375
0 0.673828125 0.75390625 0.09765625 0.09765625
0 0.5556640625 0.74462890625 0.0859375 0.0849609375
0 0.8017578125 0.7587890625 0.0859375 0.0859375
0 0.90283203125 0.75390625 0.0986328125 0.09765625
0 0.837890625 0.8544921875 0.09765625 0.09765625
0 0.72998046875 0.845703125 0.1103515625 0.109375
0 0.599609375 0.84521484375 0.111328125 0.1103515625
0 0.5517578125 0.943359375 0.0859375 0.0859375
0 0.67236328125 0.94140625 0.0986328125 0.09765625
0 0.7841796875 0.9453125 0.09765625 0.09765625