0 0.1884765625 0.91455078125 0.109375 0.1103515625
0 0.65869140625 0.59326171875 0.0732421875 0.0732421875
0 0.75341796875 0.6357421875 0.0732421875 0.07421875
0 0.1025390625 0.86474609375 0.09765625 0.0986328125
0 0.18603515625 0.80908203125 0.0732421875 0.0732421875
0 0.28515625 0.86669921875 0.09765625 0.0986328125
0 0.3798828125 0.92724609375 0.09765625 0.0986328125
0 0.37744140625 0.81494140625 0.0732421875 0.0732421875
0 0.4765625 0.86767578125 0.09765625 0.0986328125
0 0.5732421875 0.92431640625 0.09765625 0.0986328125
0 0.56884765625 0.822265625 0.0732421875 0.07421875
0 0.666015625 0.8740234375 0.0859375 0.0859375
0 0.75927734375 0.9326171875 0.0849609375 0.0859375
0 0.7626953125 0.8251953125 0.09765625 0.09765625
0 0.8544921875 0.8740234375 0.09765625 0.09765625
0 0.95458984375 0.9345703125 0.0732421875 0.07421875
0 0.958984375 0.83056640625 0.060546875 0.0615234375
0 0.95361328125 0.646484375 0.0849609375 0.0859375
0 0.939453125 0.3203125 0.0859375 0.0859375
0 0.859375 0.5830078125 0.09765625 0.09765625
0 0.85107421875 0.4765625 0.1220703125 0.123046875
0 0.85107421875 0.3671875 0.1103515625 0.111328125
0 0.85302734375 0.26513671875 0.1103515625 0.1103515625
0 0.85986328125 0.14990234375 0.1103515625 0.1103515625
0 0.763671875 0.54052734375 0.109375 0.1103515625
0 0.7587890625 0.427734375 0.109375 0.111328125
0 0.75927734375 0.3154296875 0.1220703125 0.123046875
0 0.76123046875 0.20068359375 0.1103515625 0.1103515625
0 0.66357421875 0.48291015625 0.1103515625 0.1103515625
0 0.66064453125 0.3720703125 0.1220703125 0.123046875
0 0.66162109375 0.259765625 0.1220703125 0.123046875
0 0.65625 0.1552734375 0.109375 0.111328125
0 0.56591796875 0.64404296875 0.0615234375 0.0615234375
0 0.5673828125 0.53759765625 0.09765625 0.0986328125
0 0.568359375 0.42529296875 0.09765625 0.0986328125
0 0.5615234375 0.33203125 0.09765625 0.09765625
0 0.56787109375 0.205078125 0.1220703125 0.123046875
0 0.4677734375 0.59521484375 0.09765625 0.0986328125
0 0.4736328125 0.47705078125 0.09765625 0.0986328125
0 0.47412109375 0.380859375 0.1220703125 0.123046875
0 0.47509765625 0.2646484375 0.1220703125 0.123046875
0 0.47509765625 0.1513671875 0.1220703125 0.123046875
0 0.37109375 0.64599609375 0.060546875 0.0615234375
0 0.37890625 0.53955078125 0.09765625 0.0986328125
0 0.37890625 0.43017578125 0.09765625 0.0986328125
0 0.37646484375 0.3134765625 0.1220703125 0.123046875
0 0.37841796875 0.1982421875 0.1220703125 0.123046875
0 0.28173828125 0.591796875 0.0849609375 0.0859375
0 0.2861328125 0.48388671875 0.09765625 0.0986328125
0 0.28271484375 0.36962890625 0.1220703125 0.1220703125
0 0.2783203125 0.26220703125 0.09765625 0.0986328125
0 0.28369140625 0.1513671875 0.1220703125 0.123046875
0 0.189453125 0.64501953125 0.060546875 0.0615234375
0 0.1865234375 0.53564453125 0.09765625 0.0986328125
0 0.19140625 0.42333984375 0.09765625 0.0986328125
0 0.1904296875 0.31201171875 0.09765625 0.0986328125
0 0.1865234375 0.21044921875 0.09765625 0.0986328125
0 0.09765625 0.5888671875 0.0859375 0.0859375
0 0.0966796875 0.48486328125 0.09765625 0.0986328125
0 0.0947265625 0.37158203125 0.09765625 0.0986328125
0 0.09765625 0.25830078125 0.09765625 0.0986328125
0 0.09716796875 0.14404296875 0.1220703125 0.1220703125
0 0.18798828125 0.09619140625 0.1220703125 0.1220703125
0 0.37841796875 0.0986328125 0.1220703125 0.123046875
0 0.5625 0.1064453125 0.09765625 0.09765625
0 0.76123046875 0.0888671875 0.1103515625 0.111328125