0 0.80126953125 0.12109375 0.0986328125 0.09765625
0 0.69287109375 0.11181640625 0.1103515625 0.1103515625
0 0.73583984375 0.2099609375 0.1103515625 0.109375
0 0.68359375 0.2978515625 0.0859375 0.0859375
0 0.7880859375 0.30859375 0.0859375 0.0859375
0 0.9130859375 0.3046875 0.0859375 0.0859375
0 0.84765625 0.21044921875 0.0859375 0.0849609375
0 0.91796875 0.1162109375 0.0859375 0.0859375
0 0.63427734375 0.3974609375 0.0986328125 0.09765625
0 0.75 0.3935546875 0.0859375 0.0859375
0 0.85791015625 0.3955078125 0.0986328125 0.09765625
0 0.69921875 0.48828125 0.09765625 0.09765625
0 0.8017578125 0.4873046875 0.09765625 0.09765625
0 0.912109375 0.48681640625 0.0859375 0.0849609375
0 0.64990234375 0.57470703125 0.1103515625 0.1103515625
0 0.76416015625 0.5810546875 0.0986328125 0.09765625
0 0.87353515625 0.5849609375 0.0986328125 0.09765625
0 0.61328125 0.67919921875 0.0859375 0.0849609375
0 0.7197265625 0.68212890625 0.0859375 0.0849609375
0 0.81640625 0.67919921875 0.0859375 0.0849609375
0 0.9306640625 0.68212890625 0.0859375 0.0849609375
0 0.87841796875 0.765625 0.0986328125 0.09765625
0 0.7705078125 0.77001953125 0.0859375 0.0849609375
0 0.658203125 0.77099609375 0.0859375 0.0849609375
0 0.599609375 0.865234375 0.0859375 0.0859375
0 0.712890625 0.8642578125 0.0859375 0.0859375
0 0.822265625 0.869140625 0.09765625 0.09765625
0 0.939453125 0.859375 0.111328125 0.109375
0 0.64501953125 0.9501953125 0.0986328125 0.09765625
0 0.45263671875 0.9501953125 0.0986328125 0.09765625
0 0.05078125 0.86328125 0.0859375 0.0859375
0 0.17138671875 0.8623046875 0.0986328125 0.09765625
0 0.2783203125 0.8662109375 0.0859375 0.0859375
0 0.3828125 0.86767578125 0.0859375 0.0849609375
0 0.4892578125 0.861328125 0.09765625 0.09765625
0 0.54541015625 0.7705078125 0.0986328125 0.09765625
0 0.439453125 0.77197265625 0.0859375 0.0849609375
0 0.3212890625 0.7666015625 0.0859375 0.0859375
0 0.21728515625 0.77294921875 0.0869140625 0.0849609375
0 0.10693359375 0.76953125 0.0986328125 0.09765625
0 0.14990234375 0.671875 0.0986328125 0.09765625
0 0.2724609375 0.673828125 0.0859375 0.0859375
0 0.38232421875 0.6728515625 0.0986328125 0.09765625
0 0.48388671875 0.6748046875 0.0986328125 0.09765625
0 0.09765625 0.58154296875 0.0859375 0.0849609375
0 0.20703125 0.583984375 0.09765625 0.09765625
0 0.32275390625 0.57421875 0.0986328125 0.09765625
0 0.43505859375 0.5810546875 0.0986328125 0.09765625
0 0.54150390625 0.5771484375 0.0986328125 0.09765625
0 0.58349609375 0.4853515625 0.0986328125 0.09765625
0 0.47265625 0.478515625 0.09765625 0.09765625
0 0.36474609375 0.486328125 0.0986328125 0.09765625
0 0.25390625 0.4833984375 0.09765625 0.09765625
0 0.14111328125 0.484375 0.0986328125 0.09765625
0 0.07958984375 0.390625 0.0986328125 0.09765625
0 0.1943359375 0.3916015625 0.09765625 0.09765625
0 0.31005859375 0.3955078125 0.0986328125 0.09765625
0 0.4150390625 0.39208984375 0.0859375 0.0849609375
0 0.51708984375 0.392578125 0.0986328125 0.09765625
0 0.56787109375 0.29638671875 0.1103515625 0.1103515625
0 0.45947265625 0.2978515625 0.1103515625 0.109375
0 0.35205078125 0.302734375 0.1103515625 0.109375
0 0.25048828125 0.29638671875 0.1103515625 0.1103515625
0 0.13720703125 0.29736328125 0.1103515625 0.1103515625
0 0.076171875 0.19921875 0.111328125 0.109375
0 0.18798828125 0.20703125 0.1103515625 0.109375
0 0.29296875 0.20458984375 0.0859375 0.0849609375
0 0.3828125 0.2021484375 0.0859375 0.0859375
0 0.51611328125 0.20703125 0.0986328125 0.09765625
0 0.5810546875 0.1064453125 0.111328125 0.109375
0 0.6279296875 0.2060546875 0.0859375 0.0859375
0 0.4560546875 0.1103515625 0.0859375 0.0859375
0 0.36376953125 0.1103515625 0.0986328125 0.09765625
0 0.24267578125 0.111328125 0.0986328125 0.09765625
0 0.138671875 0.10595703125 0.0859375 0.0849609375