0 0.07275390625 0.46484375 0.0732421875 0.07421875
0 0.92529296875 0.923828125 0.0849609375 0.0859375
0 0.724609375 0.927734375 0.09765625 0.09765625
0 0.53369140625 0.92333984375 0.1103515625 0.1103515625
0 0.36083984375 0.9091796875 0.1103515625 0.111328125
0 0.154296875 0.92431640625 0.09765625 0.0986328125
0 0.92626953125 0.15087890625 0.1103515625 0.1103515625
0 0.92626953125 0.26708984375 0.1103515625 0.1103515625
0 0.91845703125 0.37841796875 0.1103515625 0.1103515625
0 0.91796875 0.81591796875 0.109375 0.1103515625
0 0.82080078125 0.86376953125 0.1103515625 0.1103515625
0 0.7255859375 0.82177734375 0.109375 0.1103515625
0 0.6181640625 0.86474609375 0.109375 0.1103515625
0 0.6318359375 0.533203125 0.09765625 0.09765625
0 0.83203125 0.09521484375 0.109375 0.1103515625
0 0.82568359375 0.20947265625 0.1103515625 0.1103515625
0 0.828125 0.31982421875 0.09765625 0.0986328125
0 0.82568359375 0.43310546875 0.0732421875 0.0732421875
0 0.732421875 0.13671875 0.0859375 0.0859375
0 0.7275390625 0.25341796875 0.09765625 0.0986328125
0 0.72705078125 0.37451171875 0.1103515625 0.1103515625
0 0.728515625 0.48779296875 0.109375 0.1103515625
0 0.6318359375 0.091796875 0.0859375 0.0859375
0 0.6357421875 0.2119140625 0.09765625 0.09765625
0 0.62890625 0.310546875 0.09765625 0.09765625
0 0.63671875 0.423828125 0.109375 0.111328125
0 0.5400390625 0.1416015625 0.109375 0.111328125
0 0.541015625 0.251953125 0.109375 0.111328125
0 0.541015625 0.34716796875 0.09765625 0.0986328125
0 0.537109375 0.47705078125 0.109375 0.1103515625
0 0.537109375 0.6044921875 0.09765625 0.09765625
0 0.5341796875 0.8037109375 0.109375 0.111328125
0 0.4501953125 0.65771484375 0.09765625 0.0986328125
0 0.44677734375 0.5458984375 0.1103515625 0.111328125
0 0.44775390625 0.42236328125 0.1103515625 0.1103515625
0 0.4443359375 0.31201171875 0.109375 0.1103515625
0 0.4482421875 0.19970703125 0.109375 0.1103515625
0 0.43798828125 0.10400390625 0.1103515625 0.1103515625
0 0.359375 0.259765625 0.09765625 0.09765625
0 0.3623046875 0.36474609375 0.09765625 0.0986328125
0 0.3662109375 0.45849609375 0.09765625 0.0986328125
0 0.3623046875 0.59814453125 0.109375 0.1103515625
0 0.3662109375 0.70947265625 0.109375 0.1103515625
0 0.35205078125 0.81640625 0.1103515625 0.111328125
0 0.2509765625 0.859375 0.109375 0.111328125
0 0.25244140625 0.75390625 0.1103515625 0.111328125
0 0.25244140625 0.6376953125 0.0849609375 0.0859375
0 0.2578125 0.41552734375 0.09765625 0.0986328125
0 0.2607421875 0.3154296875 0.109375 0.111328125
0 0.25439453125 0.20849609375 0.1103515625 0.1103515625
0 0.25830078125 0.087890625 0.1103515625 0.111328125
0 0.0771484375 0.08740234375 0.09765625 0.0986328125
0 0.07568359375 0.5419921875 0.0849609375 0.0859375
0 0.0751953125 0.64306640625 0.09765625 0.0986328125
0 0.1728515625 0.80712890625 0.09765625 0.0986328125