0 0.54443359375 0.8681640625 0.0732421875 0.07421875
0 0.9189453125 0.87890625 0.09765625 0.09765625
0 0.82861328125 0.92431640625 0.1103515625 0.1103515625
0 0.7275390625 0.87451171875 0.09765625 0.0986328125
0 0.63720703125 0.9267578125 0.1103515625 0.111328125
0 0.3447265625 0.87158203125 0.09765625 0.0986328125
0 0.259765625 0.92626953125 0.09765625 0.0986328125
0 0.06982421875 0.92724609375 0.1103515625 0.1103515625
0 0.6376953125 0.5009765625 0.0859375 0.0859375
0 0.26025390625 0.69482421875 0.0615234375 0.0615234375
0 0.35302734375 0.7646484375 0.0849609375 0.0859375
0 0.4501953125 0.7236328125 0.0859375 0.0859375
0 0.4501953125 0.8134765625 0.0859375 0.0859375
0 0.5458984375 0.7548828125 0.0859375 0.0859375
0 0.5537109375 0.66796875 0.0859375 0.0859375
0 0.919921875 0.140625 0.0859375 0.0859375
0 0.92236328125 0.3310546875 0.0849609375 0.0859375
0 0.82958984375 0.1630859375 0.0849609375 0.0859375
0 0.8291015625 0.4921875 0.0859375 0.0859375
0 0.82666015625 0.59619140625 0.1103515625 0.1103515625
0 0.82763671875 0.71630859375 0.1103515625 0.1103515625
0 0.8291015625 0.8173828125 0.09765625 0.09765625
0 0.9248046875 0.77587890625 0.09765625 0.0986328125
0 0.9287109375 0.6640625 0.09765625 0.09765625
0 0.927734375 0.54296875 0.09765625 0.09765625
0 0.9208984375 0.43115234375 0.0859375 0.0869140625
0 0.736328125 0.1083984375 0.0859375 0.0859375
0 0.736328125 0.21630859375 0.09765625 0.0986328125
0 0.732421875 0.30615234375 0.09765625 0.0986328125
0 0.7333984375 0.54052734375 0.09765625 0.0986328125
0 0.7333984375 0.64794921875 0.09765625 0.0986328125
0 0.7265625 0.76806640625 0.09765625 0.0986328125
0 0.63623046875 0.8134765625 0.0849609375 0.0859375
0 0.6416015625 0.16796875 0.09765625 0.09765625
0 0.6396484375 0.26318359375 0.09765625 0.0986328125
0 0.640625 0.36962890625 0.09765625 0.0986328125
0 0.6337890625 0.60107421875 0.09765625 0.0986328125
0 0.6328125 0.70654296875 0.09765625 0.0986328125
0 0.548828125 0.4189453125 0.0859375 0.0859375
0 0.552734375 0.3134765625 0.0859375 0.0859375
0 0.55029296875 0.2080078125 0.0849609375 0.0859375
0 0.55029296875 0.10546875 0.0849609375 0.0859375
0 0.45361328125 0.16162109375 0.1103515625 0.1103515625
0 0.44677734375 0.27490234375 0.1103515625 0.1103515625
0 0.4453125 0.3876953125 0.109375 0.111328125
0 0.44921875 0.4892578125 0.109375 0.111328125
0 0.353515625 0.544921875 0.109375 0.111328125
0 0.361328125 0.43603515625 0.109375 0.1103515625
0 0.361328125 0.31201171875 0.109375 0.1103515625
0 0.36181640625 0.2197265625 0.1103515625 0.111328125
0 0.3681640625 0.09228515625 0.109375 0.1103515625
0 0.255859375 0.15185546875 0.109375 0.1103515625
0 0.263671875 0.26904296875 0.09765625 0.0986328125
0 0.263671875 0.37841796875 0.09765625 0.0986328125
0 0.265625 0.48486328125 0.09765625 0.0986328125
0 0.265625 0.568359375 0.09765625 0.09765625
0 0.1630859375 0.52294921875 0.09765625 0.0986328125
0 0.17578125 0.10107421875 0.109375 0.1103515625
0 0.1728515625 0.23779296875 0.109375 0.1103515625
0 0.1650390625 0.3193359375 0.0859375 0.0859375
0 0.1728515625 0.42138671875 0.109375 0.1103515625
0 0.083984375 0.1533203125 0.0859375 0.0859375
0 0.0732421875 0.248046875 0.109375 0.111328125
0 0.07080078125 0.34716796875 0.1103515625 0.1103515625
0 0.08349609375 0.46142578125 0.1103515625 0.1103515625
0 0.2587890625 0.81298828125 0.109375 0.1103515625
0 0.16455078125 0.87548828125 0.1103515625 0.1103515625
0 0.07275390625 0.82568359375 0.1103515625 0.1103515625
0 0.169921875 0.748046875 0.0859375 0.0859375
0 0.078125 0.71142578125 0.109375 0.1103515625
0 0.0712890625 0.63720703125 0.09765625 0.0986328125
0 0.08642578125 0.0458984375 0.0849609375 0.0859375