0 0.45263671875 0.39306640625 0.0732421875 0.0732421875
0 0.54052734375 0.4609375 0.0732421875 0.07421875
0 0.64404296875 0.40234375 0.0732421875 0.07421875
0 0.64990234375 0.2880859375 0.0732421875 0.07421875
0 0.66064453125 0.1708984375 0.0732421875 0.07421875
0 0.068359375 0.392578125 0.0859375 0.0859375
0 0.74609375 0.3349609375 0.048828125 0.048828125
0 0.0712890625 0.06201171875 0.09765625 0.0986328125
0 0.07275390625 0.17041015625 0.1103515625 0.1103515625
0 0.07373046875 0.291015625 0.0849609375 0.0859375
0 0.16796875 0.1181640625 0.09765625 0.09765625
0 0.1630859375 0.22998046875 0.109375 0.1103515625
0 0.16943359375 0.34619140625 0.1103515625 0.1103515625
0 0.26416015625 0.0625 0.1103515625 0.111328125
0 0.25634765625 0.17138671875 0.1103515625 0.1103515625
0 0.259765625 0.29150390625 0.109375 0.1103515625
0 0.3701171875 0.1298828125 0.0859375 0.0859375
0 0.44921875 0.0625 0.09765625 0.09765625
0 0.931640625 0.56787109375 0.109375 0.1103515625
0 0.94091796875 0.1279296875 0.0849609375 0.0859375
0 0.83642578125 0.0595703125 0.0849609375 0.0859375
0 0.74609375 0.1240234375 0.09765625 0.09765625
0 0.54931640625 0.23828125 0.0849609375 0.0859375
0 0.5390625 0.35400390625 0.09765625 0.0986328125
0 0.45068359375 0.51171875 0.0849609375 0.0859375
0 0.64208984375 0.5126953125 0.0849609375 0.0859375
0 0.92822265625 0.23486328125 0.0849609375 0.0869140625
0 0.9228515625 0.34765625 0.0859375 0.0859375
0 0.931640625 0.45068359375 0.09765625 0.0986328125
0 0.8349609375 0.51708984375 0.09765625 0.0986328125
0 0.83203125 0.6279296875 0.0859375 0.0859375
0 0.7353515625 0.5703125 0.09765625 0.09765625
0 0.6376953125 0.62744140625 0.09765625 0.0986328125
0 0.82177734375 0.392578125 0.0849609375 0.0859375
0 0.740234375 0.4501953125 0.0859375 0.0859375
0 0.44580078125 0.2861328125 0.0849609375 0.0859375
0 0.36572265625 0.34765625 0.0849609375 0.0859375
0 0.359375 0.4541015625 0.09765625 0.09765625
0 0.3564453125 0.56591796875 0.09765625 0.0986328125
0 0.2607421875 0.619140625 0.09765625 0.09765625
0 0.2568359375 0.50634765625 0.09765625 0.0986328125
0 0.1669921875 0.56982421875 0.09765625 0.0986328125
0 0.0693359375 0.61767578125 0.09765625 0.0986328125
0 0.9296875 0.68017578125 0.09765625 0.0986328125
0 0.927734375 0.79638671875 0.09765625 0.0986328125
0 0.9296875 0.9013671875 0.09765625 0.09765625
0 0.830078125 0.73583984375 0.09765625 0.0986328125
0 0.8271484375 0.83203125 0.109375 0.111328125
0 0.7421875 0.892578125 0.09765625 0.09765625
0 0.748046875 0.7841796875 0.0859375 0.0859375
0 0.73828125 0.671875 0.09765625 0.09765625
0 0.6357421875 0.7294921875 0.109375 0.111328125
0 0.6357421875 0.8447265625 0.09765625 0.09765625
0 0.54052734375 0.90380859375 0.1103515625 0.1103515625
0 0.541015625 0.78466796875 0.09765625 0.0986328125
0 0.54150390625 0.6748046875 0.1103515625 0.111328125
0 0.54296875 0.5712890625 0.09765625 0.09765625
0 0.4521484375 0.625 0.09765625 0.09765625
0 0.4423828125 0.71630859375 0.09765625 0.0986328125
0 0.4462890625 0.84619140625 0.09765625 0.0986328125
0 0.3544921875 0.89794921875 0.109375 0.1103515625
0 0.3486328125 0.79052734375 0.109375 0.1103515625
0 0.35546875 0.67333984375 0.109375 0.1103515625
0 0.26171875 0.85009765625 0.09765625 0.0986328125
0 0.1689453125 0.89697265625 0.09765625 0.0986328125
0 0.16552734375 0.7802734375 0.0849609375 0.0859375
0 0.171875 0.67724609375 0.09765625 0.0986328125
0 0.0703125 0.73583984375 0.09765625 0.0986328125
0 0.0654296875 0.94921875 0.09765625 0.09765625