0 0.43310546875 0.95068359375 0.0732421875 0.0732421875
0 0.82275390625 0.1142578125 0.1103515625 0.109375
0 0.71484375 0.12548828125 0.111328125 0.1103515625
0 0.6015625 0.119140625 0.111328125 0.109375
0 0.50244140625 0.11328125 0.0986328125 0.09765625
0 0.14111328125 0.1083984375 0.1103515625 0.109375
0 0.28564453125 0.1083984375 0.1103515625 0.109375
0 0.37548828125 0.1123046875 0.0986328125 0.09765625
0 0.09912109375 0.2177734375 0.1103515625 0.109375
0 0.3271484375 0.208984375 0.09765625 0.09765625
0 0.43359375 0.2080078125 0.09765625 0.09765625
0 0.546875 0.2080078125 0.09765625 0.09765625
0 0.66015625 0.2119140625 0.09765625 0.09765625
0 0.05615234375 0.306640625 0.0986328125 0.09765625
0 0.29052734375 0.3720703125 0.0498046875 0.048828125
0 0.14990234375 0.30712890625 0.1103515625 0.1103515625
0 0.5078125 0.3037109375 0.09765625 0.09765625
0 0.59716796875 0.30615234375 0.1103515625 0.1103515625
0 0.71826171875 0.306640625 0.0986328125 0.09765625
0 0.8134765625 0.30517578125 0.111328125 0.1103515625
0 0.7666015625 0.22021484375 0.111328125 0.1103515625
0 0.76123046875 0.4033203125 0.0986328125 0.09765625
0 0.6416015625 0.3994140625 0.0859375 0.0859375
0 0.54248046875 0.3994140625 0.1103515625 0.109375
0 0.47900390625 0.4873046875 0.0986328125 0.09765625
0 0.62353515625 0.474609375 0.1103515625 0.109375
0 0.71923828125 0.4873046875 0.1103515625 0.109375
0 0.822265625 0.501953125 0.09765625 0.09765625
0 0.77294921875 0.5830078125 0.1103515625 0.109375
0 0.65478515625 0.5869140625 0.1103515625 0.109375
0 0.556640625 0.58544921875 0.0859375 0.0849609375
0 0.0908203125 0.5810546875 0.0859375 0.0859375
0 0.1875 0.5791015625 0.09765625 0.09765625
0 0.4345703125 0.587890625 0.09765625 0.09765625
0 0.390625 0.68115234375 0.0859375 0.0849609375
0 0.49853515625 0.6865234375 0.0986328125 0.09765625
0 0.599609375 0.6865234375 0.09765625 0.09765625
0 0.71533203125 0.6865234375 0.1103515625 0.109375
0 0.81298828125 0.68505859375 0.1103515625 0.1103515625
0 0.77099609375 0.783203125 0.1103515625 0.109375
0 0.65673828125 0.7822265625 0.0986328125 0.09765625
0 0.541015625 0.771484375 0.111328125 0.109375
0 0.43994140625 0.7802734375 0.1103515625 0.109375
0 0.31494140625 0.77001953125 0.1103515625 0.1103515625
0 0.1103515625 0.77734375 0.09765625 0.09765625
0 0.38623046875 0.87353515625 0.1103515625 0.1103515625
0 0.4990234375 0.86328125 0.0859375 0.0859375
0 0.3115234375 0.9560546875 0.0859375 0.0859375
0 0.7529296875 0.87109375 0.111328125 0.109375
0 0.60888671875 0.8798828125 0.0986328125 0.09765625