0 0.57861328125 0.234375 0.0732421875 0.07421875
0 0.38623046875 0.95849609375 0.0732421875 0.0732421875
0 0.7646484375 0.1171875 0.09765625 0.09765625
0 0.76806640625 0.240234375 0.0849609375 0.0859375
0 0.76904296875 0.3349609375 0.0849609375 0.0859375
0 0.76806640625 0.4580078125 0.0849609375 0.0859375
0 0.671875 0.0703125 0.09765625 0.09765625
0 0.673828125 0.181640625 0.09765625 0.09765625
0 0.677734375 0.2890625 0.0859375 0.0859375
0 0.671875 0.396484375 0.0859375 0.0859375
0 0.5791015625 0.12109375 0.09765625 0.09765625
0 0.583984375 0.34228515625 0.09765625 0.0986328125
0 0.486328125 0.06884765625 0.09765625 0.0986328125
0 0.4873046875 0.18212890625 0.09765625 0.0986328125
0 0.48388671875 0.28515625 0.0849609375 0.0859375
0 0.4853515625 0.40087890625 0.09765625 0.0986328125
0 0.3916015625 0.12060546875 0.09765625 0.0986328125
0 0.390625 0.22705078125 0.09765625 0.0986328125
0 0.3896484375 0.34130859375 0.09765625 0.0986328125
0 0.3876953125 0.45458984375 0.09765625 0.0986328125
0 0.29638671875 0.072265625 0.0849609375 0.0859375
0 0.29296875 0.17919921875 0.09765625 0.0986328125
0 0.2978515625 0.28955078125 0.09765625 0.0986328125
0 0.2939453125 0.404296875 0.0859375 0.0859375
0 0.203125 0.12060546875 0.09765625 0.0986328125
0 0.201171875 0.23388671875 0.09765625 0.0986328125
0 0.203125 0.34130859375 0.09765625 0.0986328125
0 0.20166015625 0.4619140625 0.0849609375 0.0859375
0 0.107421875 0.06982421875 0.109375 0.1103515625
0 0.10888671875 0.18505859375 0.1103515625 0.1103515625
0 0.11328125 0.28662109375 0.09765625 0.0986328125
0 0.1025390625 0.3955078125 0.09765625 0.09765625
0 0.10693359375 0.5107421875 0.0849609375 0.0859375
0 0.10546875 0.6220703125 0.09765625 0.09765625
0 0.205078125 0.5693359375 0.09765625 0.09765625
0 0.19873046875 0.6640625 0.0849609375 0.0859375
0 0.2939453125 0.5146484375 0.0859375 0.0859375
0 0.2958984375 0.6181640625 0.0859375 0.0859375
0 0.3896484375 0.5595703125 0.0859375 0.0859375
0 0.38671875 0.6669921875 0.0859375 0.0859375
0 0.49072265625 0.5078125 0.0849609375 0.0859375
0 0.482421875 0.60888671875 0.09765625 0.0986328125
0 0.58203125 0.46044921875 0.09765625 0.0986328125
0 0.580078125 0.56201171875 0.09765625 0.0986328125
0 0.671875 0.5048828125 0.0859375 0.0859375
0 0.6767578125 0.61474609375 0.09765625 0.0986328125
0 0.7744140625 0.56640625 0.0859375 0.0859375
0 0.10986328125 0.9150390625 0.1220703125 0.123046875
0 0.2001953125 0.8662109375 0.09765625 0.09765625
0 0.29052734375 0.91796875 0.0732421875 0.07421875
0 0.384765625 0.86083984375 0.060546875 0.0615234375
0 0.47265625 0.89306640625 0.060546875 0.0615234375
0 0.56103515625 0.84521484375 0.0615234375 0.0615234375
0 0.56201171875 0.93212890625 0.0615234375 0.0615234375
0 0.6669921875 0.91259765625 0.048828125 0.0498046875
0 0.7412109375 0.87548828125 0.060546875 0.0615234375
0 0.82958984375 0.92724609375 0.0615234375 0.0615234375
0 0.91943359375 0.86669921875 0.0615234375 0.0615234375