0 0.6533203125 0.0712890625 0.0859375 0.0859375
0 0.84716796875 0.07568359375 0.0732421875 0.0732421875
0 0.84033203125 0.29296875 0.0849609375 0.0859375
0 0.84521484375 0.40966796875 0.0732421875 0.0732421875
0 0.93505859375 0.23486328125 0.0732421875 0.0732421875
0 0.94091796875 0.4609375 0.0849609375 0.0859375
0 0.93408203125 0.34912109375 0.0615234375 0.0615234375
0 0.9375 0.5771484375 0.0859375 0.0859375
0 0.94189453125 0.12939453125 0.0732421875 0.0732421875
0 0.091796875 0.07275390625 0.09765625 0.0986328125
0 0.18896484375 0.115234375 0.1103515625 0.111328125
0 0.279296875 0.0771484375 0.09765625 0.09765625
0 0.46630859375 0.0751953125 0.0732421875 0.07421875
0 0.751953125 0.13037109375 0.0859375 0.0869140625
0 0.564453125 0.12451171875 0.09765625 0.0986328125
0 0.83935546875 0.18408203125 0.0732421875 0.0732421875
0 0.8427734375 0.515625 0.0859375 0.0859375
0 0.84375 0.626953125 0.09765625 0.09765625
0 0.7470703125 0.2412109375 0.0859375 0.0859375
0 0.7431640625 0.35302734375 0.09765625 0.0986328125
0 0.74609375 0.4609375 0.0859375 0.0859375
0 0.74609375 0.5673828125 0.09765625 0.09765625
0 0.650390625 0.18798828125 0.09765625 0.0986328125
0 0.650390625 0.29541015625 0.09765625 0.0986328125
0 0.65283203125 0.41015625 0.0849609375 0.0859375
0 0.65576171875 0.5185546875 0.0849609375 0.0859375
0 0.654296875 0.623046875 0.09765625 0.09765625
0 0.55859375 0.23681640625 0.09765625 0.0986328125
0 0.5615234375 0.349609375 0.09765625 0.09765625
0 0.55810546875 0.46875 0.0849609375 0.0859375
0 0.556640625 0.5712890625 0.09765625 0.09765625
0 0.46875 0.181640625 0.09765625 0.09765625
0 0.4658203125 0.3017578125 0.0859375 0.0859375
0 0.46826171875 0.41015625 0.0732421875 0.07421875
0 0.46630859375 0.5185546875 0.0732421875 0.07421875
0 0.45849609375 0.63037109375 0.0732421875 0.0732421875
0 0.37109375 0.130859375 0.109375 0.111328125
0 0.3701171875 0.2421875 0.09765625 0.09765625
0 0.3740234375 0.35546875 0.09765625 0.09765625
0 0.37451171875 0.4609375 0.0849609375 0.0859375
0 0.3759765625 0.56982421875 0.09765625 0.0986328125
0 0.2763671875 0.1845703125 0.09765625 0.09765625
0 0.2763671875 0.29541015625 0.09765625 0.0986328125
0 0.27880859375 0.40625 0.0849609375 0.0859375
0 0.27734375 0.51806640625 0.09765625 0.0986328125
0 0.27734375 0.63232421875 0.09765625 0.0986328125
0 0.18310546875 0.24365234375 0.1103515625 0.1103515625
0 0.18505859375 0.35107421875 0.1103515625 0.1103515625
0 0.181640625 0.4619140625 0.0859375 0.0859375
0 0.18359375 0.57080078125 0.09765625 0.0986328125
0 0.0849609375 0.18505859375 0.09765625 0.0986328125
0 0.08203125 0.29443359375 0.09765625 0.0986328125
0 0.0908203125 0.40771484375 0.09765625 0.0986328125
0 0.091796875 0.51513671875 0.09765625 0.0986328125
0 0.0888671875 0.62646484375 0.09765625 0.0986328125
0 0.0908203125 0.73876953125 0.109375 0.1103515625
0 0.0908203125 0.84716796875 0.09765625 0.0986328125
0 0.18359375 0.67919921875 0.109375 0.1103515625
0 0.1904296875 0.80322265625 0.109375 0.1103515625
0 0.18359375 0.90673828125 0.109375 0.1103515625
0 0.2783203125 0.7333984375 0.09765625 0.09765625
0 0.27490234375 0.84912109375 0.1103515625 0.1103515625
0 0.37158203125 0.6845703125 0.0732421875 0.07421875
0 0.3740234375 0.7919921875 0.09765625 0.09765625
0 0.37060546875 0.89990234375 0.1103515625 0.1103515625
0 0.46337890625 0.736328125 0.0732421875 0.07421875
0 0.4599609375 0.8486328125 0.09765625 0.09765625
0 0.5615234375 0.67919921875 0.09765625 0.0986328125
0 0.5576171875 0.79296875 0.0859375 0.0859375
0 0.5556640625 0.8955078125 0.09765625 0.09765625
0 0.654296875 0.73095703125 0.09765625 0.0986328125
0 0.6591796875 0.84912109375 0.09765625 0.0986328125
0 0.748046875 0.68212890625 0.0859375 0.0869140625
0 0.748046875 0.78955078125 0.09765625 0.0986328125
0 0.7470703125 0.89794921875 0.09765625 0.0986328125
0 0.84765625 0.73583984375 0.09765625 0.0986328125
0 0.8408203125 0.84423828125 0.09765625 0.0986328125
0 0.93701171875 0.67578125 0.0849609375 0.0859375
0 0.93701171875 0.7880859375 0.0849609375 0.0859375
0 0.9375 0.90185546875 0.09765625 0.0986328125