0 0.134765625 0.8935546875 0.111328125 0.109375
0 0.2470703125 0.89404296875 0.123046875 0.1220703125
0 0.36181640625 0.89599609375 0.1103515625 0.1103515625
0 0.07958984375 0.79833984375 0.1103515625 0.1103515625
0 0.1904296875 0.79541015625 0.123046875 0.1220703125
0 0.302734375 0.79638671875 0.123046875 0.1220703125
0 0.4072265625 0.791015625 0.111328125 0.109375
0 0.13720703125 0.703125 0.0986328125 0.09765625
0 0.23046875 0.6962890625 0.09765625 0.09765625
0 0.357421875 0.70263671875 0.123046875 0.1220703125
0 0.08544921875 0.6083984375 0.0986328125 0.09765625
0 0.181640625 0.60888671875 0.123046875 0.1220703125
0 0.2978515625 0.60986328125 0.123046875 0.1220703125
0 0.4111328125 0.60986328125 0.123046875 0.1220703125
0 0.13232421875 0.513671875 0.0986328125 0.09765625
0 0.2490234375 0.51123046875 0.123046875 0.1220703125
0 0.3642578125 0.51318359375 0.123046875 0.1220703125
0 0.07861328125 0.4208984375 0.0986328125 0.09765625
0 0.19287109375 0.41748046875 0.1220703125 0.1220703125
0 0.30029296875 0.4130859375 0.0986328125 0.09765625
0 0.4111328125 0.41845703125 0.123046875 0.1220703125
0 0.13916015625 0.326171875 0.0986328125 0.09765625
0 0.25048828125 0.3251953125 0.0986328125 0.09765625
0 0.35205078125 0.3212890625 0.0986328125 0.09765625
0 0.07763671875 0.2314453125 0.0986328125 0.09765625
0 0.19091796875 0.2294921875 0.0986328125 0.09765625
0 0.30419921875 0.232421875 0.0986328125 0.09765625
0 0.41845703125 0.23193359375 0.1220703125 0.1220703125
0 0.13232421875 0.134765625 0.1103515625 0.109375
0 0.2529296875 0.13720703125 0.123046875 0.1220703125
0 0.36279296875 0.1318359375 0.1103515625 0.109375
0 0.47216796875 0.1376953125 0.0986328125 0.09765625
0 0.58349609375 0.1337890625 0.0986328125 0.09765625
0 0.69189453125 0.1396484375 0.0986328125 0.09765625
0 0.80224609375 0.13671875 0.0986328125 0.09765625
0 0.89990234375 0.1337890625 0.0986328125 0.09765625
0 0.52197265625 0.2236328125 0.0986328125 0.09765625
0 0.63330078125 0.232421875 0.0869140625 0.0859375
0 0.7421875 0.2353515625 0.0859375 0.0859375
0 0.85302734375 0.232421875 0.0986328125 0.09765625
0 0.46630859375 0.32275390625 0.1220703125 0.1220703125
0 0.57666015625 0.32275390625 0.1220703125 0.1220703125
0 0.68603515625 0.32421875 0.0986328125 0.09765625
0 0.79638671875 0.32421875 0.1103515625 0.109375
0 0.9208984375 0.3212890625 0.09765625 0.09765625
0 0.5224609375 0.42236328125 0.123046875 0.1220703125
0 0.62841796875 0.4189453125 0.0986328125 0.09765625
0 0.73291015625 0.42138671875 0.1103515625 0.1103515625
0 0.8427734375 0.4072265625 0.09765625 0.09765625
0 0.4638671875 0.51318359375 0.123046875 0.1220703125
0 0.57275390625 0.5078125 0.0986328125 0.09765625
0 0.6845703125 0.51318359375 0.0859375 0.0849609375
0 0.7841796875 0.513671875 0.111328125 0.109375
0 0.89453125 0.5146484375 0.0859375 0.0859375
0 0.51953125 0.60791015625 0.123046875 0.1220703125
0 0.6416015625 0.609375 0.111328125 0.109375
0 0.74609375 0.6083984375 0.111328125 0.109375
0 0.85546875 0.60400390625 0.123046875 0.1220703125
0 0.4560546875 0.697265625 0.09765625 0.09765625
0 0.57421875 0.7060546875 0.09765625 0.09765625
0 0.673828125 0.69384765625 0.111328125 0.1103515625
0 0.794921875 0.69287109375 0.123046875 0.1220703125
0 0.89501953125 0.69482421875 0.1103515625 0.1103515625
0 0.521484375 0.796875 0.09765625 0.09765625
0 0.62939453125 0.78857421875 0.1103515625 0.1103515625
0 0.83935546875 0.79541015625 0.1103515625 0.1103515625
0 0.4736328125 0.89599609375 0.111328125 0.1103515625
0 0.57958984375 0.89599609375 0.1103515625 0.1103515625
0 0.67822265625 0.89208984375 0.1103515625 0.1103515625
0 0.78271484375 0.89501953125 0.0732421875 0.0732421875
0 0.87939453125 0.89404296875 0.0732421875 0.0732421875