0 0.85986328125 0.8984375 0.0849609375 0.0859375
0 0.85498046875 0.7939453125 0.0849609375 0.0859375
0 0.85498046875 0.67578125 0.0849609375 0.0859375
0 0.7734375 0.6328125 0.0859375 0.0859375
0 0.66650390625 0.6845703125 0.0849609375 0.0859375
0 0.669921875 0.77587890625 0.0859375 0.0869140625
0 0.76708984375 0.734375 0.0849609375 0.0859375
0 0.76318359375 0.83203125 0.0849609375 0.0859375
0 0.111328125 0.13525390625 0.109375 0.1103515625
0 0.09814453125 0.24169921875 0.1103515625 0.1103515625
0 0.09912109375 0.3447265625 0.1103515625 0.111328125
0 0.10546875 0.4541015625 0.109375 0.111328125
0 0.1044921875 0.56982421875 0.09765625 0.0986328125
0 0.1015625 0.68310546875 0.09765625 0.0986328125
0 0.0947265625 0.787109375 0.09765625 0.09765625
0 0.0986328125 0.88720703125 0.109375 0.1103515625
0 0.197265625 0.84423828125 0.09765625 0.0986328125
0 0.197265625 0.73388671875 0.109375 0.1103515625
0 0.19580078125 0.63232421875 0.1103515625 0.1103515625
0 0.19775390625 0.19775390625 0.1103515625 0.1103515625
0 0.2001953125 0.29931640625 0.109375 0.1103515625
0 0.19921875 0.41650390625 0.09765625 0.0986328125
0 0.1982421875 0.51806640625 0.09765625 0.0986328125
0 0.2880859375 0.16162109375 0.109375 0.1103515625
0 0.28955078125 0.25244140625 0.1103515625 0.1103515625
0 0.29296875 0.35693359375 0.09765625 0.0986328125
0 0.2900390625 0.4541015625 0.09765625 0.09765625
0 0.2900390625 0.57373046875 0.09765625 0.0986328125
0 0.2958984375 0.67919921875 0.09765625 0.0986328125
0 0.294921875 0.80126953125 0.09765625 0.0986328125
0 0.29150390625 0.9013671875 0.0849609375 0.0859375
0 0.3857421875 0.85205078125 0.09765625 0.0986328125
0 0.38330078125 0.73681640625 0.1103515625 0.1103515625
0 0.388671875 0.6298828125 0.109375 0.111328125
0 0.392578125 0.51904296875 0.09765625 0.0986328125
0 0.392578125 0.41650390625 0.109375 0.1103515625
0 0.388671875 0.2998046875 0.0859375 0.0859375
0 0.38623046875 0.1943359375 0.0849609375 0.0859375
0 0.4912109375 0.146484375 0.0859375 0.0859375
0 0.484375 0.24755859375 0.09765625 0.0986328125
0 0.4833984375 0.359375 0.09765625 0.09765625
0 0.4814453125 0.46630859375 0.09765625 0.0986328125
0 0.4892578125 0.57958984375 0.109375 0.1103515625
0 0.4765625 0.69091796875 0.09765625 0.0986328125
0 0.48046875 0.80322265625 0.09765625 0.0986328125
0 0.4814453125 0.90869140625 0.09765625 0.0986328125
0 0.5869140625 0.8486328125 0.09765625 0.09765625
0 0.58740234375 0.74609375 0.0849609375 0.0859375
0 0.5771484375 0.62890625 0.109375 0.111328125
0 0.5771484375 0.5390625 0.109375 0.111328125
0 0.5791015625 0.17333984375 0.09765625 0.0986328125
0 0.576171875 0.31787109375 0.09765625 0.0986328125
0 0.5771484375 0.4140625 0.09765625 0.09765625
0 0.677734375 0.13720703125 0.09765625 0.0986328125
0 0.6748046875 0.2529296875 0.09765625 0.09765625
0 0.6787109375 0.36083984375 0.09765625 0.0986328125
0 0.673828125 0.47412109375 0.09765625 0.0986328125
0 0.671875 0.56396484375 0.09765625 0.0986328125
0 0.6708984375 0.9111328125 0.09765625 0.09765625
0 0.7666015625 0.19189453125 0.109375 0.1103515625
0 0.763671875 0.29736328125 0.109375 0.1103515625
0 0.771484375 0.40771484375 0.109375 0.1103515625
0 0.767578125 0.51611328125 0.09765625 0.0986328125
0 0.875 0.142578125 0.109375 0.111328125
0 0.86572265625 0.2529296875 0.0849609375 0.0859375
0 0.85791015625 0.35693359375 0.1103515625 0.1103515625
0 0.86669921875 0.46484375 0.0849609375 0.0859375
0 0.8671875 0.5419921875 0.09765625 0.09765625
0 0.9560546875 0.3056640625 0.0859375 0.0859375
0 0.9560546875 0.638671875 0.0859375 0.0859375
0 0.95068359375 0.7421875 0.0849609375 0.0859375
0 0.953125 0.8720703125 0.0859375 0.0859375
0 0.5859375 0.94775390625 0.0859375 0.0869140625