0 0.83740234375 0.81201171875 0.0615234375 0.0615234375
0 0.9033203125 0.52392578125 0.07421875 0.0732421875
0 0.9443359375 0.80810546875 0.07421875 0.0732421875
0 0.3232421875 0.34912109375 0.07421875 0.0732421875
0 0.4091796875 0.34716796875 0.07421875 0.0732421875
0 0.39111328125 0.14599609375 0.0732421875 0.0732421875
0 0.1748046875 0.15283203125 0.07421875 0.0732421875
0 0.37646484375 0.42724609375 0.0732421875 0.0732421875
0 0.50439453125 0.234375 0.0615234375 0.060546875
0 0.47412109375 0.42919921875 0.0732421875 0.0732421875
0 0.8603515625 0.0546875 0.048828125 0.048828125
0 0.9609375 0.0595703125 0.048828125 0.048828125
0 0.9140625 0.1494140625 0.037109375 0.037109375
0 0.8984375 0.33154296875 0.037109375 0.0361328125
0 0.96142578125 0.60546875 0.0615234375 0.060546875
0 0.95556640625 0.43212890625 0.0615234375 0.0615234375
0 0.9541015625 0.25048828125 0.025390625 0.0244140625
0 0.8427734375 0.61181640625 0.0859375 0.0849609375
0 0.8857421875 0.7099609375 0.0859375 0.0859375
0 0.8896484375 0.8935546875 0.048828125 0.048828125
0 0.4482421875 0.05615234375 0.0859375 0.0849609375
0 0.1484375 0.0673828125 0.0859375 0.0859375
0 0.23388671875 0.06494140625 0.0869140625 0.0849609375
0 0.341796875 0.05859375 0.09765625 0.09765625
0 0.06982421875 0.1396484375 0.0986328125 0.09765625
0 0.15673828125 0.2314453125 0.0615234375 0.060546875
0 0.259765625 0.23193359375 0.07421875 0.0732421875
0 0.345703125 0.22900390625 0.0859375 0.0849609375
0 0.4248046875 0.23828125 0.0859375 0.0859375
0 0.50830078125 0.36376953125 0.0615234375 0.0615234375
0 0.4619140625 0.6103515625 0.0859375 0.0859375
0 0.072265625 0.3310546875 0.111328125 0.109375
0 0.21435546875 0.3427734375 0.0986328125 0.09765625
0 0.26220703125 0.4267578125 0.0986328125 0.09765625
0 0.1474609375 0.412109375 0.0859375 0.0859375
0 0.07763671875 0.515625 0.1103515625 0.109375
0 0.21484375 0.50537109375 0.0859375 0.0849609375
0 0.30908203125 0.5146484375 0.0986328125 0.09765625
0 0.4296875 0.52783203125 0.0859375 0.0849609375
0 0.35693359375 0.60498046875 0.1103515625 0.1103515625
0 0.26318359375 0.61279296875 0.1103515625 0.1103515625
0 0.1357421875 0.60986328125 0.111328125 0.1103515625
0 0.08251953125 0.7041015625 0.0986328125 0.09765625
0 0.2060546875 0.6982421875 0.0859375 0.0859375
0 0.3046875 0.703125 0.111328125 0.109375
0 0.41162109375 0.7021484375 0.0986328125 0.09765625
0 0.51953125 0.70751953125 0.0859375 0.0849609375
0 0.47509765625 0.78369140625 0.0869140625 0.0849609375
0 0.3701171875 0.7939453125 0.0859375 0.0859375
0 0.2509765625 0.79345703125 0.0859375 0.0849609375
0 0.1416015625 0.78466796875 0.0859375 0.0849609375
0 0.08740234375 0.88916015625 0.0986328125 0.0966796875
0 0.19140625 0.88818359375 0.0859375 0.0849609375
0 0.30712890625 0.8955078125 0.0986328125 0.09765625
0 0.42431640625 0.8984375 0.1103515625 0.109375
0 0.5283203125 0.88671875 0.09765625 0.09765625
0 0.27880859375 0.1484375 0.0986328125 0.09765625