0 0.58837890625 0.72412109375 0.0732421875 0.0732421875
0 0.68115234375 0.3154296875 0.0732421875 0.07421875
0 0.49560546875 0.796875 0.0732421875 0.07421875
0 0.79150390625 0.95458984375 0.0732421875 0.0732421875
0 0.876953125 0.56689453125 0.109375 0.1103515625
0 0.86865234375 0.90771484375 0.1103515625 0.1103515625
0 0.77978515625 0.6240234375 0.1103515625 0.111328125
0 0.689453125 0.59912109375 0.109375 0.1103515625
0 0.681640625 0.6953125 0.09765625 0.09765625
0 0.5859375 0.62255859375 0.09765625 0.0986328125
0 0.59375 0.8515625 0.09765625 0.09765625
0 0.7861328125 0.8330078125 0.0859375 0.0859375
0 0.4990234375 0.56640625 0.09765625 0.09765625
0 0.490234375 0.6748046875 0.0859375 0.0859375
0 0.501953125 0.9033203125 0.09765625 0.09765625
0 0.4033203125 0.865234375 0.0859375 0.0859375
0 0.3125 0.56591796875 0.09765625 0.0986328125
0 0.3056640625 0.6806640625 0.0859375 0.0859375
0 0.30810546875 0.7861328125 0.0849609375 0.0859375
0 0.30908203125 0.90283203125 0.1103515625 0.1103515625
0 0.216796875 0.5322265625 0.09765625 0.09765625
0 0.2216796875 0.62353515625 0.09765625 0.0986328125
0 0.20703125 0.7275390625 0.09765625 0.09765625
0 0.2080078125 0.85498046875 0.09765625 0.0986328125
0 0.12353515625 0.5791015625 0.1103515625 0.111328125
0 0.12744140625 0.7041015625 0.1220703125 0.123046875
0 0.12060546875 0.8095703125 0.0849609375 0.0859375
0 0.103515625 0.9267578125 0.0859375 0.0859375
0 0.8828125 0.134765625 0.0859375 0.0859375
0 0.876953125 0.25146484375 0.09765625 0.0986328125
0 0.8759765625 0.3544921875 0.09765625 0.09765625
0 0.4921875 0.1171875 0.0859375 0.0859375
0 0.49853515625 0.2490234375 0.0849609375 0.0859375
0 0.60595703125 0.265625 0.0849609375 0.0859375
0 0.60205078125 0.1826171875 0.0849609375 0.0859375
0 0.591796875 0.06640625 0.0859375 0.0859375
0 0.68505859375 0.14453125 0.0849609375 0.0859375
0 0.68603515625 0.2265625 0.0849609375 0.0859375
0 0.7841796875 0.376953125 0.0859375 0.0859375
0 0.78173828125 0.26953125 0.0849609375 0.0859375
0 0.78955078125 0.1748046875 0.0849609375 0.0859375
0 0.78173828125 0.080078125 0.0849609375 0.0859375
0 0.7802734375 0.52587890625 0.09765625 0.0986328125
0 0.6884765625 0.50537109375 0.109375 0.1103515625
0 0.59130859375 0.52197265625 0.1103515625 0.1103515625
0 0.4970703125 0.4541015625 0.09765625 0.09765625
0 0.40576171875 0.0712890625 0.0849609375 0.0859375
0 0.404296875 0.18896484375 0.09765625 0.0986328125
0 0.4052734375 0.30224609375 0.09765625 0.0986328125
0 0.31640625 0.13427734375 0.09765625 0.0986328125
0 0.3125 0.2470703125 0.0859375 0.0859375
0 0.3095703125 0.3564453125 0.09765625 0.09765625
0 0.3046875 0.455078125 0.0859375 0.0859375
0 0.21875 0.09130859375 0.09765625 0.0986328125
0 0.220703125 0.2041015625 0.09765625 0.09765625
0 0.220703125 0.3017578125 0.109375 0.111328125
0 0.21533203125 0.41357421875 0.1103515625 0.1103515625
0 0.1240234375 0.1494140625 0.09765625 0.09765625
0 0.12158203125 0.2734375 0.0849609375 0.0859375
0 0.12646484375 0.3759765625 0.0849609375 0.0859375
0 0.13037109375 0.48681640625 0.1103515625 0.1103515625