0 0.8798828125 0.11572265625 0.09765625 0.0986328125
0 0.87841796875 0.22216796875 0.1103515625 0.1103515625
0 0.78369140625 0.06689453125 0.1103515625 0.1103515625
0 0.7841796875 0.17236328125 0.109375 0.1103515625
0 0.6875 0.10302734375 0.109375 0.1103515625
0 0.685546875 0.22216796875 0.109375 0.1103515625
0 0.591796875 0.05615234375 0.09765625 0.0986328125
0 0.591796875 0.16455078125 0.09765625 0.0986328125
0 0.5009765625 0.11083984375 0.09765625 0.0986328125
0 0.4990234375 0.22412109375 0.09765625 0.0986328125
0 0.3984375 0.06787109375 0.09765625 0.0986328125
0 0.404296875 0.17333984375 0.109375 0.1103515625
0 0.3134765625 0.11376953125 0.09765625 0.0986328125
0 0.3076171875 0.2275390625 0.109375 0.111328125
0 0.216796875 0.05615234375 0.109375 0.1103515625
0 0.21533203125 0.16796875 0.1103515625 0.111328125
0 0.12353515625 0.10546875 0.1103515625 0.111328125
0 0.12353515625 0.22412109375 0.1103515625 0.1103515625
0 0.12451171875 0.33447265625 0.1103515625 0.1103515625
0 0.1259765625 0.44384765625 0.109375 0.1103515625
0 0.1240234375 0.54736328125 0.109375 0.1103515625
0 0.22216796875 0.275390625 0.1103515625 0.111328125
0 0.21728515625 0.39208984375 0.1103515625 0.1103515625
0 0.21923828125 0.49560546875 0.1103515625 0.1103515625
0 0.21337890625 0.60791015625 0.1103515625 0.1103515625
0 0.3154296875 0.3330078125 0.109375 0.111328125
0 0.3125 0.44482421875 0.109375 0.1103515625
0 0.310546875 0.55322265625 0.09765625 0.0986328125
0 0.3125 0.66943359375 0.09765625 0.0986328125
0 0.40673828125 0.27392578125 0.1103515625 0.1103515625
0 0.4052734375 0.3955078125 0.0859375 0.0859375
0 0.4052734375 0.501953125 0.09765625 0.09765625
0 0.41015625 0.61279296875 0.09765625 0.0986328125
0 0.50146484375 0.33251953125 0.1103515625 0.1103515625
0 0.50048828125 0.4375 0.1103515625 0.111328125
0 0.5009765625 0.5595703125 0.109375 0.111328125
0 0.4970703125 0.66552734375 0.109375 0.1103515625
0 0.595703125 0.27490234375 0.109375 0.1103515625
0 0.59326171875 0.39208984375 0.1103515625 0.1103515625
0 0.59521484375 0.49853515625 0.1103515625 0.1103515625
0 0.59619140625 0.609375 0.1103515625 0.111328125
0 0.68359375 0.32666015625 0.109375 0.1103515625
0 0.6826171875 0.43994140625 0.109375 0.1103515625
0 0.6904296875 0.55126953125 0.109375 0.1103515625
0 0.783203125 0.27685546875 0.09765625 0.0986328125
0 0.783203125 0.38818359375 0.109375 0.1103515625
0 0.7861328125 0.49462890625 0.09765625 0.0986328125
0 0.787109375 0.60693359375 0.109375 0.1103515625
0 0.88232421875 0.32373046875 0.1103515625 0.1103515625
0 0.87744140625 0.43798828125 0.1103515625 0.1103515625
0 0.88134765625 0.55712890625 0.1103515625 0.1103515625
0 0.8837890625 0.66259765625 0.109375 0.1103515625
0 0.8828125 0.77490234375 0.109375 0.1103515625
0 0.884765625 0.87890625 0.109375 0.111328125
0 0.78515625 0.71923828125 0.109375 0.1103515625
0 0.78662109375 0.830078125 0.1103515625 0.111328125
0 0.78369140625 0.9375 0.1103515625 0.111328125
0 0.68701171875 0.6630859375 0.1103515625 0.111328125
0 0.68896484375 0.7705078125 0.1103515625 0.111328125
0 0.69287109375 0.88818359375 0.1103515625 0.1103515625
0 0.59912109375 0.7265625 0.1103515625 0.111328125
0 0.59765625 0.83154296875 0.09765625 0.0986328125
0 0.5947265625 0.93798828125 0.109375 0.1103515625
0 0.501953125 0.77392578125 0.09765625 0.0986328125
0 0.4970703125 0.88525390625 0.109375 0.1103515625
0 0.40234375 0.71826171875 0.109375 0.1103515625
0 0.40771484375 0.83349609375 0.1103515625 0.1103515625
0 0.40771484375 0.94384765625 0.1103515625 0.1103515625
0 0.3125 0.77099609375 0.09765625 0.0986328125
0 0.30810546875 0.88134765625 0.1103515625 0.1103515625
0 0.21875 0.72216796875 0.109375 0.1103515625
0 0.2158203125 0.83056640625 0.109375 0.1103515625
0 0.220703125 0.93994140625 0.109375 0.1103515625
0 0.1279296875 0.66845703125 0.109375 0.1103515625
0 0.126953125 0.77685546875 0.09765625 0.0986328125
0 0.12841796875 0.89208984375 0.1103515625 0.1103515625