0 0.57568359375 0.1845703125 0.0732421875 0.07421875
0 0.9423828125 0.81884765625 0.109375 0.1103515625
0 0.939453125 0.9072265625 0.09765625 0.09765625
0 0.86376953125 0.62890625 0.1103515625 0.111328125
0 0.85546875 0.72900390625 0.109375 0.1103515625
0 0.85546875 0.87353515625 0.109375 0.1103515625
0 0.74609375 0.68701171875 0.109375 0.1103515625
0 0.7548828125 0.9150390625 0.09765625 0.09765625
0 0.6572265625 0.64404296875 0.09765625 0.0986328125
0 0.591796875 0.87841796875 0.048828125 0.0498046875
0 0.65673828125 0.73779296875 0.1103515625 0.1103515625
0 0.3828125 0.6787109375 0.0859375 0.0859375
0 0.384765625 0.775390625 0.09765625 0.09765625
0 0.283203125 0.63330078125 0.109375 0.1103515625
0 0.19384765625 0.90283203125 0.1103515625 0.1103515625
0 0.1865234375 0.6982421875 0.09765625 0.09765625
0 0.0986328125 0.63330078125 0.109375 0.1103515625
0 0.865234375 0.08447265625 0.09765625 0.0986328125
0 0.869140625 0.17822265625 0.09765625 0.0986328125
0 0.865234375 0.31787109375 0.109375 0.1103515625
0 0.869140625 0.42919921875 0.109375 0.1103515625
0 0.85498046875 0.5361328125 0.1103515625 0.111328125
0 0.75390625 0.5791015625 0.109375 0.111328125
0 0.75537109375 0.4736328125 0.1103515625 0.111328125
0 0.75537109375 0.357421875 0.0849609375 0.0859375
0 0.7607421875 0.13525390625 0.09765625 0.0986328125
0 0.4638671875 0.0673828125 0.0859375 0.0859375
0 0.38720703125 0.1611328125 0.0849609375 0.0859375
0 0.47412109375 0.216796875 0.0849609375 0.0859375
0 0.57861328125 0.26171875 0.0849609375 0.0859375
0 0.4775390625 0.615234375 0.0859375 0.0859375
0 0.38037109375 0.57177734375 0.1103515625 0.1103515625
0 0.384765625 0.466796875 0.09765625 0.09765625
0 0.388671875 0.373046875 0.09765625 0.09765625
0 0.578125 0.36279296875 0.09765625 0.0986328125
0 0.47265625 0.42236328125 0.09765625 0.0986328125
0 0.47509765625 0.525390625 0.0849609375 0.0859375
0 0.388671875 0.2724609375 0.0859375 0.0859375
0 0.47021484375 0.3095703125 0.0849609375 0.0859375
0 0.29052734375 0.09619140625 0.1103515625 0.1103515625
0 0.2880859375 0.18701171875 0.109375 0.1103515625
0 0.28369140625 0.314453125 0.1103515625 0.111328125
0 0.28759765625 0.40966796875 0.1103515625 0.1103515625
0 0.2939453125 0.5341796875 0.109375 0.111328125
0 0.197265625 0.47412109375 0.109375 0.1103515625
0 0.197265625 0.36767578125 0.109375 0.1103515625
0 0.193359375 0.25830078125 0.109375 0.1103515625
0 0.1044921875 0.1025390625 0.0859375 0.0859375
0 0.1044921875 0.201171875 0.0859375 0.0859375
0 0.0986328125 0.31787109375 0.09765625 0.0986328125
0 0.09765625 0.4208984375 0.09765625 0.09765625
0 0.19091796875 0.1474609375 0.0849609375 0.0859375
0 0.67578125 0.52685546875 0.09765625 0.0986328125