0 0.51123046875 0.669921875 0.0869140625 0.0859375
0 0.34765625 0.18408203125 0.07421875 0.0732421875
0 0.7861328125 0.94970703125 0.07421875 0.0732421875
0 0.5693359375 0.9462890625 0.09765625 0.09765625
0 0.8525390625 0.853515625 0.111328125 0.109375
0 0.751953125 0.857421875 0.111328125 0.109375
0 0.63232421875 0.8505859375 0.0986328125 0.09765625
0 0.515625 0.85107421875 0.0859375 0.0849609375
0 0.9150390625 0.7646484375 0.111328125 0.109375
0 0.8076171875 0.76513671875 0.0859375 0.0849609375
0 0.68212890625 0.76171875 0.0986328125 0.09765625
0 0.57275390625 0.76953125 0.0986328125 0.09765625
0 0.83984375 0.66748046875 0.0859375 0.0849609375
0 0.720703125 0.66064453125 0.0859375 0.0849609375
0 0.6171875 0.6669921875 0.0859375 0.0859375
0 0.89306640625 0.58251953125 0.0244140625 0.0244140625
0 0.7744140625 0.576171875 0.037109375 0.037109375
0 0.66845703125 0.57861328125 0.0244140625 0.0244140625
0 0.55517578125 0.57275390625 0.0244140625 0.0244140625
0 0.74658203125 0.48095703125 0.0244140625 0.0244140625
0 0.63623046875 0.48095703125 0.0244140625 0.0244140625
0 0.52099609375 0.47705078125 0.0244140625 0.0244140625
0 0.86572265625 0.4814453125 0.0986328125 0.09765625
0 0.41162109375 0.47314453125 0.0244140625 0.0244140625
0 0.32958984375 0.47607421875 0.0244140625 0.0244140625
0 0.46826171875 0.57373046875 0.0244140625 0.0244140625
0 0.36083984375 0.56689453125 0.0244140625 0.0244140625
0 0.330078125 0.6669921875 0.037109375 0.037109375
0 0.41259765625 0.6640625 0.1103515625 0.109375
0 0.46875 0.7734375 0.0859375 0.0859375
0 0.35986328125 0.77392578125 0.0732421875 0.0732421875
0 0.40966796875 0.8544921875 0.0986328125 0.09765625
0 0.29443359375 0.84521484375 0.0615234375 0.0615234375
0 0.46337890625 0.9462890625 0.0986328125 0.09765625
0 0.78076171875 0.1904296875 0.0986328125 0.09765625
0 0.67724609375 0.1943359375 0.1103515625 0.109375
0 0.56640625 0.185546875 0.09765625 0.09765625
0 0.455078125 0.1904296875 0.09765625 0.09765625
0 0.7255859375 0.0927734375 0.0859375 0.0859375
0 0.6123046875 0.09375 0.09765625 0.09765625
0 0.50732421875 0.08935546875 0.1103515625 0.1103515625
0 0.39794921875 0.08984375 0.0986328125 0.09765625
0 0.1220703125 0.0947265625 0.0859375 0.0859375
0 0.1708984375 0.19287109375 0.037109375 0.0361328125
0 0.072265625 0.193359375 0.09765625 0.09765625
0 0.11328125 0.28857421875 0.0859375 0.0849609375
0 0.16650390625 0.388671875 0.0615234375 0.060546875
0 0.068359375 0.380859375 0.0859375 0.0859375
0 0.1181640625 0.4775390625 0.0859375 0.0859375
0 0.15966796875 0.57470703125 0.0615234375 0.0615234375
0 0.06591796875 0.5712890625 0.0986328125 0.09765625
0 0.11669921875 0.6689453125 0.0986328125 0.09765625
0 0.1494140625 0.7587890625 0.048828125 0.048828125
0 0.06396484375 0.755859375 0.0986328125 0.09765625
0 0.11669921875 0.84423828125 0.0732421875 0.0732421875