0 0.44189453125 0.86865234375 0.0732421875 0.0732421875
0 0.35205078125 0.72265625 0.0732421875 0.07421875
0 0.35107421875 0.82763671875 0.0732421875 0.0732421875
0 0.25537109375 0.78466796875 0.0732421875 0.0732421875
0 0.53564453125 0.8056640625 0.0849609375 0.0859375
0 0.43994140625 0.7734375 0.0732421875 0.07421875
0 0.71630859375 0.25048828125 0.0732421875 0.0732421875
0 0.43505859375 0.6572265625 0.0732421875 0.07421875
0 0.71728515625 0.35205078125 0.0732421875 0.0732421875
0 0.251953125 0.6796875 0.0859375 0.0859375
0 0.34814453125 0.6025390625 0.0732421875 0.07421875
0 0.06591796875 0.41748046875 0.0732421875 0.0732421875
0 0.07763671875 0.53076171875 0.0732421875 0.0732421875
0 0.1591796875 0.484375 0.0859375 0.0859375
0 0.16552734375 0.60302734375 0.0732421875 0.0732421875
0 0.91259765625 0.9130859375 0.1220703125 0.123046875
0 0.92431640625 0.8046875 0.1220703125 0.123046875
0 0.9169921875 0.68408203125 0.09765625 0.0986328125
0 0.916015625 0.58544921875 0.09765625 0.0986328125
0 0.91943359375 0.4658203125 0.1220703125 0.123046875
0 0.8134765625 0.85546875 0.09765625 0.09765625
0 0.80712890625 0.7421875 0.1220703125 0.123046875
0 0.8115234375 0.62939453125 0.09765625 0.0986328125
0 0.8232421875 0.52685546875 0.09765625 0.0986328125
0 0.71826171875 0.912109375 0.1220703125 0.123046875
0 0.72216796875 0.7919921875 0.1220703125 0.123046875
0 0.72021484375 0.68359375 0.0849609375 0.0859375
0 0.72265625 0.56298828125 0.09765625 0.0986328125
0 0.6240234375 0.84765625 0.09765625 0.09765625
0 0.6240234375 0.7431640625 0.09765625 0.09765625
0 0.6220703125 0.62890625 0.09765625 0.09765625
0 0.62255859375 0.5224609375 0.1220703125 0.123046875
0 0.72412109375 0.45263671875 0.0732421875 0.0732421875
0 0.62255859375 0.412109375 0.1220703125 0.123046875
0 0.53759765625 0.9091796875 0.0732421875 0.07421875
0 0.5302734375 0.6875 0.0859375 0.0859375
0 0.533203125 0.57421875 0.09765625 0.09765625
0 0.53271484375 0.4638671875 0.1220703125 0.123046875
0 0.443359375 0.96630859375 0.060546875 0.0615234375
0 0.44140625 0.5244140625 0.09765625 0.09765625
0 0.35546875 0.93408203125 0.060546875 0.0615234375
0 0.34130859375 0.4638671875 0.0849609375 0.0859375
0 0.26611328125 0.89501953125 0.0615234375 0.0615234375
0 0.248046875 0.54296875 0.0859375 0.0859375
0 0.24853515625 0.4267578125 0.0849609375 0.0859375
0 0.1611328125 0.91455078125 0.048828125 0.0498046875
0 0.162109375 0.81103515625 0.048828125 0.0498046875
0 0.15869140625 0.70166015625 0.0732421875 0.0732421875
0 0.0869140625 0.95166015625 0.060546875 0.0615234375
0 0.0830078125 0.85400390625 0.060546875 0.0615234375
0 0.0830078125 0.76904296875 0.060546875 0.0615234375
0 0.07373046875 0.66064453125 0.0615234375 0.0615234375
0 0.064453125 0.3115234375 0.0859375 0.0859375
0 0.060546875 0.1884765625 0.0859375 0.0859375
0 0.0537109375 0.0771484375 0.09765625 0.09765625
0 0.15771484375 0.36083984375 0.0732421875 0.0732421875
0 0.1494140625 0.24853515625 0.09765625 0.0986328125
0 0.15283203125 0.13671875 0.0849609375 0.0859375
0 0.24658203125 0.3310546875 0.0849609375 0.0859375
0 0.2529296875 0.1923828125 0.09765625 0.09765625
0 0.24609375 0.078125 0.0859375 0.0859375
0 0.3408203125 0.3525390625 0.09765625 0.09765625
0 0.3466796875 0.240234375 0.09765625 0.09765625
0 0.3427734375 0.1337890625 0.09765625 0.09765625
0 0.4345703125 0.4091796875 0.0859375 0.0859375
0 0.4404296875 0.30078125 0.109375 0.111328125
0 0.4404296875 0.197265625 0.0859375 0.0859375
0 0.44140625 0.08935546875 0.09765625 0.0986328125
0 0.53125 0.3603515625 0.09765625 0.09765625
0 0.5361328125 0.24853515625 0.09765625 0.0986328125
0 0.53955078125 0.13427734375 0.0732421875 0.0732421875
0 0.62646484375 0.30419921875 0.1103515625 0.1103515625
0 0.6279296875 0.19189453125 0.09765625 0.0986328125
0 0.6318359375 0.07861328125 0.09765625 0.0986328125
0 0.724609375 0.13427734375 0.09765625 0.0986328125
0 0.8271484375 0.41259765625 0.09765625 0.0986328125
0 0.8251953125 0.30322265625 0.09765625 0.0986328125
0 0.8173828125 0.19384765625 0.09765625 0.0986328125
0 0.822265625 0.09130859375 0.09765625 0.0986328125
0 0.92236328125 0.35107421875 0.1103515625 0.1103515625
0 0.919921875 0.24755859375 0.09765625 0.0986328125
0 0.92138671875 0.13623046875 0.0966796875 0.0986328125