0 0.52099609375 0.4287109375 0.0849609375 0.0859375
0 0.52490234375 0.30615234375 0.1103515625 0.1103515625
0 0.52490234375 0.193359375 0.1103515625 0.111328125
0 0.525390625 0.091796875 0.109375 0.111328125
0 0.62451171875 0.14013671875 0.1103515625 0.1103515625
0 0.6259765625 0.259765625 0.109375 0.111328125
0 0.62451171875 0.36376953125 0.1103515625 0.1103515625
0 0.7109375 0.42529296875 0.09765625 0.0986328125
0 0.7109375 0.31591796875 0.109375 0.1103515625
0 0.70849609375 0.19775390625 0.1103515625 0.1103515625
0 0.7138671875 0.08544921875 0.109375 0.1103515625
0 0.8134765625 0.25634765625 0.09765625 0.0986328125
0 0.8095703125 0.376953125 0.09765625 0.09765625
0 0.90478515625 0.310546875 0.0849609375 0.0859375
0 0.9013671875 0.20263671875 0.109375 0.1103515625
0 0.91162109375 0.0908203125 0.1103515625 0.111328125
0 0.05078125 0.24072265625 0.09765625 0.0986328125
0 0.0576171875 0.3515625 0.09765625 0.09765625
0 0.146484375 0.41015625 0.109375 0.111328125
0 0.1474609375 0.29833984375 0.109375 0.1103515625
0 0.15185546875 0.18798828125 0.1103515625 0.1103515625
0 0.15673828125 0.08349609375 0.1103515625 0.1103515625
0 0.2392578125 0.4755859375 0.0859375 0.0859375
0 0.24853515625 0.35693359375 0.1103515625 0.1103515625
0 0.24609375 0.2529296875 0.0859375 0.0859375
0 0.2412109375 0.13818359375 0.09765625 0.0986328125
0 0.3466796875 0.08544921875 0.109375 0.1103515625
0 0.337890625 0.19970703125 0.09765625 0.0986328125
0 0.341796875 0.2998046875 0.09765625 0.09765625
0 0.3349609375 0.4208984375 0.09765625 0.09765625
0 0.427734375 0.4599609375 0.109375 0.111328125
0 0.431640625 0.35693359375 0.09765625 0.0986328125
0 0.42822265625 0.248046875 0.0849609375 0.0859375
0 0.4375 0.13720703125 0.109375 0.1103515625
0 0.1337890625 0.9287109375 0.09765625 0.09765625
0 0.1376953125 0.8154296875 0.09765625 0.09765625
0 0.23193359375 0.87841796875 0.1103515625 0.1103515625
0 0.232421875 0.75732421875 0.09765625 0.0986328125
0 0.23095703125 0.662109375 0.1103515625 0.111328125
0 0.14599609375 0.708984375 0.1103515625 0.111328125
0 0.3291015625 0.71435546875 0.09765625 0.0986328125
0 0.3251953125 0.833984375 0.0859375 0.0859375
0 0.3251953125 0.93310546875 0.109375 0.1103515625
0 0.400390625 0.85205078125 0.109375 0.1103515625
0 0.4130859375 0.75634765625 0.109375 0.1103515625
0 0.427734375 0.6533203125 0.09765625 0.09765625
0 0.5087890625 0.70263671875 0.109375 0.1103515625
0 0.5126953125 0.82080078125 0.109375 0.1103515625
0 0.51123046875 0.9189453125 0.0849609375 0.0859375
0 0.6123046875 0.8759765625 0.09765625 0.09765625
0 0.6123046875 0.76025390625 0.109375 0.1103515625
0 0.61083984375 0.66259765625 0.1103515625 0.1103515625
0 0.708984375 0.70458984375 0.109375 0.1103515625
0 0.7080078125 0.81884765625 0.09765625 0.0986328125
0 0.697265625 0.9345703125 0.109375 0.111328125
0 0.880859375 0.91796875 0.09765625 0.09765625
0 0.89892578125 0.81787109375 0.1103515625 0.1103515625
0 0.90185546875 0.73193359375 0.1103515625 0.1103515625
0 0.796875 0.72265625 0.109375 0.111328125
0 0.8056640625 0.86669921875 0.09765625 0.0986328125