0 0.380859375 0.37353515625 0.0859375 0.0869140625
0 0.95166015625 0.3681640625 0.0849609375 0.0859375
0 0.85888671875 0.09130859375 0.1103515625 0.1103515625
0 0.86328125 0.19287109375 0.09765625 0.0986328125
0 0.8525390625 0.3017578125 0.09765625 0.09765625
0 0.75634765625 0.14208984375 0.1103515625 0.1103515625
0 0.75927734375 0.259765625 0.1103515625 0.111328125
0 0.7568359375 0.3671875 0.0859375 0.0859375
0 0.66064453125 0.0986328125 0.0732421875 0.07421875
0 0.6640625 0.197265625 0.09765625 0.09765625
0 0.6572265625 0.3154296875 0.09765625 0.09765625
0 0.568359375 0.1328125 0.109375 0.111328125
0 0.5615234375 0.25244140625 0.09765625 0.0986328125
0 0.56201171875 0.369140625 0.0849609375 0.0859375
0 0.47607421875 0.0771484375 0.0849609375 0.0859375
0 0.47265625 0.20263671875 0.09765625 0.0986328125
0 0.48046875 0.31201171875 0.09765625 0.0986328125
0 0.37841796875 0.044921875 0.0849609375 0.0859375
0 0.37158203125 0.1640625 0.0849609375 0.0859375
0 0.3779296875 0.267578125 0.0859375 0.0859375
0 0.287109375 0.1103515625 0.037109375 0.037109375
0 0.28955078125 0.21630859375 0.0244140625 0.0244140625
0 0.28369140625 0.32958984375 0.0244140625 0.0244140625
0 0.19189453125 0.13818359375 0.0244140625 0.0244140625
0 0.19189453125 0.24853515625 0.0244140625 0.0244140625
0 0.18798828125 0.36376953125 0.0244140625 0.0244140625
0 0.18408203125 0.47314453125 0.0244140625 0.0244140625
0 0.18701171875 0.55517578125 0.0244140625 0.0244140625
0 0.28466796875 0.41650390625 0.0244140625 0.0244140625
0 0.27783203125 0.52392578125 0.0244140625 0.0244140625
0 0.3779296875 0.5546875 0.037109375 0.037109375
0 0.375 0.47216796875 0.109375 0.1103515625
0 0.484375 0.416015625 0.0859375 0.0859375
0 0.48486328125 0.52490234375 0.0732421875 0.0732421875
0 0.5654296875 0.47509765625 0.09765625 0.0986328125
0 0.55615234375 0.59033203125 0.0615234375 0.0615234375
0 0.6572265625 0.42138671875 0.09765625 0.0986328125
0 0.662109375 0.52880859375 0.09765625 0.0986328125
0 0.765625 0.478515625 0.09765625 0.09765625
0 0.85693359375 0.4169921875 0.0849609375 0.0859375
0 0.85546875 0.5283203125 0.09765625 0.09765625
0 0.94873046875 0.5703125 0.0849609375 0.0859375
0 0.099609375 0.71826171875 0.060546875 0.0615234375
0 0.091796875 0.81640625 0.0859375 0.0859375
0 0.09326171875 0.927734375 0.1103515625 0.111328125
0 0.1884765625 0.7666015625 0.0859375 0.0859375
0 0.1806640625 0.87646484375 0.09765625 0.0986328125
0 0.28564453125 0.72509765625 0.0615234375 0.0615234375
0 0.2822265625 0.81884765625 0.09765625 0.0986328125
0 0.28662109375 0.93359375 0.1220703125 0.123046875
0 0.3798828125 0.76806640625 0.09765625 0.0986328125
0 0.37548828125 0.87744140625 0.1103515625 0.1103515625
0 0.4697265625 0.7353515625 0.048828125 0.048828125
0 0.466796875 0.82080078125 0.09765625 0.0986328125
0 0.46630859375 0.93603515625 0.1220703125 0.1220703125
0 0.55517578125 0.76806640625 0.0732421875 0.0732421875
0 0.5595703125 0.88037109375 0.109375 0.1103515625
0 0.66552734375 0.8203125 0.1220703125 0.123046875
0 0.65380859375 0.9287109375 0.1220703125 0.123046875
0 0.75927734375 0.765625 0.0732421875 0.07421875
0 0.7646484375 0.8779296875 0.09765625 0.09765625
0 0.85986328125 0.8212890625 0.1220703125 0.123046875
0 0.9501953125 0.7724609375 0.09765625 0.09765625