0 0.96240234375 0.47509765625 0.0732421875 0.0732421875
0 0.86669921875 0.43212890625 0.0732421875 0.0732421875
0 0.86328125 0.3271484375 0.0859375 0.0859375
0 0.95947265625 0.25 0.0732421875 0.07421875
0 0.11865234375 0.50341796875 0.0732421875 0.0732421875
0 0.11767578125 0.611328125 0.0849609375 0.0859375
0 0.49169921875 0.388671875 0.0732421875 0.07421875
0 0.50732421875 0.49609375 0.0732421875 0.07421875
0 0.67724609375 0.06494140625 0.0732421875 0.0732421875
0 0.68896484375 0.17822265625 0.0732421875 0.0732421875
0 0.19287109375 0.1171875 0.0849609375 0.0859375
0 0.49267578125 0.18701171875 0.0732421875 0.0732421875
0 0.28173828125 0.0732421875 0.0849609375 0.0859375
0 0.39013671875 0.11669921875 0.0732421875 0.0732421875
0 0.38818359375 0.24169921875 0.0732421875 0.0732421875
0 0.7705078125 0.1318359375 0.0859375 0.0859375
0 0.49169921875 0.30029296875 0.0732421875 0.0732421875
0 0.39599609375 0.3388671875 0.0732421875 0.07421875
0 0.77685546875 0.25048828125 0.0732421875 0.0732421875
0 0.859375 0.91259765625 0.09765625 0.0986328125
0 0.7626953125 0.85986328125 0.09765625 0.0986328125
0 0.6650390625 0.908203125 0.0859375 0.0859375
0 0.966796875 0.58154296875 0.060546875 0.0615234375
0 0.95263671875 0.111328125 0.0849609375 0.0859375
0 0.87841796875 0.62939453125 0.0615234375 0.0615234375
0 0.87744140625 0.54248046875 0.0615234375 0.0615234375
0 0.859375 0.1904296875 0.0859375 0.0859375
0 0.85986328125 0.07421875 0.0849609375 0.0859375
0 0.7724609375 0.56201171875 0.048828125 0.0498046875
0 0.7734375 0.45849609375 0.048828125 0.0498046875
0 0.77001953125 0.34912109375 0.0732421875 0.0732421875
0 0.6982421875 0.59912109375 0.060546875 0.0615234375
0 0.6943359375 0.50146484375 0.060546875 0.0615234375
0 0.6943359375 0.41650390625 0.060546875 0.0615234375
0 0.68505859375 0.30810546875 0.0615234375 0.0615234375
0 0.60986328125 0.54736328125 0.0615234375 0.0615234375
0 0.60205078125 0.44189453125 0.0732421875 0.0732421875
0 0.58837890625 0.35400390625 0.0732421875 0.0732421875
0 0.59033203125 0.24267578125 0.0732421875 0.0732421875
0 0.58740234375 0.12158203125 0.0732421875 0.0732421875
0 0.52001953125 0.60791015625 0.0615234375 0.0615234375
0 0.4765625 0.07275390625 0.0859375 0.0869140625
0 0.40087890625 0.4560546875 0.0732421875 0.07421875
0 0.2900390625 0.61376953125 0.09765625 0.0986328125
0 0.28466796875 0.4970703125 0.1103515625 0.111328125
0 0.27880859375 0.392578125 0.1103515625 0.111328125
0 0.28369140625 0.287109375 0.0732421875 0.07421875
0 0.28564453125 0.17578125 0.0732421875 0.07421875
0 0.1943359375 0.56396484375 0.09765625 0.0986328125
0 0.1943359375 0.447265625 0.09765625 0.09765625
0 0.19384765625 0.3330078125 0.0732421875 0.07421875
0 0.19873046875 0.2314453125 0.0732421875 0.07421875
0 0.09423828125 0.3984375 0.0732421875 0.07421875
0 0.099609375 0.2841796875 0.09765625 0.09765625
0 0.0966796875 0.1728515625 0.09765625 0.09765625
0 0.1005859375 0.056640625 0.109375 0.111328125