0 0.08251953125 0.0673828125 0.1103515625 0.111328125
0 0.09375 0.18212890625 0.109375 0.1103515625
0 0.0947265625 0.29443359375 0.109375 0.1103515625
0 0.18701171875 0.1318359375 0.1103515625 0.111328125
0 0.18310546875 0.24169921875 0.1103515625 0.1103515625
0 0.189453125 0.34619140625 0.109375 0.1103515625
0 0.287109375 0.068359375 0.09765625 0.09765625
0 0.28271484375 0.18359375 0.1103515625 0.111328125
0 0.27978515625 0.2919921875 0.1103515625 0.111328125
0 0.3828125 0.12744140625 0.09765625 0.0986328125
0 0.380859375 0.2392578125 0.09765625 0.09765625
0 0.376953125 0.3486328125 0.09765625 0.09765625
0 0.47216796875 0.07861328125 0.1103515625 0.1103515625
0 0.4697265625 0.18896484375 0.109375 0.1103515625
0 0.4677734375 0.29638671875 0.109375 0.1103515625
0 0.4697265625 0.396484375 0.109375 0.111328125
0 0.56591796875 0.13623046875 0.1103515625 0.1103515625
0 0.56689453125 0.23876953125 0.1103515625 0.1103515625
0 0.5625 0.35693359375 0.09765625 0.0986328125
0 0.6552734375 0.08447265625 0.109375 0.1103515625
0 0.66015625 0.19384765625 0.09765625 0.0986328125
0 0.65869140625 0.29736328125 0.1103515625 0.1103515625
0 0.7578125 0.12841796875 0.09765625 0.0986328125
0 0.7646484375 0.24365234375 0.109375 0.1103515625
0 0.76611328125 0.35498046875 0.1103515625 0.1103515625
0 0.85498046875 0.07763671875 0.1103515625 0.1103515625
0 0.8564453125 0.18701171875 0.109375 0.1103515625
0 0.8544921875 0.29052734375 0.109375 0.1103515625
0 0.94384765625 0.35107421875 0.1103515625 0.1103515625
0 0.95166015625 0.9091796875 0.0732421875 0.07421875
0 0.8583984375 0.41162109375 0.109375 0.1103515625
0 0.857421875 0.52001953125 0.09765625 0.0986328125
0 0.85888671875 0.63525390625 0.1103515625 0.1103515625
0 0.85302734375 0.72802734375 0.1103515625 0.1103515625
0 0.85498046875 0.849609375 0.1103515625 0.111328125
0 0.76220703125 0.47412109375 0.1103515625 0.1103515625
0 0.76611328125 0.58740234375 0.1103515625 0.1103515625
0 0.76318359375 0.6943359375 0.1103515625 0.111328125
0 0.7646484375 0.8017578125 0.09765625 0.09765625
0 0.7666015625 0.90576171875 0.060546875 0.0615234375
0 0.65576171875 0.41064453125 0.1103515625 0.1103515625
0 0.66064453125 0.52197265625 0.1103515625 0.1103515625
0 0.6611328125 0.6337890625 0.109375 0.111328125
0 0.66015625 0.734375 0.09765625 0.09765625
0 0.6630859375 0.85400390625 0.109375 0.1103515625
0 0.5634765625 0.47265625 0.09765625 0.09765625
0 0.568359375 0.583984375 0.09765625 0.09765625
0 0.564453125 0.69482421875 0.109375 0.1103515625
0 0.568359375 0.80224609375 0.109375 0.1103515625
0 0.46875 0.517578125 0.109375 0.111328125
0 0.4736328125 0.626953125 0.09765625 0.09765625
0 0.47216796875 0.73583984375 0.1103515625 0.1103515625
0 0.46923828125 0.84521484375 0.1103515625 0.1103515625
0 0.37841796875 0.4599609375 0.1103515625 0.111328125
0 0.37548828125 0.56982421875 0.1103515625 0.1103515625
0 0.38037109375 0.68603515625 0.1103515625 0.1103515625
0 0.37353515625 0.79541015625 0.1103515625 0.1103515625
0 0.27783203125 0.40478515625 0.1103515625 0.1103515625
0 0.27978515625 0.52392578125 0.1103515625 0.1103515625
0 0.2802734375 0.62744140625 0.109375 0.1103515625
0 0.2783203125 0.73779296875 0.109375 0.1103515625
0 0.275390625 0.84814453125 0.09765625 0.0986328125
0 0.1875 0.46240234375 0.109375 0.1103515625
0 0.1845703125 0.57080078125 0.109375 0.1103515625
0 0.185546875 0.68408203125 0.09765625 0.0986328125
0 0.1904296875 0.78759765625 0.09765625 0.0986328125
0 0.08984375 0.40771484375 0.109375 0.1103515625
0 0.0927734375 0.52001953125 0.109375 0.1103515625
0 0.08935546875 0.62353515625 0.1103515625 0.1103515625
0 0.08935546875 0.73681640625 0.1103515625 0.1103515625
0 0.08740234375 0.84619140625 0.1103515625 0.1103515625
0 0.177734375 0.90380859375 0.109375 0.1103515625
0 0.36767578125 0.9052734375 0.1103515625 0.111328125
0 0.5625 0.90869140625 0.109375 0.1103515625