0 0.1552734375 0.56494140625 0.109375 0.1103515625
0 0.8212890625 0.50146484375 0.0859375 0.0869140625
0 0.33544921875 0.6650390625 0.0732421875 0.07421875
0 0.916015625 0.09765625 0.109375 0.111328125
0 0.91650390625 0.205078125 0.0849609375 0.0859375
0 0.9130859375 0.33056640625 0.09765625 0.0986328125
0 0.9208984375 0.43994140625 0.09765625 0.0986328125
0 0.81591796875 0.064453125 0.1103515625 0.111328125
0 0.81884765625 0.1728515625 0.0849609375 0.0859375
0 0.81201171875 0.2919921875 0.0849609375 0.0859375
0 0.818359375 0.3955078125 0.0859375 0.0859375
0 0.73388671875 0.11962890625 0.0244140625 0.0244140625
0 0.7275390625 0.23828125 0.037109375 0.037109375
0 0.72998046875 0.34423828125 0.0244140625 0.0244140625
0 0.72412109375 0.45751953125 0.0244140625 0.0244140625
0 0.63232421875 0.26611328125 0.0244140625 0.0244140625
0 0.63232421875 0.37646484375 0.0244140625 0.0244140625
0 0.62841796875 0.49169921875 0.0244140625 0.0244140625
0 0.6328125 0.14697265625 0.09765625 0.0986328125
0 0.62451171875 0.60107421875 0.0244140625 0.0244140625
0 0.62744140625 0.68310546875 0.0244140625 0.0244140625
0 0.72509765625 0.54443359375 0.0244140625 0.0244140625
0 0.71826171875 0.65185546875 0.0244140625 0.0244140625
0 0.818359375 0.6826171875 0.037109375 0.037109375
0 0.8154296875 0.60009765625 0.109375 0.1103515625
0 0.9248046875 0.5439453125 0.0859375 0.0859375
0 0.92529296875 0.65283203125 0.0732421875 0.0732421875
0 0.341796875 0.23193359375 0.09765625 0.0986328125
0 0.345703125 0.33544921875 0.109375 0.1103515625
0 0.3369140625 0.4462890625 0.09765625 0.09765625
0 0.341796875 0.5576171875 0.09765625 0.09765625
0 0.244140625 0.287109375 0.0859375 0.0859375
0 0.2451171875 0.400390625 0.09765625 0.09765625
0 0.24072265625 0.50537109375 0.1103515625 0.1103515625
0 0.2412109375 0.61474609375 0.09765625 0.0986328125
0 0.15576171875 0.2236328125 0.1103515625 0.111328125
0 0.15380859375 0.3369140625 0.1103515625 0.111328125
0 0.1533203125 0.44921875 0.09765625 0.09765625
0 0.15771484375 0.67041015625 0.0732421875 0.0732421875
0 0.05615234375 0.17578125 0.1103515625 0.111328125
0 0.0556640625 0.279296875 0.109375 0.111328125
0 0.0546875 0.50830078125 0.09765625 0.0986328125
0 0.05859375 0.61279296875 0.09765625 0.0986328125
0 0.06201171875 0.8876953125 0.0849609375 0.0859375
0 0.154296875 0.83447265625 0.060546875 0.0615234375
0 0.1572265625 0.94384765625 0.09765625 0.0986328125
0 0.24609375 0.890625 0.0859375 0.0859375
0 0.34423828125 0.841796875 0.0361328125 0.037109375
0 0.3447265625 0.9404296875 0.09765625 0.09765625
0 0.43994140625 0.8994140625 0.0849609375 0.0859375
0 0.5400390625 0.84619140625 0.060546875 0.0615234375
0 0.5322265625 0.9443359375 0.0859375 0.0859375
0 0.62890625 0.89453125 0.0859375 0.0859375
0 0.72607421875 0.85302734375 0.0615234375 0.0615234375
0 0.72265625 0.94677734375 0.09765625 0.0986328125
0 0.8203125 0.89599609375 0.09765625 0.0986328125
0 0.91015625 0.86328125 0.048828125 0.048828125
0 0.9072265625 0.94873046875 0.09765625 0.0986328125