0 0.22216796875 0.7783203125 0.0732421875 0.07421875
0 0.1298828125 0.05126953125 0.09765625 0.0986328125
0 0.134765625 0.16943359375 0.09765625 0.0986328125
0 0.1376953125 0.275390625 0.09765625 0.09765625
0 0.13671875 0.392578125 0.09765625 0.09765625
0 0.2236328125 0.10986328125 0.09765625 0.0986328125
0 0.22265625 0.21826171875 0.09765625 0.0986328125
0 0.2236328125 0.34814453125 0.09765625 0.0986328125
0 0.3232421875 0.05615234375 0.09765625 0.0986328125
0 0.31640625 0.16455078125 0.09765625 0.0986328125
0 0.3154296875 0.279296875 0.0859375 0.0859375
0 0.31884765625 0.388671875 0.0849609375 0.0859375
0 0.41259765625 0.1083984375 0.0849609375 0.0859375
0 0.4130859375 0.22216796875 0.09765625 0.0986328125
0 0.4150390625 0.333984375 0.0859375 0.0859375
0 0.4111328125 0.4453125 0.0859375 0.0859375
0 0.22607421875 0.458984375 0.0849609375 0.0859375
0 0.412109375 0.552734375 0.0859375 0.0859375
0 0.408203125 0.6611328125 0.09765625 0.09765625
0 0.41162109375 0.7841796875 0.0849609375 0.0859375
0 0.41259765625 0.87890625 0.0849609375 0.0859375
0 0.31591796875 0.4970703125 0.0849609375 0.0859375
0 0.3154296875 0.6142578125 0.09765625 0.09765625
0 0.3173828125 0.7255859375 0.09765625 0.09765625
0 0.3212890625 0.8330078125 0.0859375 0.0859375
0 0.3154296875 0.9404296875 0.0859375 0.0859375
0 0.22216796875 0.5537109375 0.0849609375 0.0859375
0 0.22265625 0.6650390625 0.09765625 0.09765625
0 0.2275390625 0.88623046875 0.09765625 0.0986328125
0 0.1328125 0.5009765625 0.0859375 0.0859375
0 0.1298828125 0.61279296875 0.09765625 0.0986328125
0 0.130859375 0.72607421875 0.09765625 0.0986328125
0 0.12744140625 0.8291015625 0.0849609375 0.0859375
0 0.12890625 0.94482421875 0.09765625 0.0986328125