0 0.24560546875 0.43798828125 0.0732421875 0.0732421875
0 0.24658203125 0.330078125 0.0849609375 0.0859375
0 0.16552734375 0.927734375 0.0849609375 0.0859375
0 0.17138671875 0.82421875 0.0849609375 0.0859375
0 0.08251953125 0.8681640625 0.0849609375 0.0859375
0 0.822265625 0.53955078125 0.060546875 0.0615234375
0 0.4541015625 0.34130859375 0.060546875 0.0615234375
0 0.72021484375 0.3837890625 0.0732421875 0.07421875
0 0.71630859375 0.94873046875 0.0732421875 0.0732421875
0 0.07421875 0.32763671875 0.09765625 0.0986328125
0 0.07958984375 0.4443359375 0.1103515625 0.111328125
0 0.08544921875 0.548828125 0.1103515625 0.111328125
0 0.08056640625 0.654296875 0.0732421875 0.07421875
0 0.07861328125 0.765625 0.0732421875 0.07421875
0 0.169921875 0.37744140625 0.09765625 0.0986328125
0 0.169921875 0.494140625 0.09765625 0.09765625
0 0.17041015625 0.6083984375 0.0732421875 0.07421875
0 0.16552734375 0.7099609375 0.0732421875 0.07421875
0 0.27001953125 0.54296875 0.0732421875 0.07421875
0 0.2646484375 0.6572265625 0.09765625 0.09765625
0 0.267578125 0.7685546875 0.09765625 0.09765625
0 0.35595703125 0.37646484375 0.0849609375 0.0869140625
0 0.35986328125 0.48974609375 0.1103515625 0.1103515625
0 0.36474609375 0.60595703125 0.1103515625 0.1103515625
0 0.35888671875 0.71240234375 0.1103515625 0.1103515625
0 0.3583984375 0.828125 0.109375 0.111328125
0 0.46142578125 0.43310546875 0.1220703125 0.1220703125
0 0.4638671875 0.54833984375 0.09765625 0.0986328125
0 0.4541015625 0.66064453125 0.09765625 0.0986328125
0 0.4541015625 0.77880859375 0.09765625 0.0986328125
0 0.544921875 0.3896484375 0.0859375 0.0859375
0 0.5498046875 0.49560546875 0.09765625 0.0986328125
0 0.5419921875 0.60888671875 0.09765625 0.0986328125
0 0.5458984375 0.716796875 0.0859375 0.0859375
0 0.5556640625 0.82666015625 0.09765625 0.0986328125
0 0.45703125 0.88671875 0.09765625 0.09765625
0 0.63330078125 0.4423828125 0.0849609375 0.0859375
0 0.63525390625 0.564453125 0.0849609375 0.0859375
0 0.6396484375 0.66357421875 0.0859375 0.0869140625
0 0.6396484375 0.7724609375 0.0859375 0.0859375
0 0.638671875 0.8896484375 0.0859375 0.0859375
0 0.72119140625 0.5078125 0.0849609375 0.0859375
0 0.71923828125 0.6181640625 0.0849609375 0.0859375
0 0.71923828125 0.7177734375 0.0849609375 0.0859375
0 0.71337890625 0.8330078125 0.0849609375 0.0859375
0 0.826171875 0.4453125 0.048828125 0.048828125
0 0.818359375 0.650390625 0.0859375 0.0859375
0 0.81787109375 0.7666015625 0.0849609375 0.0859375
0 0.8125 0.85595703125 0.048828125 0.0498046875
0 0.9208984375 0.494140625 0.060546875 0.060546875
0 0.55078125 0.94482421875 0.09765625 0.0986328125
0 0.35546875 0.9365234375 0.09765625 0.09765625
0 0.263671875 0.884765625 0.109375 0.111328125