0 0.68798828125 0.24658203125 0.0732421875 0.0732421875
0 0.77783203125 0.392578125 0.0732421875 0.07421875
0 0.77880859375 0.28759765625 0.0732421875 0.0732421875
0 0.87451171875 0.33056640625 0.0732421875 0.0732421875
0 0.59423828125 0.3095703125 0.0849609375 0.0859375
0 0.68994140625 0.341796875 0.0732421875 0.07421875
0 0.41357421875 0.86474609375 0.0732421875 0.0732421875
0 0.69482421875 0.4580078125 0.0732421875 0.07421875
0 0.41259765625 0.76318359375 0.0732421875 0.0732421875
0 0.8779296875 0.435546875 0.0859375 0.0859375
0 0.78173828125 0.5126953125 0.0732421875 0.07421875
0 0.10693359375 0.14990234375 0.0732421875 0.0732421875
0 0.111328125 0.26220703125 0.109375 0.1103515625
0 0.1123046875 0.37158203125 0.109375 0.1103515625
0 0.1123046875 0.4794921875 0.0859375 0.0859375
0 0.11767578125 0.59326171875 0.1103515625 0.1103515625
0 0.21728515625 0.2021484375 0.1220703125 0.123046875
0 0.20556640625 0.310546875 0.1220703125 0.123046875
0 0.212890625 0.43115234375 0.09765625 0.0986328125
0 0.2138671875 0.52978515625 0.09765625 0.0986328125
0 0.21044921875 0.6494140625 0.1220703125 0.123046875
0 0.31103515625 0.1474609375 0.0732421875 0.07421875
0 0.31640625 0.259765625 0.09765625 0.09765625
0 0.32275390625 0.373046875 0.1220703125 0.123046875
0 0.318359375 0.48583984375 0.09765625 0.0986328125
0 0.306640625 0.58837890625 0.09765625 0.0986328125
0 0.41162109375 0.203125 0.1220703125 0.123046875
0 0.40771484375 0.3232421875 0.1220703125 0.123046875
0 0.40966796875 0.431640625 0.0849609375 0.0859375
0 0.4072265625 0.55224609375 0.09765625 0.0986328125
0 0.501953125 0.154296875 0.09765625 0.09765625
0 0.505859375 0.267578125 0.09765625 0.09765625
0 0.505859375 0.3720703125 0.09765625 0.09765625
0 0.5078125 0.486328125 0.09765625 0.09765625
0 0.50732421875 0.5927734375 0.1220703125 0.123046875
0 0.40576171875 0.66259765625 0.0732421875 0.0732421875
0 0.50732421875 0.703125 0.1220703125 0.123046875
0 0.59228515625 0.2060546875 0.0732421875 0.07421875
0 0.599609375 0.427734375 0.0859375 0.0859375
0 0.5966796875 0.541015625 0.09765625 0.09765625
0 0.59716796875 0.6513671875 0.1220703125 0.123046875
0 0.6865234375 0.14892578125 0.060546875 0.0615234375
0 0.6884765625 0.5908203125 0.09765625 0.09765625
0 0.7744140625 0.18115234375 0.060546875 0.0615234375
0 0.78857421875 0.6513671875 0.0849609375 0.0859375
0 0.86279296875 0.13330078125 0.0615234375 0.0615234375
0 0.86376953125 0.22021484375 0.0615234375 0.0615234375
0 0.8818359375 0.572265625 0.0859375 0.0859375
0 0.88134765625 0.6884765625 0.0849609375 0.0859375
0 0.96875 0.20068359375 0.048828125 0.0498046875
0 0.9677734375 0.30419921875 0.048828125 0.0498046875
0 0.88330078125 0.7841796875 0.0849609375 0.0859375
0 0.876953125 0.9228515625 0.09765625 0.09765625
0 0.7890625 0.7626953125 0.09765625 0.09765625
0 0.783203125 0.875 0.09765625 0.09765625
0 0.6953125 0.7060546875 0.0859375 0.0859375
0 0.689453125 0.814453125 0.109375 0.111328125
0 0.689453125 0.91796875 0.0859375 0.0859375
0 0.5986328125 0.7548828125 0.09765625 0.09765625
0 0.59375 0.86669921875 0.09765625 0.0986328125
0 0.50341796875 0.81103515625 0.1103515625 0.1103515625
0 0.501953125 0.92333984375 0.09765625 0.0986328125
0 0.302734375 0.70263671875 0.09765625 0.0986328125
0 0.3046875 0.81201171875 0.09765625 0.0986328125
0 0.3125 0.92138671875 0.09765625 0.0986328125
0 0.20751953125 0.76416015625 0.1103515625 0.1103515625
0 0.2099609375 0.86767578125 0.09765625 0.0986328125
0 0.10595703125 0.69873046875 0.1103515625 0.1103515625
0 0.1142578125 0.81005859375 0.09765625 0.0986328125
0 0.1123046875 0.91845703125 0.09765625 0.0986328125