0 0.10791015625 0.2294921875 0.1103515625 0.109375
0 0.93115234375 0.51123046875 0.1103515625 0.1103515625
0 0.93115234375 0.318359375 0.1103515625 0.109375
0 0.92919921875 0.1318359375 0.0986328125 0.09765625
0 0.82080078125 0.13427734375 0.1103515625 0.1103515625
0 0.7158203125 0.13330078125 0.111328125 0.1103515625
0 0.59375 0.1337890625 0.111328125 0.109375
0 0.48779296875 0.1298828125 0.1103515625 0.109375
0 0.87841796875 0.228515625 0.1103515625 0.109375
0 0.76123046875 0.22607421875 0.1103515625 0.1103515625
0 0.65478515625 0.22802734375 0.1103515625 0.1103515625
0 0.5439453125 0.22900390625 0.111328125 0.1103515625
0 0.82666015625 0.31640625 0.1103515625 0.109375
0 0.71337890625 0.3154296875 0.1103515625 0.109375
0 0.60205078125 0.3232421875 0.1103515625 0.109375
0 0.87646484375 0.416015625 0.0986328125 0.09765625
0 0.76513671875 0.416015625 0.1103515625 0.109375
0 0.65869140625 0.4189453125 0.0986328125 0.09765625
0 0.54638671875 0.419921875 0.1103515625 0.109375
0 0.82958984375 0.51513671875 0.1103515625 0.1103515625
0 0.71533203125 0.51025390625 0.1103515625 0.1103515625
0 0.59619140625 0.51416015625 0.1103515625 0.1103515625
0 0.49072265625 0.5166015625 0.1103515625 0.109375
0 0.8740234375 0.615234375 0.0859375 0.0859375
0 0.7724609375 0.61865234375 0.0859375 0.0849609375
0 0.6611328125 0.61376953125 0.0859375 0.0849609375
0 0.5478515625 0.61474609375 0.0859375 0.0849609375
0 0.931640625 0.7138671875 0.09765625 0.09765625
0 0.81982421875 0.7099609375 0.1103515625 0.109375
0 0.71435546875 0.7080078125 0.1103515625 0.109375
0 0.59912109375 0.7099609375 0.0986328125 0.09765625
0 0.49072265625 0.70751953125 0.1103515625 0.1103515625
0 0.8759765625 0.81005859375 0.111328125 0.1103515625
0 0.76416015625 0.8095703125 0.1103515625 0.109375
0 0.66162109375 0.8056640625 0.0986328125 0.09765625
0 0.54541015625 0.80859375 0.1103515625 0.109375
0 0.9326171875 0.900390625 0.09765625 0.09765625
0 0.82421875 0.9033203125 0.09765625 0.09765625
0 0.7158203125 0.90478515625 0.111328125 0.1103515625
0 0.60595703125 0.9052734375 0.0986328125 0.09765625
0 0.49365234375 0.8984375 0.0986328125 0.09765625
0 0.38427734375 0.8955078125 0.0986328125 0.09765625
0 0.27099609375 0.904296875 0.0986328125 0.09765625
0 0.16357421875 0.9052734375 0.0986328125 0.09765625
0 0.05224609375 0.90234375 0.0986328125 0.09765625
0 0.43212890625 0.7998046875 0.1103515625 0.109375
0 0.31982421875 0.798828125 0.1103515625 0.109375
0 0.21728515625 0.80224609375 0.1103515625 0.1103515625
0 0.10986328125 0.79833984375 0.1103515625 0.1103515625
0 0.37939453125 0.70947265625 0.1103515625 0.1103515625
0 0.26904296875 0.70068359375 0.1103515625 0.1103515625
0 0.15478515625 0.70654296875 0.1103515625 0.1103515625
0 0.43701171875 0.6171875 0.0986328125 0.09765625
0 0.3291015625 0.6201171875 0.0859375 0.0859375
0 0.2158203125 0.609375 0.09765625 0.09765625
0 0.099609375 0.61328125 0.09765625 0.09765625
0 0.37841796875 0.515625 0.1103515625 0.109375
0 0.2744140625 0.517578125 0.111328125 0.109375
0 0.16015625 0.51953125 0.111328125 0.109375
0 0.060546875 0.51416015625 0.111328125 0.1103515625
0 0.43408203125 0.41796875 0.1103515625 0.109375
0 0.3232421875 0.41943359375 0.111328125 0.1103515625
0 0.2158203125 0.41650390625 0.111328125 0.1103515625
0 0.10888671875 0.42138671875 0.1103515625 0.1103515625
0 0.490234375 0.31982421875 0.111328125 0.1103515625
0 0.3828125 0.32177734375 0.111328125 0.1103515625
0 0.26513671875 0.32568359375 0.1103515625 0.1103515625
0 0.16064453125 0.330078125 0.1103515625 0.109375
0 0.4267578125 0.23193359375 0.111328125 0.1103515625
0 0.32177734375 0.23046875 0.0986328125 0.09765625
0 0.21533203125 0.2275390625 0.1103515625 0.109375
0 0.37939453125 0.134765625 0.0986328125 0.09765625
0 0.26806640625 0.1298828125 0.1103515625 0.109375
0 0.16357421875 0.1337890625 0.1103515625 0.109375
0 0.05029296875 0.13671875 0.0498046875 0.048828125
0 0.0576171875 0.3232421875 0.048828125 0.048828125