0 0.1884765625 0.45654296875 0.07421875 0.0732421875
0 0.06884765625 0.455078125 0.0615234375 0.060546875
0 0.12060546875 0.92919921875 0.0986328125 0.0966796875
0 0.0732421875 0.8310546875 0.0859375 0.0859375
0 0.177734375 0.8310546875 0.09765625 0.09765625
0 0.13232421875 0.74072265625 0.1103515625 0.1103515625
0 0.18212890625 0.6396484375 0.0986328125 0.09765625
0 0.06591796875 0.64501953125 0.1103515625 0.1103515625
0 0.1298828125 0.54931640625 0.111328125 0.1103515625
0 0.10009765625 0.3603515625 0.0986328125 0.09765625
0 0.18505859375 0.2568359375 0.0986328125 0.09765625
0 0.07177734375 0.263671875 0.0986328125 0.09765625
0 0.13037109375 0.171875 0.0986328125 0.09765625
0 0.07470703125 0.072265625 0.1103515625 0.109375
0 0.7880859375 0.9375 0.09765625 0.09765625
0 0.6669921875 0.927734375 0.09765625 0.09765625
0 0.57080078125 0.935546875 0.0986328125 0.09765625
0 0.458984375 0.9287109375 0.09765625 0.09765625
0 0.34423828125 0.93115234375 0.1103515625 0.1103515625
0 0.224609375 0.9296875 0.111328125 0.109375
0 0.5556640625 0.5498046875 0.0859375 0.0859375
0 0.36181640625 0.17236328125 0.0615234375 0.0615234375
0 0.2919921875 0.26513671875 0.0859375 0.0849609375
0 0.3330078125 0.3623046875 0.0859375 0.0859375
0 0.2431640625 0.3623046875 0.0859375 0.0859375
0 0.3017578125 0.4580078125 0.0859375 0.0859375
0 0.388671875 0.4658203125 0.0859375 0.0859375
0 0.916015625 0.83203125 0.0859375 0.0859375
0 0.7255859375 0.83447265625 0.0859375 0.0849609375
0 0.8935546875 0.74169921875 0.0859375 0.0849609375
0 0.564453125 0.7412109375 0.0859375 0.0859375
0 0.46044921875 0.73876953125 0.1103515625 0.1103515625
0 0.34033203125 0.73974609375 0.1103515625 0.1103515625
0 0.2392578125 0.7412109375 0.09765625 0.09765625
0 0.28076171875 0.8369140625 0.0986328125 0.09765625
0 0.392578125 0.8408203125 0.09765625 0.09765625
0 0.513671875 0.83984375 0.09765625 0.09765625
0 0.62548828125 0.8330078125 0.0869140625 0.0859375
0 0.9482421875 0.6484375 0.0859375 0.0859375
0 0.84033203125 0.6484375 0.0986328125 0.09765625
0 0.75048828125 0.64453125 0.0986328125 0.09765625
0 0.51611328125 0.6455078125 0.0986328125 0.09765625
0 0.40869140625 0.6455078125 0.0986328125 0.09765625
0 0.28857421875 0.638671875 0.0986328125 0.09765625
0 0.2431640625 0.54833984375 0.0859375 0.0849609375
0 0.888671875 0.5537109375 0.09765625 0.09765625
0 0.79345703125 0.5517578125 0.0986328125 0.09765625
0 0.68701171875 0.552734375 0.0986328125 0.09765625
0 0.45556640625 0.5458984375 0.0986328125 0.09765625
0 0.35009765625 0.544921875 0.0986328125 0.09765625
0 0.6376953125 0.4609375 0.0859375 0.0859375
0 0.7431640625 0.46484375 0.0859375 0.0859375
0 0.8486328125 0.46240234375 0.0859375 0.0849609375
0 0.951171875 0.46240234375 0.0859375 0.0849609375
0 0.89501953125 0.36572265625 0.1103515625 0.1103515625
0 0.78173828125 0.35888671875 0.1103515625 0.1103515625
0 0.6689453125 0.357421875 0.111328125 0.109375
0 0.5673828125 0.361328125 0.111328125 0.109375
0 0.51171875 0.265625 0.111328125 0.109375
0 0.62060546875 0.2734375 0.1103515625 0.109375
0 0.74462890625 0.2734375 0.1103515625 0.109375
0 0.8369140625 0.27392578125 0.111328125 0.1103515625
0 0.90478515625 0.16796875 0.1103515625 0.109375
0 0.78759765625 0.17578125 0.0986328125 0.09765625
0 0.67822265625 0.17578125 0.0986328125 0.09765625
0 0.57177734375 0.177734375 0.0986328125 0.09765625
0 0.48828125 0.177734375 0.09765625 0.09765625
0 0.53369140625 0.0751953125 0.0986328125 0.09765625
0 0.81884765625 0.0849609375 0.1103515625 0.109375
0 0.7373046875 0.0771484375 0.0859375 0.0859375
0 0.63525390625 0.0849609375 0.1103515625 0.109375
0 0.24365234375 0.1708984375 0.1103515625 0.109375
0 0.18115234375 0.07666015625 0.1103515625 0.1103515625
0 0.30859375 0.08203125 0.0859375 0.0859375