0 0.7255859375 0.03759765625 0.07421875 0.0732421875
0 0.47900390625 0.31689453125 0.0732421875 0.0732421875
0 0.95263671875 0.22412109375 0.0732421875 0.0732421875
0 0.0537109375 0.884765625 0.09765625 0.09765625
0 0.56396484375 0.1318359375 0.0869140625 0.0859375
0 0.453125 0.1318359375 0.0859375 0.0859375
0 0.5078125 0.22509765625 0.07421875 0.0732421875
0 0.61328125 0.22119140625 0.07421875 0.0732421875
0 0.5146484375 0.41748046875 0.0859375 0.0849609375
0 0.48388671875 0.8876953125 0.0986328125 0.09765625
0 0.599609375 0.8828125 0.09765625 0.09765625
0 0.7021484375 0.88916015625 0.0859375 0.0849609375
0 0.8115234375 0.8916015625 0.09765625 0.09765625
0 0.92724609375 0.8818359375 0.0986328125 0.09765625
0 0.8583984375 0.791015625 0.09765625 0.09765625
0 0.74560546875 0.7919921875 0.0986328125 0.09765625
0 0.634765625 0.7841796875 0.09765625 0.09765625
0 0.52685546875 0.791015625 0.0986328125 0.09765625
0 0.4697265625 0.7021484375 0.09765625 0.09765625
0 0.57666015625 0.6962890625 0.0986328125 0.09765625
0 0.68408203125 0.6982421875 0.0986328125 0.09765625
0 0.798828125 0.69921875 0.09765625 0.09765625
0 0.91455078125 0.703125 0.0986328125 0.09765625
0 0.85498046875 0.60400390625 0.1103515625 0.1103515625
0 0.74169921875 0.60498046875 0.1103515625 0.1103515625
0 0.62744140625 0.607421875 0.1103515625 0.109375
0 0.5166015625 0.60888671875 0.111328125 0.1103515625
0 0.4736328125 0.5107421875 0.09765625 0.09765625
0 0.57666015625 0.51953125 0.1103515625 0.109375
0 0.6806640625 0.5068359375 0.111328125 0.109375
0 0.79248046875 0.5146484375 0.1103515625 0.109375
0 0.8974609375 0.51220703125 0.0859375 0.0849609375
0 0.84716796875 0.4189453125 0.0986328125 0.09765625
0 0.7431640625 0.41357421875 0.0859375 0.0849609375
0 0.61669921875 0.4189453125 0.1103515625 0.109375
0 0.5771484375 0.32080078125 0.0859375 0.0849609375
0 0.6767578125 0.322265625 0.09765625 0.09765625
0 0.81201171875 0.3193359375 0.0986328125 0.09765625
0 0.90087890625 0.3212890625 0.0986328125 0.09765625
0 0.84765625 0.22509765625 0.0859375 0.0849609375
0 0.71240234375 0.23046875 0.0986328125 0.09765625
0 0.76953125 0.13330078125 0.0859375 0.0849609375
0 0.90087890625 0.1337890625 0.0986328125 0.09765625
0 0.13427734375 0.12890625 0.1103515625 0.109375
0 0.25732421875 0.1298828125 0.0986328125 0.09765625
0 0.35205078125 0.13037109375 0.0869140625 0.0849609375
0 0.423828125 0.21923828125 0.0859375 0.0849609375
0 0.30029296875 0.22509765625 0.1103515625 0.1103515625
0 0.19091796875 0.22412109375 0.1103515625 0.1103515625
0 0.08056640625 0.2236328125 0.0986328125 0.09765625
0 0.13916015625 0.3232421875 0.0986328125 0.09765625
0 0.24951171875 0.3212890625 0.0986328125 0.09765625
0 0.353515625 0.322265625 0.0859375 0.0859375
0 0.41162109375 0.419921875 0.1103515625 0.109375
0 0.30712890625 0.4169921875 0.0986328125 0.09765625
0 0.189453125 0.4169921875 0.0859375 0.0859375
0 0.0830078125 0.41796875 0.0859375 0.0859375
0 0.12939453125 0.5087890625 0.0986328125 0.09765625
0 0.23681640625 0.51171875 0.0986328125 0.09765625
0 0.3427734375 0.505859375 0.09765625 0.09765625
0 0.39453125 0.5986328125 0.111328125 0.109375
0 0.2939453125 0.60009765625 0.111328125 0.1103515625
0 0.20361328125 0.60595703125 0.1103515625 0.1103515625
0 0.07763671875 0.60009765625 0.1103515625 0.1103515625
0 0.1298828125 0.6904296875 0.09765625 0.09765625
0 0.2412109375 0.6904296875 0.09765625 0.09765625
0 0.3515625 0.697265625 0.0859375 0.0859375
0 0.41748046875 0.7890625 0.0986328125 0.09765625
0 0.314453125 0.79296875 0.0859375 0.0859375
0 0.193359375 0.78515625 0.09765625 0.09765625
0 0.0869140625 0.79296875 0.09765625 0.09765625
0 0.158203125 0.8818359375 0.09765625 0.09765625
0 0.25439453125 0.8876953125 0.0986328125 0.09765625
0 0.37744140625 0.8896484375 0.0986328125 0.09765625