0 0.19384765625 0.36669921875 0.0732421875 0.0732421875
0 0.10107421875 0.439453125 0.0732421875 0.07421875
0 0.39697265625 0.59716796875 0.0732421875 0.0732421875
0 0.27880859375 0.64111328125 0.0615234375 0.0615234375
0 0.9443359375 0.92529296875 0.09765625 0.0986328125
0 0.9482421875 0.8056640625 0.0859375 0.0859375
0 0.8603515625 0.64306640625 0.09765625 0.0986328125
0 0.873046875 0.78759765625 0.109375 0.1103515625
0 0.8603515625 0.88330078125 0.109375 0.1103515625
0 0.7646484375 0.93701171875 0.109375 0.1103515625
0 0.7607421875 0.81884765625 0.109375 0.1103515625
0 0.76220703125 0.720703125 0.0849609375 0.0859375
0 0.7666015625 0.2548828125 0.0859375 0.0859375
0 0.7685546875 0.3515625 0.09765625 0.09765625
0 0.6669921875 0.20947265625 0.109375 0.1103515625
0 0.759765625 0.5986328125 0.09765625 0.09765625
0 0.66650390625 0.5546875 0.0849609375 0.0859375
0 0.6611328125 0.66259765625 0.09765625 0.0986328125
0 0.6611328125 0.763671875 0.09765625 0.09765625
0 0.6611328125 0.87939453125 0.109375 0.1103515625
0 0.564453125 0.93505859375 0.109375 0.1103515625
0 0.5654296875 0.82080078125 0.09765625 0.0986328125
0 0.576171875 0.705078125 0.109375 0.111328125
0 0.5673828125 0.60400390625 0.109375 0.1103515625
0 0.57763671875 0.47900390625 0.1103515625 0.1103515625
0 0.5703125 0.2744140625 0.09765625 0.09765625
0 0.482421875 0.20947265625 0.109375 0.1103515625
0 0.47412109375 0.55029296875 0.1103515625 0.1103515625
0 0.484375 0.6630859375 0.0859375 0.0859375
0 0.38525390625 0.2666015625 0.1103515625 0.111328125
0 0.294921875 0.24169921875 0.109375 0.1103515625
0 0.287109375 0.337890625 0.09765625 0.09765625
0 0.19140625 0.26513671875 0.09765625 0.0986328125
0 0.19921875 0.494140625 0.09765625 0.09765625
0 0.3916015625 0.4755859375 0.0859375 0.0859375
0 0.392578125 0.7216796875 0.09765625 0.09765625
0 0.37451171875 0.82177734375 0.1103515625 0.1103515625
0 0.37158203125 0.90771484375 0.1103515625 0.1103515625
0 0.4765625 0.9169921875 0.109375 0.111328125
0 0.4677734375 0.77294921875 0.09765625 0.0986328125
0 0.27587890625 0.73193359375 0.0732421875 0.0732421875
0 0.2802734375 0.83740234375 0.09765625 0.0986328125
0 0.1923828125 0.90625 0.09765625 0.09765625
0 0.197265625 0.82861328125 0.09765625 0.0986328125
0 0.1044921875 0.208984375 0.09765625 0.09765625
0 0.095703125 0.3173828125 0.0859375 0.0859375
0 0.107421875 0.5458984375 0.09765625 0.09765625
0 0.09521484375 0.85302734375 0.0732421875 0.0732421875
0 0.861328125 0.19140625 0.0859375 0.0859375
0 0.76416015625 0.14794921875 0.1103515625 0.1103515625
0 0.85888671875 0.1015625 0.0849609375 0.0859375
0 0.677734375 0.1103515625 0.109375 0.111328125
0 0.3857421875 0.16845703125 0.09765625 0.0986328125
0 0.2939453125 0.14794921875 0.109375 0.1103515625
0 0.19677734375 0.16455078125 0.1103515625 0.1103515625
0 0.1025390625 0.0966796875 0.09765625 0.09765625