0 0.86962890625 0.61279296875 0.0615234375 0.0615234375
0 0.947265625 0.46142578125 0.060546875 0.0615234375
0 0.58154296875 0.546875 0.0732421875 0.07421875
0 0.86572265625 0.505859375 0.0732421875 0.07421875
0 0.2919921875 0.94580078125 0.060546875 0.0615234375
0 0.20068359375 0.20849609375 0.0732421875 0.0732421875
0 0.10888671875 0.05224609375 0.0615234375 0.0615234375
0 0.1123046875 0.58984375 0.048828125 0.048828125
0 0.1171875 0.4892578125 0.048828125 0.048828125
0 0.20703125 0.5361328125 0.037109375 0.037109375
0 0.21728515625 0.42041015625 0.0361328125 0.0361328125
0 0.38916015625 0.5517578125 0.0361328125 0.037109375
0 0.486328125 0.38427734375 0.048828125 0.0498046875
0 0.58203125 0.3427734375 0.048828125 0.048828125
0 0.5869140625 0.4326171875 0.048828125 0.048828125
0 0.6630859375 0.48876953125 0.060546875 0.0615234375
0 0.76513671875 0.45361328125 0.0361328125 0.0361328125
0 0.3828125 0.4443359375 0.0859375 0.0859375
0 0.48974609375 0.49462890625 0.0615234375 0.0615234375
0 0.30810546875 0.49609375 0.0244140625 0.025390625
0 0.11767578125 0.38525390625 0.1103515625 0.1103515625
0 0.11279296875 0.25634765625 0.1103515625 0.1103515625
0 0.11328125 0.15771484375 0.09765625 0.0986328125
0 0.2021484375 0.0810546875 0.09765625 0.09765625
0 0.2001953125 0.30078125 0.09765625 0.09765625
0 0.2919921875 0.36865234375 0.09765625 0.0986328125
0 0.291015625 0.2646484375 0.09765625 0.09765625
0 0.2978515625 0.1474609375 0.09765625 0.09765625
0 0.29541015625 0.044921875 0.0849609375 0.0859375
0 0.3896484375 0.10546875 0.0859375 0.0859375
0 0.3916015625 0.21533203125 0.09765625 0.0986328125
0 0.390625 0.3310546875 0.109375 0.111328125
0 0.482421875 0.267578125 0.0859375 0.0859375
0 0.482421875 0.1787109375 0.09765625 0.09765625
0 0.4833984375 0.06982421875 0.09765625 0.0986328125
0 0.5791015625 0.123046875 0.09765625 0.09765625
0 0.5830078125 0.228515625 0.09765625 0.09765625
0 0.66943359375 0.607421875 0.0849609375 0.0859375
0 0.767578125 0.564453125 0.0859375 0.0859375
0 0.951171875 0.560546875 0.048828125 0.048828125
0 0.669921875 0.279296875 0.09765625 0.09765625
0 0.66064453125 0.3974609375 0.0849609375 0.0859375
0 0.6748046875 0.1513671875 0.0859375 0.0859375
0 0.669921875 0.05029296875 0.09765625 0.0986328125
0 0.7705078125 0.115234375 0.09765625 0.09765625
0 0.76171875 0.22314453125 0.109375 0.1103515625
0 0.76123046875 0.353515625 0.1103515625 0.111328125
0 0.859375 0.4013671875 0.0859375 0.0859375
0 0.857421875 0.28076171875 0.09765625 0.0986328125
0 0.861328125 0.1689453125 0.09765625 0.09765625
0 0.42138671875 0.94189453125 0.0615234375 0.0615234375
0 0.76513671875 0.9306640625 0.0849609375 0.0859375
0 0.9443359375 0.921875 0.09765625 0.09765625