0 0.35009765625 0.14697265625 0.0732421875 0.0732421875
0 0.43798828125 0.21484375 0.0732421875 0.07421875
0 0.54150390625 0.15625 0.0732421875 0.07421875
0 0.54736328125 0.0419921875 0.0732421875 0.07421875
0 0.6435546875 0.0888671875 0.048828125 0.048828125
0 0.06689453125 0.10009765625 0.1103515625 0.1103515625
0 0.923828125 0.3701171875 0.09765625 0.09765625
0 0.9208984375 0.15380859375 0.09765625 0.0986328125
0 0.919921875 0.26318359375 0.09765625 0.0986328125
0 0.8291015625 0.32177734375 0.109375 0.1103515625
0 0.4365234375 0.10791015625 0.09765625 0.0986328125
0 0.34814453125 0.265625 0.0849609375 0.0859375
0 0.53955078125 0.2666015625 0.0849609375 0.0859375
0 0.8203125 0.1015625 0.0859375 0.0859375
0 0.8291015625 0.20458984375 0.09765625 0.0986328125
0 0.732421875 0.27099609375 0.09765625 0.0986328125
0 0.7294921875 0.3818359375 0.0859375 0.0859375
0 0.6328125 0.32421875 0.09765625 0.09765625
0 0.53515625 0.38134765625 0.09765625 0.0986328125
0 0.71923828125 0.146484375 0.0849609375 0.0859375
0 0.6376953125 0.2041015625 0.0859375 0.0859375
0 0.26318359375 0.1015625 0.0849609375 0.0859375
0 0.2568359375 0.2080078125 0.09765625 0.09765625
0 0.25390625 0.31982421875 0.09765625 0.0986328125
0 0.158203125 0.373046875 0.09765625 0.09765625
0 0.154296875 0.26025390625 0.09765625 0.0986328125
0 0.064453125 0.32373046875 0.09765625 0.0986328125
0 0.912109375 0.92626953125 0.09765625 0.0986328125
0 0.82421875 0.87255859375 0.09765625 0.0986328125
0 0.72265625 0.82080078125 0.109375 0.1103515625
0 0.7236328125 0.93359375 0.109375 0.111328125
0 0.6201171875 0.8984375 0.09765625 0.09765625
0 0.5390625 0.92724609375 0.09765625 0.0986328125
0 0.439453125 0.87353515625 0.109375 0.1103515625
0 0.34765625 0.92529296875 0.109375 0.1103515625
0 0.24560546875 0.87451171875 0.1103515625 0.1103515625
0 0.05712890625 0.87548828125 0.1103515625 0.1103515625
0 0.15625 0.92138671875 0.109375 0.1103515625
0 0.9189453125 0.48388671875 0.109375 0.1103515625
0 0.9169921875 0.58935546875 0.09765625 0.0986328125
0 0.9189453125 0.70947265625 0.09765625 0.0986328125
0 0.921875 0.8212890625 0.09765625 0.09765625
0 0.8271484375 0.43408203125 0.09765625 0.0986328125
0 0.8251953125 0.55029296875 0.09765625 0.0986328125
0 0.8271484375 0.6552734375 0.09765625 0.09765625
0 0.8212890625 0.7587890625 0.09765625 0.09765625
0 0.7275390625 0.48974609375 0.09765625 0.0986328125
0 0.724609375 0.5859375 0.109375 0.111328125
0 0.7216796875 0.701171875 0.109375 0.111328125
0 0.626953125 0.76318359375 0.09765625 0.0986328125
0 0.6396484375 0.646484375 0.09765625 0.09765625
0 0.6455078125 0.5380859375 0.0859375 0.0859375
0 0.6357421875 0.42578125 0.09765625 0.09765625
0 0.533203125 0.4833984375 0.109375 0.111328125
0 0.533203125 0.5986328125 0.09765625 0.09765625
0 0.52880859375 0.69970703125 0.1103515625 0.1103515625
0 0.5283203125 0.81201171875 0.09765625 0.0986328125
0 0.439453125 0.76220703125 0.09765625 0.0986328125
0 0.43798828125 0.65771484375 0.1103515625 0.1103515625
0 0.4384765625 0.53857421875 0.09765625 0.0986328125
0 0.43896484375 0.4287109375 0.1103515625 0.111328125
0 0.4404296875 0.3251953125 0.09765625 0.09765625
0 0.349609375 0.37890625 0.09765625 0.09765625
0 0.33984375 0.47021484375 0.09765625 0.0986328125
0 0.34375 0.60009765625 0.09765625 0.0986328125
0 0.345703125 0.70556640625 0.109375 0.1103515625
0 0.3388671875 0.82275390625 0.09765625 0.0986328125
0 0.25 0.77880859375 0.09765625 0.0986328125
0 0.251953125 0.65185546875 0.109375 0.1103515625
0 0.24609375 0.54443359375 0.109375 0.1103515625
0 0.2529296875 0.42724609375 0.109375 0.1103515625
0 0.1591796875 0.60400390625 0.09765625 0.0986328125
0 0.15576171875 0.70068359375 0.1103515625 0.1103515625
0 0.15234375 0.81298828125 0.09765625 0.0986328125
0 0.06640625 0.76220703125 0.109375 0.1103515625
0 0.06640625 0.65087890625 0.09765625 0.0986328125
0 0.06298828125 0.5341796875 0.0849609375 0.0859375
0 0.0693359375 0.43115234375 0.09765625 0.0986328125