0 0.10888671875 0.29931640625 0.0732421875 0.0732421875
0 0.75927734375 0.078125 0.0732421875 0.07421875
0 0.58154296875 0.08349609375 0.0732421875 0.0732421875
0 0.39013671875 0.07763671875 0.0732421875 0.0732421875
0 0.19873046875 0.0703125 0.0732421875 0.07421875
0 0.10400390625 0.40966796875 0.1103515625 0.1103515625
0 0.10693359375 0.5205078125 0.1220703125 0.123046875
0 0.10595703125 0.6328125 0.1220703125 0.123046875
0 0.111328125 0.7373046875 0.109375 0.111328125
0 0.20166015625 0.24853515625 0.0615234375 0.0615234375
0 0.2001953125 0.35498046875 0.09765625 0.0986328125
0 0.19921875 0.46728515625 0.09765625 0.0986328125
0 0.2060546875 0.560546875 0.09765625 0.09765625
0 0.19970703125 0.6875 0.1220703125 0.123046875
0 0.2998046875 0.29736328125 0.09765625 0.0986328125
0 0.2939453125 0.41552734375 0.09765625 0.0986328125
0 0.29345703125 0.51171875 0.1220703125 0.123046875
0 0.29248046875 0.6279296875 0.1220703125 0.123046875
0 0.29248046875 0.7412109375 0.1220703125 0.123046875
0 0.396484375 0.24658203125 0.060546875 0.0615234375
0 0.388671875 0.35302734375 0.09765625 0.0986328125
0 0.388671875 0.46240234375 0.09765625 0.0986328125
0 0.39111328125 0.5791015625 0.1220703125 0.123046875
0 0.38916015625 0.6943359375 0.1220703125 0.123046875
0 0.48583984375 0.30078125 0.0849609375 0.0859375
0 0.4814453125 0.40869140625 0.09765625 0.0986328125
0 0.48486328125 0.52294921875 0.1220703125 0.1220703125
0 0.4892578125 0.63037109375 0.09765625 0.0986328125
0 0.48388671875 0.7412109375 0.1220703125 0.123046875
0 0.578125 0.24755859375 0.060546875 0.0615234375
0 0.5810546875 0.35693359375 0.09765625 0.0986328125
0 0.576171875 0.46923828125 0.09765625 0.0986328125
0 0.5771484375 0.58056640625 0.09765625 0.0986328125
0 0.5810546875 0.68212890625 0.09765625 0.0986328125
0 0.669921875 0.3037109375 0.0859375 0.0859375
0 0.6708984375 0.40771484375 0.09765625 0.0986328125
0 0.6728515625 0.52099609375 0.09765625 0.0986328125
0 0.669921875 0.63427734375 0.09765625 0.0986328125
0 0.67041015625 0.74853515625 0.1220703125 0.1220703125
0 0.76806640625 0.2548828125 0.0361328125 0.037109375
0 0.7685546875 0.353515625 0.09765625 0.09765625
0 0.767578125 0.46240234375 0.109375 0.1103515625
0 0.76513671875 0.5830078125 0.1220703125 0.123046875
0 0.7705078125 0.69287109375 0.109375 0.1103515625
0 0.7646484375 0.80224609375 0.09765625 0.0986328125
0 0.86376953125 0.3125 0.0849609375 0.0859375
0 0.861328125 0.41015625 0.09765625 0.09765625
0 0.85986328125 0.5263671875 0.1103515625 0.111328125
0 0.85595703125 0.638671875 0.1220703125 0.123046875
0 0.8583984375 0.74072265625 0.109375 0.1103515625
0 0.9638671875 0.25927734375 0.060546875 0.0615234375
0 0.9560546875 0.357421875 0.0859375 0.0859375
0 0.8603515625 0.85107421875 0.109375 0.1103515625
0 0.7685546875 0.91357421875 0.09765625 0.0986328125
0 0.6787109375 0.85205078125 0.09765625 0.0986328125
0 0.57958984375 0.79638671875 0.1220703125 0.1220703125
0 0.57958984375 0.90673828125 0.1220703125 0.1220703125
0 0.47998046875 0.8525390625 0.1220703125 0.123046875
0 0.38916015625 0.7939453125 0.1220703125 0.123046875
0 0.39453125 0.90283203125 0.09765625 0.0986328125
0 0.29443359375 0.849609375 0.1220703125 0.123046875
0 0.205078125 0.7861328125 0.09765625 0.09765625
0 0.1962890625 0.904296875 0.09765625 0.09765625
0 0.10546875 0.8515625 0.09765625 0.09765625