0 0.51171875 0.57666015625 0.109375 0.1103515625
0 0.12841796875 0.13916015625 0.1103515625 0.1103515625
0 0.2255859375 0.08447265625 0.09765625 0.0986328125
0 0.2275390625 0.20068359375 0.09765625 0.0986328125
0 0.3251953125 0.14404296875 0.09765625 0.0986328125
0 0.416015625 0.0908203125 0.109375 0.111328125
0 0.412109375 0.19677734375 0.109375 0.1103515625
0 0.51123046875 0.140625 0.1103515625 0.111328125
0 0.60546875 0.08251953125 0.109375 0.1103515625
0 0.7021484375 0.13818359375 0.109375 0.1103515625
0 0.79638671875 0.08837890625 0.1103515625 0.1103515625
0 0.798828125 0.19384765625 0.109375 0.1103515625
0 0.89697265625 0.13671875 0.0849609375 0.0859375
0 0.8994140625 0.24755859375 0.09765625 0.0986328125
0 0.90234375 0.35546875 0.0859375 0.0859375
0 0.8916015625 0.46875 0.09765625 0.09765625
0 0.8955078125 0.5849609375 0.09765625 0.09765625
0 0.7978515625 0.30615234375 0.109375 0.1103515625
0 0.7998046875 0.41015625 0.109375 0.111328125
0 0.8017578125 0.5244140625 0.109375 0.111328125
0 0.79638671875 0.6240234375 0.1103515625 0.111328125
0 0.7001953125 0.25048828125 0.109375 0.1103515625
0 0.70166015625 0.361328125 0.1103515625 0.111328125
0 0.69873046875 0.46875 0.1103515625 0.111328125
0 0.70361328125 0.57568359375 0.1103515625 0.1103515625
0 0.60205078125 0.1943359375 0.1103515625 0.111328125
0 0.60400390625 0.3017578125 0.1103515625 0.111328125
0 0.60791015625 0.41943359375 0.1103515625 0.1103515625
0 0.6123046875 0.52392578125 0.109375 0.1103515625
0 0.51416015625 0.2578125 0.1103515625 0.111328125
0 0.5126953125 0.36279296875 0.09765625 0.0986328125
0 0.509765625 0.46923828125 0.109375 0.1103515625
0 0.4169921875 0.30517578125 0.09765625 0.0986328125
0 0.412109375 0.41650390625 0.109375 0.1103515625
0 0.416015625 0.52099609375 0.109375 0.1103515625
0 0.4189453125 0.63427734375 0.048828125 0.0498046875
0 0.5107421875 0.68896484375 0.048828125 0.0498046875
0 0.60546875 0.626953125 0.048828125 0.048828125
0 0.3173828125 0.24951171875 0.109375 0.1103515625
0 0.32275390625 0.36474609375 0.1103515625 0.1103515625
0 0.32275390625 0.47509765625 0.1103515625 0.1103515625
0 0.32568359375 0.58740234375 0.1103515625 0.1103515625
0 0.32470703125 0.693359375 0.0849609375 0.0859375
0 0.2275390625 0.30224609375 0.09765625 0.0986328125
0 0.22314453125 0.41259765625 0.1103515625 0.1103515625
0 0.228515625 0.52392578125 0.09765625 0.0986328125
0 0.1337890625 0.25341796875 0.109375 0.1103515625
0 0.130859375 0.36181640625 0.109375 0.1103515625
0 0.1357421875 0.47119140625 0.109375 0.1103515625
0 0.134765625 0.57568359375 0.109375 0.1103515625
0 0.13623046875 0.697265625 0.0732421875 0.07421875
0 0.1337890625 0.80126953125 0.0859375 0.0869140625
0 0.22021484375 0.74658203125 0.0732421875 0.0732421875
0 0.32568359375 0.79541015625 0.1103515625 0.1103515625
0 0.416015625 0.74658203125 0.109375 0.1103515625
0 0.5126953125 0.7958984375 0.109375 0.111328125
0 0.615234375 0.8544921875 0.0859375 0.0859375
0 0.60888671875 0.7421875 0.0849609375 0.0859375
0 0.70556640625 0.693359375 0.0849609375 0.0859375
0 0.70263671875 0.7998046875 0.0849609375 0.0859375
0 0.7099609375 0.9072265625 0.09765625 0.09765625
0 0.79931640625 0.74169921875 0.0732421875 0.0732421875
0 0.80224609375 0.853515625 0.0849609375 0.0859375
0 0.8876953125 0.68798828125 0.09765625 0.0986328125
0 0.8935546875 0.79736328125 0.09765625 0.0986328125
0 0.888671875 0.91259765625 0.09765625 0.0986328125