0 0.68505859375 0.19091796875 0.0732421875 0.0732421875
0 0.93701171875 0.86962890625 0.1103515625 0.1103515625
0 0.8505859375 0.80810546875 0.09765625 0.0986328125
0 0.8505859375 0.91748046875 0.109375 0.1103515625
0 0.751953125 0.8564453125 0.09765625 0.09765625
0 0.65673828125 0.9228515625 0.0849609375 0.0859375
0 0.5595703125 0.93798828125 0.09765625 0.0986328125
0 0.5595703125 0.84814453125 0.109375 0.1103515625
0 0.4677734375 0.80810546875 0.09765625 0.0986328125
0 0.4716796875 0.92529296875 0.109375 0.1103515625
0 0.1943359375 0.8583984375 0.048828125 0.048828125
0 0.36962890625 0.87158203125 0.0849609375 0.0869140625
0 0.28173828125 0.9169921875 0.0849609375 0.0859375
0 0.099609375 0.919921875 0.048828125 0.048828125
0 0.1875 0.96630859375 0.048828125 0.0498046875
0 0.56689453125 0.23486328125 0.0615234375 0.0615234375
0 0.95458984375 0.1484375 0.0849609375 0.0859375
0 0.94921875 0.25634765625 0.09765625 0.0986328125
0 0.94921875 0.357421875 0.09765625 0.09765625
0 0.8525390625 0.52880859375 0.109375 0.1103515625
0 0.853515625 0.41455078125 0.09765625 0.0986328125
0 0.8642578125 0.298828125 0.109375 0.111328125
0 0.85546875 0.19775390625 0.109375 0.1103515625
0 0.86572265625 0.07275390625 0.1103515625 0.1103515625
0 0.76220703125 0.14404296875 0.1103515625 0.1103515625
0 0.7724609375 0.2568359375 0.0859375 0.0859375
0 0.4873046875 0.087890625 0.09765625 0.09765625
0 0.6796875 0.0693359375 0.0859375 0.0859375
0 0.6806640625 0.3154296875 0.09765625 0.09765625
0 0.66259765625 0.41552734375 0.1103515625 0.1103515625
0 0.65966796875 0.50146484375 0.1103515625 0.1103515625
0 0.7646484375 0.5107421875 0.109375 0.111328125
0 0.755859375 0.36669921875 0.09765625 0.0986328125
0 0.56396484375 0.32568359375 0.0732421875 0.0732421875
0 0.568359375 0.43115234375 0.09765625 0.0986328125
0 0.56396484375 0.53955078125 0.1103515625 0.1103515625
0 0.48046875 0.5 0.09765625 0.09765625
0 0.4853515625 0.42236328125 0.09765625 0.0986328125
0 0.3955078125 0.1396484375 0.09765625 0.09765625
0 0.296875 0.1015625 0.0859375 0.0859375
0 0.29931640625 0.19384765625 0.1103515625 0.1103515625
0 0.2919921875 0.30615234375 0.09765625 0.0986328125
0 0.38330078125 0.44677734375 0.0732421875 0.0732421875
0 0.3896484375 0.54541015625 0.09765625 0.0986328125
0 0.20263671875 0.13916015625 0.1103515625 0.1103515625
0 0.20654296875 0.24755859375 0.1103515625 0.1103515625
0 0.205078125 0.35693359375 0.109375 0.1103515625
0 0.2021484375 0.47509765625 0.09765625 0.0986328125
0 0.1015625 0.09130859375 0.09765625 0.0986328125
0 0.0966796875 0.20068359375 0.09765625 0.0986328125
0 0.0927734375 0.30615234375 0.09765625 0.0986328125
0 0.10400390625 0.4150390625 0.0849609375 0.0859375