0 0.6703125 0.4921875 0.071875 0.071875
0 0.57265625 0.32421875 0.0609375 0.0609375
0 0.66796875 0.37109375 0.0609375 0.0609375
0 0.759375 0.33125 0.059375 0.059375
0 0.39453125 0.32734375 0.0609375 0.0609375
0 0.67265625 0.81796875 0.0859375 0.0859375
0 0.865625 0.8203125 0.071875 0.071875
0 0.9609375 0.875 0.071875 0.071875
0 0.10625 0.38671875 0.096875 0.0984375
0 0.10625 0.4921875 0.096875 0.096875
0 0.109375 0.6 0.096875 0.096875
0 0.109375 0.70859375 0.109375 0.1109375
0 0.1109375 0.81953125 0.096875 0.0984375
0 0.2015625 0.3375 0.109375 0.109375
0 0.2046875 0.44453125 0.096875 0.0984375
0 0.20625 0.54765625 0.096875 0.0984375
0 0.196875 0.66015625 0.109375 0.1109375
0 0.2 0.76484375 0.109375 0.1109375
0 0.2078125 0.86171875 0.109375 0.1109375
0 0.2953125 0.38359375 0.096875 0.0984375
0 0.296875 0.48671875 0.096875 0.0984375
0 0.2984375 0.6015625 0.109375 0.109375
0 0.296875 0.7078125 0.096875 0.096875
0 0.2984375 0.821875 0.096875 0.096875
0 0.3890625 0.43984375 0.096875 0.0984375
0 0.3921875 0.54609375 0.096875 0.0984375
0 0.390625 0.65625 0.109375 0.109375
0 0.390625 0.76484375 0.096875 0.0984375
0 0.484375 0.37890625 0.096875 0.0984375
0 0.48671875 0.49453125 0.0859375 0.0859375
0 0.4828125 0.60546875 0.084375 0.0859375
0 0.484375 0.71328125 0.084375 0.0859375
0 0.484375 0.82109375 0.071875 0.0734375
0 0.57890625 0.43828125 0.0859375 0.0859375
0 0.57578125 0.54921875 0.0859375 0.0859375
0 0.5765625 0.65625 0.071875 0.071875
0 0.578125 0.76875 0.071875 0.071875
0 0.67421875 0.61328125 0.0859375 0.0859375
0 0.67265625 0.71328125 0.0859375 0.0859375
0 0.76875 0.434375 0.096875 0.096875
0 0.7671875 0.54453125 0.084375 0.0859375
0 0.765625 0.65703125 0.084375 0.0859375
0 0.7671875 0.76484375 0.084375 0.0859375
0 0.859375 0.37734375 0.071875 0.0734375
0 0.95390625 0.43203125 0.0859375 0.0859375
0 0.959375 0.54453125 0.071875 0.0734375
0 0.865625 0.4875 0.096875 0.096875
0 0.865625 0.5984375 0.096875 0.096875
0 0.86328125 0.71328125 0.0609375 0.0609375
0 0.77109375 0.87578125 0.0859375 0.0859375
0 0.5828125 0.87109375 0.096875 0.0984375
0 0.95546875 0.65703125 0.0859375 0.0859375
0 0.8578125 0.9296875 0.071875 0.071875
0 0.66875 0.93359375 0.096875 0.0984375
0 0.4875 0.9265625 0.096875 0.096875
0 0.390625 0.87734375 0.109375 0.1109375
0 0.2953125 0.9296875 0.096875 0.096875
0 0.103125 0.93046875 0.096875 0.0984375