0 0.865234375 0.13232421875 0.09765625 0.0986328125
0 0.76953125 0.07861328125 0.09765625 0.0986328125
0 0.583984375 0.07763671875 0.109375 0.1103515625
0 0.39794921875 0.0751953125 0.1103515625 0.111328125
0 0.216796875 0.07177734375 0.109375 0.1103515625
0 0.115234375 0.123046875 0.0859375 0.0859375
0 0.11767578125 0.22509765625 0.1103515625 0.1103515625
0 0.11572265625 0.34033203125 0.1103515625 0.1103515625
0 0.1103515625 0.44873046875 0.09765625 0.0986328125
0 0.11279296875 0.55859375 0.0849609375 0.0859375
0 0.11328125 0.671875 0.09765625 0.09765625
0 0.2119140625 0.18408203125 0.109375 0.1103515625
0 0.2138671875 0.28369140625 0.109375 0.1103515625
0 0.2041015625 0.39599609375 0.09765625 0.0986328125
0 0.20947265625 0.50830078125 0.1103515625 0.1103515625
0 0.20166015625 0.61474609375 0.1103515625 0.1103515625
0 0.29248046875 0.12744140625 0.1103515625 0.1103515625
0 0.30078125 0.24365234375 0.109375 0.1103515625
0 0.3017578125 0.35205078125 0.109375 0.1103515625
0 0.3017578125 0.45458984375 0.09765625 0.0986328125
0 0.306640625 0.57080078125 0.109375 0.1103515625
0 0.39306640625 0.18798828125 0.1103515625 0.1103515625
0 0.39697265625 0.29248046875 0.1103515625 0.1103515625
0 0.39404296875 0.40380859375 0.1103515625 0.1103515625
0 0.392578125 0.51513671875 0.109375 0.1103515625
0 0.3935546875 0.62451171875 0.109375 0.1103515625
0 0.4853515625 0.1220703125 0.109375 0.111328125
0 0.4892578125 0.234375 0.109375 0.111328125
0 0.4873046875 0.34423828125 0.09765625 0.0986328125
0 0.49462890625 0.45654296875 0.1103515625 0.1103515625
0 0.48681640625 0.56396484375 0.1103515625 0.1103515625
0 0.58203125 0.1875 0.109375 0.111328125
0 0.5791015625 0.29296875 0.109375 0.111328125
0 0.5810546875 0.3994140625 0.09765625 0.09765625
0 0.580078125 0.50830078125 0.109375 0.1103515625
0 0.580078125 0.62841796875 0.09765625 0.0986328125
0 0.677734375 0.13623046875 0.09765625 0.0986328125
0 0.67236328125 0.234375 0.1103515625 0.111328125
0 0.6767578125 0.3447265625 0.109375 0.111328125
0 0.673828125 0.45703125 0.109375 0.111328125
0 0.67578125 0.57177734375 0.109375 0.1103515625
0 0.77392578125 0.404296875 0.1103515625 0.111328125
0 0.77587890625 0.4873046875 0.0732421875 0.07421875
0 0.765625 0.626953125 0.09765625 0.09765625
0 0.865234375 0.23876953125 0.109375 0.1103515625
0 0.865234375 0.4541015625 0.09765625 0.09765625
0 0.8623046875 0.5634765625 0.09765625 0.09765625
0 0.86181640625 0.658203125 0.1103515625 0.111328125
0 0.8720703125 0.77880859375 0.09765625 0.0986328125
0 0.8623046875 0.89892578125 0.060546875 0.0615234375
0 0.7724609375 0.72900390625 0.09765625 0.0986328125
0 0.7763671875 0.84521484375 0.09765625 0.0986328125
0 0.6748046875 0.67529296875 0.09765625 0.0986328125
0 0.67578125 0.78466796875 0.09765625 0.0986328125
0 0.67626953125 0.90087890625 0.0732421875 0.0732421875
0 0.58544921875 0.73486328125 0.1103515625 0.1103515625
0 0.578125 0.83251953125 0.09765625 0.0986328125
0 0.48876953125 0.68212890625 0.1103515625 0.1103515625
0 0.490234375 0.79052734375 0.109375 0.1103515625
0 0.490234375 0.90771484375 0.09765625 0.0986328125
0 0.3955078125 0.73193359375 0.109375 0.1103515625
0 0.3916015625 0.84130859375 0.109375 0.1103515625
0 0.30419921875 0.68115234375 0.1103515625 0.1103515625
0 0.29541015625 0.77783203125 0.1103515625 0.1103515625
0 0.298828125 0.8896484375 0.09765625 0.09765625
0 0.20654296875 0.73095703125 0.1103515625 0.1103515625
0 0.20849609375 0.84765625 0.1103515625 0.111328125
0 0.1103515625 0.7841796875 0.109375 0.111328125
0 0.109375 0.90380859375 0.060546875 0.0615234375