0 0.52392578125 0.44189453125 0.0615234375 0.0615234375
0 0.79541015625 0.39501953125 0.0615234375 0.0615234375
0 0.6015625 0.29052734375 0.060546875 0.0615234375
0 0.23583984375 0.3759765625 0.0732421875 0.07421875
0 0.52001953125 0.3349609375 0.0732421875 0.07421875
0 0.06103515625 0.9560546875 0.0732421875 0.07421875
0 0.05908203125 0.8701171875 0.0732421875 0.07421875
0 0.13916015625 0.90283203125 0.0732421875 0.0732421875
0 0.14111328125 0.80517578125 0.0732421875 0.0732421875
0 0.04345703125 0.380859375 0.0361328125 0.037109375
0 0.140625 0.21337890625 0.048828125 0.0498046875
0 0.236328125 0.171875 0.048828125 0.048828125
0 0.2412109375 0.26171875 0.048828125 0.048828125
0 0.3173828125 0.31787109375 0.060546875 0.0615234375
0 0.41943359375 0.28271484375 0.0361328125 0.0361328125
0 0.14404296875 0.32373046875 0.0615234375 0.0615234375
0 0.13671875 0.0966796875 0.0859375 0.0859375
0 0.2373046875 0.0576171875 0.09765625 0.09765625
0 0.32373046875 0.4365234375 0.0849609375 0.0859375
0 0.421875 0.3935546875 0.0859375 0.0859375
0 0.60546875 0.3896484375 0.048828125 0.048828125
0 0.32421875 0.1083984375 0.09765625 0.09765625
0 0.31494140625 0.2265625 0.0849609375 0.0859375
0 0.41552734375 0.1826171875 0.1103515625 0.111328125
0 0.513671875 0.23046875 0.0859375 0.0859375
0 0.51171875 0.10986328125 0.09765625 0.0986328125
0 0.60986328125 0.060546875 0.1103515625 0.111328125
0 0.6015625 0.17529296875 0.109375 0.1103515625
0 0.69482421875 0.22216796875 0.1103515625 0.1103515625
0 0.70263671875 0.33642578125 0.1103515625 0.1103515625
0 0.7041015625 0.119140625 0.109375 0.111328125
0 0.79443359375 0.29248046875 0.1103515625 0.1103515625
0 0.79443359375 0.177734375 0.1103515625 0.111328125
0 0.7919921875 0.05908203125 0.109375 0.1103515625
0 0.8857421875 0.35107421875 0.109375 0.1103515625
0 0.888671875 0.244140625 0.109375 0.111328125
0 0.8876953125 0.1376953125 0.09765625 0.09765625
0 0.07568359375 0.77099609375 0.0615234375 0.0615234375
0 0.322265625 0.8173828125 0.0859375 0.0859375
0 0.23974609375 0.849609375 0.0849609375 0.0859375
0 0.31689453125 0.92236328125 0.1103515625 0.1103515625
0 0.4140625 0.86767578125 0.09765625 0.0986328125
0 0.41943359375 0.759765625 0.0849609375 0.0859375
0 0.49560546875 0.80419921875 0.0849609375 0.0869140625
0 0.505859375 0.9091796875 0.0859375 0.0859375
0 0.6103515625 0.85498046875 0.109375 0.1103515625
0 0.5986328125 0.7509765625 0.09765625 0.09765625
0 0.701171875 0.93310546875 0.09765625 0.0986328125
0 0.69580078125 0.814453125 0.0849609375 0.0859375
0 0.78515625 0.7685546875 0.0859375 0.0859375
0 0.7900390625 0.8681640625 0.09765625 0.09765625
0 0.88330078125 0.8134765625 0.0849609375 0.0859375
0 0.8857421875 0.91650390625 0.09765625 0.0986328125