0 0.30224609375 0.07666015625 0.1103515625 0.1103515625
0 0.40380859375 0.07568359375 0.1103515625 0.1103515625
0 0.52587890625 0.08203125 0.1103515625 0.109375
0 0.63037109375 0.08251953125 0.1103515625 0.1103515625
0 0.73583984375 0.08740234375 0.1103515625 0.1103515625
0 0.86669921875 0.09033203125 0.1103515625 0.1103515625
0 0.89306640625 0.1796875 0.0986328125 0.09765625
0 0.79248046875 0.18701171875 0.1103515625 0.1103515625
0 0.68310546875 0.1767578125 0.1103515625 0.109375
0 0.57421875 0.169921875 0.111328125 0.109375
0 0.46875 0.16748046875 0.111328125 0.1103515625
0 0.35986328125 0.17626953125 0.1103515625 0.1103515625
0 0.25048828125 0.1728515625 0.0986328125 0.09765625
0 0.29541015625 0.2666015625 0.1103515625 0.109375
0 0.40478515625 0.26025390625 0.1103515625 0.1103515625
0 0.50634765625 0.27978515625 0.1103515625 0.1103515625
0 0.62744140625 0.2734375 0.1103515625 0.109375
0 0.73779296875 0.2724609375 0.1103515625 0.109375
0 0.8525390625 0.27783203125 0.111328125 0.1103515625
0 0.90576171875 0.373046875 0.0986328125 0.09765625
0 0.78955078125 0.369140625 0.1103515625 0.109375
0 0.67822265625 0.373046875 0.0986328125 0.09765625
0 0.5791015625 0.3662109375 0.09765625 0.09765625
0 0.24609375 0.3623046875 0.111328125 0.109375
0 0.35302734375 0.35986328125 0.1103515625 0.1103515625
0 0.46728515625 0.3603515625 0.0986328125 0.09765625
0 0.29052734375 0.46435546875 0.1103515625 0.1103515625
0 0.40869140625 0.46337890625 0.1103515625 0.1103515625
0 0.51806640625 0.44921875 0.1103515625 0.109375
0 0.6259765625 0.46728515625 0.111328125 0.1103515625
0 0.74072265625 0.47021484375 0.1103515625 0.1103515625
0 0.845703125 0.4677734375 0.111328125 0.109375
0 0.24072265625 0.54833984375 0.1103515625 0.1103515625
0 0.35498046875 0.55517578125 0.1103515625 0.1103515625
0 0.46337890625 0.5537109375 0.1103515625 0.109375
0 0.56494140625 0.55126953125 0.1103515625 0.1103515625
0 0.66455078125 0.55810546875 0.1103515625 0.1103515625
0 0.771484375 0.560546875 0.111328125 0.109375
0 0.888671875 0.5673828125 0.09765625 0.09765625
0 0.28564453125 0.6435546875 0.0986328125 0.09765625
0 0.41162109375 0.64453125 0.0986328125 0.09765625
0 0.51318359375 0.640625 0.1103515625 0.109375
0 0.61572265625 0.6513671875 0.0986328125 0.09765625
0 0.74462890625 0.66064453125 0.1103515625 0.1103515625
0 0.81884765625 0.6552734375 0.1103515625 0.109375
0 0.89404296875 0.75 0.1103515625 0.109375
0 0.7822265625 0.75 0.09765625 0.09765625
0 0.66650390625 0.75 0.0986328125 0.09765625
0 0.56103515625 0.7392578125 0.1103515625 0.109375
0 0.45849609375 0.740234375 0.0986328125 0.09765625
0 0.34765625 0.7470703125 0.09765625 0.09765625
0 0.2333984375 0.736328125 0.09765625 0.09765625
0 0.2890625 0.8359375 0.111328125 0.109375
0 0.40087890625 0.8369140625 0.1103515625 0.109375
0 0.51123046875 0.84130859375 0.1103515625 0.1103515625
0 0.61572265625 0.84619140625 0.1103515625 0.1103515625
0 0.71728515625 0.84130859375 0.1103515625 0.1103515625
0 0.84033203125 0.85302734375 0.1103515625 0.1103515625
0 0.88720703125 0.939453125 0.0986328125 0.09765625
0 0.76611328125 0.939453125 0.0986328125 0.09765625
0 0.66357421875 0.939453125 0.0986328125 0.09765625
0 0.2236328125 0.9287109375 0.0859375 0.0859375
0 0.34228515625 0.93798828125 0.1103515625 0.1103515625
0 0.4462890625 0.935546875 0.0859375 0.0859375
0 0.56103515625 0.9306640625 0.0986328125 0.09765625
0 0.0625 0.54345703125 0.0859375 0.0849609375