0 0.2998046875 0.294921875 0.0859375 0.0859375
0 0.30419921875 0.10107421875 0.0732421875 0.0732421875
0 0.521484375 0.10791015625 0.0859375 0.0849609375
0 0.63818359375 0.10302734375 0.0732421875 0.0732421875
0 0.0830078125 0.8583984375 0.09765625 0.09765625
0 0.19140625 0.85693359375 0.111328125 0.1103515625
0 0.30126953125 0.8564453125 0.0986328125 0.09765625
0 0.142578125 0.76953125 0.111328125 0.109375
0 0.2470703125 0.76708984375 0.111328125 0.1103515625
0 0.34375 0.75927734375 0.111328125 0.1103515625
0 0.08447265625 0.66796875 0.1103515625 0.109375
0 0.19140625 0.6708984375 0.09765625 0.09765625
0 0.3056640625 0.6689453125 0.09765625 0.09765625
0 0.13916015625 0.57666015625 0.1103515625 0.1103515625
0 0.24658203125 0.5771484375 0.0986328125 0.09765625
0 0.087890625 0.48486328125 0.0859375 0.0849609375
0 0.1953125 0.48193359375 0.0859375 0.0849609375
0 0.3037109375 0.48193359375 0.07421875 0.0732421875
0 0.14013671875 0.39013671875 0.0732421875 0.0732421875
0 0.25146484375 0.38818359375 0.0732421875 0.0732421875
0 0.095703125 0.29296875 0.0859375 0.0859375
0 0.19580078125 0.2958984375 0.0869140625 0.0859375
0 0.1396484375 0.20068359375 0.0859375 0.0849609375
0 0.2470703125 0.19970703125 0.0859375 0.0849609375
0 0.08203125 0.1015625 0.09765625 0.09765625
0 0.19580078125 0.10498046875 0.0615234375 0.0615234375
0 0.35888671875 0.1962890625 0.0869140625 0.0859375
0 0.35302734375 0.3837890625 0.0986328125 0.09765625
0 0.41259765625 0.10888671875 0.0732421875 0.0732421875
0 0.744140625 0.10546875 0.0859375 0.0859375
0 0.85546875 0.1044921875 0.09765625 0.09765625
0 0.4697265625 0.201171875 0.0859375 0.0859375
0 0.58154296875 0.205078125 0.0986328125 0.09765625
0 0.689453125 0.2021484375 0.0859375 0.0859375
0 0.7958984375 0.2021484375 0.09765625 0.09765625
0 0.41650390625 0.2978515625 0.0986328125 0.09765625
0 0.52392578125 0.2978515625 0.0986328125 0.09765625
0 0.638671875 0.29541015625 0.0859375 0.0849609375
0 0.7470703125 0.29248046875 0.0859375 0.0849609375
0 0.8515625 0.2939453125 0.09765625 0.09765625
0 0.46533203125 0.3896484375 0.0986328125 0.09765625
0 0.578125 0.38671875 0.09765625 0.09765625
0 0.697265625 0.39013671875 0.0859375 0.0849609375
0 0.7998046875 0.3916015625 0.09765625 0.09765625
0 0.41015625 0.4794921875 0.09765625 0.09765625
0 0.5302734375 0.482421875 0.0859375 0.0859375
0 0.638671875 0.47998046875 0.07421875 0.0732421875
0 0.7470703125 0.48193359375 0.07421875 0.0732421875
0 0.85888671875 0.48974609375 0.0732421875 0.0732421875
0 0.359375 0.5771484375 0.111328125 0.109375
0 0.470703125 0.578125 0.09765625 0.09765625
0 0.583984375 0.57421875 0.09765625 0.09765625
0 0.689453125 0.57373046875 0.0859375 0.0849609375
0 0.79833984375 0.572265625 0.0986328125 0.09765625
0 0.4130859375 0.671875 0.09765625 0.09765625
0 0.52392578125 0.671875 0.0986328125 0.09765625
0 0.634765625 0.66943359375 0.0859375 0.0849609375
0 0.74658203125 0.6708984375 0.0986328125 0.09765625
0 0.86083984375 0.6708984375 0.0986328125 0.09765625
0 0.47216796875 0.76513671875 0.1103515625 0.1103515625
0 0.57958984375 0.76318359375 0.1103515625 0.1103515625
0 0.6904296875 0.7666015625 0.0859375 0.0859375
0 0.79931640625 0.7646484375 0.0986328125 0.09765625
0 0.41357421875 0.86328125 0.0986328125 0.09765625
0 0.52294921875 0.8662109375 0.0986328125 0.09765625
0 0.63623046875 0.857421875 0.0986328125 0.09765625
0 0.74365234375 0.8564453125 0.0986328125 0.09765625
0 0.85498046875 0.859375 0.0986328125 0.09765625
0 0.90771484375 0.7646484375 0.1103515625 0.109375
0 0.9130859375 0.57666015625 0.07421875 0.0732421875
0 0.90771484375 0.38671875 0.0986328125 0.09765625
0 0.91064453125 0.2001953125 0.0869140625 0.0859375