0 0.85400390625 0.06884765625 0.0732421875 0.0732421875
0 0.86083984375 0.5166015625 0.0849609375 0.0859375
0 0.85546875 0.6455078125 0.0859375 0.0859375
0 0.85546875 0.755859375 0.0859375 0.0859375
0 0.85546875 0.86181640625 0.09765625 0.0986328125
0 0.7626953125 0.5791015625 0.0859375 0.0859375
0 0.74609375 0.68994140625 0.09765625 0.0986328125
0 0.751953125 0.80029296875 0.109375 0.1103515625
0 0.75439453125 0.908203125 0.0849609375 0.0859375
0 0.6650390625 0.94873046875 0.09765625 0.0986328125
0 0.66015625 0.853515625 0.09765625 0.09765625
0 0.666015625 0.74169921875 0.09765625 0.0986328125
0 0.67333984375 0.63134765625 0.1103515625 0.1103515625
0 0.6748046875 0.51806640625 0.09765625 0.0986328125
0 0.57421875 0.58544921875 0.09765625 0.0986328125
0 0.564453125 0.68310546875 0.09765625 0.0986328125
0 0.5673828125 0.80029296875 0.109375 0.1103515625
0 0.56982421875 0.8994140625 0.0849609375 0.0859375
0 0.47265625 0.85205078125 0.09765625 0.0986328125
0 0.4755859375 0.73876953125 0.09765625 0.0986328125
0 0.482421875 0.634765625 0.09765625 0.09765625
0 0.478515625 0.53466796875 0.109375 0.1103515625
0 0.3798828125 0.57763671875 0.09765625 0.0986328125
0 0.3798828125 0.68798828125 0.109375 0.1103515625
0 0.38134765625 0.78955078125 0.1103515625 0.1103515625
0 0.37890625 0.90380859375 0.09765625 0.0986328125
0 0.287109375 0.84814453125 0.09765625 0.0986328125
0 0.28125 0.74267578125 0.09765625 0.0986328125
0 0.2822265625 0.62060546875 0.09765625 0.0986328125
0 0.28564453125 0.5205078125 0.0849609375 0.0859375
0 0.19140625 0.56982421875 0.09765625 0.0986328125
0 0.19384765625 0.68505859375 0.1103515625 0.1103515625
0 0.1884765625 0.7919921875 0.109375 0.111328125
0 0.1845703125 0.90283203125 0.09765625 0.0986328125
0 0.087890625 0.84228515625 0.109375 0.1103515625
0 0.1005859375 0.73095703125 0.09765625 0.0986328125
0 0.0966796875 0.61865234375 0.09765625 0.0986328125
0 0.095703125 0.51318359375 0.09765625 0.0986328125
0 0.6689453125 0.0947265625 0.0859375 0.0859375
0 0.76220703125 0.0400390625 0.0732421875 0.07421875
0 0.1064453125 0.07177734375 0.09765625 0.0986328125
0 0.19921875 0.1201171875 0.09765625 0.09765625
0 0.296875 0.07763671875 0.09765625 0.0986328125
0 0.4814453125 0.083984375 0.109375 0.111328125
0 0.09765625 0.201171875 0.09765625 0.09765625
0 0.103515625 0.30810546875 0.09765625 0.0986328125
0 0.103515625 0.39404296875 0.09765625 0.0986328125
0 0.197265625 0.46044921875 0.09765625 0.0986328125
0 0.1982421875 0.35302734375 0.109375 0.1103515625
0 0.19921875 0.2412109375 0.09765625 0.09765625
0 0.28515625 0.197265625 0.09765625 0.09765625
0 0.29296875 0.412109375 0.09765625 0.09765625
0 0.2880859375 0.298828125 0.09765625 0.09765625
0 0.3798828125 0.4619140625 0.09765625 0.09765625
0 0.3798828125 0.34765625 0.09765625 0.09765625
0 0.3876953125 0.2373046875 0.09765625 0.09765625
0 0.38818359375 0.13623046875 0.1103515625 0.1103515625
0 0.4765625 0.18701171875 0.09765625 0.0986328125
0 0.47900390625 0.29931640625 0.1103515625 0.1103515625
0 0.47900390625 0.421875 0.1103515625 0.111328125
0 0.5703125 0.357421875 0.0859375 0.0859375
0 0.5732421875 0.4912109375 0.09765625 0.09765625
0 0.666015625 0.41357421875 0.109375 0.1103515625
0 0.6669921875 0.29052734375 0.09765625 0.0986328125
0 0.66748046875 0.19580078125 0.0849609375 0.0869140625
0 0.75634765625 0.1240234375 0.0849609375 0.0859375
0 0.76220703125 0.24755859375 0.1103515625 0.1103515625
0 0.76123046875 0.35693359375 0.1103515625 0.1103515625
0 0.7607421875 0.46728515625 0.09765625 0.0986328125
0 0.8603515625 0.40869140625 0.09765625 0.0986328125
0 0.8583984375 0.29833984375 0.09765625 0.0986328125
0 0.859375 0.1943359375 0.0859375 0.0859375
0 0.9541015625 0.3583984375 0.0859375 0.0859375
0 0.955078125 0.46484375 0.0859375 0.0859375
0 0.5703125 0.23486328125 0.109375 0.1103515625
0 0.5751953125 0.14404296875 0.109375 0.1103515625