0 0.43701171875 0.208984375 0.0732421875 0.07421875
0 0.52490234375 0.1494140625 0.0732421875 0.07421875
0 0.24853515625 0.71337890625 0.0732421875 0.0732421875
0 0.82763671875 0.59716796875 0.0732421875 0.0732421875
0 0.73291015625 0.5546875 0.0732421875 0.07421875
0 0.912109375 0.14697265625 0.09765625 0.0986328125
0 0.9130859375 0.26611328125 0.09765625 0.0986328125
0 0.91748046875 0.3681640625 0.0732421875 0.07421875
0 0.8212890625 0.09716796875 0.09765625 0.0986328125
0 0.8203125 0.21142578125 0.09765625 0.0986328125
0 0.8203125 0.31640625 0.0859375 0.0859375
0 0.720703125 0.15380859375 0.09765625 0.0986328125
0 0.72705078125 0.2578125 0.0849609375 0.0859375
0 0.7236328125 0.365234375 0.09765625 0.09765625
0 0.62353515625 0.0927734375 0.0849609375 0.0859375
0 0.62548828125 0.2021484375 0.0849609375 0.0859375
0 0.6318359375 0.31640625 0.09765625 0.09765625
0 0.53173828125 0.255859375 0.0732421875 0.07421875
0 0.52734375 0.35986328125 0.060546875 0.0615234375
0 0.443359375 0.0927734375 0.0859375 0.0859375
0 0.0546875 0.0927734375 0.0859375 0.0859375
0 0.1513671875 0.05078125 0.09765625 0.09765625
0 0.24462890625 0.087890625 0.0849609375 0.0859375
0 0.3486328125 0.134765625 0.09765625 0.09765625
0 0.43798828125 0.2958984375 0.0732421875 0.07421875
0 0.3447265625 0.25 0.09765625 0.09765625
0 0.33837890625 0.34375 0.0732421875 0.07421875
0 0.25048828125 0.2041015625 0.0849609375 0.0859375
0 0.25048828125 0.30322265625 0.0732421875 0.0732421875
0 0.1484375 0.26611328125 0.09765625 0.0986328125
0 0.154296875 0.15234375 0.0859375 0.0859375
0 0.0576171875 0.2021484375 0.0859375 0.0859375
0 0.0546875 0.30126953125 0.0859375 0.0869140625
0 0.04541015625 0.50927734375 0.0732421875 0.0732421875
0 0.04931640625 0.58544921875 0.0732421875 0.0732421875
0 0.048828125 0.69580078125 0.060546875 0.0615234375
0 0.056640625 0.8017578125 0.0859375 0.0859375
0 0.0556640625 0.9365234375 0.09765625 0.09765625
0 0.14501953125 0.52392578125 0.0732421875 0.0732421875
0 0.14794921875 0.65087890625 0.0732421875 0.0732421875
0 0.15380859375 0.77783203125 0.0732421875 0.0732421875
0 0.154296875 0.87744140625 0.109375 0.1103515625
0 0.24267578125 0.59375 0.1220703125 0.123046875
0 0.24853515625 0.82421875 0.0849609375 0.0859375
0 0.24658203125 0.93603515625 0.1103515625 0.1103515625
0 0.3447265625 0.54638671875 0.09765625 0.0986328125
0 0.34716796875 0.6533203125 0.1220703125 0.123046875
0 0.349609375 0.76611328125 0.109375 0.1103515625
0 0.3369140625 0.87939453125 0.109375 0.1103515625
0 0.44091796875 0.5185546875 0.0849609375 0.0859375
0 0.44140625 0.6015625 0.09765625 0.09765625
0 0.43994140625 0.7216796875 0.1220703125 0.123046875
0 0.4462890625 0.81787109375 0.109375 0.1103515625
0 0.451171875 0.93408203125 0.109375 0.1103515625
0 0.53271484375 0.5439453125 0.0849609375 0.0859375
0 0.53466796875 0.65625 0.1220703125 0.123046875
0 0.546875 0.8701171875 0.0859375 0.0859375
0 0.626953125 0.607421875 0.09765625 0.09765625
0 0.63525390625 0.7138671875 0.1220703125 0.123046875
0 0.63525390625 0.8232421875 0.1103515625 0.111328125
0 0.63330078125 0.92529296875 0.1103515625 0.1103515625
0 0.72265625 0.64990234375 0.109375 0.1103515625
0 0.7275390625 0.7626953125 0.109375 0.111328125
0 0.72705078125 0.875 0.1220703125 0.123046875
0 0.82275390625 0.70751953125 0.1103515625 0.1103515625
0 0.82568359375 0.818359375 0.1220703125 0.123046875
0 0.82470703125 0.9306640625 0.1220703125 0.123046875
0 0.92041015625 0.54638671875 0.0615234375 0.0615234375
0 0.9189453125 0.65283203125 0.09765625 0.0986328125
0 0.91796875 0.76513671875 0.09765625 0.0986328125
0 0.9248046875 0.8583984375 0.09765625 0.09765625