0 0.931640625 0.75 0.09765625 0.09765625
0 0.81640625 0.7490234375 0.0859375 0.0859375
0 0.71142578125 0.74951171875 0.0615234375 0.0615234375
0 0.59716796875 0.75 0.0986328125 0.09765625
0 0.49072265625 0.74853515625 0.1103515625 0.1103515625
0 0.658203125 0.841796875 0.0859375 0.0859375
0 0.541015625 0.85693359375 0.0859375 0.0849609375
0 0.873046875 0.6533203125 0.09765625 0.09765625
0 0.765625 0.65283203125 0.0859375 0.0849609375
0 0.64599609375 0.65380859375 0.1103515625 0.1103515625
0 0.54052734375 0.654296875 0.1103515625 0.109375
0 0.82861328125 0.5654296875 0.0986328125 0.09765625
0 0.70849609375 0.5556640625 0.0615234375 0.060546875
0 0.60986328125 0.5576171875 0.1103515625 0.109375
0 0.49072265625 0.5556640625 0.1103515625 0.109375
0 0.87841796875 0.4658203125 0.0986328125 0.09765625
0 0.76220703125 0.4697265625 0.0986328125 0.09765625
0 0.65673828125 0.4619140625 0.0986328125 0.09765625
0 0.54833984375 0.4619140625 0.0986328125 0.09765625
0 0.93212890625 0.3681640625 0.0986328125 0.09765625
0 0.82275390625 0.369140625 0.0986328125 0.09765625
0 0.70654296875 0.36962890625 0.0732421875 0.0732421875
0 0.60205078125 0.37109375 0.0986328125 0.09765625
0 0.48876953125 0.369140625 0.0986328125 0.09765625
0 0.87255859375 0.27880859375 0.1103515625 0.1103515625
0 0.77490234375 0.271484375 0.0986328125 0.09765625
0 0.64501953125 0.2685546875 0.0986328125 0.09765625
0 0.53955078125 0.2744140625 0.1103515625 0.109375
0 0.92529296875 0.18212890625 0.1103515625 0.1103515625
0 0.81689453125 0.18359375 0.1103515625 0.109375
0 0.69970703125 0.18359375 0.0986328125 0.09765625
0 0.59912109375 0.18359375 0.0986328125 0.09765625
0 0.4853515625 0.177734375 0.111328125 0.109375
0 0.87548828125 0.0888671875 0.1103515625 0.109375
0 0.76611328125 0.0849609375 0.1103515625 0.109375
0 0.65673828125 0.0869140625 0.1103515625 0.109375
0 0.544921875 0.08544921875 0.111328125 0.1103515625
0 0.4375 0.09228515625 0.111328125 0.1103515625
0 0.32080078125 0.08740234375 0.1103515625 0.1103515625
0 0.21728515625 0.08935546875 0.1103515625 0.1103515625
0 0.10498046875 0.08349609375 0.1103515625 0.1103515625
0 0.3798828125 0.185546875 0.111328125 0.109375
0 0.26806640625 0.1826171875 0.1103515625 0.109375
0 0.15966796875 0.1806640625 0.0986328125 0.09765625
0 0.43896484375 0.27685546875 0.1103515625 0.1103515625
0 0.3173828125 0.275390625 0.0859375 0.0859375
0 0.2109375 0.275390625 0.09765625 0.09765625
0 0.10009765625 0.2802734375 0.0986328125 0.09765625
0 0.38037109375 0.37158203125 0.1103515625 0.1103515625
0 0.275390625 0.37060546875 0.111328125 0.1103515625
0 0.1533203125 0.37109375 0.111328125 0.109375
0 0.43798828125 0.4658203125 0.1103515625 0.109375
0 0.32080078125 0.46337890625 0.1103515625 0.1103515625
0 0.21435546875 0.46533203125 0.1103515625 0.1103515625
0 0.103515625 0.46630859375 0.111328125 0.1103515625
0 0.38623046875 0.5537109375 0.1103515625 0.109375
0 0.27294921875 0.552734375 0.1103515625 0.109375
0 0.16162109375 0.560546875 0.1103515625 0.109375
0 0.43603515625 0.6533203125 0.0986328125 0.09765625
0 0.32470703125 0.6533203125 0.1103515625 0.109375
0 0.21826171875 0.65625 0.0986328125 0.09765625
0 0.10595703125 0.6572265625 0.1103515625 0.109375
0 0.38916015625 0.75244140625 0.1103515625 0.1103515625
0 0.27490234375 0.74755859375 0.1103515625 0.1103515625
0 0.15576171875 0.75146484375 0.1103515625 0.1103515625
0 0.43359375 0.8525390625 0.0859375 0.0859375
0 0.33203125 0.85595703125 0.0859375 0.0849609375
0 0.220703125 0.85107421875 0.0859375 0.0849609375
0 0.107421875 0.85205078125 0.0859375 0.0849609375
0 0.5986328125 0.9384765625 0.09765625 0.09765625
0 0.15869140625 0.947265625 0.0986328125 0.09765625