0 0.873046875 0.11474609375 0.09765625 0.0986328125
0 0.79052734375 0.05126953125 0.0615234375 0.0615234375
0 0.6875 0.11376953125 0.109375 0.1103515625
0 0.50146484375 0.111328125 0.1103515625 0.111328125
0 0.3203125 0.10791015625 0.109375 0.1103515625
0 0.2138671875 0.044921875 0.0859375 0.0859375
0 0.21875 0.1591796875 0.0859375 0.0859375
0 0.12451171875 0.10302734375 0.0849609375 0.0869140625
0 0.11962890625 0.21337890625 0.1103515625 0.1103515625
0 0.12060546875 0.32666015625 0.1103515625 0.1103515625
0 0.12890625 0.43017578125 0.109375 0.1103515625
0 0.123046875 0.54052734375 0.109375 0.1103515625
0 0.1220703125 0.6552734375 0.109375 0.111328125
0 0.22119140625 0.26123046875 0.1103515625 0.1103515625
0 0.21923828125 0.37646484375 0.1103515625 0.1103515625
0 0.2138671875 0.48486328125 0.09765625 0.0986328125
0 0.21630859375 0.5947265625 0.0849609375 0.0859375
0 0.216796875 0.7080078125 0.09765625 0.09765625
0 0.3154296875 0.22021484375 0.109375 0.1103515625
0 0.3173828125 0.31982421875 0.109375 0.1103515625
0 0.3076171875 0.43212890625 0.09765625 0.0986328125
0 0.31298828125 0.54443359375 0.1103515625 0.1103515625
0 0.30517578125 0.65087890625 0.1103515625 0.1103515625
0 0.39599609375 0.16357421875 0.1103515625 0.1103515625
0 0.404296875 0.27978515625 0.109375 0.1103515625
0 0.4052734375 0.38818359375 0.109375 0.1103515625
0 0.4052734375 0.49072265625 0.09765625 0.0986328125
0 0.41015625 0.60693359375 0.109375 0.1103515625
0 0.49658203125 0.22412109375 0.1103515625 0.1103515625
0 0.50048828125 0.32861328125 0.1103515625 0.1103515625
0 0.49755859375 0.43994140625 0.1103515625 0.1103515625
0 0.49609375 0.55126953125 0.109375 0.1103515625
0 0.4970703125 0.66064453125 0.109375 0.1103515625
0 0.5888671875 0.158203125 0.109375 0.111328125
0 0.5927734375 0.2705078125 0.109375 0.111328125
0 0.5908203125 0.38037109375 0.09765625 0.0986328125
0 0.59814453125 0.49267578125 0.1103515625 0.1103515625
0 0.59033203125 0.60009765625 0.1103515625 0.1103515625
0 0.685546875 0.2236328125 0.109375 0.111328125
0 0.6826171875 0.3291015625 0.109375 0.111328125
0 0.6845703125 0.435546875 0.09765625 0.09765625
0 0.68359375 0.54443359375 0.109375 0.1103515625
0 0.68359375 0.66455078125 0.09765625 0.0986328125
0 0.78125 0.17236328125 0.09765625 0.0986328125
0 0.77587890625 0.2705078125 0.1103515625 0.111328125
0 0.7802734375 0.380859375 0.109375 0.111328125
0 0.77734375 0.4931640625 0.109375 0.111328125
0 0.779296875 0.60791015625 0.109375 0.1103515625
0 0.87744140625 0.4404296875 0.1103515625 0.111328125
0 0.87939453125 0.5234375 0.0732421875 0.07421875
0 0.869140625 0.6630859375 0.09765625 0.09765625
0 0.9658203125 0.93505859375 0.060546875 0.0615234375
0 0.8759765625 0.76513671875 0.09765625 0.0986328125
0 0.8798828125 0.88134765625 0.09765625 0.0986328125
0 0.7783203125 0.71142578125 0.09765625 0.0986328125
0 0.779296875 0.82080078125 0.09765625 0.0986328125
0 0.77978515625 0.93701171875 0.0732421875 0.0732421875
0 0.68896484375 0.77099609375 0.1103515625 0.1103515625
0 0.681640625 0.86865234375 0.09765625 0.0986328125
0 0.59228515625 0.71826171875 0.1103515625 0.1103515625
0 0.59375 0.82666015625 0.109375 0.1103515625
0 0.59375 0.94384765625 0.09765625 0.0986328125
0 0.4990234375 0.76806640625 0.109375 0.1103515625
0 0.4951171875 0.87744140625 0.109375 0.1103515625
0 0.40771484375 0.71728515625 0.1103515625 0.1103515625
0 0.39892578125 0.81396484375 0.1103515625 0.1103515625
0 0.40234375 0.92578125 0.09765625 0.09765625
0 0.31005859375 0.76708984375 0.1103515625 0.1103515625
0 0.31201171875 0.8837890625 0.1103515625 0.111328125
0 0.2138671875 0.8203125 0.109375 0.111328125
0 0.212890625 0.93994140625 0.060546875 0.0615234375
0 0.119140625 0.7646484375 0.109375 0.111328125
0 0.1220703125 0.87451171875 0.109375 0.1103515625