0 0.39697265625 0.59814453125 0.0732421875 0.0732421875
0 0.2890625 0.59716796875 0.0859375 0.0849609375
0 0.88671875 0.67822265625 0.0859375 0.0849609375
0 0.783203125 0.67236328125 0.0859375 0.0849609375
0 0.8271484375 0.76123046875 0.0859375 0.0849609375
0 0.78369140625 0.86962890625 0.0732421875 0.0732421875
0 0.65869140625 0.86767578125 0.0732421875 0.0732421875
0 0.5615234375 0.87548828125 0.07421875 0.0732421875
0 0.30029296875 0.3896484375 0.0615234375 0.060546875
0 0.3427734375 0.12353515625 0.07421875 0.0732421875
0 0.90771484375 0.12744140625 0.0732421875 0.0732421875
0 0.82763671875 0.9560546875 0.0869140625 0.0859375
0 0.4443359375 0.88037109375 0.07421875 0.0732421875
0 0.28662109375 0.76953125 0.0986328125 0.09765625
0 0.4033203125 0.76416015625 0.111328125 0.1103515625
0 0.5078125 0.75830078125 0.111328125 0.1103515625
0 0.61328125 0.76318359375 0.07421875 0.0732421875
0 0.724609375 0.76513671875 0.07421875 0.0732421875
0 0.33642578125 0.673828125 0.0986328125 0.09765625
0 0.453125 0.673828125 0.09765625 0.09765625
0 0.5673828125 0.67333984375 0.07421875 0.0732421875
0 0.6689453125 0.67822265625 0.07421875 0.0732421875
0 0.501953125 0.57373046875 0.07421875 0.0732421875
0 0.6162109375 0.5791015625 0.09765625 0.09765625
0 0.7275390625 0.576171875 0.09765625 0.09765625
0 0.33544921875 0.48779296875 0.0869140625 0.0849609375
0 0.44873046875 0.48388671875 0.1103515625 0.1103515625
0 0.56494140625 0.47900390625 0.1103515625 0.1103515625
0 0.67138671875 0.48486328125 0.1103515625 0.1103515625
0 0.787109375 0.4853515625 0.111328125 0.109375
0 0.39208984375 0.38232421875 0.1220703125 0.1220703125
0 0.50732421875 0.3798828125 0.0986328125 0.09765625
0 0.61962890625 0.3896484375 0.0986328125 0.09765625
0 0.73779296875 0.3896484375 0.0986328125 0.09765625
0 0.3486328125 0.298828125 0.0859375 0.0859375
0 0.45458984375 0.2939453125 0.0986328125 0.09765625
0 0.56787109375 0.3017578125 0.0986328125 0.09765625
0 0.67578125 0.2978515625 0.0859375 0.0859375
0 0.78564453125 0.2880859375 0.0986328125 0.09765625
0 0.845703125 0.38671875 0.09765625 0.09765625
0 0.4013671875 0.21044921875 0.0859375 0.0849609375
0 0.5234375 0.20849609375 0.0859375 0.0849609375
0 0.62255859375 0.2041015625 0.0869140625 0.0859375
0 0.7314453125 0.2041015625 0.0859375 0.0859375
0 0.8486328125 0.205078125 0.0859375 0.0859375
0 0.466796875 0.12255859375 0.0859375 0.0849609375
0 0.5771484375 0.12451171875 0.0859375 0.0849609375
0 0.6767578125 0.12451171875 0.0859375 0.0849609375
0 0.7919921875 0.13037109375 0.0859375 0.0849609375
0 0.81494140625 0.03125 0.0498046875 0.048828125
0 0.951171875 0.20703125 0.0859375 0.0859375
0 0.90380859375 0.29296875 0.0986328125 0.09765625
0 0.8955078125 0.48828125 0.09765625 0.09765625
0 0.84375 0.580078125 0.111328125 0.109375
0 0.95361328125 0.77001953125 0.0732421875 0.0732421875
0 0.8974609375 0.8623046875 0.0859375 0.0859375