0 0.06787109375 0.34716796875 0.0732421875 0.0732421875
0 0.27099609375 0.57763671875 0.0732421875 0.0732421875
0 0.9150390625 0.20068359375 0.09765625 0.0986328125
0 0.849609375 0.43505859375 0.048828125 0.0498046875
0 0.15283203125 0.62158203125 0.0615234375 0.0615234375
0 0.91455078125 0.29443359375 0.1103515625 0.1103515625
0 0.91796875 0.65234375 0.09765625 0.09765625
0 0.91552734375 0.74169921875 0.1103515625 0.1103515625
0 0.9150390625 0.86279296875 0.09765625 0.0986328125
0 0.818359375 0.90576171875 0.09765625 0.0986328125
0 0.822265625 0.7861328125 0.0859375 0.0859375
0 0.822265625 0.68701171875 0.109375 0.1103515625
0 0.734375 0.62353515625 0.09765625 0.0986328125
0 0.7470703125 0.76806640625 0.109375 0.1103515625
0 0.734375 0.86376953125 0.109375 0.1103515625
0 0.638671875 0.91748046875 0.109375 0.1103515625
0 0.634765625 0.79931640625 0.109375 0.1103515625
0 0.63623046875 0.701171875 0.0849609375 0.0859375
0 0.640625 0.2353515625 0.0859375 0.0859375
0 0.642578125 0.33203125 0.09765625 0.09765625
0 0.541015625 0.18994140625 0.109375 0.1103515625
0 0.6337890625 0.5791015625 0.09765625 0.09765625
0 0.54052734375 0.53515625 0.0849609375 0.0859375
0 0.53515625 0.64306640625 0.09765625 0.0986328125
0 0.53515625 0.744140625 0.09765625 0.09765625
0 0.53515625 0.85986328125 0.109375 0.1103515625
0 0.4384765625 0.91552734375 0.109375 0.1103515625
0 0.439453125 0.80126953125 0.09765625 0.0986328125
0 0.4501953125 0.685546875 0.109375 0.111328125
0 0.44140625 0.58447265625 0.109375 0.1103515625
0 0.45166015625 0.45947265625 0.1103515625 0.1103515625
0 0.4443359375 0.2548828125 0.09765625 0.09765625
0 0.3564453125 0.18994140625 0.109375 0.1103515625
0 0.34814453125 0.53076171875 0.1103515625 0.1103515625
0 0.3583984375 0.6435546875 0.0859375 0.0859375
0 0.25927734375 0.2470703125 0.1103515625 0.111328125
0 0.1689453125 0.22216796875 0.109375 0.1103515625
0 0.1611328125 0.318359375 0.09765625 0.09765625
0 0.0654296875 0.24560546875 0.09765625 0.0986328125
0 0.0732421875 0.474609375 0.09765625 0.09765625
0 0.265625 0.4560546875 0.0859375 0.0859375
0 0.2666015625 0.7021484375 0.09765625 0.09765625
0 0.24853515625 0.80224609375 0.1103515625 0.1103515625
0 0.24560546875 0.88818359375 0.1103515625 0.1103515625
0 0.3505859375 0.8974609375 0.109375 0.111328125
0 0.341796875 0.75341796875 0.09765625 0.0986328125
0 0.14990234375 0.71240234375 0.0732421875 0.0732421875
0 0.154296875 0.81787109375 0.09765625 0.0986328125
0 0.14990234375 0.92626953125 0.1103515625 0.1103515625
0 0.06640625 0.88671875 0.09765625 0.09765625
0 0.0712890625 0.80908203125 0.09765625 0.0986328125
0 0.7353515625 0.171875 0.0859375 0.0859375
0 0.63818359375 0.12841796875 0.1103515625 0.1103515625
0 0.73291015625 0.08203125 0.0849609375 0.0859375
0 0.5517578125 0.0908203125 0.109375 0.111328125
0 0.259765625 0.14892578125 0.09765625 0.0986328125
0 0.16796875 0.12841796875 0.109375 0.1103515625
0 0.07080078125 0.14501953125 0.1103515625 0.1103515625
0 0.93359375 0.08349609375 0.09765625 0.0986328125