0 0.7587890625 0.46337890625 0.07421875 0.0732421875
0 0.33154296875 0.0869140625 0.1103515625 0.109375
0 0.4443359375 0.0859375 0.111328125 0.109375
0 0.55126953125 0.08203125 0.1103515625 0.109375
0 0.6591796875 0.0830078125 0.09765625 0.09765625
0 0.77099609375 0.0927734375 0.0986328125 0.09765625
0 0.8779296875 0.09130859375 0.0859375 0.0849609375
0 0.4091796875 0.189453125 0.09765625 0.09765625
0 0.50146484375 0.1865234375 0.1103515625 0.109375
0 0.60302734375 0.18798828125 0.1103515625 0.1103515625
0 0.71728515625 0.18408203125 0.1103515625 0.1103515625
0 0.83056640625 0.19091796875 0.1103515625 0.1103515625
0 0.94091796875 0.1845703125 0.1103515625 0.109375
0 0.87451171875 0.28125 0.1103515625 0.109375
0 0.76806640625 0.28515625 0.1103515625 0.109375
0 0.66943359375 0.2763671875 0.0986328125 0.09765625
0 0.55126953125 0.27587890625 0.1103515625 0.1103515625
0 0.43798828125 0.2705078125 0.0986328125 0.09765625
0 0.38427734375 0.3701171875 0.1103515625 0.109375
0 0.5 0.37646484375 0.111328125 0.1103515625
0 0.61083984375 0.369140625 0.1103515625 0.109375
0 0.71044921875 0.3701171875 0.1103515625 0.109375
0 0.82666015625 0.369140625 0.1103515625 0.109375
0 0.8720703125 0.46630859375 0.0859375 0.0849609375
0 0.64453125 0.45556640625 0.0859375 0.0849609375
0 0.54931640625 0.4609375 0.0986328125 0.09765625
0 0.43603515625 0.4619140625 0.1103515625 0.109375
0 0.38525390625 0.56396484375 0.1103515625 0.1103515625
0 0.49462890625 0.55859375 0.1103515625 0.109375
0 0.60888671875 0.55517578125 0.1103515625 0.1103515625
0 0.7119140625 0.560546875 0.111328125 0.109375
0 0.81884765625 0.5693359375 0.1103515625 0.109375
0 0.92626953125 0.564453125 0.1103515625 0.109375
0 0.89111328125 0.6611328125 0.1103515625 0.109375
0 0.78564453125 0.65869140625 0.1103515625 0.1103515625
0 0.6533203125 0.65185546875 0.111328125 0.1103515625
0 0.54541015625 0.65185546875 0.1103515625 0.1103515625
0 0.38623046875 0.75244140625 0.1103515625 0.1103515625
0 0.43212890625 0.6533203125 0.1103515625 0.109375
0 0.49560546875 0.75390625 0.0986328125 0.09765625
0 0.59716796875 0.74609375 0.0986328125 0.09765625
0 0.71337890625 0.75048828125 0.1103515625 0.1103515625
0 0.82861328125 0.75 0.0986328125 0.09765625
0 0.93701171875 0.751953125 0.1103515625 0.109375
0 0.87158203125 0.8515625 0.0986328125 0.09765625
0 0.77392578125 0.84228515625 0.1103515625 0.1103515625
0 0.65966796875 0.8408203125 0.0986328125 0.09765625
0 0.53759765625 0.84423828125 0.1103515625 0.1103515625
0 0.43994140625 0.84326171875 0.1103515625 0.1103515625
0 0.3955078125 0.94140625 0.0859375 0.0859375
0 0.5048828125 0.9375 0.0859375 0.0859375
0 0.599609375 0.93603515625 0.0859375 0.0849609375
0 0.7158203125 0.93505859375 0.0859375 0.0849609375
0 0.8232421875 0.9326171875 0.0859375 0.0859375
0 0.9404296875 0.927734375 0.0859375 0.0859375
0 0.0966796875 0.0849609375 0.111328125 0.109375
0 0.2119140625 0.087890625 0.111328125 0.109375
0 0.27392578125 0.1826171875 0.0986328125 0.09765625
0 0.1572265625 0.169921875 0.09765625 0.09765625
0 0.048828125 0.1640625 0.0859375 0.0859375
0 0.109375 0.2763671875 0.09765625 0.09765625
0 0.21044921875 0.28076171875 0.1103515625 0.1103515625
0 0.32275390625 0.28125 0.0986328125 0.09765625
0 0.27294921875 0.3701171875 0.0986328125 0.09765625
0 0.16845703125 0.37158203125 0.1103515625 0.1103515625
0 0.11083984375 0.4658203125 0.0986328125 0.09765625
0 0.21630859375 0.4638671875 0.1103515625 0.109375
0 0.33349609375 0.470703125 0.0986328125 0.09765625
0 0.28955078125 0.5595703125 0.0986328125 0.09765625
0 0.16259765625 0.5576171875 0.1103515625 0.109375
0 0.11474609375 0.650390625 0.0986328125 0.09765625
0 0.21142578125 0.65380859375 0.1103515625 0.1103515625
0 0.32373046875 0.6572265625 0.0986328125 0.09765625
0 0.27294921875 0.7431640625 0.1103515625 0.109375
0 0.16162109375 0.7431640625 0.0986328125 0.09765625
0 0.044921875 0.74658203125 0.0859375 0.0849609375
0 0.2138671875 0.8466796875 0.09765625 0.09765625
0 0.318359375 0.84375 0.0859375 0.0859375
0 0.2734375 0.93505859375 0.0859375 0.0849609375
0 0.1533203125 0.93798828125 0.0859375 0.0849609375