0 0.88818359375 0.86279296875 0.0732421875 0.0732421875
0 0.79541015625 0.935546875 0.0732421875 0.07421875
0 0.8857421875 0.76123046875 0.09765625 0.0986328125
0 0.798828125 0.705078125 0.09765625 0.09765625
0 0.7900390625 0.8134765625 0.0859375 0.0859375
0 0.6123046875 0.70458984375 0.09765625 0.0986328125
0 0.60546875 0.8193359375 0.0859375 0.0859375
0 0.60791015625 0.9248046875 0.0849609375 0.0859375
0 0.5166015625 0.6708984375 0.09765625 0.09765625
0 0.521484375 0.76220703125 0.09765625 0.0986328125
0 0.5068359375 0.8662109375 0.09765625 0.09765625
0 0.42333984375 0.7177734375 0.1103515625 0.111328125
0 0.42724609375 0.8427734375 0.1220703125 0.123046875
0 0.42041015625 0.9482421875 0.0849609375 0.0859375
0 0.32763671875 0.66650390625 0.1103515625 0.1103515625
0 0.33154296875 0.77587890625 0.1103515625 0.1103515625
0 0.3291015625 0.88818359375 0.09765625 0.0986328125
0 0.2333984375 0.73291015625 0.109375 0.1103515625
0 0.24072265625 0.82958984375 0.1103515625 0.1103515625
0 0.142578125 0.671875 0.0859375 0.0859375
0 0.1376953125 0.78271484375 0.109375 0.1103515625
0 0.14013671875 0.88916015625 0.1103515625 0.1103515625
0 0.04443359375 0.72119140625 0.0849609375 0.0869140625
0 0.05078125 0.8251953125 0.09765625 0.09765625
0 0.798828125 0.15625 0.0859375 0.0859375
0 0.7919921875 0.255859375 0.0859375 0.0859375
0 0.79833984375 0.3876953125 0.0849609375 0.0859375
0 0.90576171875 0.404296875 0.0849609375 0.0859375
0 0.90185546875 0.3212890625 0.0849609375 0.0859375
0 0.8916015625 0.205078125 0.0859375 0.0859375
0 0.89306640625 0.0908203125 0.0849609375 0.0859375
0 0.89111328125 0.66064453125 0.1103515625 0.1103515625
0 0.796875 0.5927734375 0.09765625 0.09765625
0 0.7080078125 0.10107421875 0.09765625 0.0986328125
0 0.70556640625 0.2099609375 0.0849609375 0.0859375
0 0.7041015625 0.32763671875 0.09765625 0.0986328125
0 0.705078125 0.44091796875 0.09765625 0.0986328125
0 0.61669921875 0.1552734375 0.0849609375 0.0859375
0 0.6162109375 0.27294921875 0.09765625 0.0986328125
0 0.6123046875 0.3857421875 0.0859375 0.0859375
0 0.609375 0.4951171875 0.09765625 0.09765625
0 0.6044921875 0.59375 0.0859375 0.0859375
0 0.5185546875 0.11669921875 0.09765625 0.0986328125
0 0.5185546875 0.22998046875 0.09765625 0.0986328125
0 0.5205078125 0.3427734375 0.09765625 0.09765625
0 0.5205078125 0.4404296875 0.109375 0.111328125
0 0.51513671875 0.55224609375 0.1103515625 0.1103515625
0 0.42431640625 0.0595703125 0.0849609375 0.0859375
0 0.42138671875 0.173828125 0.0849609375 0.0859375
0 0.423828125 0.2880859375 0.09765625 0.09765625
0 0.42138671875 0.412109375 0.0849609375 0.0859375
0 0.42626953125 0.5146484375 0.0849609375 0.0859375
0 0.33203125 0.56005859375 0.09765625 0.0986328125
0 0.32666015625 0.453125 0.1103515625 0.111328125
0 0.3330078125 0.3427734375 0.09765625 0.09765625
0 0.3388671875 0.22705078125 0.109375 0.1103515625
0 0.337890625 0.12158203125 0.09765625 0.0986328125
0 0.234375 0.0654296875 0.09765625 0.09765625
0 0.244140625 0.1826171875 0.109375 0.111328125
0 0.2392578125 0.27880859375 0.09765625 0.0986328125
0 0.24560546875 0.39990234375 0.1103515625 0.1103515625
0 0.240234375 0.50244140625 0.109375 0.1103515625
0 0.14697265625 0.55419921875 0.1103515625 0.1103515625
0 0.240234375 0.6181640625 0.0859375 0.0859375
0 0.15234375 0.4609375 0.109375 0.111328125
0 0.1396484375 0.33740234375 0.109375 0.1103515625
0 0.1396484375 0.22509765625 0.109375 0.1103515625
0 0.1435546875 0.11474609375 0.109375 0.1103515625
0 0.0546875 0.16552734375 0.09765625 0.0986328125
0 0.05078125 0.04833984375 0.0859375 0.0869140625
0 0.0478515625 0.3798828125 0.0859375 0.0859375
0 0.052734375 0.5 0.0859375 0.0859375
0 0.05029296875 0.2802734375 0.0849609375 0.0859375
0 0.05126953125 0.6064453125 0.0849609375 0.0859375
0 0.43017578125 0.62548828125 0.1103515625 0.1103515625