0 0.607421875 0.60205078125 0.07421875 0.0732421875
0 0.36083984375 0.88134765625 0.0732421875 0.0732421875
0 0.91162109375 0.49658203125 0.0732421875 0.0732421875
0 0.83447265625 0.78857421875 0.0732421875 0.0732421875
0 0.9609375 0.59912109375 0.07421875 0.0732421875
0 0.708984375 0.4951171875 0.0859375 0.0859375
0 0.44580078125 0.6962890625 0.0869140625 0.0859375
0 0.3349609375 0.6962890625 0.0859375 0.0859375
0 0.3896484375 0.78955078125 0.07421875 0.0732421875
0 0.4951171875 0.78564453125 0.07421875 0.0732421875
0 0.458984375 0.88525390625 0.0859375 0.0849609375
0 0.55859375 0.88671875 0.09765625 0.09765625
0 0.69384765625 0.8837890625 0.0986328125 0.09765625
0 0.78271484375 0.8857421875 0.0986328125 0.09765625
0 0.89990234375 0.89453125 0.1103515625 0.109375
0 0.7294921875 0.78955078125 0.0859375 0.0849609375
0 0.59423828125 0.794921875 0.0986328125 0.09765625
0 0.6513671875 0.69775390625 0.0859375 0.0849609375
0 0.78271484375 0.6982421875 0.0986328125 0.09765625
0 0.8984375 0.697265625 0.09765625 0.09765625
0 0.84130859375 0.599609375 0.1103515625 0.109375
0 0.72314453125 0.603515625 0.0986328125 0.09765625
0 0.7958984375 0.31640625 0.048828125 0.048828125
0 0.8974609375 0.31689453125 0.0859375 0.0849609375
0 0.900390625 0.13427734375 0.0859375 0.0849609375
0 0.35791015625 0.1337890625 0.0986328125 0.09765625
0 0.3095703125 0.2265625 0.09765625 0.09765625
0 0.40576171875 0.224609375 0.0986328125 0.09765625
0 0.52294921875 0.2294921875 0.1103515625 0.109375
0 0.62841796875 0.232421875 0.1103515625 0.109375
0 0.35205078125 0.32421875 0.0986328125 0.09765625
0 0.45751953125 0.3173828125 0.0986328125 0.09765625
0 0.56982421875 0.32275390625 0.1103515625 0.1103515625
0 0.68408203125 0.32568359375 0.1103515625 0.1103515625
0 0.6279296875 0.4169921875 0.111328125 0.109375
0 0.494140625 0.408203125 0.09765625 0.09765625
0 0.392578125 0.4130859375 0.111328125 0.109375
0 0.345703125 0.5087890625 0.111328125 0.109375
0 0.45361328125 0.50341796875 0.1103515625 0.1103515625
0 0.59814453125 0.50634765625 0.1103515625 0.1103515625
0 0.73486328125 0.412109375 0.1103515625 0.109375
0 0.8427734375 0.412109375 0.0859375 0.0859375
0 0.4013671875 0.60302734375 0.0859375 0.0849609375
0 0.228515625 0.125 0.09765625 0.09765625
0 0.12158203125 0.130859375 0.0986328125 0.09765625
0 0.07666015625 0.2255859375 0.1103515625 0.109375
0 0.1884765625 0.2265625 0.09765625 0.09765625
0 0.232421875 0.3125 0.09765625 0.09765625
0 0.130859375 0.3154296875 0.09765625 0.09765625
0 0.08203125 0.4072265625 0.09765625 0.09765625
0 0.1923828125 0.4150390625 0.09765625 0.09765625
0 0.29345703125 0.41552734375 0.1103515625 0.1103515625
0 0.24267578125 0.50390625 0.0986328125 0.09765625
0 0.13037109375 0.50634765625 0.1103515625 0.1103515625
0 0.072265625 0.59765625 0.0859375 0.0859375
0 0.13916015625 0.6943359375 0.0986328125 0.09765625
0 0.23388671875 0.69482421875 0.0869140625 0.0849609375
0 0.3056640625 0.78369140625 0.0859375 0.0849609375
0 0.18212890625 0.78955078125 0.1103515625 0.1103515625
0 0.07275390625 0.78857421875 0.1103515625 0.1103515625
0 0.13134765625 0.8857421875 0.0986328125 0.09765625
0 0.2353515625 0.88671875 0.0859375 0.0859375
0 0.19482421875 0.59765625 0.1103515625 0.109375
0 0.28564453125 0.6025390625 0.1103515625 0.109375