0 0.138671875 0.28955078125 0.07421875 0.0732421875
0 0.8779296875 0.2080078125 0.0859375 0.0859375
0 0.4853515625 0.109375 0.0859375 0.0859375
0 0.59326171875 0.109375 0.0986328125 0.09765625
0 0.68310546875 0.11328125 0.0986328125 0.09765625
0 0.91748046875 0.1123046875 0.0986328125 0.09765625
0 0.4189453125 0.19921875 0.09765625 0.09765625
0 0.544921875 0.2041015625 0.09765625 0.09765625
0 0.64013671875 0.2060546875 0.0986328125 0.09765625
0 0.74658203125 0.205078125 0.0986328125 0.09765625
0 0.7958984375 0.296875 0.0859375 0.0859375
0 0.6904296875 0.29296875 0.0859375 0.0859375
0 0.5849609375 0.29541015625 0.0859375 0.0849609375
0 0.482421875 0.29541015625 0.0859375 0.0849609375
0 0.42236328125 0.38818359375 0.1103515625 0.1103515625
0 0.53857421875 0.39208984375 0.1103515625 0.1103515625
0 0.65185546875 0.39892578125 0.1103515625 0.1103515625
0 0.7646484375 0.400390625 0.111328125 0.109375
0 0.8662109375 0.396484375 0.111328125 0.109375
0 0.921875 0.4921875 0.111328125 0.109375
0 0.81298828125 0.484375 0.1103515625 0.109375
0 0.68896484375 0.484375 0.1103515625 0.109375
0 0.5966796875 0.48388671875 0.111328125 0.1103515625
0 0.46923828125 0.4775390625 0.1103515625 0.109375
0 0.42626953125 0.58740234375 0.1103515625 0.1103515625
0 0.52880859375 0.58984375 0.1103515625 0.109375
0 0.64599609375 0.58203125 0.0986328125 0.09765625
0 0.75537109375 0.58203125 0.0986328125 0.09765625
0 0.86181640625 0.580078125 0.0986328125 0.09765625
0 0.9453125 0.580078125 0.09765625 0.09765625
0 0.89990234375 0.6826171875 0.0986328125 0.09765625
0 0.47802734375 0.669921875 0.1103515625 0.109375
0 0.61474609375 0.6728515625 0.1103515625 0.109375
0 0.6962890625 0.6806640625 0.0859375 0.0859375
0 0.79833984375 0.6728515625 0.1103515625 0.109375
0 0.5302734375 0.76171875 0.0859375 0.0859375
0 0.625 0.7724609375 0.111328125 0.109375
0 0.72412109375 0.77490234375 0.1103515625 0.1103515625
0 0.83837890625 0.76220703125 0.1103515625 0.1103515625
0 0.78662109375 0.86572265625 0.1103515625 0.1103515625
0 0.70166015625 0.865234375 0.0986328125 0.09765625
0 0.59130859375 0.861328125 0.0986328125 0.09765625
0 0.48095703125 0.857421875 0.1103515625 0.109375
0 0.373046875 0.0986328125 0.111328125 0.109375
0 0.25439453125 0.107421875 0.1103515625 0.109375
0 0.14794921875 0.111328125 0.1103515625 0.109375
0 0.09033203125 0.1962890625 0.1103515625 0.109375
0 0.20654296875 0.1953125 0.1103515625 0.109375
0 0.32470703125 0.2060546875 0.1103515625 0.109375
0 0.373046875 0.29248046875 0.0859375 0.0849609375
0 0.251953125 0.29248046875 0.0859375 0.0849609375
0 0.091796875 0.38671875 0.111328125 0.109375
0 0.19873046875 0.3955078125 0.1103515625 0.109375
0 0.30615234375 0.390625 0.1103515625 0.109375
0 0.35986328125 0.486328125 0.1103515625 0.109375
0 0.27099609375 0.4873046875 0.1103515625 0.109375
0 0.16552734375 0.48486328125 0.1103515625 0.1103515625
0 0.09326171875 0.57666015625 0.1103515625 0.1103515625
0 0.20849609375 0.576171875 0.0986328125 0.09765625
0 0.31689453125 0.578125 0.1103515625 0.109375
0 0.36328125 0.6708984375 0.111328125 0.109375
0 0.25146484375 0.677734375 0.0986328125 0.09765625
0 0.15380859375 0.66845703125 0.1103515625 0.1103515625
0 0.095703125 0.76123046875 0.0859375 0.0849609375
0 0.203125 0.7587890625 0.0859375 0.0859375
0 0.3203125 0.75390625 0.0859375 0.0859375
0 0.4228515625 0.75927734375 0.0859375 0.0849609375
0 0.38427734375 0.8623046875 0.1103515625 0.109375
0 0.25927734375 0.86328125 0.0986328125 0.09765625
0 0.1494140625 0.86328125 0.0859375 0.0859375
0 0.32666015625 0.94921875 0.0986328125 0.09765625