0 0.20556640625 0.09130859375 0.0244140625 0.0244140625
0 0.20849609375 0.17333984375 0.0244140625 0.0244140625
0 0.30615234375 0.03466796875 0.0244140625 0.0244140625
0 0.29931640625 0.14208984375 0.0244140625 0.0244140625
0 0.3994140625 0.1728515625 0.037109375 0.037109375
0 0.396484375 0.09033203125 0.109375 0.1103515625
0 0.50634765625 0.14306640625 0.0732421875 0.0732421875
0 0.5869140625 0.09326171875 0.09765625 0.0986328125
0 0.57763671875 0.20849609375 0.0615234375 0.0615234375
0 0.68359375 0.14697265625 0.09765625 0.0986328125
0 0.787109375 0.0966796875 0.09765625 0.09765625
0 0.876953125 0.146484375 0.09765625 0.09765625
0 0.12109375 0.33642578125 0.060546875 0.0615234375
0 0.11328125 0.4345703125 0.0859375 0.0859375
0 0.11474609375 0.5458984375 0.1103515625 0.111328125
0 0.10693359375 0.6591796875 0.1220703125 0.123046875
0 0.10693359375 0.76708984375 0.1103515625 0.1103515625
0 0.2099609375 0.384765625 0.0859375 0.0859375
0 0.2021484375 0.49462890625 0.09765625 0.0986328125
0 0.2119140625 0.60498046875 0.109375 0.1103515625
0 0.20947265625 0.716796875 0.1220703125 0.123046875
0 0.20849609375 0.82861328125 0.0615234375 0.0615234375
0 0.11181640625 0.88134765625 0.1103515625 0.1103515625
0 0.30712890625 0.34326171875 0.0615234375 0.0615234375
0 0.3037109375 0.43701171875 0.09765625 0.0986328125
0 0.30810546875 0.5517578125 0.1220703125 0.123046875
0 0.30078125 0.66064453125 0.109375 0.1103515625
0 0.30419921875 0.775390625 0.1220703125 0.123046875
0 0.306640625 0.8818359375 0.109375 0.111328125
0 0.4013671875 0.38623046875 0.09765625 0.0986328125
0 0.39697265625 0.49560546875 0.1103515625 0.1103515625
0 0.38916015625 0.599609375 0.1220703125 0.123046875
0 0.39794921875 0.72216796875 0.1103515625 0.1103515625
0 0.39892578125 0.8251953125 0.1220703125 0.123046875
0 0.4912109375 0.353515625 0.048828125 0.048828125
0 0.48828125 0.43896484375 0.09765625 0.0986328125
0 0.48779296875 0.55419921875 0.1220703125 0.1220703125
0 0.49169921875 0.66015625 0.1220703125 0.123046875
0 0.49072265625 0.77685546875 0.1103515625 0.1103515625
0 0.48681640625 0.8798828125 0.1220703125 0.123046875
0 0.57666015625 0.38623046875 0.0732421875 0.0732421875
0 0.5810546875 0.49853515625 0.109375 0.1103515625
0 0.58203125 0.60791015625 0.109375 0.1103515625
0 0.58203125 0.7158203125 0.0859375 0.0859375
0 0.58740234375 0.82958984375 0.1103515625 0.1103515625
0 0.68701171875 0.4384765625 0.1220703125 0.123046875
0 0.67529296875 0.546875 0.1220703125 0.123046875
0 0.6826171875 0.66748046875 0.09765625 0.0986328125
0 0.68359375 0.76611328125 0.09765625 0.0986328125
0 0.68017578125 0.8857421875 0.1220703125 0.123046875
0 0.78076171875 0.3837890625 0.0732421875 0.07421875
0 0.7861328125 0.49609375 0.09765625 0.09765625
0 0.79248046875 0.609375 0.1220703125 0.123046875
0 0.7880859375 0.72216796875 0.09765625 0.0986328125
0 0.7763671875 0.82470703125 0.09765625 0.0986328125
0 0.88134765625 0.439453125 0.1220703125 0.123046875
0 0.87744140625 0.5595703125 0.1220703125 0.123046875
0 0.87939453125 0.66796875 0.0849609375 0.0859375
0 0.876953125 0.78857421875 0.09765625 0.0986328125
0 0.87548828125 0.89892578125 0.0732421875 0.0732421875
0 0.7724609375 0.93896484375 0.09765625 0.0986328125
0 0.57568359375 0.93505859375 0.1103515625 0.1103515625
0 0.39501953125 0.9365234375 0.1220703125 0.123046875
0 0.21142578125 0.931640625 0.1103515625 0.111328125