0 0.83349609375 0.85302734375 0.0732421875 0.0732421875
0 0.92626953125 0.4443359375 0.0732421875 0.07421875
0 0.74072265625 0.92578125 0.0732421875 0.07421875
0 0.9345703125 0.72802734375 0.109375 0.1103515625
0 0.9267578125 0.82421875 0.09765625 0.09765625
0 0.8310546875 0.75146484375 0.09765625 0.0986328125
0 0.744140625 0.6953125 0.09765625 0.09765625
0 0.7353515625 0.8037109375 0.0859375 0.0859375
0 0.5576171875 0.69482421875 0.09765625 0.0986328125
0 0.55078125 0.8095703125 0.0859375 0.0859375
0 0.55322265625 0.9150390625 0.0849609375 0.0859375
0 0.4619140625 0.6611328125 0.09765625 0.09765625
0 0.466796875 0.75244140625 0.09765625 0.0986328125
0 0.4521484375 0.8564453125 0.09765625 0.09765625
0 0.36865234375 0.7080078125 0.1103515625 0.111328125
0 0.37255859375 0.8330078125 0.1220703125 0.123046875
0 0.36572265625 0.9384765625 0.0849609375 0.0859375
0 0.27294921875 0.65673828125 0.1103515625 0.1103515625
0 0.27685546875 0.76611328125 0.1103515625 0.1103515625
0 0.2744140625 0.87841796875 0.09765625 0.0986328125
0 0.1787109375 0.72314453125 0.109375 0.1103515625
0 0.18603515625 0.81982421875 0.1103515625 0.1103515625
0 0.18359375 0.93505859375 0.109375 0.1103515625
0 0.087890625 0.662109375 0.0859375 0.0859375
0 0.0830078125 0.77294921875 0.109375 0.1103515625
0 0.08544921875 0.87939453125 0.1103515625 0.1103515625
0 0.744140625 0.146484375 0.0859375 0.0859375
0 0.7373046875 0.24609375 0.0859375 0.0859375
0 0.74365234375 0.3779296875 0.0849609375 0.0859375
0 0.85107421875 0.39453125 0.0849609375 0.0859375
0 0.84716796875 0.3115234375 0.0849609375 0.0859375
0 0.8369140625 0.1953125 0.0859375 0.0859375
0 0.83837890625 0.0810546875 0.0849609375 0.0859375
0 0.9326171875 0.1513671875 0.0859375 0.0859375
0 0.93017578125 0.2734375 0.0849609375 0.0859375
0 0.93115234375 0.35546875 0.0849609375 0.0859375
0 0.93359375 0.63427734375 0.109375 0.1103515625
0 0.83642578125 0.65087890625 0.1103515625 0.1103515625
0 0.7421875 0.5830078125 0.09765625 0.09765625
0 0.6533203125 0.09130859375 0.09765625 0.0986328125
0 0.65087890625 0.2001953125 0.0849609375 0.0859375
0 0.6494140625 0.31787109375 0.09765625 0.0986328125
0 0.650390625 0.43115234375 0.09765625 0.0986328125
0 0.56201171875 0.1455078125 0.0849609375 0.0859375
0 0.5615234375 0.26318359375 0.09765625 0.0986328125
0 0.5576171875 0.3759765625 0.0859375 0.0859375
0 0.5546875 0.4853515625 0.09765625 0.09765625
0 0.5498046875 0.583984375 0.0859375 0.0859375
0 0.4638671875 0.10693359375 0.09765625 0.0986328125
0 0.4638671875 0.22021484375 0.09765625 0.0986328125
0 0.4658203125 0.3330078125 0.09765625 0.09765625
0 0.4658203125 0.4306640625 0.109375 0.111328125
0 0.46044921875 0.54248046875 0.1103515625 0.1103515625
0 0.36962890625 0.0498046875 0.0849609375 0.0859375
0 0.36669921875 0.1640625 0.0849609375 0.0859375
0 0.369140625 0.2783203125 0.09765625 0.09765625
0 0.36669921875 0.40234375 0.0849609375 0.0859375
0 0.37158203125 0.5048828125 0.0849609375 0.0859375
0 0.27734375 0.55029296875 0.09765625 0.0986328125
0 0.27197265625 0.443359375 0.1103515625 0.111328125
0 0.2783203125 0.3330078125 0.09765625 0.09765625
0 0.2841796875 0.21728515625 0.109375 0.1103515625
0 0.283203125 0.11181640625 0.09765625 0.0986328125
0 0.1796875 0.0556640625 0.09765625 0.09765625
0 0.189453125 0.1728515625 0.109375 0.111328125
0 0.1845703125 0.26904296875 0.09765625 0.0986328125
0 0.19091796875 0.39013671875 0.1103515625 0.1103515625
0 0.185546875 0.49267578125 0.109375 0.1103515625
0 0.09228515625 0.54443359375 0.1103515625 0.1103515625
0 0.185546875 0.6083984375 0.0859375 0.0859375
0 0.09765625 0.451171875 0.109375 0.111328125
0 0.0849609375 0.32763671875 0.109375 0.1103515625
0 0.0849609375 0.21533203125 0.109375 0.1103515625
0 0.0888671875 0.10498046875 0.109375 0.1103515625
0 0.37548828125 0.61572265625 0.1103515625 0.1103515625