0 0.24365234375 0.19287109375 0.0732421875 0.0732421875
0 0.525390625 0.79052734375 0.0859375 0.0869140625
0 0.82275390625 0.07666015625 0.0732421875 0.0732421875
0 0.04443359375 0.06494140625 0.0732421875 0.0732421875
0 0.0439453125 0.17529296875 0.060546875 0.0615234375
0 0.0517578125 0.28125 0.0859375 0.0859375
0 0.05078125 0.416015625 0.09765625 0.09765625
0 0.0498046875 0.501953125 0.09765625 0.09765625
0 0.14306640625 0.13037109375 0.0732421875 0.0732421875
0 0.14892578125 0.25732421875 0.0732421875 0.0732421875
0 0.1494140625 0.35693359375 0.109375 0.1103515625
0 0.1513671875 0.46923828125 0.109375 0.1103515625
0 0.23779296875 0.0732421875 0.1220703125 0.123046875
0 0.24365234375 0.3037109375 0.0849609375 0.0859375
0 0.24169921875 0.41552734375 0.1103515625 0.1103515625
0 0.23974609375 0.5283203125 0.1220703125 0.123046875
0 0.34228515625 0.1328125 0.1220703125 0.123046875
0 0.3447265625 0.24560546875 0.109375 0.1103515625
0 0.33203125 0.35888671875 0.109375 0.1103515625
0 0.33544921875 0.46826171875 0.1103515625 0.1103515625
0 0.4365234375 0.0810546875 0.09765625 0.09765625
0 0.43505859375 0.201171875 0.1220703125 0.123046875
0 0.44140625 0.29736328125 0.109375 0.1103515625
0 0.4462890625 0.41357421875 0.109375 0.1103515625
0 0.439453125 0.52099609375 0.109375 0.1103515625
0 0.52978515625 0.1357421875 0.1220703125 0.123046875
0 0.5419921875 0.349609375 0.0859375 0.0859375
0 0.525390625 0.46728515625 0.109375 0.1103515625
0 0.6220703125 0.0869140625 0.09765625 0.09765625
0 0.63037109375 0.193359375 0.1220703125 0.123046875
0 0.63037109375 0.302734375 0.1103515625 0.111328125
0 0.62841796875 0.40478515625 0.1103515625 0.1103515625
0 0.62158203125 0.52001953125 0.1103515625 0.1103515625
0 0.7177734375 0.12939453125 0.109375 0.1103515625
0 0.72265625 0.2421875 0.109375 0.111328125
0 0.72216796875 0.3544921875 0.1220703125 0.123046875
0 0.72021484375 0.46923828125 0.1103515625 0.1103515625
0 0.81787109375 0.18701171875 0.1103515625 0.1103515625
0 0.82080078125 0.2978515625 0.1220703125 0.123046875
0 0.81982421875 0.41015625 0.1220703125 0.123046875
0 0.8251953125 0.5146484375 0.109375 0.111328125
0 0.9140625 0.13232421875 0.09765625 0.0986328125
0 0.9130859375 0.24462890625 0.09765625 0.0986328125
0 0.919921875 0.337890625 0.09765625 0.09765625
0 0.91357421875 0.46484375 0.1220703125 0.123046875
0 0.9189453125 0.5634765625 0.09765625 0.09765625
0 0.91015625 0.681640625 0.09765625 0.09765625
0 0.92236328125 0.78125 0.1103515625 0.111328125
0 0.92333984375 0.90234375 0.1220703125 0.123046875
0 0.8193359375 0.62890625 0.09765625 0.09765625
0 0.82763671875 0.73681640625 0.1103515625 0.1103515625
0 0.72021484375 0.5810546875 0.1103515625 0.111328125
0 0.72021484375 0.68701171875 0.1103515625 0.1103515625
0 0.72412109375 0.78564453125 0.1103515625 0.1103515625
0 0.72119140625 0.89013671875 0.0732421875 0.0732421875
0 0.626953125 0.62841796875 0.109375 0.1103515625
0 0.6259765625 0.73974609375 0.109375 0.1103515625
0 0.529296875 0.58056640625 0.109375 0.1103515625
0 0.5322265625 0.693359375 0.0859375 0.0859375
0 0.43505859375 0.62451171875 0.1103515625 0.1103515625
0 0.43115234375 0.73486328125 0.1103515625 0.1103515625
0 0.435546875 0.84619140625 0.09765625 0.0986328125
0 0.33154296875 0.57763671875 0.1103515625 0.1103515625
0 0.3427734375 0.80712890625 0.09765625 0.0986328125
0 0.333984375 0.9033203125 0.09765625 0.09765625
0 0.23828125 0.62939453125 0.109375 0.1103515625
0 0.23779296875 0.7451171875 0.1220703125 0.123046875
0 0.24267578125 0.8447265625 0.1220703125 0.123046875
0 0.1494140625 0.58251953125 0.109375 0.1103515625
0 0.14404296875 0.6865234375 0.1220703125 0.123046875
0 0.14111328125 0.79296875 0.1220703125 0.123046875
0 0.13818359375 0.9072265625 0.1220703125 0.123046875