0 0.11669921875 0.2314453125 0.0732421875 0.07421875
0 0.86279296875 0.89599609375 0.1103515625 0.1103515625
0 0.4921875 0.8994140625 0.109375 0.111328125
0 0.197265625 0.9443359375 0.0859375 0.0859375
0 0.87158203125 0.23583984375 0.1103515625 0.1103515625
0 0.8701171875 0.34521484375 0.09765625 0.0986328125
0 0.8779296875 0.44677734375 0.09765625 0.0986328125
0 0.87353515625 0.56298828125 0.1103515625 0.1103515625
0 0.8740234375 0.67822265625 0.09765625 0.0986328125
0 0.8720703125 0.78662109375 0.109375 0.1103515625
0 0.779296875 0.8330078125 0.109375 0.111328125
0 0.7724609375 0.72119140625 0.09765625 0.0986328125
0 0.78173828125 0.62353515625 0.1103515625 0.1103515625
0 0.783203125 0.50927734375 0.09765625 0.0986328125
0 0.77978515625 0.38720703125 0.1103515625 0.1103515625
0 0.78076171875 0.28955078125 0.1103515625 0.1103515625
0 0.6826171875 0.2451171875 0.0859375 0.0859375
0 0.6865234375 0.3544921875 0.0859375 0.0859375
0 0.68798828125 0.44921875 0.0849609375 0.0859375
0 0.68896484375 0.5654296875 0.0849609375 0.0859375
0 0.69140625 0.6728515625 0.0859375 0.0859375
0 0.6962890625 0.7900390625 0.0859375 0.0859375
0 0.69091796875 0.892578125 0.0849609375 0.0859375
0 0.587890625 0.85400390625 0.109375 0.1103515625
0 0.5869140625 0.72900390625 0.09765625 0.0986328125
0 0.5869140625 0.619140625 0.0859375 0.0859375
0 0.587890625 0.51171875 0.09765625 0.09765625
0 0.5947265625 0.38671875 0.109375 0.111328125
0 0.599609375 0.30615234375 0.09765625 0.0986328125
0 0.509765625 0.24609375 0.0859375 0.0859375
0 0.494140625 0.35302734375 0.09765625 0.0986328125
0 0.49609375 0.46044921875 0.09765625 0.0986328125
0 0.4990234375 0.5673828125 0.09765625 0.09765625
0 0.4990234375 0.6884765625 0.09765625 0.09765625
0 0.5009765625 0.79638671875 0.09765625 0.0986328125
0 0.40234375 0.18359375 0.09765625 0.09765625
0 0.4052734375 0.296875 0.09765625 0.09765625
0 0.4033203125 0.39794921875 0.09765625 0.0986328125
0 0.3994140625 0.505859375 0.0859375 0.0859375
0 0.40625 0.6259765625 0.09765625 0.09765625
0 0.4033203125 0.744140625 0.109375 0.111328125
0 0.3994140625 0.841796875 0.09765625 0.09765625
0 0.30078125 0.888671875 0.0859375 0.0859375
0 0.3056640625 0.78857421875 0.09765625 0.0986328125
0 0.306640625 0.669921875 0.09765625 0.09765625
0 0.302734375 0.1357421875 0.0859375 0.0859375
0 0.30419921875 0.234375 0.0849609375 0.0859375
0 0.306640625 0.3486328125 0.0859375 0.0859375
0 0.3076171875 0.4580078125 0.0859375 0.0859375
0 0.3076171875 0.560546875 0.0859375 0.0859375
0 0.20849609375 0.1767578125 0.0849609375 0.0859375
0 0.20458984375 0.279296875 0.0849609375 0.0859375
0 0.20458984375 0.39453125 0.0849609375 0.0859375
0 0.203125 0.50341796875 0.109375 0.1103515625
0 0.20166015625 0.6103515625 0.0849609375 0.0859375
0 0.2001953125 0.72998046875 0.09765625 0.0986328125
0 0.205078125 0.84521484375 0.109375 0.1103515625
0 0.11328125 0.8935546875 0.109375 0.111328125
0 0.10986328125 0.78173828125 0.1103515625 0.1103515625
0 0.10986328125 0.67333984375 0.1103515625 0.1103515625
0 0.10888671875 0.55810546875 0.1103515625 0.1103515625
0 0.10986328125 0.44580078125 0.1103515625 0.1103515625
0 0.111328125 0.333984375 0.09765625 0.09765625
0 0.880859375 0.12255859375 0.109375 0.1103515625
0 0.77734375 0.0634765625 0.09765625 0.09765625
0 0.7802734375 0.16796875 0.0859375 0.0859375
0 0.68896484375 0.123046875 0.0849609375 0.0859375
0 0.595703125 0.0654296875 0.09765625 0.09765625
0 0.5947265625 0.177734375 0.09765625 0.09765625
0 0.501953125 0.12451171875 0.09765625 0.0986328125
0 0.396484375 0.06689453125 0.09765625 0.0986328125