0 0.29931640625 0.216796875 0.0732421875 0.07421875
0 0.58056640625 0.13916015625 0.0732421875 0.0732421875
0 0.39892578125 0.04638671875 0.0732421875 0.0732421875
0 0.66650390625 0.22119140625 0.0732421875 0.0732421875
0 0.66357421875 0.32421875 0.0732421875 0.07421875
0 0.09716796875 0.7294921875 0.0732421875 0.07421875
0 0.77001953125 0.5322265625 0.0732421875 0.07421875
0 0.94970703125 0.705078125 0.0849609375 0.0859375
0 0.7744140625 0.15478515625 0.09765625 0.0986328125
0 0.490234375 0.197265625 0.0859375 0.0859375
0 0.478515625 0.310546875 0.0859375 0.0859375
0 0.58984375 0.25244140625 0.0859375 0.0869140625
0 0.58837890625 0.3642578125 0.0849609375 0.0859375
0 0.658203125 0.4150390625 0.0859375 0.0859375
0 0.58154296875 0.5087890625 0.0849609375 0.0859375
0 0.66845703125 0.564453125 0.0849609375 0.0859375
0 0.77294921875 0.609375 0.0849609375 0.0859375
0 0.57470703125 0.91943359375 0.1103515625 0.1103515625
0 0.5791015625 0.814453125 0.09765625 0.09765625
0 0.5830078125 0.720703125 0.09765625 0.09765625
0 0.7724609375 0.71044921875 0.09765625 0.0986328125
0 0.6669921875 0.77001953125 0.09765625 0.0986328125
0 0.66943359375 0.873046875 0.0849609375 0.0859375
0 0.5830078125 0.6201171875 0.0859375 0.0859375
0 0.66455078125 0.6572265625 0.0849609375 0.0859375
0 0.48486328125 0.44384765625 0.1103515625 0.1103515625
0 0.482421875 0.53466796875 0.109375 0.1103515625
0 0.47802734375 0.662109375 0.1103515625 0.111328125
0 0.48193359375 0.75732421875 0.1103515625 0.1103515625
0 0.48828125 0.8818359375 0.109375 0.111328125
0 0.3916015625 0.82177734375 0.109375 0.1103515625
0 0.3916015625 0.71533203125 0.109375 0.1103515625
0 0.3876953125 0.60595703125 0.109375 0.1103515625
0 0.298828125 0.4501953125 0.0859375 0.0859375
0 0.298828125 0.548828125 0.0859375 0.0859375
0 0.29296875 0.66552734375 0.09765625 0.0986328125
0 0.2919921875 0.7685546875 0.09765625 0.09765625
0 0.19921875 0.15673828125 0.09765625 0.0986328125
0 0.19677734375 0.27294921875 0.1103515625 0.1103515625
0 0.0986328125 0.31982421875 0.09765625 0.0986328125
0 0.10791015625 0.21142578125 0.1103515625 0.1103515625
0 0.103515625 0.4365234375 0.0859375 0.0859375
0 0.10107421875 0.55859375 0.0849609375 0.0859375
0 0.10205078125 0.640625 0.0849609375 0.0859375
0 0.2001953125 0.791015625 0.0859375 0.0859375
0 0.19775390625 0.68359375 0.0849609375 0.0859375
0 0.20556640625 0.5888671875 0.0849609375 0.0859375
0 0.19775390625 0.494140625 0.0849609375 0.0859375
0 0.2021484375 0.3837890625 0.0859375 0.0859375
0 0.38818359375 0.2587890625 0.0849609375 0.0859375
0 0.38671875 0.384765625 0.0859375 0.0859375
0 0.38525390625 0.4951171875 0.0849609375 0.0859375
0 0.30126953125 0.330078125 0.0849609375 0.0859375
0 0.1962890625 0.93994140625 0.09765625 0.0986328125
0 0.1044921875 0.91943359375 0.109375 0.1103515625
0 0.59521484375 0.03759765625 0.0732421875 0.0732421875
0 0.49072265625 0.1025390625 0.0732421875 0.07421875
0 0.11328125 0.099609375 0.109375 0.111328125
0 0.2978515625 0.1044921875 0.0859375 0.0859375
0 0.77734375 0.04541015625 0.0859375 0.0869140625
0 0.8701171875 0.87451171875 0.09765625 0.0986328125
0 0.673828125 0.1083984375 0.0859375 0.0859375