0 0.52392578125 0.80712890625 0.0732421875 0.0732421875
0 0.52490234375 0.69921875 0.0849609375 0.0859375
0 0.15087890625 0.921875 0.0732421875 0.07421875
0 0.13525390625 0.814453125 0.0732421875 0.07421875
0 0.732421875 0.71044921875 0.060546875 0.0615234375
0 0.03271484375 0.76318359375 0.0615234375 0.0615234375
0 0.04052734375 0.86865234375 0.0732421875 0.0732421875
0 0.05419921875 0.95654296875 0.0732421875 0.0732421875
0 0.12255859375 0.70263671875 0.0615234375 0.0615234375
0 0.24169921875 0.8544921875 0.0732421875 0.07421875
0 0.3525390625 0.69677734375 0.09765625 0.0986328125
0 0.35791015625 0.8134765625 0.1103515625 0.111328125
0 0.36376953125 0.91796875 0.1103515625 0.111328125
0 0.4482421875 0.74658203125 0.09765625 0.0986328125
0 0.4482421875 0.86328125 0.09765625 0.09765625
0 0.54833984375 0.912109375 0.0732421875 0.07421875
0 0.63427734375 0.74560546875 0.0849609375 0.0869140625
0 0.63818359375 0.85888671875 0.1103515625 0.1103515625
0 0.73974609375 0.80224609375 0.1220703125 0.1220703125
0 0.7421875 0.91748046875 0.09765625 0.0986328125
0 0.8232421875 0.7587890625 0.0859375 0.0859375
0 0.828125 0.86474609375 0.09765625 0.0986328125
0 0.91162109375 0.8115234375 0.0849609375 0.0859375
0 0.91357421875 0.93359375 0.0849609375 0.0859375