0 0.91015625 0.6806640625 0.0859375 0.0859375
0 0.71630859375 0.67626953125 0.0732421875 0.0732421875
0 0.72314453125 0.458984375 0.0849609375 0.0859375
0 0.71826171875 0.34228515625 0.0732421875 0.0732421875
0 0.62841796875 0.51708984375 0.0732421875 0.0732421875
0 0.62255859375 0.291015625 0.0849609375 0.0859375
0 0.62939453125 0.40283203125 0.0615234375 0.0615234375
0 0.6259765625 0.1748046875 0.0859375 0.0859375
0 0.62158203125 0.62255859375 0.0732421875 0.0732421875
0 0.908203125 0.884765625 0.0859375 0.0859375
0 0.9111328125 0.78466796875 0.0859375 0.0869140625
0 0.81494140625 0.9541015625 0.0849609375 0.0859375
0 0.81591796875 0.8408203125 0.0849609375 0.0859375
0 0.81494140625 0.7333984375 0.0849609375 0.0859375
0 0.62353515625 0.9541015625 0.0732421875 0.07421875
0 0.716796875 0.8984375 0.09765625 0.09765625
0 0.72021484375 0.78466796875 0.0615234375 0.0615234375
0 0.8115234375 0.62158203125 0.0859375 0.0869140625
0 0.626953125 0.841796875 0.0859375 0.0859375
0 0.6259765625 0.7333984375 0.0859375 0.0859375
0 0.72412109375 0.56787109375 0.0732421875 0.0732421875
0 0.720703125 0.236328125 0.0859375 0.0859375
0 0.7197265625 0.125 0.09765625 0.09765625
0 0.81640625 0.5107421875 0.0859375 0.0859375
0 0.8203125 0.39892578125 0.09765625 0.0986328125
0 0.8173828125 0.291015625 0.0859375 0.0859375
0 0.8173828125 0.1845703125 0.09765625 0.09765625
0 0.9130859375 0.56396484375 0.09765625 0.0986328125
0 0.9130859375 0.45654296875 0.09765625 0.0986328125
0 0.91064453125 0.341796875 0.0849609375 0.0859375
0 0.90771484375 0.2333984375 0.0849609375 0.0859375
0 0.9091796875 0.12890625 0.09765625 0.09765625
0 0.8154296875 0.06982421875 0.0859375 0.0869140625
0 0.62646484375 0.076171875 0.0849609375 0.0859375