0 0.6875 0.2453125 0.071875 0.071875
0 0.7765625 0.39296875 0.071875 0.0734375
0 0.778125 0.2875 0.071875 0.071875
0 0.8734375 0.3296875 0.071875 0.071875
0 0.59375 0.31015625 0.084375 0.0859375
0 0.6890625 0.34140625 0.071875 0.0734375
0 0.4125 0.8640625 0.071875 0.071875
0 0.69375 0.45859375 0.071875 0.0734375
0 0.4125 0.7625 0.071875 0.071875
0 0.87734375 0.43515625 0.0859375 0.0859375
0 0.78125 0.51328125 0.071875 0.0734375
0 0.10625 0.1484375 0.071875 0.071875
0 0.1109375 0.2609375 0.109375 0.109375
0 0.1109375 0.3703125 0.109375 0.109375
0 0.11171875 0.47890625 0.0859375 0.0859375
0 0.1171875 0.5921875 0.109375 0.109375
0 0.2171875 0.2015625 0.121875 0.121875
0 0.2046875 0.309375 0.121875 0.121875
0 0.2125 0.43046875 0.096875 0.0984375
0 0.2125 0.53046875 0.096875 0.0984375
0 0.209375 0.6484375 0.121875 0.121875
0 0.3109375 0.14765625 0.071875 0.0734375
0 0.315625 0.259375 0.096875 0.096875
0 0.321875 0.371875 0.121875 0.121875
0 0.3171875 0.48515625 0.096875 0.0984375
0 0.30625 0.58828125 0.096875 0.0984375
0 0.4109375 0.203125 0.121875 0.121875
0 0.40625 0.321875 0.121875 0.121875
0 0.409375 0.43203125 0.084375 0.0859375
0 0.40625 0.55234375 0.096875 0.0984375
0 0.5015625 0.153125 0.096875 0.096875
0 0.5046875 0.2671875 0.096875 0.096875
0 0.5046875 0.371875 0.096875 0.096875
0 0.5078125 0.4859375 0.096875 0.096875
0 0.50625 0.5921875 0.121875 0.121875
0 0.4046875 0.6625 0.071875 0.071875
0 0.50625 0.703125 0.121875 0.121875
0 0.5921875 0.20546875 0.071875 0.0734375
0 0.59921875 0.42734375 0.0859375 0.0859375
0 0.5953125 0.540625 0.096875 0.096875
0 0.596875 0.65 0.121875 0.121875
0 0.6859375 0.14921875 0.059375 0.0609375
0 0.6875 0.590625 0.096875 0.096875
0 0.7734375 0.18046875 0.059375 0.0609375
0 0.7875 0.65078125 0.084375 0.0859375
0 0.86328125 0.13359375 0.0609375 0.0609375
0 0.86328125 0.21953125 0.0609375 0.0609375
0 0.88203125 0.57265625 0.0859375 0.0859375
0 0.88125 0.68828125 0.084375 0.0859375
0 0.96953125 0.20078125 0.0484375 0.0484375
0 0.96796875 0.30390625 0.0484375 0.0484375
0 0.8828125 0.78359375 0.084375 0.0859375
0 0.8765625 0.921875 0.096875 0.096875
0 0.7890625 0.7625 0.096875 0.096875
0 0.7828125 0.875 0.096875 0.096875
0 0.69609375 0.70546875 0.0859375 0.0859375
0 0.6890625 0.81484375 0.109375 0.1109375
0 0.68984375 0.91796875 0.0859375 0.0859375
0 0.5984375 0.7546875 0.096875 0.096875
0 0.59375 0.86640625 0.096875 0.0984375
0 0.503125 0.8109375 0.109375 0.109375
0 0.5015625 0.92265625 0.096875 0.0984375
0 0.3015625 0.70234375 0.096875 0.0984375
0 0.3046875 0.81171875 0.096875 0.0984375
0 0.3125 0.92109375 0.096875 0.0984375
0 0.20625 0.7640625 0.109375 0.109375
0 0.209375 0.86796875 0.096875 0.0984375
0 0.1046875 0.6984375 0.109375 0.109375
0 0.1140625 0.81015625 0.096875 0.0984375
0 0.1109375 0.91796875 0.096875 0.0984375
0 0.025 0.1109375 0.05 0.059375
0 0.0328125 0.19453125 0.065625 0.1015625
0 0.0328125 0.31171875 0.065625 0.1140625
0 0.0328125 0.421875 0.065625 0.103125
0 0.034375 0.528125 0.06875 0.090625
0 0.0375 0.63359375 0.075 0.1109375
0 0.0359375 0.7515625 0.071875 0.096875
0 0.03125 0.8578125 0.0625 0.09375
0 0.03125 0.95859375 0.0625 0.0796875
0 0.20859375 0.96328125 0.0953125 0.0734375
0 0.3984375 0.9640625 0.084375 0.06875
0 0.590625 0.96796875 0.08125 0.0640625
0 0.78671875 0.96328125 0.0953125 0.0734375
0 0.965625 0.9671875 0.065625 0.0625
0 0.9609375 0.86953125 0.075 0.1078125
0 0.96640625 0.74375 0.0671875 0.08125
0 0.9609375 0.628125 0.075 0.0875
0 0.9625 0.50625 0.071875 0.065625
0 0.965625 0.4046875 0.065625 0.06875