0 0.89453125 0.65771484375 0.07421875 0.0732421875
0 0.95556640625 0.564453125 0.0615234375 0.060546875
0 0.45458984375 0.66650390625 0.0732421875 0.0732421875
0 0.3037109375 0.73974609375 0.07421875 0.0732421875
0 0.1796875 0.939453125 0.0859375 0.0859375
0 0.06884765625 0.9345703125 0.1103515625 0.109375
0 0.13037109375 0.84130859375 0.0869140625 0.0849609375
0 0.1865234375 0.7392578125 0.0859375 0.0859375
0 0.0732421875 0.74072265625 0.0859375 0.0849609375
0 0.1279296875 0.65869140625 0.07421875 0.0732421875
0 0.1904296875 0.56103515625 0.0859375 0.0849609375
0 0.0693359375 0.55810546875 0.0859375 0.0849609375
0 0.1162109375 0.4716796875 0.0859375 0.0859375
0 0.18701171875 0.3779296875 0.0986328125 0.09765625
0 0.06298828125 0.37353515625 0.1103515625 0.1103515625
0 0.11767578125 0.287109375 0.1103515625 0.109375
0 0.138671875 0.10107421875 0.0859375 0.0849609375
0 0.251953125 0.66357421875 0.07421875 0.0732421875
0 0.35986328125 0.65869140625 0.0732421875 0.0732421875
0 0.4013671875 0.5654296875 0.0859375 0.0859375
0 0.2861328125 0.5654296875 0.0859375 0.0859375
0 0.3974609375 0.75439453125 0.07421875 0.0732421875
0 0.51708984375 0.75439453125 0.0732421875 0.0732421875
0 0.29736328125 0.94384765625 0.1103515625 0.1103515625
0 0.51416015625 0.9365234375 0.1103515625 0.109375
0 0.62646484375 0.9365234375 0.1103515625 0.109375
0 0.73681640625 0.9404296875 0.1103515625 0.109375
0 0.8408203125 0.9443359375 0.111328125 0.109375
0 0.9111328125 0.85546875 0.0859375 0.0859375
0 0.68603515625 0.8515625 0.0986328125 0.09765625
0 0.80322265625 0.84765625 0.0869140625 0.0859375
0 0.7373046875 0.75439453125 0.0859375 0.0849609375
0 0.83984375 0.751953125 0.0859375 0.0859375
0 0.8232421875 0.373046875 0.0859375 0.0859375
0 0.7099609375 0.189453125 0.0859375 0.0859375
0 0.6806640625 0.2802734375 0.0859375 0.0859375
0 0.4716796875 0.8447265625 0.0859375 0.0859375
0 0.3515625 0.849609375 0.0859375 0.0859375
0 0.5712890625 0.84716796875 0.0859375 0.0849609375
0 0.2451171875 0.84814453125 0.0859375 0.0849609375
0 0.78515625 0.6591796875 0.09765625 0.09765625
0 0.68212890625 0.66015625 0.0986328125 0.09765625
0 0.5615234375 0.66650390625 0.0859375 0.0849609375
0 0.62890625 0.75146484375 0.0859375 0.0849609375
0 0.8359375 0.572265625 0.111328125 0.109375
0 0.72900390625 0.56591796875 0.1103515625 0.1103515625
0 0.62158203125 0.56689453125 0.1103515625 0.1103515625
0 0.50146484375 0.56787109375 0.1103515625 0.1103515625
0 0.4443359375 0.4775390625 0.0859375 0.0859375
0 0.3544921875 0.478515625 0.0859375 0.0859375
0 0.552734375 0.48291015625 0.0859375 0.0849609375
0 0.68408203125 0.47900390625 0.1103515625 0.1103515625
0 0.78564453125 0.47509765625 0.1103515625 0.1103515625
0 0.890625 0.4794921875 0.0859375 0.0859375
0 0.94677734375 0.376953125 0.0986328125 0.09765625
0 0.7060546875 0.37548828125 0.111328125 0.1103515625
0 0.59521484375 0.37158203125 0.1103515625 0.1103515625
0 0.48779296875 0.3740234375 0.0986328125 0.09765625
0 0.40673828125 0.37890625 0.0986328125 0.09765625
0 0.3330078125 0.27978515625 0.0859375 0.0849609375
0 0.23779296875 0.28125 0.0986328125 0.09765625
0 0.29248046875 0.3779296875 0.0986328125 0.09765625
0 0.24169921875 0.482421875 0.0986328125 0.09765625
0 0.44091796875 0.283203125 0.0986328125 0.09765625
0 0.837890625 0.185546875 0.09765625 0.09765625
0 0.953125 0.18212890625 0.0859375 0.0849609375
0 0.9013671875 0.2919921875 0.09765625 0.09765625
0 0.78515625 0.28515625 0.0859375 0.0859375
0 0.603515625 0.18798828125 0.0859375 0.0849609375
0 0.5341796875 0.28515625 0.0859375 0.0859375
0 0.6494140625 0.10546875 0.0859375 0.0859375
0 0.775390625 0.09814453125 0.0859375 0.0849609375
0 0.2900390625 0.1904296875 0.09765625 0.09765625
0 0.40478515625 0.189453125 0.0986328125 0.09765625
0 0.5048828125 0.19091796875 0.0859375 0.0849609375
0 0.5556640625 0.1083984375 0.09765625 0.09765625
0 0.451171875 0.09765625 0.0859375 0.0859375
0 0.349609375 0.1015625 0.0859375 0.0859375
0 0.24072265625 0.0947265625 0.0869140625 0.0859375
0 0.8720703125 0.09423828125 0.0859375 0.0849609375
0 0.07080078125 0.18798828125 0.1103515625 0.1103515625
0 0.1767578125 0.18994140625 0.0859375 0.0849609375