0 0.3427734375 0.08349609375 0.109375 0.1103515625
0 0.91162109375 0.08154296875 0.1103515625 0.1103515625
0 0.8193359375 0.1455078125 0.109375 0.111328125
0 0.7265625 0.091796875 0.09765625 0.09765625
0 0.62744140625 0.130859375 0.1103515625 0.111328125
0 0.53466796875 0.08251953125 0.1103515625 0.1103515625
0 0.25 0.14111328125 0.048828125 0.0498046875
0 0.341796875 0.19580078125 0.048828125 0.0498046875
0 0.4365234375 0.1337890625 0.048828125 0.048828125
0 0.15673828125 0.09423828125 0.1103515625 0.1103515625
0 0.15576171875 0.2001953125 0.0849609375 0.0859375
0 0.05126953125 0.25341796875 0.0732421875 0.0732421875
0 0.15673828125 0.30224609375 0.1103515625 0.1103515625
0 0.2470703125 0.25341796875 0.109375 0.1103515625
0 0.34375 0.302734375 0.109375 0.111328125
0 0.4462890625 0.361328125 0.0859375 0.0859375
0 0.43994140625 0.2490234375 0.0849609375 0.0859375
0 0.53662109375 0.2001953125 0.0849609375 0.0859375
0 0.53369140625 0.306640625 0.0849609375 0.0859375
0 0.541015625 0.4140625 0.09765625 0.09765625
0 0.5361328125 0.5185546875 0.09765625 0.09765625
0 0.53125 0.63525390625 0.09765625 0.0986328125
0 0.63037109375 0.24853515625 0.0732421875 0.0732421875
0 0.63330078125 0.3603515625 0.0849609375 0.0859375
0 0.63232421875 0.5771484375 0.0732421875 0.07421875
0 0.71875 0.19482421875 0.09765625 0.0986328125
0 0.724609375 0.30419921875 0.09765625 0.0986328125
0 0.7197265625 0.41943359375 0.09765625 0.0986328125
0 0.7294921875 0.5302734375 0.09765625 0.09765625
0 0.7314453125 0.640625 0.09765625 0.09765625
0 0.82177734375 0.24951171875 0.1103515625 0.1103515625
0 0.82275390625 0.36376953125 0.1103515625 0.1103515625
0 0.8173828125 0.47021484375 0.109375 0.1103515625
0 0.81640625 0.58837890625 0.109375 0.1103515625
0 0.8173828125 0.6962890625 0.109375 0.111328125
0 0.91650390625 0.19873046875 0.1103515625 0.1103515625
0 0.91357421875 0.31005859375 0.1103515625 0.1103515625
0 0.90771484375 0.41845703125 0.1103515625 0.1103515625
0 0.91552734375 0.53076171875 0.1103515625 0.1103515625
0 0.9169921875 0.63916015625 0.109375 0.1103515625
0 0.90625 0.75146484375 0.109375 0.1103515625
0 0.9091796875 0.8623046875 0.109375 0.111328125
0 0.8203125 0.7998046875 0.109375 0.111328125
0 0.82080078125 0.9072265625 0.0849609375 0.0859375
0 0.72021484375 0.7666015625 0.1103515625 0.111328125
0 0.72314453125 0.875 0.0849609375 0.0859375
0 0.63134765625 0.7080078125 0.0849609375 0.0859375
0 0.63818359375 0.82177734375 0.0244140625 0.0244140625
0 0.6318359375 0.9404296875 0.037109375 0.037109375
0 0.53662109375 0.96826171875 0.0244140625 0.0244140625
0 0.5390625 0.74365234375 0.09765625 0.0986328125
0 0.537109375 0.84912109375 0.09765625 0.0986328125
0 0.24609375 0.93408203125 0.09765625 0.0986328125
0 0.06005859375 0.92578125 0.1103515625 0.111328125