0 0.7216796875 0.44677734375 0.09765625 0.0986328125
0 0.8154296875 0.50341796875 0.109375 0.1103515625
0 0.81591796875 0.068359375 0.0849609375 0.0859375
0 0.72021484375 0.12451171875 0.1103515625 0.1103515625
0 0.6220703125 0.06298828125 0.0859375 0.0869140625
0 0.6240234375 0.17626953125 0.09765625 0.0986328125
0 0.5283203125 0.12255859375 0.09765625 0.0986328125
0 0.44580078125 0.05908203125 0.0615234375 0.0615234375
0 0.3427734375 0.12158203125 0.109375 0.1103515625
0 0.15673828125 0.119140625 0.1103515625 0.111328125
0 0.07080078125 0.0595703125 0.1103515625 0.111328125
0 0.0595703125 0.28759765625 0.109375 0.1103515625
0 0.060546875 0.39599609375 0.109375 0.1103515625
0 0.060546875 0.49853515625 0.09765625 0.0986328125
0 0.0654296875 0.61474609375 0.109375 0.1103515625
0 0.15185546875 0.23193359375 0.1103515625 0.1103515625
0 0.15576171875 0.33642578125 0.1103515625 0.1103515625
0 0.15283203125 0.44775390625 0.1103515625 0.1103515625
0 0.1513671875 0.55908203125 0.109375 0.1103515625
0 0.15234375 0.66845703125 0.109375 0.1103515625
0 0.244140625 0.166015625 0.109375 0.111328125
0 0.248046875 0.2783203125 0.109375 0.111328125
0 0.24609375 0.38818359375 0.09765625 0.0986328125
0 0.25341796875 0.50048828125 0.1103515625 0.1103515625
0 0.24560546875 0.60791015625 0.1103515625 0.1103515625
0 0.3408203125 0.2314453125 0.109375 0.111328125
0 0.337890625 0.3369140625 0.109375 0.111328125
0 0.33984375 0.443359375 0.09765625 0.09765625
0 0.3388671875 0.55224609375 0.109375 0.1103515625
0 0.3388671875 0.67236328125 0.09765625 0.0986328125
0 0.4365234375 0.18017578125 0.09765625 0.0986328125
0 0.43115234375 0.2783203125 0.1103515625 0.111328125
0 0.435546875 0.388671875 0.109375 0.111328125
0 0.4326171875 0.5009765625 0.109375 0.111328125
0 0.4345703125 0.61572265625 0.109375 0.1103515625
0 0.53271484375 0.4482421875 0.1103515625 0.111328125
0 0.53466796875 0.53125 0.0732421875 0.07421875
0 0.5244140625 0.6708984375 0.09765625 0.09765625
0 0.6240234375 0.28271484375 0.109375 0.1103515625
0 0.6240234375 0.498046875 0.09765625 0.09765625
0 0.62109375 0.607421875 0.09765625 0.09765625
0 0.71337890625 0.23291015625 0.1103515625 0.1103515625
0 0.7177734375 0.33447265625 0.109375 0.1103515625
0 0.72265625 0.56005859375 0.109375 0.1103515625
0 0.72021484375 0.6640625 0.1103515625 0.111328125
0 0.80908203125 0.1728515625 0.0849609375 0.0859375
0 0.84326171875 0.2119140625 0.0849609375 0.0859375
0 0.81298828125 0.29345703125 0.1103515625 0.1103515625
0 0.8134765625 0.60888671875 0.09765625 0.0986328125
0 0.8154296875 0.7197265625 0.09765625 0.09765625
0 0.814453125 0.8349609375 0.0859375 0.0859375
0 0.81494140625 0.93994140625 0.0615234375 0.0615234375
0 0.71875 0.7783203125 0.09765625 0.09765625
0 0.71826171875 0.8857421875 0.0849609375 0.0859375
0 0.62060546875 0.7021484375 0.1103515625 0.111328125
0 0.630859375 0.82275390625 0.09765625 0.0986328125
0 0.62109375 0.94287109375 0.060546875 0.0615234375
0 0.53125 0.77294921875 0.09765625 0.0986328125
0 0.53515625 0.88916015625 0.09765625 0.0986328125
0 0.43359375 0.71923828125 0.09765625 0.0986328125
0 0.4345703125 0.82861328125 0.09765625 0.0986328125
0 0.43505859375 0.94482421875 0.0732421875 0.0732421875
0 0.34423828125 0.77880859375 0.1103515625 0.1103515625
0 0.3369140625 0.87646484375 0.09765625 0.0986328125
0 0.24755859375 0.72607421875 0.1103515625 0.1103515625
0 0.2490234375 0.83447265625 0.109375 0.1103515625
0 0.154296875 0.77587890625 0.109375 0.1103515625
0 0.150390625 0.88525390625 0.109375 0.1103515625
0 0.06298828125 0.72509765625 0.1103515625 0.1103515625
0 0.0576171875 0.93359375 0.09765625 0.09765625