0 0.34130859375 0.05224609375 0.0615234375 0.0615234375
0 0.34326171875 0.23095703125 0.0615234375 0.0615234375
0 0.0693359375 0.90625 0.09765625 0.09765625
0 0.1845703125 0.9072265625 0.0859375 0.0859375
0 0.28955078125 0.90673828125 0.0615234375 0.0615234375
0 0.40380859375 0.90625 0.0986328125 0.09765625
0 0.51025390625 0.90771484375 0.1103515625 0.1103515625
0 0.3427734375 0.814453125 0.0859375 0.0859375
0 0.4599609375 0.79931640625 0.0859375 0.0849609375
0 0.61181640625 0.90380859375 0.1103515625 0.1103515625
0 0.72607421875 0.90869140625 0.1103515625 0.1103515625
0 0.84521484375 0.90478515625 0.1103515625 0.1103515625
0 0.5673828125 0.8037109375 0.0859375 0.0859375
0 0.6689453125 0.80029296875 0.0859375 0.0849609375
0 0.7802734375 0.80517578125 0.0859375 0.0849609375
0 0.8935546875 0.80419921875 0.0859375 0.0849609375
0 0.40234375 0.7177734375 0.09765625 0.09765625
0 0.509765625 0.705078125 0.09765625 0.09765625
0 0.62158203125 0.708984375 0.1103515625 0.109375
0 0.72705078125 0.7109375 0.1103515625 0.109375
0 0.84228515625 0.708984375 0.0986328125 0.09765625
0 0.4560546875 0.61279296875 0.111328125 0.1103515625
0 0.5654296875 0.60888671875 0.111328125 0.1103515625
0 0.67724609375 0.609375 0.1103515625 0.109375
0 0.77978515625 0.61328125 0.0986328125 0.09765625
0 0.89599609375 0.6103515625 0.1103515625 0.109375
0 0.345703125 0.61865234375 0.0859375 0.0849609375
0 0.40283203125 0.5185546875 0.0986328125 0.09765625
0 0.5087890625 0.5185546875 0.09765625 0.09765625
0 0.6171875 0.515625 0.09765625 0.09765625
0 0.7255859375 0.51416015625 0.111328125 0.1103515625
0 0.83544921875 0.513671875 0.0986328125 0.09765625
0 0.35498046875 0.4228515625 0.1103515625 0.109375
0 0.46044921875 0.419921875 0.0986328125 0.09765625
0 0.56396484375 0.41796875 0.0986328125 0.09765625
0 0.6767578125 0.4267578125 0.111328125 0.109375
0 0.78125 0.42431640625 0.111328125 0.1103515625
0 0.8779296875 0.41650390625 0.111328125 0.1103515625
0 0.39990234375 0.3291015625 0.0986328125 0.09765625
0 0.50341796875 0.3271484375 0.0986328125 0.09765625
0 0.61865234375 0.3251953125 0.1103515625 0.109375
0 0.7255859375 0.328125 0.09765625 0.09765625
0 0.83984375 0.326171875 0.09765625 0.09765625
0 0.45654296875 0.2353515625 0.0986328125 0.09765625
0 0.56201171875 0.232421875 0.0986328125 0.09765625
0 0.67333984375 0.23388671875 0.1103515625 0.1103515625
0 0.78076171875 0.234375 0.0986328125 0.09765625
0 0.39599609375 0.140625 0.0986328125 0.09765625
0 0.51123046875 0.138671875 0.0869140625 0.0859375
0 0.6220703125 0.14208984375 0.0859375 0.0849609375
0 0.7294921875 0.13916015625 0.0859375 0.0849609375
0 0.837890625 0.13916015625 0.07421875 0.0732421875
0 0.455078125 0.046875 0.0859375 0.0859375
0 0.5654296875 0.0498046875 0.0859375 0.0859375
0 0.67431640625 0.04736328125 0.0732421875 0.0732421875
0 0.78564453125 0.04541015625 0.0732421875 0.0732421875
0 0.9443359375 0.13671875 0.09765625 0.09765625
0 0.8935546875 0.234375 0.111328125 0.109375
0 0.947265625 0.3291015625 0.09765625 0.09765625
0 0.94775390625 0.5205078125 0.0986328125 0.09765625