0 0.94873046875 0.07666015625 0.0732421875 0.0732421875
0 0.9462890625 0.1826171875 0.0859375 0.0859375
0 0.947265625 0.2939453125 0.09765625 0.09765625
0 0.849609375 0.1279296875 0.0859375 0.0859375
0 0.849609375 0.234375 0.09765625 0.09765625
0 0.75634765625 0.0771484375 0.0849609375 0.0859375
0 0.75927734375 0.185546875 0.0849609375 0.0859375
0 0.7578125 0.2900390625 0.09765625 0.09765625
0 0.66162109375 0.1357421875 0.0849609375 0.0859375
0 0.66015625 0.23828125 0.09765625 0.09765625
0 0.57177734375 0.0771484375 0.0732421875 0.07421875
0 0.56982421875 0.185546875 0.0732421875 0.07421875
0 0.56201171875 0.29736328125 0.0732421875 0.0732421875
0 0.47802734375 0.1279296875 0.0849609375 0.0859375
0 0.4794921875 0.23681640625 0.09765625 0.0986328125
0 0.38232421875 0.0732421875 0.0849609375 0.0859375
0 0.380859375 0.18505859375 0.09765625 0.0986328125
0 0.380859375 0.29931640625 0.09765625 0.0986328125
0 0.28515625 0.12890625 0.0859375 0.0859375
0 0.287109375 0.23779296875 0.09765625 0.0986328125
0 0.1943359375 0.07470703125 0.09765625 0.0986328125
0 0.1953125 0.18212890625 0.09765625 0.0986328125
0 0.1923828125 0.29345703125 0.09765625 0.0986328125
0 0.09228515625 0.12841796875 0.1103515625 0.1103515625
0 0.08837890625 0.23583984375 0.1103515625 0.1103515625
0 0.09326171875 0.35302734375 0.1103515625 0.1103515625
0 0.09033203125 0.46435546875 0.1103515625 0.1103515625
0 0.08447265625 0.57275390625 0.1103515625 0.1103515625
0 0.09228515625 0.68505859375 0.1103515625 0.1103515625
0 0.09375 0.79345703125 0.109375 0.1103515625
0 0.1943359375 0.40576171875 0.109375 0.1103515625
0 0.1943359375 0.51416015625 0.09765625 0.0986328125
0 0.18994140625 0.62646484375 0.1103515625 0.1103515625
0 0.19287109375 0.73779296875 0.1103515625 0.1103515625
0 0.19189453125 0.85302734375 0.1103515625 0.1103515625
0 0.287109375 0.34619140625 0.109375 0.1103515625
0 0.2939453125 0.47021484375 0.109375 0.1103515625
0 0.287109375 0.57373046875 0.109375 0.1103515625
0 0.287109375 0.68994140625 0.109375 0.1103515625
0 0.2841796875 0.79345703125 0.109375 0.1103515625
0 0.3818359375 0.400390625 0.09765625 0.09765625
0 0.37841796875 0.51611328125 0.1103515625 0.1103515625
0 0.384765625 0.63134765625 0.109375 0.1103515625
0 0.3798828125 0.74267578125 0.09765625 0.0986328125
0 0.3857421875 0.85009765625 0.109375 0.1103515625
0 0.47509765625 0.3515625 0.0732421875 0.07421875
0 0.4775390625 0.458984375 0.09765625 0.09765625
0 0.47412109375 0.56689453125 0.1103515625 0.1103515625
0 0.47705078125 0.68408203125 0.1103515625 0.1103515625
0 0.47607421875 0.798828125 0.0849609375 0.0859375
0 0.56689453125 0.4033203125 0.0732421875 0.07421875
0 0.5634765625 0.515625 0.09765625 0.09765625
0 0.56884765625 0.626953125 0.0849609375 0.0859375
0 0.5673828125 0.73779296875 0.09765625 0.0986328125
0 0.6650390625 0.34619140625 0.09765625 0.0986328125
0 0.6611328125 0.4599609375 0.0859375 0.0859375
0 0.6591796875 0.5625 0.09765625 0.09765625
0 0.66015625 0.6767578125 0.0859375 0.0859375
0 0.6630859375 0.79296875 0.0859375 0.0859375
0 0.7578125 0.39794921875 0.09765625 0.0986328125
0 0.7626953125 0.51611328125 0.09765625 0.0986328125
0 0.765625 0.6220703125 0.09765625 0.09765625
0 0.7646484375 0.7392578125 0.09765625 0.09765625
0 0.8515625 0.34912109375 0.0859375 0.0869140625
0 0.8515625 0.45654296875 0.09765625 0.0986328125
0 0.8505859375 0.56494140625 0.09765625 0.0986328125
0 0.8515625 0.69482421875 0.09765625 0.0986328125
0 0.9443359375 0.51123046875 0.09765625 0.0986328125
0 0.943359375 0.6259765625 0.0859375 0.0859375
0 0.94677734375 0.7353515625 0.0849609375 0.0859375
0 0.85400390625 0.8056640625 0.0849609375 0.0859375
0 0.94384765625 0.84375 0.0849609375 0.0859375
0 0.85009765625 0.900390625 0.0849609375 0.0859375
0 0.7607421875 0.84765625 0.0859375 0.0859375
0 0.666015625 0.89697265625 0.09765625 0.0986328125
0 0.56494140625 0.8505859375 0.0849609375 0.0859375
0 0.4765625 0.90478515625 0.09765625 0.0986328125
0 0.27880859375 0.91259765625 0.1103515625 0.1103515625
0 0.0830078125 0.90576171875 0.109375 0.1103515625