0 0.06689453125 0.25048828125 0.0732421875 0.0732421875
0 0.1181640625 0.15478515625 0.0859375 0.0849609375
0 0.234375 0.158203125 0.0859375 0.0859375
0 0.1728515625 0.2529296875 0.0859375 0.0859375
0 0.2841796875 0.251953125 0.09765625 0.09765625
0 0.1181640625 0.349609375 0.0859375 0.0859375
0 0.224609375 0.349609375 0.09765625 0.09765625
0 0.0673828125 0.44287109375 0.0859375 0.0849609375
0 0.17578125 0.43994140625 0.0859375 0.0849609375
0 0.2802734375 0.44140625 0.09765625 0.09765625
0 0.1259765625 0.53759765625 0.0859375 0.0849609375
0 0.228515625 0.5390625 0.09765625 0.09765625
0 0.0673828125 0.62744140625 0.07421875 0.0732421875
0 0.17578125 0.62939453125 0.07421875 0.0732421875
0 0.28759765625 0.63720703125 0.0732421875 0.0732421875
0 0.1181640625 0.72119140625 0.0859375 0.0849609375
0 0.22705078125 0.7197265625 0.0986328125 0.09765625
0 0.0634765625 0.81689453125 0.0859375 0.0849609375
0 0.17529296875 0.818359375 0.0986328125 0.09765625
0 0.28955078125 0.818359375 0.0986328125 0.09765625
0 0.119140625 0.9140625 0.0859375 0.0859375
0 0.22802734375 0.912109375 0.0986328125 0.09765625
0 0.33642578125 0.912109375 0.1103515625 0.109375
0 0.46044921875 0.9052734375 0.1103515625 0.109375
0 0.56396484375 0.912109375 0.1103515625 0.109375
0 0.68017578125 0.912109375 0.1103515625 0.109375
0 0.78369140625 0.9150390625 0.1103515625 0.109375
0 0.390625 0.8173828125 0.09765625 0.09765625
0 0.50634765625 0.82080078125 0.1103515625 0.1103515625
0 0.62158203125 0.814453125 0.1103515625 0.109375
0 0.73291015625 0.8193359375 0.0986328125 0.09765625
0 0.84033203125 0.8134765625 0.1103515625 0.109375
0 0.341796875 0.72412109375 0.07421875 0.0732421875
0 0.44921875 0.7216796875 0.09765625 0.09765625
0 0.55712890625 0.72509765625 0.1103515625 0.1103515625
0 0.67431640625 0.72216796875 0.1103515625 0.1103515625
0 0.7890625 0.72314453125 0.0859375 0.0849609375
0 0.3935546875 0.63232421875 0.07421875 0.0732421875
0 0.505859375 0.6357421875 0.09765625 0.09765625
0 0.6171875 0.63037109375 0.0859375 0.0849609375
0 0.72802734375 0.6318359375 0.0986328125 0.09765625
0 0.33642578125 0.5341796875 0.0986328125 0.09765625
0 0.4501953125 0.5380859375 0.0859375 0.0859375
0 0.552734375 0.5400390625 0.09765625 0.09765625
0 0.6669921875 0.5390625 0.0859375 0.0859375
0 0.783203125 0.5361328125 0.0859375 0.0859375
0 0.38818359375 0.44140625 0.0986328125 0.09765625
0 0.50634765625 0.4365234375 0.0986328125 0.09765625
0 0.6123046875 0.43359375 0.09765625 0.09765625
0 0.7294921875 0.4345703125 0.09765625 0.09765625
0 0.33935546875 0.34765625 0.0869140625 0.0859375
0 0.44677734375 0.34765625 0.0986328125 0.09765625
0 0.55517578125 0.3486328125 0.0986328125 0.09765625
0 0.68505859375 0.34765625 0.0986328125 0.09765625
0 0.39306640625 0.248046875 0.0986328125 0.09765625
0 0.50146484375 0.2548828125 0.0986328125 0.09765625
0 0.6162109375 0.255859375 0.0859375 0.0859375
0 0.7255859375 0.25244140625 0.0859375 0.0849609375
0 0.3330078125 0.15869140625 0.0859375 0.0849609375
0 0.4453125 0.15869140625 0.0859375 0.0849609375
0 0.55908203125 0.158203125 0.0986328125 0.09765625
0 0.6708984375 0.15625 0.0859375 0.0859375
0 0.7822265625 0.16015625 0.0859375 0.0859375
0 0.7958984375 0.34521484375 0.0859375 0.0849609375
0 0.8896484375 0.1591796875 0.0859375 0.0859375
0 0.833984375 0.25537109375 0.0859375 0.0849609375
0 0.890625 0.34912109375 0.0859375 0.0849609375
0 0.837890625 0.4384765625 0.0859375 0.0859375
0 0.94970703125 0.44140625 0.0986328125 0.09765625
0 0.88720703125 0.533203125 0.0986328125 0.09765625
0 0.8408203125 0.63427734375 0.0859375 0.0849609375
0 0.953125 0.63134765625 0.0859375 0.0849609375
0 0.89501953125 0.72265625 0.0986328125 0.09765625
0 0.90283203125 0.92041015625 0.1103515625 0.1103515625