0 0.92919921875 0.04541015625 0.0732421875 0.0732421875
0 0.9306640625 0.14990234375 0.09765625 0.0986328125
0 0.9287109375 0.26318359375 0.09765625 0.0986328125
0 0.828125 0.10693359375 0.09765625 0.0986328125
0 0.833984375 0.21240234375 0.109375 0.1103515625
0 0.7431640625 0.05224609375 0.09765625 0.0986328125
0 0.7431640625 0.15283203125 0.09765625 0.0986328125
0 0.7373046875 0.2666015625 0.109375 0.111328125
0 0.646484375 0.09521484375 0.109375 0.1103515625
0 0.64501953125 0.20703125 0.1103515625 0.111328125
0 0.55322265625 0.14453125 0.1103515625 0.111328125
0 0.55322265625 0.26318359375 0.1103515625 0.1103515625
0 0.4521484375 0.1015625 0.09765625 0.09765625
0 0.4619140625 0.21923828125 0.109375 0.1103515625
0 0.3623046875 0.04833984375 0.060546875 0.0615234375
0 0.3583984375 0.15478515625 0.109375 0.1103515625
0 0.3603515625 0.26513671875 0.109375 0.1103515625
0 0.26318359375 0.09130859375 0.1103515625 0.1103515625
0 0.26708984375 0.21142578125 0.1103515625 0.1103515625
0 0.17138671875 0.14990234375 0.1103515625 0.1103515625
0 0.1708984375 0.26611328125 0.109375 0.1103515625
0 0.0771484375 0.09716796875 0.109375 0.1103515625
0 0.076171875 0.21630859375 0.109375 0.1103515625
0 0.0810546875 0.31591796875 0.09765625 0.0986328125
0 0.08203125 0.42333984375 0.09765625 0.0986328125
0 0.080078125 0.53515625 0.09765625 0.09765625
0 0.076171875 0.64453125 0.09765625 0.09765625
0 0.17138671875 0.37451171875 0.1103515625 0.1103515625
0 0.1689453125 0.48486328125 0.109375 0.1103515625
0 0.1669921875 0.59228515625 0.109375 0.1103515625
0 0.1689453125 0.6923828125 0.109375 0.111328125
0 0.26220703125 0.32080078125 0.1103515625 0.1103515625
0 0.26513671875 0.43212890625 0.1103515625 0.1103515625
0 0.26611328125 0.53466796875 0.1103515625 0.1103515625
0 0.26171875 0.65283203125 0.09765625 0.0986328125
0 0.3544921875 0.38037109375 0.109375 0.1103515625
0 0.359375 0.48974609375 0.09765625 0.0986328125
0 0.35791015625 0.59326171875 0.1103515625 0.1103515625
0 0.4609375 0.31591796875 0.09765625 0.0986328125
0 0.45703125 0.42431640625 0.09765625 0.0986328125
0 0.4638671875 0.53955078125 0.109375 0.1103515625
0 0.46533203125 0.65087890625 0.1103515625 0.1103515625
0 0.55419921875 0.37353515625 0.1103515625 0.1103515625
0 0.5556640625 0.48291015625 0.109375 0.1103515625
0 0.5537109375 0.58642578125 0.109375 0.1103515625
0 0.65185546875 0.314453125 0.1103515625 0.111328125
0 0.64697265625 0.43115234375 0.1103515625 0.1103515625
0 0.64892578125 0.53466796875 0.1103515625 0.1103515625
0 0.64306640625 0.64697265625 0.1103515625 0.1103515625
0 0.7451171875 0.3720703125 0.109375 0.111328125
0 0.7421875 0.48388671875 0.109375 0.1103515625
0 0.740234375 0.59228515625 0.09765625 0.0986328125
0 0.7421875 0.70849609375 0.09765625 0.0986328125
0 0.83642578125 0.31298828125 0.1103515625 0.1103515625
0 0.8349609375 0.4345703125 0.0859375 0.0859375
0 0.8349609375 0.541015625 0.09765625 0.09765625
0 0.83984375 0.65185546875 0.09765625 0.0986328125
0 0.93115234375 0.37158203125 0.1103515625 0.1103515625
0 0.93017578125 0.4765625 0.1103515625 0.111328125
0 0.9306640625 0.5986328125 0.109375 0.111328125
0 0.9267578125 0.70458984375 0.109375 0.1103515625
0 0.931640625 0.81298828125 0.09765625 0.0986328125
0 0.9267578125 0.92431640625 0.109375 0.1103515625
0 0.83203125 0.75732421875 0.109375 0.1103515625
0 0.83740234375 0.87255859375 0.1103515625 0.1103515625
0 0.7421875 0.81005859375 0.09765625 0.0986328125
0 0.73779296875 0.92041015625 0.1103515625 0.1103515625
0 0.6484375 0.76123046875 0.109375 0.1103515625
0 0.6455078125 0.86962890625 0.109375 0.1103515625
0 0.5576171875 0.70751953125 0.109375 0.1103515625
0 0.556640625 0.81591796875 0.09765625 0.0986328125
0 0.55810546875 0.93115234375 0.1103515625 0.1103515625
0 0.46142578125 0.77001953125 0.1103515625 0.1103515625
0 0.46533203125 0.88330078125 0.1103515625 0.1103515625
0 0.35498046875 0.70654296875 0.1103515625 0.1103515625
0 0.35986328125 0.81787109375 0.1103515625 0.1103515625
0 0.3603515625 0.9296875 0.109375 0.111328125
0 0.2626953125 0.7685546875 0.09765625 0.09765625
0 0.267578125 0.8798828125 0.09765625 0.09765625
0 0.16796875 0.8134765625 0.109375 0.111328125
0 0.1728515625 0.9228515625 0.09765625 0.09765625
0 0.07763671875 0.755859375 0.1103515625 0.111328125
0 0.07470703125 0.86572265625 0.1103515625 0.1103515625