0 0.68310546875 0.255859375 0.0732421875 0.07421875
0 0.78271484375 0.08544921875 0.0732421875 0.0732421875
0 0.48095703125 0.7685546875 0.0732421875 0.07421875
0 0.8740234375 0.236328125 0.0859375 0.0859375
0 0.8623046875 0.349609375 0.0859375 0.0859375
0 0.86865234375 0.48291015625 0.1103515625 0.1103515625
0 0.8662109375 0.57373046875 0.109375 0.1103515625
0 0.86181640625 0.701171875 0.1103515625 0.111328125
0 0.86572265625 0.79638671875 0.1103515625 0.1103515625
0 0.8720703125 0.9208984375 0.109375 0.111328125
0 0.775390625 0.86083984375 0.109375 0.1103515625
0 0.775390625 0.75439453125 0.109375 0.1103515625
0 0.771484375 0.64501953125 0.109375 0.1103515625
0 0.6826171875 0.4892578125 0.0859375 0.0859375
0 0.6826171875 0.587890625 0.0859375 0.0859375
0 0.6767578125 0.70458984375 0.09765625 0.0986328125
0 0.67578125 0.8076171875 0.09765625 0.09765625
0 0.5830078125 0.19580078125 0.09765625 0.0986328125
0 0.58056640625 0.31201171875 0.1103515625 0.1103515625
0 0.482421875 0.35888671875 0.09765625 0.0986328125
0 0.49169921875 0.25048828125 0.1103515625 0.1103515625
0 0.3935546875 0.29345703125 0.109375 0.1103515625
0 0.3056640625 0.2412109375 0.0859375 0.0859375
0 0.294921875 0.345703125 0.0859375 0.0859375
0 0.298828125 0.470703125 0.0859375 0.0859375
0 0.2919921875 0.5703125 0.0859375 0.0859375
0 0.29833984375 0.7021484375 0.0849609375 0.0859375
0 0.40576171875 0.71875 0.0849609375 0.0859375
0 0.40185546875 0.6357421875 0.0849609375 0.0859375
0 0.3916015625 0.51953125 0.0859375 0.0859375
0 0.39306640625 0.4052734375 0.0849609375 0.0859375
0 0.4873046875 0.4755859375 0.0859375 0.0859375
0 0.48486328125 0.59765625 0.0849609375 0.0859375
0 0.48583984375 0.6796875 0.0849609375 0.0859375
0 0.583984375 0.830078125 0.0859375 0.0859375
0 0.58154296875 0.72265625 0.0849609375 0.0859375
0 0.58935546875 0.6279296875 0.0849609375 0.0859375
0 0.58154296875 0.533203125 0.0849609375 0.0859375
0 0.5859375 0.4228515625 0.0859375 0.0859375
0 0.77197265625 0.2978515625 0.0849609375 0.0859375
0 0.7705078125 0.423828125 0.0859375 0.0859375
0 0.76904296875 0.5341796875 0.0849609375 0.0859375
0 0.68505859375 0.369140625 0.0849609375 0.0859375
0 0.296875 0.9072265625 0.09765625 0.09765625
0 0.2060546875 0.19189453125 0.09765625 0.0986328125
0 0.2099609375 0.3076171875 0.0859375 0.0859375
0 0.2080078125 0.41552734375 0.09765625 0.0986328125
0 0.20556640625 0.5244140625 0.0849609375 0.0859375
0 0.2041015625 0.64208984375 0.09765625 0.0986328125
0 0.205078125 0.75537109375 0.09765625 0.0986328125
0 0.115234375 0.2568359375 0.09765625 0.09765625
0 0.1162109375 0.359375 0.09765625 0.09765625
0 0.11669921875 0.4697265625 0.0849609375 0.0859375
0 0.1162109375 0.58740234375 0.09765625 0.0986328125
0 0.1123046875 0.7001953125 0.0859375 0.0859375
0 0.109375 0.8095703125 0.09765625 0.09765625
0 0.1044921875 0.908203125 0.0859375 0.0859375
0 0.87451171875 0.1416015625 0.0732421875 0.07421875
0 0.1181640625 0.14111328125 0.09765625 0.0986328125
0 0.2109375 0.07470703125 0.09765625 0.0986328125
0 0.30712890625 0.12548828125 0.1103515625 0.1103515625
0 0.396484375 0.07373046875 0.09765625 0.0986328125
0 0.4970703125 0.138671875 0.109375 0.111328125
0 0.3974609375 0.185546875 0.0859375 0.0859375
0 0.58203125 0.08251953125 0.109375 0.1103515625
0 0.681640625 0.1435546875 0.0859375 0.0859375