0 0.46044921875 0.5908203125 0.1103515625 0.109375
0 0.89794921875 0.20751953125 0.1103515625 0.1103515625
0 0.83642578125 0.306640625 0.0986328125 0.09765625
0 0.89306640625 0.404296875 0.0986328125 0.09765625
0 0.84033203125 0.4912109375 0.1103515625 0.109375
0 0.896484375 0.59033203125 0.111328125 0.1103515625
0 0.89892578125 0.78125 0.1103515625 0.109375
0 0.84326171875 0.8779296875 0.1103515625 0.109375
0 0.73095703125 0.876953125 0.1103515625 0.109375
0 0.626953125 0.87890625 0.111328125 0.109375
0 0.5126953125 0.880859375 0.111328125 0.109375
0 0.4130859375 0.87548828125 0.111328125 0.1103515625
0 0.78662109375 0.779296875 0.1103515625 0.109375
0 0.67578125 0.78076171875 0.111328125 0.1103515625
0 0.568359375 0.77783203125 0.111328125 0.1103515625
0 0.46142578125 0.78271484375 0.1103515625 0.1103515625
0 0.8427734375 0.68115234375 0.111328125 0.1103515625
0 0.7353515625 0.68310546875 0.111328125 0.1103515625
0 0.61767578125 0.68701171875 0.1103515625 0.1103515625
0 0.51318359375 0.69140625 0.1103515625 0.109375
0 0.779296875 0.59326171875 0.111328125 0.1103515625
0 0.67431640625 0.591796875 0.0986328125 0.09765625
0 0.56787109375 0.5888671875 0.1103515625 0.109375
0 0.73193359375 0.49609375 0.0986328125 0.09765625
0 0.62060546875 0.4912109375 0.1103515625 0.109375
0 0.51611328125 0.4951171875 0.1103515625 0.109375
0 0.40283203125 0.498046875 0.0498046875 0.048828125
0 0.34814453125 0.58984375 0.0498046875 0.048828125
0 0.41015625 0.6845703125 0.048828125 0.048828125
0 0.78759765625 0.396484375 0.1103515625 0.109375
0 0.67236328125 0.40185546875 0.1103515625 0.1103515625
0 0.56201171875 0.40185546875 0.1103515625 0.1103515625
0 0.44970703125 0.40478515625 0.1103515625 0.1103515625
0 0.34375 0.40380859375 0.0859375 0.0849609375
0 0.73486328125 0.306640625 0.0986328125 0.09765625
0 0.62451171875 0.30224609375 0.1103515625 0.1103515625
0 0.51318359375 0.3076171875 0.0986328125 0.09765625
0 0.78369140625 0.212890625 0.1103515625 0.109375
0 0.67529296875 0.2099609375 0.1103515625 0.109375
0 0.56591796875 0.21484375 0.1103515625 0.109375
0 0.46142578125 0.2138671875 0.1103515625 0.109375
0 0.33984375 0.21533203125 0.07421875 0.0732421875
0 0.83740234375 0.1220703125 0.1103515625 0.109375
0 0.72900390625 0.12109375 0.0986328125 0.09765625
0 0.61376953125 0.12255859375 0.1103515625 0.1103515625
0 0.52099609375 0.11669921875 0.1103515625 0.1103515625
0 0.3994140625 0.11865234375 0.111328125 0.1103515625
0 0.27880859375 0.11279296875 0.1103515625 0.1103515625
0 0.17724609375 0.11669921875 0.1103515625 0.1103515625
0 0.05712890625 0.11669921875 0.1103515625 0.1103515625
0 0.23583984375 0.212890625 0.0869140625 0.0859375
0 0.29052734375 0.29931640625 0.0732421875 0.0732421875
0 0.24169921875 0.40478515625 0.1103515625 0.1103515625
0 0.29052734375 0.4951171875 0.1103515625 0.109375
0 0.2412109375 0.591796875 0.111328125 0.109375
0 0.1826171875 0.6943359375 0.0859375 0.0859375
0 0.294921875 0.68798828125 0.0859375 0.0849609375
0 0.34375 0.78466796875 0.0859375 0.0849609375
0 0.2373046875 0.78173828125 0.0859375 0.0849609375
0 0.1298828125 0.7890625 0.09765625 0.09765625
0 0.29541015625 0.87841796875 0.0732421875 0.0732421875
0 0.18359375 0.88134765625 0.0859375 0.0849609375