0 0.68310546875 0.83349609375 0.0732421875 0.0732421875
0 0.77587890625 0.4248046875 0.0732421875 0.07421875
0 0.59033203125 0.90625 0.0732421875 0.07421875
0 0.87451171875 0.7333984375 0.1103515625 0.111328125
0 0.7841796875 0.70849609375 0.109375 0.1103515625
0 0.7763671875 0.8046875 0.09765625 0.09765625
0 0.6806640625 0.73193359375 0.09765625 0.0986328125
0 0.880859375 0.9423828125 0.0859375 0.0859375
0 0.59375 0.67578125 0.09765625 0.09765625
0 0.5849609375 0.7841796875 0.0859375 0.0859375
0 0.4072265625 0.67529296875 0.09765625 0.0986328125
0 0.400390625 0.7900390625 0.0859375 0.0859375
0 0.40283203125 0.8955078125 0.0849609375 0.0859375
0 0.3115234375 0.6416015625 0.09765625 0.09765625
0 0.31640625 0.73291015625 0.09765625 0.0986328125
0 0.3017578125 0.8369140625 0.09765625 0.09765625
0 0.21826171875 0.6884765625 0.1103515625 0.111328125
0 0.22216796875 0.8134765625 0.1220703125 0.123046875
0 0.21533203125 0.9189453125 0.0849609375 0.0859375
0 0.12255859375 0.63720703125 0.1103515625 0.1103515625
0 0.12646484375 0.74658203125 0.1103515625 0.1103515625
0 0.1240234375 0.85888671875 0.09765625 0.0986328125
0 0.59375 0.126953125 0.0859375 0.0859375
0 0.5869140625 0.2265625 0.0859375 0.0859375
0 0.59326171875 0.3583984375 0.0849609375 0.0859375
0 0.70068359375 0.375 0.0849609375 0.0859375
0 0.69677734375 0.2919921875 0.0849609375 0.0859375
0 0.6865234375 0.17578125 0.0859375 0.0859375
0 0.68798828125 0.0615234375 0.0849609375 0.0859375
0 0.7822265625 0.1318359375 0.0859375 0.0859375
0 0.77978515625 0.25390625 0.0849609375 0.0859375
0 0.78076171875 0.3359375 0.0849609375 0.0859375
0 0.87890625 0.486328125 0.0859375 0.0859375
0 0.87646484375 0.37890625 0.0849609375 0.0859375
0 0.88427734375 0.2841796875 0.0849609375 0.0859375
0 0.87646484375 0.189453125 0.0849609375 0.0859375
0 0.880859375 0.0791015625 0.0859375 0.0859375
0 0.875 0.63525390625 0.09765625 0.0986328125
0 0.783203125 0.61474609375 0.109375 0.1103515625
0 0.68603515625 0.63134765625 0.1103515625 0.1103515625
0 0.591796875 0.5634765625 0.09765625 0.09765625
0 0.5029296875 0.07177734375 0.09765625 0.0986328125
0 0.50048828125 0.1806640625 0.0849609375 0.0859375
0 0.4990234375 0.29833984375 0.09765625 0.0986328125
0 0.5 0.41162109375 0.09765625 0.0986328125
0 0.41162109375 0.1259765625 0.0849609375 0.0859375
0 0.4111328125 0.24365234375 0.09765625 0.0986328125
0 0.4072265625 0.3564453125 0.0859375 0.0859375
0 0.404296875 0.4658203125 0.09765625 0.09765625
0 0.3994140625 0.564453125 0.0859375 0.0859375
0 0.3134765625 0.08740234375 0.09765625 0.0986328125
0 0.3134765625 0.20068359375 0.09765625 0.0986328125
0 0.3154296875 0.3134765625 0.09765625 0.09765625
0 0.3154296875 0.4111328125 0.109375 0.111328125
0 0.31005859375 0.52294921875 0.1103515625 0.1103515625
0 0.21630859375 0.14453125 0.0849609375 0.0859375
0 0.21875 0.2587890625 0.09765625 0.09765625
0 0.21630859375 0.3828125 0.0849609375 0.0859375
0 0.22119140625 0.4853515625 0.0849609375 0.0859375
0 0.126953125 0.53076171875 0.09765625 0.0986328125
0 0.12158203125 0.423828125 0.1103515625 0.111328125
0 0.1279296875 0.3134765625 0.09765625 0.09765625
0 0.1337890625 0.19775390625 0.109375 0.1103515625
0 0.1328125 0.09228515625 0.09765625 0.0986328125
0 0.22509765625 0.59619140625 0.1103515625 0.1103515625