0 0.09912109375 0.47265625 0.0732421875 0.07421875
0 0.8720703125 0.59912109375 0.109375 0.1103515625
0 0.40185546875 0.92041015625 0.0732421875 0.0732421875
0 0.30712890625 0.8779296875 0.0732421875 0.07421875
0 0.87255859375 0.2578125 0.1103515625 0.111328125
0 0.87060546875 0.37109375 0.1103515625 0.111328125
0 0.8701171875 0.4833984375 0.09765625 0.09765625
0 0.87451171875 0.70458984375 0.0732421875 0.0732421875
0 0.77294921875 0.2099609375 0.1103515625 0.111328125
0 0.7724609375 0.3134765625 0.109375 0.111328125
0 0.76953125 0.43505859375 0.109375 0.1103515625
0 0.771484375 0.54248046875 0.09765625 0.0986328125
0 0.775390625 0.64697265625 0.09765625 0.0986328125
0 0.6748046875 0.26123046875 0.109375 0.1103515625
0 0.6796875 0.36962890625 0.09765625 0.0986328125
0 0.6806640625 0.47998046875 0.09765625 0.0986328125
0 0.6806640625 0.58642578125 0.09765625 0.0986328125
0 0.68310546875 0.69873046875 0.0732421875 0.0732421875
0 0.677734375 0.150390625 0.109375 0.111328125
0 0.5810546875 0.20751953125 0.109375 0.1103515625
0 0.57763671875 0.3115234375 0.0849609375 0.0859375
0 0.58203125 0.41357421875 0.09765625 0.0986328125
0 0.583984375 0.53662109375 0.09765625 0.0986328125
0 0.583984375 0.64599609375 0.09765625 0.0986328125
0 0.48486328125 0.14990234375 0.1103515625 0.1103515625
0 0.48388671875 0.25244140625 0.1103515625 0.1103515625
0 0.4921875 0.36474609375 0.09765625 0.0986328125
0 0.486328125 0.47021484375 0.09765625 0.0986328125
0 0.4873046875 0.58935546875 0.09765625 0.0986328125
0 0.49169921875 0.69140625 0.0732421875 0.07421875
0 0.38916015625 0.20263671875 0.1103515625 0.1103515625
0 0.39453125 0.30712890625 0.109375 0.1103515625
0 0.3955078125 0.42041015625 0.09765625 0.0986328125
0 0.39453125 0.53466796875 0.09765625 0.0986328125
0 0.39453125 0.6396484375 0.0859375 0.0859375
0 0.29296875 0.14892578125 0.0859375 0.0869140625
0 0.294921875 0.25732421875 0.109375 0.1103515625
0 0.2958984375 0.36376953125 0.09765625 0.0986328125
0 0.294921875 0.47705078125 0.09765625 0.0986328125
0 0.30126953125 0.5810546875 0.0849609375 0.0859375
0 0.2978515625 0.6884765625 0.09765625 0.09765625
0 0.1962890625 0.19775390625 0.109375 0.1103515625
0 0.201171875 0.30908203125 0.09765625 0.0986328125
0 0.19775390625 0.416015625 0.0849609375 0.0859375
0 0.19970703125 0.525390625 0.0849609375 0.0859375
0 0.2060546875 0.6396484375 0.09765625 0.09765625
0 0.1005859375 0.13525390625 0.09765625 0.0986328125
0 0.09912109375 0.25 0.0849609375 0.0859375
0 0.10498046875 0.3662109375 0.0849609375 0.0859375
0 0.10595703125 0.5791015625 0.0732421875 0.07421875
0 0.1015625 0.68310546875 0.060546875 0.0615234375
0 0.5830078125 0.09521484375 0.109375 0.1103515625
0 0.39111328125 0.0927734375 0.0849609375 0.0859375
0 0.2001953125 0.08740234375 0.109375 0.1103515625
0 0.10693359375 0.8671875 0.0849609375 0.0859375
0 0.201171875 0.9306640625 0.09765625 0.09765625
0 0.49462890625 0.86962890625 0.0615234375 0.0615234375
0 0.5927734375 0.91845703125 0.09765625 0.0986328125
0 0.689453125 0.86767578125 0.060546875 0.0615234375
0 0.77880859375 0.921875 0.0849609375 0.0859375
0 0.87109375 0.86865234375 0.060546875 0.0615234375