0 0.94482421875 0.09375 0.0849609375 0.0859375
0 0.84765625 0.15087890625 0.060546875 0.0615234375
0 0.849609375 0.24951171875 0.109375 0.1103515625
0 0.84765625 0.36865234375 0.109375 0.1103515625
0 0.76171875 0.09716796875 0.09765625 0.0986328125
0 0.75390625 0.20263671875 0.09765625 0.0986328125
0 0.75390625 0.31103515625 0.09765625 0.0986328125
0 0.66162109375 0.15283203125 0.0732421875 0.0732421875
0 0.6630859375 0.25732421875 0.09765625 0.0986328125
0 0.6611328125 0.37060546875 0.09765625 0.0986328125
0 0.5634765625 0.08447265625 0.09765625 0.0986328125
0 0.560546875 0.21435546875 0.09765625 0.0986328125
0 0.56640625 0.31982421875 0.109375 0.1103515625
0 0.4755859375 0.15966796875 0.09765625 0.0986328125
0 0.4755859375 0.26025390625 0.09765625 0.0986328125
0 0.4697265625 0.3740234375 0.109375 0.111328125
0 0.376953125 0.09326171875 0.109375 0.1103515625
0 0.37890625 0.20263671875 0.109375 0.1103515625
0 0.37744140625 0.314453125 0.1103515625 0.111328125
0 0.2841796875 0.1416015625 0.09765625 0.09765625
0 0.28564453125 0.251953125 0.1103515625 0.111328125
0 0.28564453125 0.37060546875 0.1103515625 0.1103515625
0 0.19384765625 0.099609375 0.1103515625 0.111328125
0 0.1845703125 0.208984375 0.09765625 0.09765625
0 0.1943359375 0.32666015625 0.109375 0.1103515625
0 0.0947265625 0.15576171875 0.060546875 0.0615234375
0 0.0908203125 0.26220703125 0.109375 0.1103515625
0 0.0927734375 0.37255859375 0.109375 0.1103515625
0 0.0869140625 0.48779296875 0.109375 0.1103515625
0 0.091796875 0.59716796875 0.09765625 0.0986328125
0 0.09033203125 0.70068359375 0.1103515625 0.1103515625
0 0.193359375 0.42333984375 0.09765625 0.0986328125
0 0.189453125 0.53173828125 0.09765625 0.0986328125
0 0.1962890625 0.64697265625 0.109375 0.1103515625
0 0.19775390625 0.75830078125 0.1103515625 0.1103515625
0 0.28662109375 0.48095703125 0.1103515625 0.1103515625
0 0.2880859375 0.59033203125 0.109375 0.1103515625
0 0.2861328125 0.69384765625 0.109375 0.1103515625
0 0.38427734375 0.421875 0.1103515625 0.111328125
0 0.37939453125 0.53857421875 0.1103515625 0.1103515625
0 0.38134765625 0.64208984375 0.1103515625 0.1103515625
0 0.37548828125 0.75439453125 0.1103515625 0.1103515625
0 0.4775390625 0.4794921875 0.109375 0.111328125
0 0.474609375 0.59130859375 0.109375 0.1103515625
0 0.47265625 0.69970703125 0.09765625 0.0986328125
0 0.474609375 0.81591796875 0.09765625 0.0986328125
0 0.56884765625 0.42041015625 0.1103515625 0.1103515625
0 0.5673828125 0.5419921875 0.0859375 0.0859375
0 0.5673828125 0.6484375 0.09765625 0.09765625
0 0.572265625 0.75927734375 0.09765625 0.0986328125
0 0.66357421875 0.47900390625 0.1103515625 0.1103515625
0 0.66259765625 0.583984375 0.1103515625 0.111328125
0 0.6630859375 0.7060546875 0.109375 0.111328125
0 0.6591796875 0.81201171875 0.109375 0.1103515625
0 0.7578125 0.42138671875 0.109375 0.1103515625
0 0.75537109375 0.53857421875 0.1103515625 0.1103515625
0 0.75732421875 0.64501953125 0.1103515625 0.1103515625
0 0.75830078125 0.755859375 0.1103515625 0.111328125
0 0.845703125 0.47314453125 0.109375 0.1103515625
0 0.8447265625 0.58642578125 0.109375 0.1103515625
0 0.8525390625 0.69775390625 0.109375 0.1103515625
0 0.9453125 0.42333984375 0.09765625 0.0986328125
0 0.9482421875 0.64111328125 0.09765625 0.0986328125
0 0.84912109375 0.8095703125 0.1103515625 0.111328125
0 0.85107421875 0.9169921875 0.1103515625 0.111328125
0 0.76123046875 0.873046875 0.1103515625 0.111328125
0 0.6640625 0.92041015625 0.09765625 0.0986328125
0 0.564453125 0.86474609375 0.109375 0.1103515625
0 0.474609375 0.91748046875 0.09765625 0.0986328125
0 0.380859375 0.86865234375 0.109375 0.1103515625
0 0.2900390625 0.81494140625 0.109375 0.1103515625
0 0.2890625 0.92333984375 0.09765625 0.0986328125
0 0.19384765625 0.87744140625 0.1103515625 0.1103515625
0 0.08740234375 0.81396484375 0.1103515625 0.1103515625
0 0.09228515625 0.92529296875 0.1103515625 0.1103515625