0 0.17041015625 0.8828125 0.0849609375 0.0859375
0 0.91650390625 0.90283203125 0.1103515625 0.1103515625
0 0.83251953125 0.85302734375 0.1103515625 0.1103515625
0 0.7373046875 0.89794921875 0.09765625 0.0986328125
0 0.64453125 0.845703125 0.09765625 0.09765625
0 0.544921875 0.9013671875 0.109375 0.111328125
0 0.4521484375 0.8359375 0.0859375 0.0859375
0 0.3564453125 0.890625 0.09765625 0.09765625
0 0.263671875 0.8515625 0.109375 0.111328125
0 0.93359375 0.05517578125 0.09765625 0.0986328125
0 0.92578125 0.166015625 0.09765625 0.09765625
0 0.9326171875 0.27783203125 0.0859375 0.0869140625
0 0.9287109375 0.38720703125 0.09765625 0.0986328125
0 0.92822265625 0.49267578125 0.1103515625 0.1103515625
0 0.9296875 0.62646484375 0.109375 0.1103515625
0 0.8369140625 0.10888671875 0.09765625 0.0986328125
0 0.83544921875 0.2255859375 0.1103515625 0.111328125
0 0.8388671875 0.3349609375 0.09765625 0.09765625
0 0.84033203125 0.45458984375 0.1103515625 0.1103515625
0 0.841796875 0.54931640625 0.109375 0.1103515625
0 0.83740234375 0.6748046875 0.0849609375 0.0859375
0 0.744140625 0.06689453125 0.109375 0.1103515625
0 0.7412109375 0.1552734375 0.09765625 0.09765625
0 0.74658203125 0.2412109375 0.1103515625 0.111328125
0 0.75146484375 0.35595703125 0.1103515625 0.1103515625
0 0.7333984375 0.48583984375 0.109375 0.1103515625
0 0.74072265625 0.609375 0.1103515625 0.111328125
0 0.6513671875 0.65869140625 0.109375 0.1103515625
0 0.64013671875 0.55078125 0.1103515625 0.111328125
0 0.646484375 0.4375 0.109375 0.111328125
0 0.65234375 0.33837890625 0.09765625 0.0986328125
0 0.6572265625 0.12158203125 0.109375 0.1103515625
0 0.6533203125 0.21142578125 0.09765625 0.0986328125
0 0.556640625 0.1630859375 0.09765625 0.09765625
0 0.5576171875 0.26953125 0.09765625 0.09765625
0 0.5576171875 0.3828125 0.09765625 0.09765625
0 0.5537109375 0.49609375 0.09765625 0.09765625
0 0.3935546875 0.12646484375 0.048828125 0.0498046875
0 0.4619140625 0.34375 0.09765625 0.09765625
0 0.45947265625 0.43310546875 0.1103515625 0.1103515625
0 0.458984375 0.55419921875 0.09765625 0.0986328125
0 0.46044921875 0.6494140625 0.1103515625 0.111328125
0 0.54541015625 0.6025390625 0.1103515625 0.111328125
0 0.3623046875 0.59716796875 0.09765625 0.0986328125
0 0.3662109375 0.4775390625 0.0859375 0.0859375
0 0.3662109375 0.37841796875 0.109375 0.1103515625
0 0.2783203125 0.31494140625 0.09765625 0.0986328125
0 0.291015625 0.45947265625 0.109375 0.1103515625
0 0.2783203125 0.55517578125 0.109375 0.1103515625
0 0.263671875 0.658203125 0.09765625 0.09765625
0 0.1826171875 0.60888671875 0.109375 0.1103515625
0 0.1787109375 0.49072265625 0.109375 0.1103515625
0 0.18017578125 0.392578125 0.0849609375 0.0859375
0 0.177734375 0.2705078125 0.09765625 0.09765625
0 0.08447265625 0.2265625 0.0849609375 0.0859375
0 0.0791015625 0.33447265625 0.09765625 0.0986328125
0 0.0791015625 0.435546875 0.09765625 0.09765625
0 0.0791015625 0.55126953125 0.109375 0.1103515625
0 0.08056640625 0.64892578125 0.1103515625 0.1103515625