0 0.154296875 0.44677734375 0.07421875 0.0732421875
0 0.09033203125 0.15771484375 0.0244140625 0.0244140625
0 0.17236328125 0.15478515625 0.0244140625 0.0244140625
0 0.03369140625 0.05712890625 0.0244140625 0.0244140625
0 0.14111328125 0.06396484375 0.0244140625 0.0244140625
0 0.10400390625 0.541015625 0.0986328125 0.09765625
0 0.15966796875 0.62451171875 0.0732421875 0.0732421875
0 0.10205078125 0.7236328125 0.0986328125 0.09765625
0 0.15380859375 0.81591796875 0.0732421875 0.0732421875
0 0.10107421875 0.9150390625 0.0986328125 0.09765625
0 0.37353515625 0.90625 0.0986328125 0.09765625
0 0.49169921875 0.912109375 0.0986328125 0.09765625
0 0.587890625 0.91259765625 0.123046875 0.1220703125
0 0.7041015625 0.91357421875 0.123046875 0.1220703125
0 0.8173828125 0.91357421875 0.123046875 0.1220703125
0 0.32275390625 0.8095703125 0.0615234375 0.060546875
0 0.42919921875 0.8173828125 0.0986328125 0.09765625
0 0.53857421875 0.8173828125 0.0986328125 0.09765625
0 0.6552734375 0.81494140625 0.123046875 0.1220703125
0 0.7705078125 0.81689453125 0.123046875 0.1220703125
0 0.376953125 0.72021484375 0.0859375 0.0849609375
0 0.48486328125 0.724609375 0.0986328125 0.09765625
0 0.59912109375 0.72119140625 0.1220703125 0.1220703125
0 0.70654296875 0.716796875 0.0986328125 0.09765625
0 0.8173828125 0.72216796875 0.123046875 0.1220703125
0 0.32373046875 0.6279296875 0.0615234375 0.060546875
0 0.43310546875 0.625 0.0986328125 0.09765625
0 0.54541015625 0.6298828125 0.0986328125 0.09765625
0 0.65673828125 0.62890625 0.0986328125 0.09765625
0 0.75830078125 0.625 0.0986328125 0.09765625
0 0.3798828125 0.5361328125 0.0859375 0.0859375
0 0.48388671875 0.53515625 0.0986328125 0.09765625
0 0.59716796875 0.533203125 0.0986328125 0.09765625
0 0.71044921875 0.5361328125 0.0986328125 0.09765625
0 0.82470703125 0.53564453125 0.1220703125 0.1220703125
0 0.3310546875 0.43798828125 0.037109375 0.0361328125
0 0.4296875 0.4375 0.09765625 0.09765625
0 0.53857421875 0.4384765625 0.1103515625 0.109375
0 0.6591796875 0.44091796875 0.123046875 0.1220703125
0 0.76904296875 0.435546875 0.1103515625 0.109375
0 0.87841796875 0.44140625 0.0986328125 0.09765625
0 0.388671875 0.34228515625 0.0859375 0.0849609375
0 0.486328125 0.3447265625 0.09765625 0.09765625
0 0.6025390625 0.34619140625 0.111328125 0.1103515625
0 0.71484375 0.35009765625 0.123046875 0.1220703125
0 0.81689453125 0.34765625 0.1103515625 0.109375
0 0.33544921875 0.2421875 0.0615234375 0.060546875
0 0.43359375 0.25 0.0859375 0.0859375
0 0.544921875 0.24853515625 0.111328125 0.1103515625
0 0.658203125 0.25634765625 0.123046875 0.1220703125
0 0.76611328125 0.25634765625 0.1103515625 0.1103515625
0 0.3837890625 0.1533203125 0.0859375 0.0859375
0 0.49365234375 0.1611328125 0.0986328125 0.09765625
0 0.60400390625 0.1513671875 0.1103515625 0.109375
0 0.7158203125 0.15380859375 0.123046875 0.1220703125
0 0.82763671875 0.15478515625 0.0615234375 0.0615234375
0 0.88037109375 0.25146484375 0.1103515625 0.1103515625
0 0.34228515625 0.05615234375 0.0615234375 0.0615234375
0 0.43603515625 0.0595703125 0.0986328125 0.09765625
0 0.65966796875 0.0625 0.1103515625 0.109375
0 0.880859375 0.056640625 0.111328125 0.109375
0 0.9306640625 0.15185546875 0.111328125 0.1103515625
0 0.92724609375 0.345703125 0.1103515625 0.109375
0 0.92822265625 0.52734375 0.0986328125 0.09765625
0 0.87255859375 0.62646484375 0.1220703125 0.1220703125
0 0.9287109375 0.72607421875 0.123046875 0.1220703125
0 0.8701171875 0.81689453125 0.123046875 0.1220703125
0 0.92578125 0.91162109375 0.123046875 0.1220703125