0 0.900390625 0.1083984375 0.109375 0.111328125
0 0.8076171875 0.0546875 0.09765625 0.09765625
0 0.70849609375 0.09375 0.1103515625 0.111328125
0 0.3310546875 0.10400390625 0.048828125 0.0498046875
0 0.4228515625 0.15869140625 0.048828125 0.0498046875
0 0.517578125 0.0966796875 0.048828125 0.048828125
0 0.23779296875 0.05712890625 0.1103515625 0.1103515625
0 0.23681640625 0.1630859375 0.0849609375 0.0859375
0 0.04833984375 0.1669921875 0.0732421875 0.07421875
0 0.0458984375 0.27099609375 0.0859375 0.0869140625
0 0.13232421875 0.21630859375 0.0732421875 0.0732421875
0 0.23779296875 0.26513671875 0.1103515625 0.1103515625
0 0.328125 0.21630859375 0.109375 0.1103515625
0 0.4248046875 0.265625 0.109375 0.111328125
0 0.52734375 0.32421875 0.0859375 0.0859375
0 0.52099609375 0.2119140625 0.0849609375 0.0859375
0 0.61767578125 0.1630859375 0.0849609375 0.0859375
0 0.61474609375 0.26953125 0.0849609375 0.0859375
0 0.6220703125 0.376953125 0.09765625 0.09765625
0 0.6171875 0.4814453125 0.09765625 0.09765625
0 0.6123046875 0.59814453125 0.09765625 0.0986328125
0 0.71142578125 0.21142578125 0.0732421875 0.0732421875
0 0.71435546875 0.3232421875 0.0849609375 0.0859375
0 0.71337890625 0.5400390625 0.0732421875 0.07421875
0 0.7998046875 0.15771484375 0.09765625 0.0986328125
0 0.8056640625 0.26708984375 0.09765625 0.0986328125
0 0.80078125 0.38232421875 0.09765625 0.0986328125
0 0.810546875 0.4931640625 0.09765625 0.09765625
0 0.8125 0.603515625 0.09765625 0.09765625
0 0.90283203125 0.21240234375 0.1103515625 0.1103515625
0 0.90380859375 0.32666015625 0.1103515625 0.1103515625
0 0.8984375 0.43310546875 0.109375 0.1103515625
0 0.8974609375 0.55126953125 0.109375 0.1103515625
0 0.8984375 0.6591796875 0.109375 0.111328125
0 0.9013671875 0.7626953125 0.109375 0.111328125
0 0.90185546875 0.8701171875 0.0849609375 0.0859375
0 0.80126953125 0.7294921875 0.1103515625 0.111328125
0 0.80419921875 0.837890625 0.0849609375 0.0859375
0 0.71240234375 0.6708984375 0.0849609375 0.0859375
0 0.71923828125 0.78466796875 0.0244140625 0.0244140625
0 0.712890625 0.9033203125 0.037109375 0.037109375
0 0.61767578125 0.93115234375 0.0244140625 0.0244140625
0 0.6201171875 0.70654296875 0.09765625 0.0986328125
0 0.6181640625 0.81201171875 0.09765625 0.0986328125
0 0.3271484375 0.89697265625 0.09765625 0.0986328125
0 0.2294921875 0.9521484375 0.0859375 0.0859375
0 0.14111328125 0.888671875 0.1103515625 0.111328125