0 0.38525390625 0.23876953125 0.0732421875 0.0732421875
0 0.5361328125 0.16552734375 0.07421875 0.0732421875
0 0.70947265625 0.06396484375 0.0869140625 0.0849609375
0 0.8134765625 0.0576171875 0.09765625 0.09765625
0 0.94482421875 0.064453125 0.0986328125 0.09765625
0 0.6533203125 0.166015625 0.0859375 0.0859375
0 0.7666015625 0.16455078125 0.0859375 0.0849609375
0 0.8798828125 0.1572265625 0.09765625 0.09765625
0 0.939453125 0.2451171875 0.111328125 0.109375
0 0.82373046875 0.2470703125 0.0986328125 0.09765625
0 0.7119140625 0.24658203125 0.07421875 0.0732421875
0 0.6494140625 0.34423828125 0.0859375 0.0849609375
0 0.7705078125 0.34716796875 0.0859375 0.0849609375
0 0.87939453125 0.3447265625 0.1103515625 0.109375
0 0.9345703125 0.41943359375 0.0859375 0.0849609375
0 0.82861328125 0.4189453125 0.0986328125 0.09765625
0 0.7236328125 0.43359375 0.0859375 0.0859375
0 0.65283203125 0.52734375 0.0986328125 0.09765625
0 0.77685546875 0.53173828125 0.1103515625 0.1103515625
0 0.88330078125 0.53076171875 0.1103515625 0.1103515625
0 0.72216796875 0.6181640625 0.1103515625 0.109375
0 0.82861328125 0.6181640625 0.0986328125 0.09765625
0 0.93896484375 0.61865234375 0.1103515625 0.1103515625
0 0.701171875 0.80419921875 0.0859375 0.0849609375
0 0.8310546875 0.79296875 0.09765625 0.09765625
0 0.93603515625 0.796875 0.0986328125 0.09765625
0 0.6591796875 0.90625 0.09765625 0.09765625
0 0.76806640625 0.91796875 0.1103515625 0.109375
0 0.8828125 0.9091796875 0.09765625 0.09765625
0 0.587890625 0.24169921875 0.07421875 0.0732421875
0 0.47998046875 0.24658203125 0.0732421875 0.0732421875
0 0.4384765625 0.33984375 0.0859375 0.0859375
0 0.5537109375 0.33984375 0.0859375 0.0859375
0 0.4423828125 0.15087890625 0.07421875 0.0732421875
0 0.32275390625 0.15087890625 0.0732421875 0.0732421875
0 0.15380859375 0.0537109375 0.0986328125 0.09765625
0 0.1025390625 0.15087890625 0.0859375 0.0849609375
0 0.1298828125 0.7158203125 0.0859375 0.0859375
0 0.1591796875 0.625 0.0859375 0.0859375
0 0.3681640625 0.060546875 0.0859375 0.0859375
0 0.48828125 0.0556640625 0.0859375 0.0859375
0 0.2685546875 0.05810546875 0.0859375 0.0849609375
0 0.5947265625 0.05712890625 0.0859375 0.0849609375
0 0.0546875 0.24609375 0.09765625 0.09765625
0 0.15771484375 0.2451171875 0.0986328125 0.09765625
0 0.2783203125 0.23876953125 0.0859375 0.0849609375
0 0.2109375 0.15380859375 0.0859375 0.0849609375
0 0.11083984375 0.33935546875 0.1103515625 0.1103515625
0 0.21826171875 0.33837890625 0.1103515625 0.1103515625
0 0.33837890625 0.33740234375 0.1103515625 0.1103515625
0 0.3955078125 0.427734375 0.0859375 0.0859375
0 0.4853515625 0.4267578125 0.0859375 0.0859375
0 0.287109375 0.42236328125 0.0859375 0.0849609375
0 0.15576171875 0.42626953125 0.1103515625 0.1103515625
0 0.1337890625 0.52978515625 0.111328125 0.1103515625
0 0.24462890625 0.53369140625 0.1103515625 0.1103515625
0 0.35205078125 0.53125 0.0986328125 0.09765625
0 0.43310546875 0.5263671875 0.0986328125 0.09765625
0 0.5068359375 0.62548828125 0.0859375 0.0849609375
0 0.60205078125 0.6240234375 0.0986328125 0.09765625
0 0.54736328125 0.52734375 0.0986328125 0.09765625
0 0.59814453125 0.4228515625 0.0986328125 0.09765625
0 0.39892578125 0.6220703125 0.0986328125 0.09765625
0 0.0546875 0.6201171875 0.0859375 0.0859375
0 0.236328125 0.71728515625 0.0859375 0.0849609375
0 0.3056640625 0.6201171875 0.0859375 0.0859375
0 0.1904296875 0.7998046875 0.0859375 0.0859375
0 0.064453125 0.80712890625 0.0859375 0.0849609375
0 0.5498046875 0.71484375 0.09765625 0.09765625
0 0.43505859375 0.7158203125 0.0986328125 0.09765625
0 0.3349609375 0.71435546875 0.0859375 0.0849609375
0 0.2841796875 0.796875 0.09765625 0.09765625
0 0.388671875 0.8076171875 0.0859375 0.0859375
0 0.490234375 0.8037109375 0.0859375 0.0859375
0 0.59912109375 0.810546875 0.0869140625 0.0859375
0 0.111328125 0.90283203125 0.0859375 0.0849609375
0 0.2138671875 0.9052734375 0.09765625 0.09765625
0 0.32861328125 0.90625 0.0986328125 0.09765625
0 0.44140625 0.90576171875 0.0859375 0.0849609375
0 0.5517578125 0.8994140625 0.0859375 0.0859375
0 0.76904296875 0.71728515625 0.1103515625 0.1103515625
0 0.89111328125 0.7158203125 0.1103515625 0.109375
0 0.6630859375 0.71533203125 0.0859375 0.0849609375