0 0.1376953125 0.12548828125 0.109375 0.1103515625
0 0.13818359375 0.24365234375 0.1103515625 0.1103515625
0 0.13330078125 0.35986328125 0.1103515625 0.1103515625
0 0.228515625 0.07373046875 0.109375 0.1103515625
0 0.228515625 0.18505859375 0.09765625 0.0986328125
0 0.2255859375 0.29931640625 0.109375 0.1103515625
0 0.3232421875 0.1376953125 0.09765625 0.09765625
0 0.32177734375 0.2451171875 0.0849609375 0.0859375
0 0.322265625 0.3583984375 0.0859375 0.0859375
0 0.42236328125 0.0830078125 0.1103515625 0.111328125
0 0.41455078125 0.193359375 0.1103515625 0.111328125
0 0.42041015625 0.29931640625 0.1103515625 0.1103515625
0 0.517578125 0.126953125 0.109375 0.111328125
0 0.5146484375 0.236328125 0.109375 0.111328125
0 0.51025390625 0.35986328125 0.1103515625 0.1103515625
0 0.6162109375 0.07763671875 0.109375 0.1103515625
0 0.6103515625 0.18798828125 0.109375 0.1103515625
0 0.609375 0.302734375 0.109375 0.111328125
0 0.701171875 0.13232421875 0.09765625 0.0986328125
0 0.70361328125 0.2421875 0.0849609375 0.0859375
0 0.7041015625 0.35546875 0.09765625 0.09765625
0 0.794921875 0.07958984375 0.09765625 0.0986328125
0 0.80029296875 0.19189453125 0.1103515625 0.1103515625
0 0.79248046875 0.29833984375 0.1103515625 0.1103515625
0 0.892578125 0.13818359375 0.09765625 0.0986328125
0 0.8974609375 0.25439453125 0.109375 0.1103515625
0 0.89501953125 0.36474609375 0.1103515625 0.1103515625
0 0.88623046875 0.46142578125 0.1103515625 0.1103515625
0 0.8896484375 0.5732421875 0.09765625 0.09765625
0 0.89111328125 0.68359375 0.1103515625 0.111328125
0 0.89111328125 0.80224609375 0.1103515625 0.1103515625
0 0.79736328125 0.41455078125 0.1103515625 0.1103515625
0 0.79931640625 0.53125 0.1103515625 0.111328125
0 0.7900390625 0.640625 0.09765625 0.09765625
0 0.7998046875 0.75830078125 0.109375 0.1103515625
0 0.701171875 0.4677734375 0.109375 0.111328125
0 0.7001953125 0.58740234375 0.060546875 0.0615234375
0 0.6962890625 0.69384765625 0.109375 0.1103515625
0 0.6982421875 0.80419921875 0.109375 0.1103515625
0 0.6064453125 0.412109375 0.109375 0.111328125
0 0.609375 0.52197265625 0.109375 0.1103515625
0 0.60107421875 0.63037109375 0.1103515625 0.1103515625
0 0.60498046875 0.75048828125 0.1103515625 0.1103515625
0 0.51220703125 0.46826171875 0.1103515625 0.1103515625
0 0.50830078125 0.56787109375 0.0615234375 0.0615234375
0 0.50927734375 0.68896484375 0.1103515625 0.1103515625
0 0.5087890625 0.80517578125 0.109375 0.1103515625
0 0.41845703125 0.41748046875 0.0615234375 0.0615234375
0 0.41357421875 0.52587890625 0.0615234375 0.0615234375
0 0.4150390625 0.63623046875 0.109375 0.1103515625
0 0.4140625 0.75537109375 0.109375 0.1103515625
0 0.3251953125 0.46728515625 0.109375 0.1103515625
0 0.3193359375 0.5927734375 0.0859375 0.0859375
0 0.3193359375 0.69287109375 0.109375 0.1103515625
0 0.3212890625 0.80126953125 0.09765625 0.0986328125
0 0.2275390625 0.40966796875 0.109375 0.1103515625
0 0.22412109375 0.52197265625 0.1103515625 0.1103515625
0 0.22802734375 0.63232421875 0.1103515625 0.1103515625
0 0.22900390625 0.74462890625 0.1103515625 0.1103515625
0 0.13134765625 0.46142578125 0.1103515625 0.1103515625
0 0.13330078125 0.57861328125 0.1103515625 0.1103515625
0 0.1337890625 0.67822265625 0.109375 0.1103515625
0 0.12890625 0.79296875 0.109375 0.111328125
0 0.23193359375 0.8515625 0.1103515625 0.111328125
0 0.11962890625 0.90234375 0.1103515625 0.111328125
0 0.32421875 0.9033203125 0.09765625 0.09765625
0 0.4189453125 0.85498046875 0.09765625 0.0986328125
0 0.50927734375 0.91357421875 0.1103515625 0.1103515625
0 0.60009765625 0.85986328125 0.1103515625 0.1103515625
0 0.6923828125 0.91943359375 0.109375 0.1103515625
0 0.798828125 0.85498046875 0.09765625 0.0986328125
0 0.89208984375 0.91259765625 0.1103515625 0.1103515625