0 0.38671875 0.81640625 0.0859375 0.0859375
0 0.19287109375 0.81201171875 0.0732421875 0.0732421875
0 0.19970703125 0.5947265625 0.0849609375 0.0859375
0 0.19482421875 0.47802734375 0.0732421875 0.0732421875
0 0.10498046875 0.65283203125 0.0732421875 0.0732421875
0 0.09912109375 0.4267578125 0.0849609375 0.0859375
0 0.10595703125 0.53857421875 0.0615234375 0.0615234375
0 0.1025390625 0.310546875 0.0859375 0.0859375
0 0.09814453125 0.75830078125 0.0732421875 0.0732421875
0 0.9482421875 0.81494140625 0.09765625 0.0986328125
0 0.85888671875 0.869140625 0.1103515625 0.111328125
0 0.85107421875 0.7724609375 0.1103515625 0.111328125
0 0.7626953125 0.9248046875 0.09765625 0.09765625
0 0.7607421875 0.810546875 0.09765625 0.09765625
0 0.6689453125 0.86962890625 0.09765625 0.0986328125
0 0.57373046875 0.9208984375 0.0849609375 0.0859375
0 0.57373046875 0.8125 0.0732421875 0.07421875
0 0.47998046875 0.86474609375 0.0732421875 0.0732421875
0 0.3876953125 0.92041015625 0.0859375 0.0869140625
0 0.29150390625 0.869140625 0.0849609375 0.0859375
0 0.19677734375 0.92041015625 0.0615234375 0.0615234375
0 0.2880859375 0.75732421875 0.0859375 0.0869140625
0 0.4755859375 0.76318359375 0.09765625 0.0986328125
0 0.1025390625 0.869140625 0.0859375 0.0859375
0 0.20068359375 0.70361328125 0.0732421875 0.0732421875
0 0.197265625 0.3720703125 0.0859375 0.0859375
0 0.1962890625 0.2607421875 0.09765625 0.09765625
0 0.29296875 0.646484375 0.0859375 0.0859375
0 0.296875 0.53466796875 0.09765625 0.0986328125
0 0.2939453125 0.4267578125 0.0859375 0.0859375
0 0.2939453125 0.3203125 0.09765625 0.09765625
0 0.3896484375 0.69970703125 0.09765625 0.0986328125
0 0.3896484375 0.59228515625 0.09765625 0.0986328125
0 0.38720703125 0.4775390625 0.0849609375 0.0859375
0 0.38427734375 0.369140625 0.0849609375 0.0859375
0 0.3857421875 0.2646484375 0.09765625 0.09765625
0 0.4814453125 0.65087890625 0.09765625 0.0986328125
0 0.478515625 0.5380859375 0.09765625 0.09765625
0 0.48193359375 0.4189453125 0.0849609375 0.0859375
0 0.4833984375 0.31640625 0.09765625 0.09765625
0 0.5712890625 0.7060546875 0.09765625 0.09765625
0 0.57421875 0.5859375 0.0859375 0.0859375
0 0.57177734375 0.4775390625 0.0732421875 0.07421875
0 0.57373046875 0.369140625 0.0732421875 0.07421875
0 0.58154296875 0.25732421875 0.0732421875 0.0732421875
0 0.6689453125 0.7568359375 0.109375 0.111328125
0 0.669921875 0.6455078125 0.09765625 0.09765625
0 0.666015625 0.5322265625 0.09765625 0.09765625
0 0.66552734375 0.4267578125 0.0849609375 0.0859375
0 0.6640625 0.31787109375 0.09765625 0.0986328125
0 0.763671875 0.703125 0.09765625 0.09765625
0 0.763671875 0.59228515625 0.09765625 0.0986328125
0 0.76123046875 0.4814453125 0.0849609375 0.0859375
0 0.7626953125 0.36962890625 0.09765625 0.0986328125
0 0.7626953125 0.25537109375 0.09765625 0.0986328125
0 0.85693359375 0.64404296875 0.1103515625 0.1103515625
0 0.85498046875 0.53662109375 0.1103515625 0.1103515625
0 0.8583984375 0.42578125 0.0859375 0.0859375
0 0.8564453125 0.31689453125 0.09765625 0.0986328125
0 0.94921875 0.47998046875 0.09765625 0.0986328125
0 0.9482421875 0.37255859375 0.09765625 0.0986328125
0 0.8564453125 0.20849609375 0.109375 0.1103515625
0 0.849609375 0.08447265625 0.109375 0.1103515625
0 0.76171875 0.154296875 0.09765625 0.09765625
0 0.66845703125 0.203125 0.0732421875 0.07421875
0 0.666015625 0.095703125 0.09765625 0.09765625
0 0.57666015625 0.1513671875 0.0732421875 0.07421875
0 0.478515625 0.20849609375 0.09765625 0.0986328125
0 0.482421875 0.0947265625 0.0859375 0.0859375
0 0.3857421875 0.15673828125 0.09765625 0.0986328125
0 0.2919921875 0.20556640625 0.0859375 0.0869140625
0 0.2919921875 0.09814453125 0.09765625 0.0986328125
0 0.1923828125 0.15185546875 0.09765625 0.0986328125
0 0.10302734375 0.2119140625 0.0849609375 0.0859375
0 0.10302734375 0.099609375 0.0849609375 0.0859375