0 0.20751953125 0.064453125 0.0732421875 0.07421875
0 0.38623046875 0.7568359375 0.0732421875 0.07421875
0 0.38818359375 0.8427734375 0.0732421875 0.07421875
0 0.58935546875 0.82470703125 0.0732421875 0.0732421875
0 0.58251953125 0.6083984375 0.0732421875 0.07421875
0 0.30810546875 0.81005859375 0.0732421875 0.0732421875
0 0.5009765625 0.93798828125 0.060546875 0.0615234375
0 0.30615234375 0.90771484375 0.0732421875 0.0732421875
0 0.876953125 0.22119140625 0.09765625 0.0986328125
0 0.8701171875 0.3359375 0.0859375 0.0859375
0 0.87255859375 0.44140625 0.0849609375 0.0859375
0 0.87353515625 0.55810546875 0.1103515625 0.1103515625
0 0.87744140625 0.66650390625 0.1103515625 0.1103515625
0 0.8759765625 0.77587890625 0.109375 0.1103515625
0 0.873046875 0.89404296875 0.09765625 0.0986328125
0 0.78125 0.1875 0.09765625 0.09765625
0 0.7861328125 0.27880859375 0.09765625 0.0986328125
0 0.771484375 0.3828125 0.09765625 0.09765625
0 0.7724609375 0.51025390625 0.09765625 0.0986328125
0 0.767578125 0.61962890625 0.09765625 0.0986328125
0 0.763671875 0.72509765625 0.09765625 0.0986328125
0 0.77490234375 0.833984375 0.0849609375 0.0859375
0 0.67919921875 0.8818359375 0.0849609375 0.0859375
0 0.68798828125 0.234375 0.1103515625 0.111328125
0 0.69189453125 0.359375 0.1220703125 0.123046875
0 0.68505859375 0.46484375 0.0849609375 0.0859375
0 0.66796875 0.58203125 0.0859375 0.0859375
0 0.67041015625 0.66748046875 0.0849609375 0.0869140625
0 0.6767578125 0.775390625 0.09765625 0.09765625
0 0.59228515625 0.18310546875 0.1103515625 0.1103515625
0 0.59619140625 0.29248046875 0.1103515625 0.1103515625
0 0.59375 0.40478515625 0.09765625 0.0986328125
0 0.595703125 0.50341796875 0.09765625 0.0986328125
0 0.50390625 0.59033203125 0.060546875 0.0615234375
0 0.50341796875 0.693359375 0.0732421875 0.07421875
0 0.50634765625 0.779296875 0.0849609375 0.0859375
0 0.4970703125 0.8583984375 0.0859375 0.0859375
0 0.37158203125 0.94189453125 0.0615234375 0.0615234375
0 0.125 0.8955078125 0.0859375 0.0859375
0 0.498046875 0.24951171875 0.109375 0.1103515625
0 0.50537109375 0.34619140625 0.1103515625 0.1103515625
0 0.5029296875 0.46142578125 0.109375 0.1103515625
0 0.4072265625 0.1884765625 0.0859375 0.0859375
0 0.40234375 0.29931640625 0.109375 0.1103515625
0 0.40478515625 0.40576171875 0.1103515625 0.1103515625
0 0.404296875 0.505859375 0.109375 0.111328125
0 0.392578125 0.64794921875 0.09765625 0.0986328125
0 0.30859375 0.69580078125 0.09765625 0.0986328125
0 0.3232421875 0.5810546875 0.0859375 0.0859375
0 0.30908203125 0.23779296875 0.0849609375 0.0869140625
0 0.3154296875 0.341796875 0.09765625 0.09765625
0 0.30859375 0.47314453125 0.09765625 0.0986328125
0 0.20703125 0.181640625 0.0859375 0.0859375
0 0.20849609375 0.294921875 0.0849609375 0.0859375
0 0.2158203125 0.408203125 0.09765625 0.09765625
0 0.2197265625 0.51123046875 0.109375 0.1103515625
0 0.22998046875 0.6484375 0.0849609375 0.0859375
0 0.220703125 0.74267578125 0.09765625 0.0986328125
0 0.20751953125 0.86328125 0.0849609375 0.0859375
0 0.13037109375 0.79052734375 0.1103515625 0.1103515625
0 0.12255859375 0.69677734375 0.1103515625 0.1103515625
0 0.12548828125 0.5693359375 0.1103515625 0.111328125
0 0.1279296875 0.4677734375 0.109375 0.111328125
0 0.1259765625 0.35205078125 0.09765625 0.0986328125
0 0.12646484375 0.240234375 0.0732421875 0.07421875
0 0.13134765625 0.1162109375 0.0732421875 0.07421875
0 0.869140625 0.1103515625 0.0859375 0.0859375
0 0.77978515625 0.06884765625 0.1103515625 0.1103515625
0 0.5966796875 0.07666015625 0.09765625 0.0986328125
0 0.41162109375 0.07080078125 0.1103515625 0.1103515625
0 0.5048828125 0.134765625 0.0859375 0.0859375
0 0.31591796875 0.123046875 0.0849609375 0.0859375
0 0.69482421875 0.14208984375 0.1103515625 0.1103515625
0 0.5869140625 0.71240234375 0.09765625 0.0986328125