0 0.88037109375 0.24072265625 0.0732421875 0.0732421875
0 0.78662109375 0.3037109375 0.0849609375 0.0859375
0 0.88232421875 0.3359375 0.0732421875 0.07421875
0 0.60595703125 0.85888671875 0.0732421875 0.0732421875
0 0.88720703125 0.4521484375 0.0732421875 0.07421875
0 0.60498046875 0.75732421875 0.0732421875 0.0732421875
0 0.1240234375 0.14404296875 0.09765625 0.0986328125
0 0.11962890625 0.25341796875 0.1103515625 0.1103515625
0 0.11181640625 0.357421875 0.1220703125 0.123046875
0 0.12060546875 0.47998046875 0.1103515625 0.1103515625
0 0.12158203125 0.5830078125 0.1220703125 0.123046875
0 0.2138671875 0.111328125 0.048828125 0.048828125
0 0.2109375 0.19677734375 0.09765625 0.0986328125
0 0.21044921875 0.31201171875 0.1220703125 0.1220703125
0 0.21435546875 0.41796875 0.1220703125 0.123046875
0 0.21337890625 0.53466796875 0.1103515625 0.1103515625
0 0.20947265625 0.6376953125 0.1220703125 0.123046875
0 0.29931640625 0.14404296875 0.0732421875 0.0732421875
0 0.3037109375 0.25634765625 0.109375 0.1103515625
0 0.3046875 0.36572265625 0.109375 0.1103515625
0 0.3046875 0.4736328125 0.0859375 0.0859375
0 0.31005859375 0.58740234375 0.1103515625 0.1103515625
0 0.40966796875 0.1962890625 0.1220703125 0.123046875
0 0.39794921875 0.3046875 0.1220703125 0.123046875
0 0.4052734375 0.42529296875 0.09765625 0.0986328125
0 0.40625 0.52392578125 0.09765625 0.0986328125
0 0.40283203125 0.6435546875 0.1220703125 0.123046875
0 0.50341796875 0.1416015625 0.0732421875 0.07421875
0 0.5087890625 0.25390625 0.09765625 0.09765625
0 0.51513671875 0.3671875 0.1220703125 0.123046875
0 0.5107421875 0.47998046875 0.09765625 0.0986328125
0 0.4990234375 0.58251953125 0.09765625 0.0986328125
0 0.60400390625 0.197265625 0.1220703125 0.123046875
0 0.60009765625 0.3173828125 0.1220703125 0.123046875
0 0.60205078125 0.42578125 0.0849609375 0.0859375
0 0.599609375 0.54638671875 0.09765625 0.0986328125
0 0.6943359375 0.1484375 0.09765625 0.09765625
0 0.6982421875 0.26171875 0.09765625 0.09765625
0 0.6982421875 0.3662109375 0.09765625 0.09765625
0 0.7001953125 0.48046875 0.09765625 0.09765625
0 0.69970703125 0.5869140625 0.1220703125 0.123046875
0 0.59814453125 0.65673828125 0.0732421875 0.0732421875
0 0.69970703125 0.697265625 0.1220703125 0.123046875
0 0.78466796875 0.2001953125 0.0732421875 0.07421875
0 0.7919921875 0.421875 0.0859375 0.0859375
0 0.7890625 0.53515625 0.09765625 0.09765625
0 0.78955078125 0.6455078125 0.1220703125 0.123046875
0 0.87890625 0.14306640625 0.060546875 0.0615234375
0 0.880859375 0.5849609375 0.09765625 0.09765625
0 0.966796875 0.17529296875 0.060546875 0.0615234375
0 0.8876953125 0.7001953125 0.0859375 0.0859375
0 0.8818359375 0.80859375 0.109375 0.111328125
0 0.8818359375 0.912109375 0.0859375 0.0859375
0 0.791015625 0.7490234375 0.09765625 0.09765625
0 0.7861328125 0.86083984375 0.09765625 0.0986328125
0 0.69580078125 0.80517578125 0.1103515625 0.1103515625
0 0.6943359375 0.91748046875 0.09765625 0.0986328125
0 0.4951171875 0.69677734375 0.09765625 0.0986328125
0 0.4970703125 0.80615234375 0.09765625 0.0986328125
0 0.5048828125 0.91552734375 0.09765625 0.0986328125
0 0.39990234375 0.75830078125 0.1103515625 0.1103515625
0 0.40234375 0.86181640625 0.09765625 0.0986328125
0 0.29833984375 0.69287109375 0.1103515625 0.1103515625
0 0.306640625 0.80419921875 0.09765625 0.0986328125
0 0.3046875 0.91259765625 0.09765625 0.0986328125
0 0.2099609375 0.74951171875 0.09765625 0.0986328125
0 0.2119140625 0.85546875 0.09765625 0.09765625
0 0.11767578125 0.6943359375 0.1220703125 0.123046875
0 0.1171875 0.8056640625 0.09765625 0.09765625
0 0.1171875 0.9130859375 0.09765625 0.09765625