0 0.48681640625 0.08203125 0.0732421875 0.07421875
0 0.38818359375 0.6962890625 0.0732421875 0.07421875
0 0.294921875 0.63525390625 0.060546875 0.0615234375
0 0.58349609375 0.56640625 0.0732421875 0.07421875
0 0.95166015625 0.595703125 0.0849609375 0.0859375
0 0.94873046875 0.7021484375 0.0849609375 0.0859375
0 0.95166015625 0.798828125 0.0849609375 0.0859375
0 0.94873046875 0.9130859375 0.0849609375 0.0859375
0 0.865234375 0.86083984375 0.09765625 0.0986328125
0 0.86083984375 0.7529296875 0.0849609375 0.0859375
0 0.85986328125 0.640625 0.0849609375 0.0859375
0 0.765625 0.58203125 0.0859375 0.0859375
0 0.7666015625 0.6953125 0.0859375 0.0859375
0 0.76171875 0.8046875 0.09765625 0.09765625
0 0.771484375 0.921875 0.109375 0.111328125
0 0.6708984375 0.85400390625 0.109375 0.1103515625
0 0.6748046875 0.75 0.109375 0.111328125
0 0.6806640625 0.62744140625 0.09765625 0.0986328125
0 0.5859375 0.6796875 0.0859375 0.0859375
0 0.58203125 0.90478515625 0.09765625 0.0986328125
0 0.578125 0.78759765625 0.0859375 0.0869140625
0 0.48486328125 0.853515625 0.0849609375 0.0859375
0 0.482421875 0.7509765625 0.0859375 0.0859375
0 0.103515625 0.767578125 0.0859375 0.0859375
0 0.4794921875 0.62744140625 0.09765625 0.0986328125
0 0.3955078125 0.5947265625 0.09765625 0.09765625
0 0.3896484375 0.8056640625 0.09765625 0.09765625
0 0.390625 0.90869140625 0.09765625 0.0986328125
0 0.302734375 0.7548828125 0.109375 0.111328125
0 0.29638671875 0.86181640625 0.1103515625 0.1103515625
0 0.20947265625 0.90673828125 0.1103515625 0.1103515625
0 0.20556640625 0.80517578125 0.1103515625 0.1103515625
0 0.2099609375 0.7001953125 0.0859375 0.0859375
0 0.212890625 0.58837890625 0.09765625 0.0986328125
0 0.107421875 0.64404296875 0.09765625 0.0986328125
0 0.10595703125 0.884765625 0.1103515625 0.111328125
0 0.11083984375 0.08056640625 0.0849609375 0.0869140625
0 0.1083984375 0.19140625 0.0859375 0.0859375
0 0.109375 0.30859375 0.0859375 0.0859375
0 0.109375 0.40185546875 0.09765625 0.0986328125
0 0.107421875 0.53173828125 0.09765625 0.0986328125
0 0.21142578125 0.4580078125 0.0849609375 0.0859375
0 0.21435546875 0.1474609375 0.0849609375 0.0859375
0 0.220703125 0.25390625 0.0859375 0.0859375
0 0.2138671875 0.365234375 0.0859375 0.0859375
0 0.29931640625 0.5361328125 0.0849609375 0.0859375
0 0.3017578125 0.07275390625 0.09765625 0.0986328125
0 0.296875 0.1982421875 0.0859375 0.0859375
0 0.30078125 0.296875 0.0859375 0.0859375
0 0.29296875 0.4228515625 0.0859375 0.0859375
0 0.392578125 0.05615234375 0.0859375 0.0869140625
0 0.392578125 0.1591796875 0.0859375 0.0859375
0 0.39501953125 0.2705078125 0.0849609375 0.0859375
0 0.39453125 0.36181640625 0.09765625 0.0986328125
0 0.3974609375 0.49853515625 0.09765625 0.0986328125
0 0.48779296875 0.5283203125 0.0849609375 0.0859375
0 0.48779296875 0.4130859375 0.0849609375 0.0859375
0 0.49462890625 0.3115234375 0.0849609375 0.0859375
0 0.48291015625 0.19140625 0.0849609375 0.0859375
0 0.583984375 0.138671875 0.0859375 0.0859375
0 0.57958984375 0.2529296875 0.0849609375 0.0859375
0 0.57861328125 0.359375 0.0849609375 0.0859375
0 0.57568359375 0.46484375 0.0849609375 0.0859375
0 0.6728515625 0.087890625 0.0859375 0.0859375
0 0.6689453125 0.197265625 0.0859375 0.0859375
0 0.666015625 0.31298828125 0.09765625 0.0986328125
0 0.6806640625 0.43505859375 0.09765625 0.0986328125
0 0.67529296875 0.53125 0.1103515625 0.111328125
0 0.7685546875 0.15380859375 0.09765625 0.0986328125
0 0.7646484375 0.2607421875 0.0859375 0.0859375
0 0.76318359375 0.365234375 0.0849609375 0.0859375
0 0.76953125 0.4716796875 0.09765625 0.09765625
0 0.8603515625 0.52783203125 0.09765625 0.0986328125
0 0.85888671875 0.421875 0.0849609375 0.0859375
0 0.8642578125 0.3037109375 0.0859375 0.0859375
0 0.85791015625 0.19970703125 0.0849609375 0.0869140625
0 0.861328125 0.08935546875 0.09765625 0.0986328125