0 0.07177734375 0.75341796875 0.0732421875 0.0732421875
0 0.17236328125 0.7177734375 0.0849609375 0.0859375
0 0.92578125 0.681640625 0.0859375 0.0859375
0 0.92578125 0.5771484375 0.0859375 0.0859375
0 0.9248046875 0.45654296875 0.09765625 0.0986328125
0 0.9287109375 0.349609375 0.0859375 0.0859375
0 0.93017578125 0.2451171875 0.0849609375 0.0859375
0 0.923828125 0.138671875 0.09765625 0.09765625
0 0.8330078125 0.08251953125 0.09765625 0.0986328125
0 0.83447265625 0.1884765625 0.0849609375 0.0859375
0 0.8291015625 0.306640625 0.0859375 0.0859375
0 0.83544921875 0.41064453125 0.0849609375 0.0869140625
0 0.83203125 0.52099609375 0.09765625 0.0986328125
0 0.830078125 0.63720703125 0.09765625 0.0986328125
0 0.833984375 0.74365234375 0.09765625 0.0986328125
0 0.7373046875 0.68994140625 0.109375 0.1103515625
0 0.7373046875 0.58642578125 0.09765625 0.0986328125
0 0.734375 0.47802734375 0.09765625 0.0986328125
0 0.736328125 0.35546875 0.0859375 0.0859375
0 0.7353515625 0.24560546875 0.09765625 0.0986328125
0 0.7373046875 0.14404296875 0.09765625 0.0986328125
0 0.642578125 0.74853515625 0.09765625 0.0986328125
0 0.6376953125 0.6328125 0.09765625 0.09765625
0 0.64404296875 0.5302734375 0.0849609375 0.0859375
0 0.646484375 0.4208984375 0.09765625 0.09765625
0 0.63671875 0.30517578125 0.09765625 0.0986328125
0 0.6435546875 0.19287109375 0.09765625 0.0986328125
0 0.6396484375 0.08642578125 0.09765625 0.0986328125
0 0.541015625 0.1552734375 0.09765625 0.09765625
0 0.548828125 0.26318359375 0.09765625 0.0986328125
0 0.5458984375 0.3740234375 0.09765625 0.09765625
0 0.546875 0.48681640625 0.09765625 0.0986328125
0 0.5390625 0.59765625 0.09765625 0.09765625
0 0.5458984375 0.70556640625 0.09765625 0.0986328125
0 0.45703125 0.7626953125 0.09765625 0.09765625
0 0.451171875 0.65576171875 0.09765625 0.0986328125
0 0.453125 0.54833984375 0.09765625 0.0986328125
0 0.4541015625 0.43359375 0.09765625 0.09765625
0 0.4580078125 0.31787109375 0.09765625 0.0986328125
0 0.45458984375 0.212890625 0.0849609375 0.0859375
0 0.455078125 0.11083984375 0.09765625 0.0986328125
0 0.35888671875 0.06005859375 0.1103515625 0.1103515625
0 0.3603515625 0.16845703125 0.109375 0.1103515625
0 0.365234375 0.27587890625 0.109375 0.1103515625
0 0.35888671875 0.37744140625 0.1103515625 0.1103515625
0 0.35986328125 0.49072265625 0.1103515625 0.1103515625
0 0.3623046875 0.60498046875 0.109375 0.1103515625
0 0.36376953125 0.7158203125 0.1103515625 0.111328125
0 0.265625 0.7587890625 0.09765625 0.09765625
0 0.2744140625 0.65576171875 0.109375 0.1103515625
0 0.26171875 0.5517578125 0.109375 0.111328125
0 0.26953125 0.43994140625 0.109375 0.1103515625
0 0.26708984375 0.3349609375 0.0849609375 0.0859375
0 0.2646484375 0.2451171875 0.0859375 0.0859375
0 0.26953125 0.11181640625 0.09765625 0.0986328125
0 0.1728515625 0.171875 0.0859375 0.0859375
0 0.1728515625 0.26416015625 0.09765625 0.0986328125
0 0.173828125 0.38525390625 0.09765625 0.0986328125
0 0.16845703125 0.4892578125 0.0849609375 0.0859375
0 0.173828125 0.61572265625 0.109375 0.1103515625
0 0.07568359375 0.6552734375 0.0849609375 0.0859375
0 0.0771484375 0.5556640625 0.09765625 0.09765625
0 0.07421875 0.42041015625 0.09765625 0.0986328125
0 0.076171875 0.33154296875 0.09765625 0.0986328125
0 0.0849609375 0.21435546875 0.109375 0.1103515625
0 0.083984375 0.10302734375 0.109375 0.1103515625
0 0.0771484375 0.87890625 0.0859375 0.0859375
0 0.1748046875 0.82080078125 0.109375 0.1103515625
0 0.171875 0.92529296875 0.09765625 0.0986328125
0 0.2607421875 0.8896484375 0.09765625 0.09765625
0 0.353515625 0.837890625 0.109375 0.111328125
0 0.35498046875 0.9384765625 0.1103515625 0.111328125
0 0.4521484375 0.880859375 0.0859375 0.0859375
0 0.5439453125 0.81494140625 0.09765625 0.0986328125
0 0.5478515625 0.91796875 0.0859375 0.0859375
0 0.64453125 0.85498046875 0.09765625 0.0986328125
0 0.7314453125 0.79833984375 0.109375 0.1103515625
0 0.73779296875 0.91162109375 0.1103515625 0.1103515625
0 0.8330078125 0.8525390625 0.0859375 0.0859375
0 0.93310546875 0.7900390625 0.0849609375 0.0859375
0 0.92578125 0.90576171875 0.09765625 0.0986328125