0 0.06982421875 0.0927734375 0.0732421875 0.07421875
0 0.92236328125 0.5517578125 0.0849609375 0.0859375
0 0.916015625 0.6650390625 0.09765625 0.09765625
0 0.9130859375 0.76806640625 0.09765625 0.0986328125
0 0.91015625 0.88134765625 0.09765625 0.0986328125
0 0.81103515625 0.92529296875 0.1103515625 0.1103515625
0 0.82421875 0.8173828125 0.09765625 0.09765625
0 0.81494140625 0.71044921875 0.1103515625 0.1103515625
0 0.81884765625 0.60107421875 0.1103515625 0.1103515625
0 0.7216796875 0.5556640625 0.09765625 0.09765625
0 0.7158203125 0.65966796875 0.09765625 0.0986328125
0 0.7177734375 0.76904296875 0.09765625 0.0986328125
0 0.720703125 0.87451171875 0.109375 0.1103515625
0 0.62646484375 0.60791015625 0.1103515625 0.1103515625
0 0.6259765625 0.71533203125 0.09765625 0.0986328125
0 0.6181640625 0.826171875 0.09765625 0.09765625
0 0.625 0.93798828125 0.0859375 0.0869140625
0 0.53076171875 0.55126953125 0.1103515625 0.1103515625
0 0.533203125 0.654296875 0.109375 0.111328125
0 0.529296875 0.76904296875 0.09765625 0.0986328125
0 0.52783203125 0.8857421875 0.1103515625 0.111328125
0 0.4365234375 0.72705078125 0.109375 0.1103515625
0 0.43359375 0.8154296875 0.09765625 0.09765625
0 0.43896484375 0.9013671875 0.1103515625 0.111328125
0 0.35791015625 0.537109375 0.1103515625 0.111328125
0 0.349609375 0.63720703125 0.109375 0.1103515625
0 0.349609375 0.78173828125 0.109375 0.1103515625
0 0.345703125 0.87158203125 0.09765625 0.0986328125
0 0.240234375 0.59521484375 0.109375 0.1103515625
0 0.2490234375 0.8232421875 0.09765625 0.09765625
0 0.25 0.9296875 0.09765625 0.09765625
0 0.1513671875 0.55224609375 0.09765625 0.0986328125
0 0.0859375 0.78662109375 0.048828125 0.0498046875
0 0.15087890625 0.64599609375 0.1103515625 0.1103515625
0 0.9150390625 0.44384765625 0.109375 0.1103515625
0 0.81787109375 0.49169921875 0.1103515625 0.1103515625
0 0.72265625 0.44970703125 0.109375 0.1103515625
0 0.615234375 0.49267578125 0.109375 0.1103515625
0 0.62890625 0.1611328125 0.09765625 0.09765625
0 0.82275390625 0.06103515625 0.0732421875 0.0732421875
0 0.7255859375 0.11572265625 0.109375 0.1103515625
0 0.5341796875 0.10498046875 0.109375 0.1103515625
0 0.5341796875 0.232421875 0.09765625 0.09765625
0 0.53125 0.431640625 0.109375 0.111328125
0 0.447265625 0.28564453125 0.09765625 0.0986328125
0 0.44384765625 0.173828125 0.1103515625 0.111328125
0 0.36328125 0.08642578125 0.09765625 0.0986328125
0 0.359375 0.22607421875 0.109375 0.1103515625
0 0.36328125 0.33740234375 0.109375 0.1103515625
0 0.34912109375 0.4443359375 0.1103515625 0.111328125
0 0.248046875 0.4873046875 0.109375 0.111328125
0 0.24951171875 0.3818359375 0.1103515625 0.111328125
0 0.24951171875 0.265625 0.0849609375 0.0859375
0 0.07275390625 0.169921875 0.0849609375 0.0859375
0 0.072265625 0.27099609375 0.09765625 0.0986328125
0 0.169921875 0.43505859375 0.09765625 0.0986328125