0 0.921875 0.86474609375 0.09765625 0.0986328125
0 0.828125 0.90966796875 0.109375 0.1103515625
0 0.732421875 0.8603515625 0.109375 0.111328125
0 0.63037109375 0.90478515625 0.1103515625 0.1103515625
0 0.54638671875 0.85498046875 0.1103515625 0.1103515625
0 0.451171875 0.89990234375 0.09765625 0.0986328125
0 0.3583984375 0.84765625 0.09765625 0.09765625
0 0.2587890625 0.9033203125 0.109375 0.111328125
0 0.166015625 0.837890625 0.0859375 0.0859375
0 0.0703125 0.892578125 0.09765625 0.09765625
0 0.9345703125 0.10986328125 0.09765625 0.0986328125
0 0.931640625 0.22314453125 0.09765625 0.0986328125
0 0.927734375 0.3388671875 0.0859375 0.0859375
0 0.9306640625 0.44384765625 0.09765625 0.0986328125
0 0.931640625 0.54296875 0.09765625 0.09765625
0 0.9248046875 0.64404296875 0.109375 0.1103515625
0 0.83203125 0.59326171875 0.109375 0.1103515625
0 0.82958984375 0.49072265625 0.1103515625 0.1103515625
0 0.83203125 0.37890625 0.109375 0.111328125
0 0.83251953125 0.26708984375 0.1103515625 0.1103515625
0 0.845703125 0.1591796875 0.09765625 0.09765625
0 0.7392578125 0.11083984375 0.09765625 0.0986328125
0 0.7421875 0.21630859375 0.109375 0.1103515625
0 0.73681640625 0.33447265625 0.1103515625 0.1103515625
0 0.73779296875 0.4384765625 0.1103515625 0.111328125
0 0.7431640625 0.55322265625 0.09765625 0.0986328125
0 0.740234375 0.65966796875 0.09765625 0.0986328125
0 0.6474609375 0.05712890625 0.09765625 0.0986328125
0 0.6396484375 0.16796875 0.09765625 0.09765625
0 0.646484375 0.27978515625 0.0859375 0.0869140625
0 0.642578125 0.38916015625 0.09765625 0.0986328125
0 0.64208984375 0.49462890625 0.1103515625 0.1103515625
0 0.6435546875 0.62841796875 0.109375 0.1103515625
0 0.55078125 0.11083984375 0.09765625 0.0986328125
0 0.54931640625 0.2275390625 0.1103515625 0.111328125
0 0.552734375 0.3369140625 0.09765625 0.09765625
0 0.55419921875 0.45654296875 0.1103515625 0.1103515625
0 0.5556640625 0.55126953125 0.109375 0.1103515625
0 0.55126953125 0.6767578125 0.0849609375 0.0859375
0 0.4580078125 0.06884765625 0.109375 0.1103515625
0 0.455078125 0.1572265625 0.09765625 0.09765625
0 0.46044921875 0.2431640625 0.1103515625 0.111328125
0 0.46533203125 0.35791015625 0.1103515625 0.1103515625
0 0.447265625 0.48779296875 0.109375 0.1103515625
0 0.45458984375 0.611328125 0.1103515625 0.111328125
0 0.365234375 0.66064453125 0.109375 0.1103515625
0 0.35400390625 0.552734375 0.1103515625 0.111328125
0 0.3603515625 0.439453125 0.109375 0.111328125
0 0.3662109375 0.34033203125 0.09765625 0.0986328125
0 0.37109375 0.12353515625 0.109375 0.1103515625
0 0.3671875 0.21337890625 0.09765625 0.0986328125
0 0.2705078125 0.1650390625 0.09765625 0.09765625
0 0.271484375 0.271484375 0.09765625 0.09765625
0 0.271484375 0.384765625 0.09765625 0.09765625
0 0.267578125 0.498046875 0.09765625 0.09765625
0 0.107421875 0.12841796875 0.048828125 0.0498046875
0 0.17578125 0.345703125 0.09765625 0.09765625
0 0.17333984375 0.43505859375 0.1103515625 0.1103515625
0 0.1728515625 0.55615234375 0.09765625 0.0986328125
0 0.17431640625 0.6513671875 0.1103515625 0.111328125
0 0.25927734375 0.6044921875 0.1103515625 0.111328125
0 0.076171875 0.59912109375 0.09765625 0.0986328125
0 0.080078125 0.4794921875 0.0859375 0.0859375
0 0.080078125 0.38037109375 0.109375 0.1103515625