0 0.13134765625 0.408203125 0.0732421875 0.07421875
0 0.880859375 0.5078125 0.0859375 0.0859375
0 0.8701171875 0.6123046875 0.0859375 0.0859375
0 0.8740234375 0.7373046875 0.0859375 0.0859375
0 0.8671875 0.8369140625 0.0859375 0.0859375
0 0.78125 0.45849609375 0.09765625 0.0986328125
0 0.78515625 0.57421875 0.0859375 0.0859375
0 0.783203125 0.68212890625 0.09765625 0.0986328125
0 0.78076171875 0.791015625 0.0849609375 0.0859375
0 0.779296875 0.90869140625 0.09765625 0.0986328125
0 0.6904296875 0.5234375 0.09765625 0.09765625
0 0.69140625 0.6259765625 0.09765625 0.09765625
0 0.69189453125 0.736328125 0.0849609375 0.0859375
0 0.69140625 0.85400390625 0.09765625 0.0986328125
0 0.60400390625 0.47412109375 0.1103515625 0.1103515625
0 0.59765625 0.58837890625 0.09765625 0.0986328125
0 0.59375 0.69775390625 0.09765625 0.0986328125
0 0.59375 0.81103515625 0.09765625 0.0986328125
0 0.595703125 0.923828125 0.09765625 0.09765625
0 0.49951171875 0.4375 0.0849609375 0.0859375
0 0.49658203125 0.5439453125 0.0849609375 0.0859375
0 0.49951171875 0.640625 0.0849609375 0.0859375
0 0.49658203125 0.7548828125 0.0849609375 0.0859375
0 0.4990234375 0.869140625 0.09765625 0.09765625
0 0.408203125 0.923828125 0.09765625 0.09765625
0 0.4140625 0.80810546875 0.109375 0.1103515625
0 0.4130859375 0.70263671875 0.09765625 0.0986328125
0 0.40869140625 0.5947265625 0.0849609375 0.0859375
0 0.40771484375 0.482421875 0.0849609375 0.0859375
0 0.3134765625 0.423828125 0.0859375 0.0859375
0 0.314453125 0.537109375 0.0859375 0.0859375
0 0.3095703125 0.646484375 0.09765625 0.09765625
0 0.3193359375 0.763671875 0.109375 0.111328125
0 0.314453125 0.85986328125 0.09765625 0.0986328125
0 0.21484375 0.91845703125 0.109375 0.1103515625
0 0.21484375 0.80615234375 0.109375 0.1103515625
0 0.21875 0.69580078125 0.109375 0.1103515625
0 0.22265625 0.591796875 0.109375 0.111328125
0 0.228515625 0.46923828125 0.09765625 0.0986328125
0 0.1337890625 0.521484375 0.0859375 0.0859375
0 0.1298828125 0.74658203125 0.09765625 0.0986328125
0 0.1259765625 0.62939453125 0.0859375 0.0869140625
0 0.12548828125 0.861328125 0.0849609375 0.0859375
0 0.12744140625 0.0947265625 0.0849609375 0.0859375
0 0.12646484375 0.201171875 0.0849609375 0.0859375
0 0.12353515625 0.306640625 0.0849609375 0.0859375
0 0.2138671875 0.15478515625 0.09765625 0.0986328125
0 0.228515625 0.27685546875 0.09765625 0.0986328125
0 0.22314453125 0.373046875 0.1103515625 0.111328125
0 0.3125 0.1025390625 0.0859375 0.0859375
0 0.31103515625 0.20703125 0.0849609375 0.0859375
0 0.3173828125 0.3134765625 0.09765625 0.09765625
0 0.408203125 0.36962890625 0.09765625 0.0986328125
0 0.40673828125 0.263671875 0.0849609375 0.0859375
0 0.412109375 0.1455078125 0.0859375 0.0859375
0 0.5048828125 0.0966796875 0.0859375 0.0859375
0 0.505859375 0.20654296875 0.09765625 0.0986328125
0 0.50390625 0.30810546875 0.09765625 0.0986328125
0 0.6044921875 0.14697265625 0.09765625 0.0986328125
0 0.59765625 0.25927734375 0.09765625 0.0986328125
0 0.6015625 0.36572265625 0.09765625 0.0986328125
0 0.693359375 0.40771484375 0.09765625 0.0986328125
0 0.7001953125 0.296875 0.09765625 0.09765625
0 0.6923828125 0.18896484375 0.09765625 0.0986328125
0 0.6953125 0.078125 0.09765625 0.09765625
0 0.783203125 0.13427734375 0.09765625 0.0986328125
0 0.78662109375 0.2392578125 0.0849609375 0.0859375
0 0.7861328125 0.34130859375 0.09765625 0.0986328125
0 0.88232421875 0.39208984375 0.1103515625 0.1103515625
0 0.880859375 0.28369140625 0.109375 0.1103515625
0 0.8759765625 0.17626953125 0.109375 0.1103515625
0 0.88232421875 0.07470703125 0.1103515625 0.1103515625