0 0.943359375 0.21533203125 0.0859375 0.0849609375
0 0.8271484375 0.2119140625 0.0859375 0.0859375
0 0.888671875 0.1171875 0.0859375 0.0859375
0 0.77734375 0.1181640625 0.09765625 0.09765625
0 0.66845703125 0.1220703125 0.0986328125 0.09765625
0 0.56005859375 0.115234375 0.0986328125 0.09765625
0 0.4453125 0.1142578125 0.0859375 0.0859375
0 0.3359375 0.11767578125 0.0859375 0.0849609375
0 0.728515625 0.21142578125 0.0859375 0.0849609375
0 0.6162109375 0.21142578125 0.0859375 0.0849609375
0 0.50244140625 0.2119140625 0.0986328125 0.09765625
0 0.390625 0.2138671875 0.0859375 0.0859375
0 0.279296875 0.2099609375 0.0859375 0.0859375
0 0.171875 0.2109375 0.0859375 0.0859375
0 0.0634765625 0.20703125 0.09765625 0.09765625
0 0.2275390625 0.11474609375 0.0859375 0.0849609375
0 0.1103515625 0.1142578125 0.09765625 0.09765625