0 0.94189453125 0.7607421875 0.0986328125 0.09765625
0 0.88525390625 0.8544921875 0.1103515625 0.109375
0 0.89013671875 0.099609375 0.0986328125 0.09765625
0 0.77392578125 0.1044921875 0.1103515625 0.109375
0 0.94091796875 0.19189453125 0.1103515625 0.1103515625
0 0.82958984375 0.1904296875 0.1103515625 0.109375
0 0.72021484375 0.19140625 0.1103515625 0.109375
0 0.88818359375 0.29248046875 0.1103515625 0.1103515625
0 0.78076171875 0.28466796875 0.1103515625 0.1103515625
0 0.9453125 0.37890625 0.09765625 0.09765625
0 0.83642578125 0.3779296875 0.1103515625 0.109375
0 0.71630859375 0.3779296875 0.0986328125 0.09765625
0 0.8876953125 0.4716796875 0.111328125 0.109375
0 0.77294921875 0.4736328125 0.1103515625 0.109375
0 0.9404296875 0.57177734375 0.111328125 0.1103515625
0 0.857421875 0.57373046875 0.07421875 0.0732421875
0 0.7177734375 0.5634765625 0.09765625 0.09765625
0 0.890625 0.6630859375 0.09765625 0.09765625
0 0.78125 0.66015625 0.09765625 0.09765625
0 0.82861328125 0.76171875 0.1103515625 0.109375
0 0.724609375 0.75927734375 0.111328125 0.1103515625
0 0.77978515625 0.8525390625 0.0986328125 0.09765625
0 0.6689453125 0.8544921875 0.09765625 0.09765625
0 0.5537109375 0.853515625 0.0859375 0.0859375
0 0.44873046875 0.85400390625 0.0615234375 0.0615234375
0 0.33447265625 0.8544921875 0.0986328125 0.09765625
0 0.22802734375 0.85302734375 0.1103515625 0.1103515625
0 0.3955078125 0.9462890625 0.0859375 0.0859375
0 0.6103515625 0.7578125 0.09765625 0.09765625
0 0.5029296875 0.75732421875 0.0859375 0.0849609375
0 0.38330078125 0.75830078125 0.1103515625 0.1103515625
0 0.27783203125 0.7587890625 0.1103515625 0.109375
0 0.6865234375 0.65966796875 0.111328125 0.1103515625
0 0.56591796875 0.669921875 0.0986328125 0.09765625
0 0.44580078125 0.66015625 0.0615234375 0.060546875
0 0.34716796875 0.662109375 0.1103515625 0.109375
0 0.22802734375 0.66015625 0.1103515625 0.109375
0 0.61572265625 0.5703125 0.0986328125 0.09765625
0 0.49951171875 0.57421875 0.0986328125 0.09765625
0 0.39404296875 0.56640625 0.0986328125 0.09765625
0 0.28564453125 0.56640625 0.0986328125 0.09765625
0 0.66943359375 0.47265625 0.0986328125 0.09765625
0 0.56005859375 0.4736328125 0.0986328125 0.09765625
0 0.44384765625 0.47412109375 0.0732421875 0.0732421875
0 0.33935546875 0.4755859375 0.0986328125 0.09765625
0 0.22607421875 0.4736328125 0.0986328125 0.09765625
0 0.60986328125 0.38330078125 0.1103515625 0.1103515625
0 0.51220703125 0.3759765625 0.0986328125 0.09765625
0 0.38232421875 0.373046875 0.0986328125 0.09765625
0 0.27685546875 0.37890625 0.1103515625 0.109375
0 0.66259765625 0.28662109375 0.1103515625 0.1103515625
0 0.55419921875 0.2880859375 0.1103515625 0.109375
0 0.43701171875 0.2880859375 0.0986328125 0.09765625
0 0.33642578125 0.2880859375 0.0986328125 0.09765625
0 0.22265625 0.2822265625 0.111328125 0.109375
0 0.61279296875 0.193359375 0.1103515625 0.109375
0 0.50341796875 0.189453125 0.1103515625 0.109375
0 0.39404296875 0.19140625 0.1103515625 0.109375
0 0.2822265625 0.18994140625 0.111328125 0.1103515625
0 0.66357421875 0.10205078125 0.1103515625 0.1103515625
0 0.56689453125 0.09326171875 0.1103515625 0.1103515625
0 0.455078125 0.0966796875 0.09765625 0.09765625
0 0.3447265625 0.09814453125 0.111328125 0.1103515625
0 0.22607421875 0.09814453125 0.1103515625 0.1103515625
0 0.11572265625 0.09912109375 0.1103515625 0.1103515625
0 0.1748046875 0.19677734375 0.111328125 0.1103515625
0 0.05810546875 0.19189453125 0.1103515625 0.1103515625
0 0.1171875 0.2900390625 0.111328125 0.109375
0 0.17626953125 0.38134765625 0.1103515625 0.1103515625
0 0.0546875 0.3798828125 0.0859375 0.0859375
0 0.11767578125 0.47607421875 0.1103515625 0.1103515625
0 0.17529296875 0.5703125 0.1103515625 0.109375
0 0.05810546875 0.56787109375 0.1103515625 0.1103515625
0 0.12353515625 0.658203125 0.1103515625 0.109375
0 0.17333984375 0.7578125 0.0986328125 0.09765625
0 0.06201171875 0.7578125 0.1103515625 0.109375
0 0.12646484375 0.85693359375 0.1103515625 0.1103515625