0 0.296875 0.29248046875 0.109375 0.1103515625
0 0.8662109375 0.08056640625 0.109375 0.1103515625
0 0.86962890625 0.18310546875 0.1103515625 0.1103515625
0 0.86572265625 0.29052734375 0.1103515625 0.1103515625
0 0.76806640625 0.13134765625 0.1103515625 0.1103515625
0 0.77392578125 0.24560546875 0.1103515625 0.1103515625
0 0.7734375 0.3544921875 0.109375 0.111328125
0 0.6875 0.0712890625 0.0859375 0.0859375
0 0.6767578125 0.1845703125 0.09765625 0.09765625
0 0.6806640625 0.30078125 0.09765625 0.09765625
0 0.5849609375 0.1259765625 0.109375 0.111328125
0 0.5869140625 0.240234375 0.109375 0.111328125
0 0.58154296875 0.33984375 0.1103515625 0.111328125
0 0.48681640625 0.0771484375 0.1103515625 0.111328125
0 0.48388671875 0.1845703125 0.1103515625 0.111328125
0 0.48876953125 0.29150390625 0.1103515625 0.1103515625
0 0.39306640625 0.13525390625 0.1103515625 0.1103515625
0 0.3974609375 0.23974609375 0.109375 0.1103515625
0 0.2978515625 0.07861328125 0.09765625 0.0986328125
0 0.294921875 0.18505859375 0.109375 0.1103515625
0 0.197265625 0.13232421875 0.109375 0.1103515625
0 0.201171875 0.23681640625 0.109375 0.1103515625
0 0.2041015625 0.35009765625 0.048828125 0.0498046875
0 0.2958984375 0.40478515625 0.048828125 0.0498046875
0 0.390625 0.3427734375 0.048828125 0.048828125
0 0.10791015625 0.08056640625 0.1103515625 0.1103515625
0 0.10791015625 0.19091796875 0.1103515625 0.1103515625
0 0.11083984375 0.30322265625 0.1103515625 0.1103515625
0 0.10986328125 0.4091796875 0.0849609375 0.0859375
0 0.11083984375 0.51123046875 0.1103515625 0.1103515625
0 0.201171875 0.46240234375 0.109375 0.1103515625
0 0.2978515625 0.51171875 0.109375 0.111328125
0 0.400390625 0.5703125 0.0859375 0.0859375
0 0.39404296875 0.4580078125 0.0849609375 0.0859375
0 0.49072265625 0.4091796875 0.0849609375 0.0859375
0 0.48779296875 0.515625 0.0849609375 0.0859375
0 0.4951171875 0.623046875 0.09765625 0.09765625
0 0.490234375 0.7275390625 0.09765625 0.09765625
0 0.4853515625 0.84423828125 0.09765625 0.0986328125
0 0.58447265625 0.45751953125 0.0732421875 0.0732421875
0 0.58740234375 0.5693359375 0.0849609375 0.0859375
0 0.58642578125 0.7861328125 0.0732421875 0.07421875
0 0.6728515625 0.40380859375 0.09765625 0.0986328125
0 0.6787109375 0.51318359375 0.09765625 0.0986328125
0 0.673828125 0.62841796875 0.09765625 0.0986328125
0 0.68359375 0.7392578125 0.09765625 0.09765625
0 0.685546875 0.849609375 0.09765625 0.09765625
0 0.77587890625 0.45849609375 0.1103515625 0.1103515625
0 0.77685546875 0.57275390625 0.1103515625 0.1103515625
0 0.771484375 0.67919921875 0.109375 0.1103515625
0 0.7705078125 0.79736328125 0.109375 0.1103515625
0 0.771484375 0.9052734375 0.109375 0.111328125
0 0.87060546875 0.40771484375 0.1103515625 0.1103515625
0 0.86767578125 0.51904296875 0.1103515625 0.1103515625
0 0.86181640625 0.62744140625 0.1103515625 0.1103515625
0 0.86962890625 0.73974609375 0.1103515625 0.1103515625
0 0.87109375 0.84814453125 0.109375 0.1103515625
0 0.58544921875 0.9169921875 0.0849609375 0.0859375