0 0.30224609375 0.9423828125 0.0732421875 0.07421875
0 0.47705078125 0.3623046875 0.0732421875 0.07421875
0 0.47900390625 0.4482421875 0.0732421875 0.07421875
0 0.68017578125 0.43017578125 0.0732421875 0.0732421875
0 0.67333984375 0.2138671875 0.0732421875 0.07421875
0 0.39892578125 0.41552734375 0.0732421875 0.0732421875
0 0.591796875 0.54345703125 0.060546875 0.0615234375
0 0.39697265625 0.51318359375 0.0732421875 0.0732421875
0 0.9560546875 0.8828125 0.048828125 0.048828125
0 0.861328125 0.9443359375 0.048828125 0.048828125
0 0.771484375 0.8994140625 0.048828125 0.048828125
0 0.6767578125 0.953125 0.037109375 0.037109375
0 0.49462890625 0.9375 0.0361328125 0.037109375
0 0.21435546875 0.8818359375 0.0849609375 0.0859375
0 0.1162109375 0.9248046875 0.0859375 0.0859375
0 0.86328125 0.11572265625 0.09765625 0.0986328125
0 0.8583984375 0.22509765625 0.09765625 0.0986328125
0 0.8544921875 0.33056640625 0.09765625 0.0986328125
0 0.86572265625 0.439453125 0.0849609375 0.0859375
0 0.77001953125 0.4873046875 0.0849609375 0.0859375
0 0.77587890625 0.0703125 0.0849609375 0.0859375
0 0.7587890625 0.1875 0.0859375 0.0859375
0 0.76123046875 0.27294921875 0.0849609375 0.0869140625
0 0.767578125 0.380859375 0.09765625 0.09765625
0 0.6865234375 0.10888671875 0.09765625 0.0986328125
0 0.5947265625 0.19580078125 0.060546875 0.0615234375
0 0.59423828125 0.298828125 0.0732421875 0.07421875
0 0.59716796875 0.384765625 0.0849609375 0.0859375
0 0.587890625 0.4638671875 0.0859375 0.0859375
0 0.46240234375 0.54736328125 0.0615234375 0.0615234375
0 0.2158203125 0.5009765625 0.0859375 0.0859375
0 0.59375 0.06689453125 0.109375 0.1103515625
0 0.4951171875 0.111328125 0.109375 0.111328125
0 0.4833984375 0.25341796875 0.09765625 0.0986328125
0 0.3994140625 0.30126953125 0.09765625 0.0986328125
0 0.4140625 0.1865234375 0.0859375 0.0859375
0 0.3994140625 0.07861328125 0.09765625 0.0986328125
0 0.310546875 0.11669921875 0.109375 0.1103515625
0 0.32080078125 0.25390625 0.0849609375 0.0859375
0 0.3115234375 0.34814453125 0.09765625 0.0986328125
0 0.29833984375 0.46875 0.0849609375 0.0859375
0 0.22119140625 0.39599609375 0.1103515625 0.1103515625
0 0.21337890625 0.30224609375 0.1103515625 0.1103515625
0 0.21630859375 0.1748046875 0.1103515625 0.111328125
0 0.21875 0.0732421875 0.109375 0.111328125
0 0.1220703125 0.12158203125 0.09765625 0.0986328125
0 0.1279296875 0.2451171875 0.0859375 0.0859375
0 0.123046875 0.34375 0.109375 0.111328125
0 0.1240234375 0.45068359375 0.09765625 0.0986328125
0 0.11865234375 0.55859375 0.0849609375 0.0859375
0 0.04443359375 0.068359375 0.0849609375 0.0859375
0 0.677734375 0.31787109375 0.09765625 0.0986328125