0 0.92041015625 0.40380859375 0.1103515625 0.1103515625
0 0.92138671875 0.50537109375 0.1103515625 0.1103515625
0 0.9150390625 0.62744140625 0.109375 0.1103515625
0 0.91455078125 0.73193359375 0.1103515625 0.1103515625
0 0.90966796875 0.83740234375 0.1103515625 0.1103515625
0 0.81005859375 0.89404296875 0.1103515625 0.1103515625
0 0.8203125 0.78466796875 0.109375 0.1103515625
0 0.8271484375 0.67578125 0.109375 0.111328125
0 0.82958984375 0.5703125 0.1103515625 0.111328125
0 0.82080078125 0.46142578125 0.1103515625 0.1103515625
0 0.82421875 0.35205078125 0.09765625 0.0986328125
0 0.73046875 0.39697265625 0.109375 0.1103515625
0 0.73681640625 0.50634765625 0.1103515625 0.1103515625
0 0.71728515625 0.60791015625 0.1103515625 0.1103515625
0 0.7236328125 0.72900390625 0.109375 0.1103515625
0 0.724609375 0.83935546875 0.109375 0.1103515625
0 0.6279296875 0.89111328125 0.109375 0.1103515625
0 0.6240234375 0.77978515625 0.09765625 0.0986328125
0 0.630859375 0.6806640625 0.09765625 0.09765625
0 0.634765625 0.34765625 0.109375 0.111328125
0 0.63720703125 0.45458984375 0.1103515625 0.1103515625
0 0.63671875 0.56884765625 0.09765625 0.0986328125
0 0.53271484375 0.39208984375 0.1103515625 0.1103515625
0 0.53369140625 0.51025390625 0.1103515625 0.1103515625
0 0.5478515625 0.61962890625 0.109375 0.1103515625
0 0.52978515625 0.7275390625 0.1103515625 0.111328125
0 0.52685546875 0.84228515625 0.1103515625 0.1103515625
0 0.44873046875 0.34228515625 0.1103515625 0.1103515625
0 0.44189453125 0.45654296875 0.1103515625 0.1103515625
0 0.443359375 0.56494140625 0.109375 0.1103515625
0 0.44580078125 0.66650390625 0.1103515625 0.1103515625
0 0.43896484375 0.76611328125 0.1103515625 0.1103515625
0 0.4365234375 0.873046875 0.109375 0.111328125
0 0.353515625 0.38720703125 0.09765625 0.0986328125
0 0.3525390625 0.51318359375 0.09765625 0.0986328125
0 0.3564453125 0.61474609375 0.109375 0.1103515625
0 0.345703125 0.71728515625 0.09765625 0.0986328125
0 0.33642578125 0.84619140625 0.1103515625 0.1103515625
0 0.341796875 0.92041015625 0.109375 0.1103515625
0 0.2470703125 0.8837890625 0.09765625 0.09765625
0 0.2470703125 0.76806640625 0.09765625 0.0986328125
0 0.2578125 0.66259765625 0.109375 0.1103515625
0 0.2568359375 0.56005859375 0.09765625 0.0986328125
0 0.25 0.44921875 0.09765625 0.09765625
0 0.2607421875 0.3349609375 0.09765625 0.09765625
0 0.1611328125 0.390625 0.109375 0.111328125
0 0.16015625 0.50244140625 0.109375 0.1103515625
0 0.15576171875 0.61279296875 0.1103515625 0.1103515625
0 0.15087890625 0.71728515625 0.1103515625 0.1103515625
0 0.15576171875 0.81884765625 0.1103515625 0.1103515625
0 0.14404296875 0.94189453125 0.1103515625 0.1103515625
0 0.0576171875 0.86767578125 0.09765625 0.0986328125
0 0.0576171875 0.76513671875 0.09765625 0.0986328125
0 0.068359375 0.3251953125 0.0859375 0.0859375
0 0.05908203125 0.44384765625 0.1103515625 0.1103515625
0 0.0615234375 0.5478515625 0.0859375 0.0859375
0 0.06640625 0.66259765625 0.09765625 0.0986328125
0 0.9306640625 0.08642578125 0.109375 0.1103515625
0 0.8271484375 0.13134765625 0.109375 0.1103515625
0 0.734375 0.08056640625 0.109375 0.1103515625
0 0.642578125 0.14697265625 0.09765625 0.0986328125
0 0.5458984375 0.11572265625 0.109375 0.1103515625
0 0.45361328125 0.1640625 0.0849609375 0.0859375
0 0.35693359375 0.0986328125 0.1103515625 0.111328125
0 0.267578125 0.14794921875 0.109375 0.1103515625
0 0.07666015625 0.138671875 0.1103515625 0.111328125
0 0.16162109375 0.091796875 0.1103515625 0.111328125