0 0.138671875 0.1328125 0.09765625 0.09765625
0 0.130859375 0.24365234375 0.09765625 0.0986328125
0 0.134765625 0.35107421875 0.109375 0.1103515625
0 0.13525390625 0.46923828125 0.1103515625 0.1103515625
0 0.13037109375 0.58544921875 0.1103515625 0.1103515625
0 0.228515625 0.08203125 0.09765625 0.09765625
0 0.22705078125 0.1953125 0.1103515625 0.111328125
0 0.2255859375 0.29931640625 0.109375 0.1103515625
0 0.2255859375 0.41064453125 0.09765625 0.0986328125
0 0.22265625 0.52490234375 0.109375 0.1103515625
0 0.32470703125 0.142578125 0.1103515625 0.111328125
0 0.3203125 0.251953125 0.09765625 0.09765625
0 0.3203125 0.36328125 0.09765625 0.09765625
0 0.31884765625 0.470703125 0.0849609375 0.0859375
0 0.3193359375 0.583984375 0.0859375 0.0859375
0 0.416015625 0.0869140625 0.0859375 0.0859375
0 0.4150390625 0.19921875 0.09765625 0.09765625
0 0.41943359375 0.30859375 0.1103515625 0.111328125
0 0.41162109375 0.4189453125 0.1103515625 0.111328125
0 0.41748046875 0.52490234375 0.1103515625 0.1103515625
0 0.51171875 0.1396484375 0.0859375 0.0859375
0 0.5087890625 0.2509765625 0.0859375 0.0859375
0 0.5146484375 0.3525390625 0.109375 0.111328125
0 0.51171875 0.4619140625 0.109375 0.111328125
0 0.50732421875 0.58544921875 0.1103515625 0.1103515625
0 0.60400390625 0.08642578125 0.1103515625 0.1103515625
0 0.60498046875 0.19970703125 0.1103515625 0.1103515625
0 0.61328125 0.30322265625 0.109375 0.1103515625
0 0.607421875 0.41357421875 0.109375 0.1103515625
0 0.6064453125 0.5283203125 0.109375 0.111328125
0 0.70556640625 0.13427734375 0.1103515625 0.1103515625
0 0.70361328125 0.24951171875 0.1103515625 0.1103515625
0 0.6982421875 0.35791015625 0.09765625 0.0986328125
0 0.70068359375 0.4677734375 0.0849609375 0.0859375
0 0.701171875 0.5810546875 0.09765625 0.09765625
0 0.7998046875 0.09326171875 0.109375 0.1103515625
0 0.8017578125 0.19287109375 0.109375 0.1103515625
0 0.7919921875 0.30517578125 0.09765625 0.0986328125
0 0.79736328125 0.41748046875 0.1103515625 0.1103515625
0 0.78955078125 0.52392578125 0.1103515625 0.1103515625
0 0.888671875 0.15283203125 0.109375 0.1103515625
0 0.8896484375 0.26123046875 0.109375 0.1103515625
0 0.8896484375 0.36376953125 0.09765625 0.0986328125
0 0.89453125 0.47998046875 0.109375 0.1103515625
0 0.89208984375 0.59033203125 0.1103515625 0.1103515625
0 0.88330078125 0.68701171875 0.1103515625 0.1103515625
0 0.88671875 0.798828125 0.09765625 0.09765625
0 0.88818359375 0.9091796875 0.1103515625 0.111328125
0 0.79443359375 0.64013671875 0.1103515625 0.1103515625
0 0.79638671875 0.7568359375 0.1103515625 0.111328125
0 0.787109375 0.8662109375 0.09765625 0.09765625
0 0.6982421875 0.693359375 0.109375 0.111328125
0 0.697265625 0.81298828125 0.060546875 0.0615234375
0 0.693359375 0.91943359375 0.109375 0.1103515625
0 0.603515625 0.6376953125 0.109375 0.111328125
0 0.6064453125 0.74755859375 0.109375 0.1103515625
0 0.59814453125 0.85595703125 0.1103515625 0.1103515625
0 0.50927734375 0.69384765625 0.1103515625 0.1103515625
0 0.50537109375 0.79345703125 0.0615234375 0.0615234375
0 0.50634765625 0.91455078125 0.1103515625 0.1103515625
0 0.41552734375 0.64306640625 0.0615234375 0.0615234375
0 0.41064453125 0.75146484375 0.0615234375 0.0615234375
0 0.412109375 0.86181640625 0.109375 0.1103515625
0 0.322265625 0.69287109375 0.109375 0.1103515625
0 0.31640625 0.818359375 0.0859375 0.0859375
0 0.31640625 0.91845703125 0.109375 0.1103515625
0 0.224609375 0.63525390625 0.109375 0.1103515625
0 0.22119140625 0.74755859375 0.1103515625 0.1103515625
0 0.22509765625 0.85791015625 0.1103515625 0.1103515625
0 0.12841796875 0.68701171875 0.1103515625 0.1103515625
0 0.13037109375 0.80419921875 0.1103515625 0.1103515625
0 0.130859375 0.90380859375 0.109375 0.1103515625