0 0.72802734375 0.2265625 0.0732421875 0.07421875
0 0.62939453125 0.8408203125 0.0732421875 0.07421875
0 0.5361328125 0.77978515625 0.060546875 0.0615234375
0 0.82470703125 0.7109375 0.0732421875 0.07421875
0 0.916015625 0.89453125 0.109375 0.111328125
0 0.921875 0.77197265625 0.09765625 0.0986328125
0 0.8271484375 0.82421875 0.0859375 0.0859375
0 0.8193359375 0.93212890625 0.0859375 0.0869140625
0 0.7236328125 0.8955078125 0.0859375 0.0859375
0 0.3447265625 0.912109375 0.0859375 0.0859375
0 0.720703125 0.77197265625 0.09765625 0.0986328125
0 0.63671875 0.7392578125 0.09765625 0.09765625
0 0.630859375 0.9501953125 0.09765625 0.09765625
0 0.5439453125 0.8994140625 0.109375 0.111328125
0 0.451171875 0.8447265625 0.0859375 0.0859375
0 0.4541015625 0.73291015625 0.09765625 0.0986328125
0 0.3486328125 0.78857421875 0.09765625 0.0986328125
0 0.1572265625 0.8974609375 0.09765625 0.09765625
0 0.15380859375 0.7822265625 0.0849609375 0.0859375
0 0.251953125 0.732421875 0.0859375 0.0859375
0 0.263671875 0.833984375 0.09765625 0.09765625
0 0.2568359375 0.9501953125 0.0859375 0.0859375
0 0.07177734375 0.068359375 0.0849609375 0.0859375
0 0.0703125 0.18310546875 0.109375 0.1103515625
0 0.06640625 0.27978515625 0.109375 0.1103515625
0 0.06494140625 0.4462890625 0.0849609375 0.0859375
0 0.072265625 0.51513671875 0.09765625 0.0986328125
0 0.068359375 0.62646484375 0.09765625 0.0986328125
0 0.06591796875 0.86328125 0.0849609375 0.0859375
0 0.1630859375 0.67236328125 0.09765625 0.0986328125
0 0.16162109375 0.5673828125 0.0849609375 0.0859375
0 0.15966796875 0.130859375 0.0849609375 0.0859375
0 0.16455078125 0.2578125 0.0849609375 0.0859375
0 0.16064453125 0.35107421875 0.0849609375 0.0869140625
0 0.166015625 0.45361328125 0.09765625 0.0986328125
0 0.259765625 0.62158203125 0.09765625 0.0986328125
0 0.2578125 0.0712890625 0.0859375 0.0859375
0 0.2568359375 0.17529296875 0.09765625 0.0986328125
0 0.25634765625 0.294921875 0.0849609375 0.0859375
0 0.2626953125 0.40087890625 0.09765625 0.0986328125
0 0.2548828125 0.525390625 0.09765625 0.09765625
0 0.35205078125 0.13671875 0.0849609375 0.0859375
0 0.35205078125 0.22509765625 0.0849609375 0.0869140625
0 0.349609375 0.3359375 0.0859375 0.0859375
0 0.3505859375 0.453125 0.0859375 0.0859375
0 0.3505859375 0.54638671875 0.09765625 0.0986328125
0 0.3486328125 0.67626953125 0.09765625 0.0986328125
0 0.45263671875 0.6025390625 0.0849609375 0.0859375
0 0.44921875 0.08203125 0.09765625 0.09765625
0 0.4423828125 0.16259765625 0.09765625 0.0986328125
0 0.45556640625 0.2919921875 0.0849609375 0.0859375
0 0.4619140625 0.3984375 0.0859375 0.0859375
0 0.455078125 0.509765625 0.0859375 0.0859375
0 0.54052734375 0.6806640625 0.0849609375 0.0859375
0 0.5458984375 0.13671875 0.0859375 0.0859375
0 0.54296875 0.21728515625 0.09765625 0.0986328125
0 0.5380859375 0.3427734375 0.0859375 0.0859375
0 0.5419921875 0.44140625 0.0859375 0.0859375
0 0.5341796875 0.5673828125 0.0859375 0.0859375
0 0.63671875 0.0732421875 0.0859375 0.0859375
0 0.6337890625 0.20068359375 0.0859375 0.0869140625
0 0.6337890625 0.3037109375 0.0859375 0.0859375
0 0.63623046875 0.4150390625 0.0849609375 0.0859375
0 0.6357421875 0.50634765625 0.09765625 0.0986328125
0 0.638671875 0.64306640625 0.09765625 0.0986328125
0 0.72900390625 0.6728515625 0.0849609375 0.0859375
0 0.72900390625 0.5576171875 0.0849609375 0.0859375
0 0.73583984375 0.4560546875 0.0849609375 0.0859375
0 0.72412109375 0.3359375 0.0849609375 0.0859375
0 0.728515625 0.1162109375 0.09765625 0.09765625
0 0.8359375 0.16845703125 0.09765625 0.0986328125
0 0.8251953125 0.283203125 0.0859375 0.0859375
0 0.82080078125 0.3974609375 0.0849609375 0.0859375
0 0.81982421875 0.50390625 0.0849609375 0.0859375
0 0.81689453125 0.609375 0.0849609375 0.0859375
0 0.9169921875 0.123046875 0.09765625 0.09765625
0 0.9140625 0.232421875 0.0859375 0.0859375
0 0.91015625 0.341796875 0.0859375 0.0859375
0 0.9072265625 0.45751953125 0.09765625 0.0986328125
0 0.921875 0.57958984375 0.09765625 0.0986328125
0 0.91650390625 0.67578125 0.1103515625 0.111328125
0 0.07421875 0.7529296875 0.0859375 0.0859375