0 0.19287109375 0.69775390625 0.0732421875 0.0732421875
0 0.09423828125 0.52880859375 0.0615234375 0.0615234375
0 0.18896484375 0.57470703125 0.0615234375 0.0615234375
0 0.2822265625 0.5361328125 0.060546875 0.060546875
0 0.099609375 0.642578125 0.0859375 0.0859375
0 0.0966796875 0.7529296875 0.0859375 0.0859375
0 0.09912109375 0.86181640625 0.0732421875 0.0732421875
0 0.1962890625 0.8173828125 0.0859375 0.0859375
0 0.193359375 0.91748046875 0.0859375 0.0869140625
0 0.291015625 0.6396484375 0.09765625 0.09765625
0 0.28955078125 0.748046875 0.0849609375 0.0859375
0 0.28857421875 0.861328125 0.0849609375 0.0859375
0 0.38232421875 0.58203125 0.0732421875 0.07421875
0 0.4755859375 0.6357421875 0.0859375 0.0859375
0 0.48095703125 0.748046875 0.0732421875 0.07421875
0 0.3876953125 0.6923828125 0.09765625 0.09765625
0 0.3876953125 0.8037109375 0.09765625 0.09765625
0 0.38427734375 0.91748046875 0.0615234375 0.0615234375
0 0.4775390625 0.8603515625 0.0859375 0.0859375