0 0.29150390625 0.3359375 0.0732421875 0.07421875
0 0.8720703125 0.115234375 0.09765625 0.09765625
0 0.87060546875 0.22412109375 0.1103515625 0.1103515625
0 0.86767578125 0.33349609375 0.1103515625 0.1103515625
0 0.77392578125 0.05810546875 0.1103515625 0.1103515625
0 0.77880859375 0.17431640625 0.1103515625 0.1103515625
0 0.77197265625 0.28369140625 0.1103515625 0.1103515625
0 0.6787109375 0.11572265625 0.109375 0.1103515625
0 0.6767578125 0.22607421875 0.109375 0.1103515625
0 0.673828125 0.33642578125 0.09765625 0.0986328125
0 0.5830078125 0.05908203125 0.109375 0.1103515625
0 0.583984375 0.17236328125 0.09765625 0.0986328125
0 0.5888671875 0.27587890625 0.09765625 0.0986328125
0 0.48779296875 0.11181640625 0.1103515625 0.1103515625
0 0.48779296875 0.22509765625 0.1103515625 0.1103515625
0 0.48583984375 0.33447265625 0.1103515625 0.1103515625
0 0.388671875 0.05810546875 0.09765625 0.0986328125
0 0.390625 0.16845703125 0.09765625 0.0986328125
0 0.3916015625 0.28125 0.09765625 0.09765625
0 0.3916015625 0.3828125 0.09765625 0.09765625
0 0.2939453125 0.11669921875 0.09765625 0.0986328125
0 0.2919921875 0.21875 0.09765625 0.09765625
0 0.193359375 0.05322265625 0.09765625 0.0986328125
0 0.19921875 0.16455078125 0.09765625 0.0986328125
0 0.20068359375 0.27734375 0.0849609375 0.0859375
0 0.10498046875 0.11474609375 0.1103515625 0.1103515625
0 0.09765625 0.22802734375 0.109375 0.1103515625
0 0.0888671875 0.3359375 0.109375 0.111328125
0 0.1103515625 0.44189453125 0.09765625 0.0986328125
0 0.10400390625 0.55859375 0.1103515625 0.111328125
0 0.10888671875 0.6611328125 0.1103515625 0.111328125
0 0.111328125 0.771484375 0.109375 0.111328125
0 0.2021484375 0.39892578125 0.109375 0.1103515625
0 0.19921875 0.5029296875 0.0859375 0.0859375
0 0.19873046875 0.60546875 0.0849609375 0.0859375
0 0.19873046875 0.7138671875 0.1103515625 0.111328125
0 0.20458984375 0.8369140625 0.1103515625 0.111328125
0 0.2978515625 0.4443359375 0.0859375 0.0859375
0 0.2958984375 0.55517578125 0.09765625 0.0986328125
0 0.291015625 0.67724609375 0.09765625 0.0986328125
0 0.29443359375 0.783203125 0.1103515625 0.111328125
0 0.39453125 0.50634765625 0.09765625 0.0986328125
0 0.3857421875 0.6162109375 0.0859375 0.0859375
0 0.3876953125 0.72412109375 0.09765625 0.0986328125
0 0.3876953125 0.8369140625 0.09765625 0.09765625
0 0.48681640625 0.44482421875 0.1103515625 0.1103515625
0 0.49267578125 0.55517578125 0.1103515625 0.1103515625
0 0.49267578125 0.66650390625 0.1103515625 0.1103515625
0 0.4931640625 0.78564453125 0.109375 0.1103515625
0 0.576171875 0.39208984375 0.109375 0.1103515625
0 0.5791015625 0.50537109375 0.109375 0.1103515625
0 0.58056640625 0.60888671875 0.1103515625 0.1103515625
0 0.58251953125 0.73193359375 0.1103515625 0.1103515625
0 0.58544921875 0.83935546875 0.1103515625 0.1103515625
0 0.67578125 0.45068359375 0.109375 0.1103515625
0 0.681640625 0.56005859375 0.109375 0.1103515625
0 0.67578125 0.66943359375 0.109375 0.1103515625
0 0.6708984375 0.77978515625 0.109375 0.1103515625
0 0.76611328125 0.3935546875 0.1103515625 0.111328125
0 0.7705078125 0.5107421875 0.09765625 0.09765625
0 0.7724609375 0.61376953125 0.109375 0.1103515625
0 0.775390625 0.72802734375 0.09765625 0.0986328125
0 0.76953125 0.83837890625 0.109375 0.1103515625
0 0.86865234375 0.4501953125 0.1103515625 0.111328125
0 0.86865234375 0.5654296875 0.1103515625 0.111328125
0 0.86474609375 0.67529296875 0.1103515625 0.1103515625
0 0.87158203125 0.79052734375 0.1103515625 0.1103515625
0 0.8642578125 0.89111328125 0.109375 0.1103515625
0 0.67529296875 0.89111328125 0.1103515625 0.1103515625
0 0.583984375 0.94873046875 0.09765625 0.0986328125
0 0.4873046875 0.890625 0.0859375 0.0859375
0 0.20068359375 0.9345703125 0.0849609375 0.0859375
0 0.1083984375 0.8759765625 0.09765625 0.09765625
0 0.29248046875 0.87841796875 0.1103515625 0.1103515625
0 0.3955078125 0.93505859375 0.09765625 0.0986328125