0 0.14306640625 0.24609375 0.0732421875 0.07421875
0 0.23095703125 0.1865234375 0.0732421875 0.07421875
0 0.53369140625 0.63427734375 0.0732421875 0.0732421875
0 0.43896484375 0.591796875 0.0732421875 0.07421875
0 0.9013671875 0.14892578125 0.109375 0.1103515625
0 0.9033203125 0.25634765625 0.09765625 0.0986328125
0 0.9072265625 0.36083984375 0.09765625 0.0986328125
0 0.8115234375 0.08349609375 0.09765625 0.0986328125
0 0.8125 0.19384765625 0.09765625 0.0986328125
0 0.8125 0.30029296875 0.09765625 0.0986328125
0 0.81494140625 0.41259765625 0.0732421875 0.0732421875
0 0.7138671875 0.12744140625 0.09765625 0.0986328125
0 0.7158203125 0.25048828125 0.09765625 0.0986328125
0 0.7158203125 0.35986328125 0.09765625 0.0986328125
0 0.6240234375 0.07861328125 0.09765625 0.0986328125
0 0.6181640625 0.18408203125 0.09765625 0.0986328125
0 0.619140625 0.30322265625 0.09765625 0.0986328125
0 0.62353515625 0.4052734375 0.0732421875 0.07421875
0 0.52734375 0.13427734375 0.09765625 0.0986328125
0 0.5263671875 0.24853515625 0.09765625 0.0986328125
0 0.5263671875 0.353515625 0.0859375 0.0859375
0 0.427734375 0.07763671875 0.09765625 0.0986328125
0 0.4267578125 0.19091796875 0.09765625 0.0986328125
0 0.43310546875 0.294921875 0.0849609375 0.0859375
0 0.4296875 0.40234375 0.09765625 0.09765625
0 0.32958984375 0.1298828125 0.0849609375 0.0859375
0 0.33154296875 0.2392578125 0.0849609375 0.0859375
0 0.337890625 0.353515625 0.09765625 0.09765625
0 0.23681640625 0.080078125 0.0849609375 0.0859375
0 0.23779296875 0.29296875 0.0732421875 0.07421875
0 0.2333984375 0.39697265625 0.060546875 0.0615234375
0 0.1494140625 0.1298828125 0.0859375 0.0859375
0 0.0546875 0.0712890625 0.0859375 0.0859375
0 0.0546875 0.171875 0.09765625 0.09765625
0 0.14404296875 0.3330078125 0.0732421875 0.07421875
0 0.05078125 0.287109375 0.09765625 0.09765625
0 0.04443359375 0.380859375 0.0732421875 0.07421875
0 0.05078125 0.58349609375 0.09765625 0.0986328125
0 0.0556640625 0.80322265625 0.109375 0.1103515625
0 0.14697265625 0.5556640625 0.0849609375 0.0859375
0 0.1474609375 0.638671875 0.09765625 0.09765625
0 0.14599609375 0.7587890625 0.1220703125 0.123046875
0 0.15234375 0.85498046875 0.109375 0.1103515625
0 0.23876953125 0.5810546875 0.0849609375 0.0859375
0 0.24072265625 0.693359375 0.1220703125 0.123046875
0 0.2529296875 0.9072265625 0.0859375 0.0859375
0 0.3330078125 0.64453125 0.09765625 0.09765625
0 0.34130859375 0.7509765625 0.1220703125 0.123046875
0 0.34130859375 0.8603515625 0.1103515625 0.111328125
0 0.4287109375 0.68701171875 0.109375 0.1103515625
0 0.43359375 0.7998046875 0.109375 0.111328125
0 0.43310546875 0.912109375 0.1220703125 0.123046875
0 0.52880859375 0.74462890625 0.1103515625 0.1103515625
0 0.53173828125 0.85546875 0.1220703125 0.123046875
0 0.62646484375 0.58349609375 0.0615234375 0.0615234375
0 0.625 0.68994140625 0.09765625 0.0986328125
0 0.6240234375 0.80224609375 0.09765625 0.0986328125
0 0.630859375 0.8955078125 0.09765625 0.09765625
0 0.724609375 0.63232421875 0.09765625 0.0986328125
0 0.71875 0.75048828125 0.09765625 0.0986328125
0 0.71826171875 0.8466796875 0.1220703125 0.123046875
0 0.8212890625 0.58154296875 0.060546875 0.0615234375
0 0.8134765625 0.68798828125 0.09765625 0.0986328125
0 0.8134765625 0.79736328125 0.09765625 0.0986328125
0 0.81591796875 0.9140625 0.1220703125 0.123046875
0 0.91064453125 0.6357421875 0.0849609375 0.0859375
0 0.90625 0.74365234375 0.09765625 0.0986328125
0 0.90966796875 0.85791015625 0.1220703125 0.1220703125