0 0.6708984375 0.83056640625 0.07421875 0.0732421875
0 0.75146484375 0.92236328125 0.0732421875 0.0732421875
0 0.9580078125 0.72998046875 0.07421875 0.0732421875
0 0.61572265625 0.16162109375 0.0732421875 0.0732421875
0 0.68359375 0.07373046875 0.07421875 0.0732421875
0 0.63720703125 0.92724609375 0.0615234375 0.0615234375
0 0.08056640625 0.9169921875 0.0986328125 0.09765625
0 0.193359375 0.90869140625 0.0859375 0.0849609375
0 0.294921875 0.91259765625 0.111328125 0.1103515625
0 0.40185546875 0.9140625 0.1103515625 0.109375
0 0.50146484375 0.9150390625 0.1103515625 0.109375
0 0.56298828125 0.814453125 0.1103515625 0.109375
0 0.45654296875 0.80908203125 0.1103515625 0.1103515625
0 0.353515625 0.810546875 0.111328125 0.109375
0 0.2353515625 0.8115234375 0.09765625 0.09765625
0 0.12451171875 0.8125 0.0986328125 0.09765625
0 0.068359375 0.72216796875 0.0859375 0.0849609375
0 0.17822265625 0.7236328125 0.1103515625 0.109375
0 0.28369140625 0.72265625 0.0986328125 0.09765625
0 0.39794921875 0.7236328125 0.1103515625 0.109375
0 0.51220703125 0.7294921875 0.0986328125 0.09765625
0 0.61376953125 0.7255859375 0.1103515625 0.109375
0 0.84814453125 0.7265625 0.0986328125 0.09765625
0 0.2333984375 0.072265625 0.0859375 0.0859375
0 0.615234375 0.5458984375 0.0859375 0.0859375
0 0.1259765625 0.63427734375 0.0859375 0.0849609375
0 0.232421875 0.6318359375 0.0859375 0.0859375
0 0.34765625 0.62939453125 0.0859375 0.0849609375
0 0.4697265625 0.63330078125 0.0859375 0.0849609375
0 0.57763671875 0.6337890625 0.0986328125 0.09765625
0 0.6689453125 0.63134765625 0.0859375 0.0849609375
0 0.06884765625 0.5361328125 0.0986328125 0.09765625
0 0.18115234375 0.5400390625 0.1103515625 0.109375
0 0.28466796875 0.54296875 0.0986328125 0.09765625
0 0.39306640625 0.54150390625 0.1103515625 0.1103515625
0 0.513671875 0.54052734375 0.0859375 0.0849609375
0 0.13525390625 0.44189453125 0.1103515625 0.1103515625
0 0.23681640625 0.439453125 0.1103515625 0.109375
0 0.3408203125 0.4462890625 0.09765625 0.09765625
0 0.45263671875 0.451171875 0.1103515625 0.109375
0 0.56884765625 0.44482421875 0.1103515625 0.1103515625
0 0.07275390625 0.34765625 0.1103515625 0.109375
0 0.18212890625 0.34619140625 0.1103515625 0.1103515625
0 0.28515625 0.35009765625 0.111328125 0.1103515625
0 0.39404296875 0.35791015625 0.1103515625 0.1103515625
0 0.51416015625 0.3544921875 0.1103515625 0.109375
0 0.11865234375 0.2451171875 0.0986328125 0.09765625
0 0.2353515625 0.2470703125 0.0859375 0.0859375
0 0.3525390625 0.244140625 0.0859375 0.0859375
0 0.28515625 0.1650390625 0.09765625 0.09765625
0 0.17578125 0.15625 0.0859375 0.0859375
0 0.0771484375 0.15869140625 0.111328125 0.1103515625
0 0.125 0.068359375 0.0859375 0.0859375
0 0.4609375 0.06494140625 0.0859375 0.0849609375
0 0.57666015625 0.0751953125 0.0986328125 0.09765625
0 0.734375 0.16357421875 0.0859375 0.0849609375
0 0.5087890625 0.16845703125 0.0859375 0.0849609375
0 0.5703125 0.24853515625 0.0859375 0.0849609375
0 0.6767578125 0.2548828125 0.09765625 0.09765625
0 0.78857421875 0.2578125 0.0986328125 0.09765625
0 0.841796875 0.353515625 0.09765625 0.09765625
0 0.72900390625 0.357421875 0.0986328125 0.09765625
0 0.79248046875 0.447265625 0.0986328125 0.09765625
0 0.84033203125 0.544921875 0.0986328125 0.09765625
0 0.8974609375 0.07275390625 0.111328125 0.1103515625
0 0.7939453125 0.0712890625 0.09765625 0.09765625
0 0.84765625 0.162109375 0.09765625 0.09765625
0 0.93896484375 0.171875 0.0986328125 0.09765625
0 0.89599609375 0.2587890625 0.1103515625 0.109375
0 0.89990234375 0.4423828125 0.0986328125 0.09765625
0 0.8955078125 0.6337890625 0.0859375 0.0859375
0 0.9052734375 0.82275390625 0.111328125 0.1103515625