0 0.0439453125 0.12548828125 0.060546875 0.0615234375
0 0.50732421875 0.84619140625 0.0732421875 0.0732421875
0 0.13525390625 0.86279296875 0.0732421875 0.0732421875
0 0.58154296875 0.9189453125 0.0732421875 0.07421875
0 0.87060546875 0.529296875 0.0849609375 0.0859375
0 0.8740234375 0.63720703125 0.109375 0.1103515625
0 0.86376953125 0.7490234375 0.1103515625 0.111328125
0 0.7744140625 0.6826171875 0.09765625 0.09765625
0 0.7734375 0.54443359375 0.09765625 0.0986328125
0 0.7734375 0.45458984375 0.109375 0.1103515625
0 0.681640625 0.41455078125 0.09765625 0.0986328125
0 0.685546875 0.53173828125 0.109375 0.1103515625
0 0.68798828125 0.6435546875 0.0849609375 0.0859375
0 0.408203125 0.46484375 0.048828125 0.048828125
0 0.58349609375 0.47802734375 0.0849609375 0.0869140625
0 0.58349609375 0.57421875 0.0849609375 0.0859375
0 0.59619140625 0.69921875 0.1103515625 0.111328125
0 0.50341796875 0.72119140625 0.1103515625 0.1103515625
0 0.40380859375 0.67578125 0.0849609375 0.0859375
0 0.49560546875 0.5234375 0.0849609375 0.0859375
0 0.4970703125 0.6298828125 0.048828125 0.048828125
0 0.70068359375 0.8876953125 0.0849609375 0.0859375
0 0.40625 0.9072265625 0.109375 0.111328125
0 0.3134765625 0.5263671875 0.048828125 0.048828125
0 0.2236328125 0.4814453125 0.048828125 0.048828125
0 0.21875 0.58203125 0.048828125 0.048828125
0 0.12890625 0.53515625 0.037109375 0.037109375
0 0.11865234375 0.65087890625 0.0361328125 0.0361328125
0 0.02783203125 0.5751953125 0.0244140625 0.025390625
0 0.31640625 0.6328125 0.09765625 0.09765625
0 0.30712890625 0.74462890625 0.1103515625 0.1103515625
0 0.3173828125 0.85888671875 0.109375 0.1103515625
0 0.21826171875 0.68603515625 0.1103515625 0.1103515625
0 0.22314453125 0.81494140625 0.1103515625 0.1103515625
0 0.22265625 0.91357421875 0.09765625 0.0986328125
0 0.1357421875 0.7705078125 0.09765625 0.09765625
0 0.4013671875 0.57275390625 0.048828125 0.0498046875
0 0.87353515625 0.10791015625 0.1103515625 0.1103515625
0 0.77783203125 0.14599609375 0.1103515625 0.1103515625
0 0.6943359375 0.1064453125 0.09765625 0.09765625
0 0.59716796875 0.05322265625 0.0732421875 0.0732421875
0 0.603515625 0.15185546875 0.09765625 0.0986328125
0 0.416015625 0.08154296875 0.09765625 0.0986328125
0 0.22216796875 0.0693359375 0.0849609375 0.0859375