0 0.23779296875 0.08154296875 0.0732421875 0.0732421875
0 0.14501953125 0.154296875 0.0732421875 0.07421875
0 0.44091796875 0.31201171875 0.0732421875 0.0732421875
0 0.79638671875 0.92578125 0.0849609375 0.0859375
0 0.6064453125 0.92919921875 0.09765625 0.0986328125
0 0.2236328125 0.92919921875 0.09765625 0.0986328125
0 0.8896484375 0.89453125 0.109375 0.111328125
0 0.32275390625 0.35595703125 0.0615234375 0.0615234375
0 0.904296875 0.35791015625 0.09765625 0.0986328125
0 0.9169921875 0.50244140625 0.109375 0.1103515625
0 0.904296875 0.59814453125 0.109375 0.1103515625
0 0.8896484375 0.701171875 0.09765625 0.09765625
0 0.80859375 0.65185546875 0.109375 0.1103515625
0 0.8046875 0.53369140625 0.109375 0.1103515625
0 0.80615234375 0.435546875 0.0849609375 0.0859375
0 0.8125 0.06640625 0.09765625 0.09765625
0 0.8037109375 0.3134765625 0.09765625 0.09765625
0 0.71044921875 0.26953125 0.0849609375 0.0859375
0 0.705078125 0.37744140625 0.09765625 0.0986328125
0 0.705078125 0.478515625 0.09765625 0.09765625
0 0.705078125 0.59423828125 0.109375 0.1103515625
0 0.70654296875 0.69189453125 0.1103515625 0.1103515625
0 0.6083984375 0.64990234375 0.109375 0.1103515625
0 0.609375 0.53564453125 0.09765625 0.0986328125
0 0.6201171875 0.419921875 0.109375 0.111328125
0 0.611328125 0.31884765625 0.109375 0.1103515625
0 0.62158203125 0.19384765625 0.1103515625 0.1103515625
0 0.51806640625 0.26513671875 0.1103515625 0.1103515625
0 0.5283203125 0.3779296875 0.0859375 0.0859375
0 0.3310546875 0.052734375 0.09765625 0.09765625
0 0.2431640625 0.208984375 0.09765625 0.09765625
0 0.435546875 0.1904296875 0.0859375 0.0859375
0 0.4365234375 0.4365234375 0.09765625 0.09765625
0 0.41845703125 0.53662109375 0.1103515625 0.1103515625
0 0.41552734375 0.62255859375 0.1103515625 0.1103515625
0 0.5205078125 0.6318359375 0.109375 0.111328125
0 0.51171875 0.48779296875 0.09765625 0.0986328125
0 0.31982421875 0.44677734375 0.0732421875 0.0732421875
0 0.32421875 0.55224609375 0.09765625 0.0986328125
0 0.31982421875 0.66064453125 0.1103515625 0.1103515625
0 0.236328125 0.62109375 0.09765625 0.09765625
0 0.2412109375 0.54345703125 0.09765625 0.0986328125
0 0.1513671875 0.2607421875 0.09765625 0.09765625
0 0.052734375 0.22265625 0.0859375 0.0859375
0 0.13916015625 0.56787109375 0.0732421875 0.0732421875
0 0.1455078125 0.66650390625 0.09765625 0.0986328125