0 0.1416015625 0.13037109375 0.07421875 0.0732421875
0 0.0556640625 0.13232421875 0.07421875 0.0732421875
0 0.07373046875 0.33349609375 0.0732421875 0.0732421875
0 0.2900390625 0.32666015625 0.07421875 0.0732421875
0 0.08837890625 0.05224609375 0.0732421875 0.0732421875
0 0.51904296875 0.89697265625 0.0732421875 0.0732421875
0 0.4462890625 0.80419921875 0.07421875 0.0732421875
0 0.62060546875 0.89453125 0.0986328125 0.09765625
0 0.3916015625 0.90234375 0.09765625 0.09765625
0 0.05712890625 0.900390625 0.0986328125 0.09765625
0 0.6767578125 0.8076171875 0.09765625 0.09765625
0 0.568359375 0.798828125 0.0859375 0.0859375
0 0.33984375 0.810546875 0.09765625 0.09765625
0 0.3779296875 0.7119140625 0.0859375 0.0859375
0 0.28564453125 0.71435546875 0.1103515625 0.1103515625
0 0.17333984375 0.70703125 0.0986328125 0.09765625
0 0.67724609375 0.62109375 0.0986328125 0.09765625
0 0.5625 0.6142578125 0.0859375 0.0859375
0 0.45703125 0.61669921875 0.0859375 0.0849609375
0 0.34033203125 0.61767578125 0.1103515625 0.1103515625
0 0.23193359375 0.62158203125 0.1103515625 0.1103515625
0 0.12255859375 0.6201171875 0.1103515625 0.109375
0 0.7109375 0.525390625 0.09765625 0.09765625
0 0.61962890625 0.5302734375 0.0986328125 0.09765625
0 0.515625 0.515625 0.09765625 0.09765625
0 0.38818359375 0.5166015625 0.0986328125 0.09765625
0 0.27880859375 0.51171875 0.0986328125 0.09765625
0 0.17333984375 0.5078125 0.0986328125 0.09765625
0 0.064453125 0.51904296875 0.0859375 0.0849609375
0 0.6640625 0.43212890625 0.111328125 0.1103515625
0 0.5390625 0.43603515625 0.123046875 0.1220703125
0 0.43359375 0.42919921875 0.0859375 0.0849609375
0 0.31640625 0.412109375 0.0859375 0.0859375
0 0.23095703125 0.41455078125 0.0869140625 0.0849609375
0 0.123046875 0.4208984375 0.09765625 0.09765625
0 0.71533203125 0.33642578125 0.1103515625 0.1103515625
0 0.60595703125 0.34033203125 0.1103515625 0.1103515625
0 0.49365234375 0.337890625 0.0986328125 0.09765625
0 0.39501953125 0.33984375 0.0986328125 0.09765625
0 0.30810546875 0.248046875 0.0615234375 0.060546875
0 0.205078125 0.24755859375 0.07421875 0.0732421875
0 0.119140625 0.25048828125 0.0859375 0.0849609375
0 0.64892578125 0.2421875 0.1103515625 0.109375
0 0.55224609375 0.24951171875 0.1103515625 0.1103515625
0 0.43701171875 0.2470703125 0.1103515625 0.109375
0 0.7099609375 0.1513671875 0.0859375 0.0859375
0 0.59912109375 0.146484375 0.1103515625 0.109375
0 0.49267578125 0.14892578125 0.1103515625 0.1103515625
0 0.392578125 0.1484375 0.111328125 0.109375
0 0.25048828125 0.13671875 0.0986328125 0.09765625
0 0.20263671875 0.052734375 0.0986328125 0.09765625
0 0.3173828125 0.0673828125 0.0859375 0.0859375
0 0.66064453125 0.05322265625 0.0869140625 0.0849609375
0 0.556640625 0.0595703125 0.09765625 0.09765625
0 0.42529296875 0.052734375 0.0986328125 0.09765625
0 0.72119140625 0.89990234375 0.1103515625 0.1103515625
0 0.7890625 0.8056640625 0.09765625 0.09765625
0 0.94091796875 0.7138671875 0.0986328125 0.09765625
0 0.88671875 0.6181640625 0.09765625 0.09765625
0 0.7880859375 0.61328125 0.0859375 0.0859375
0 0.94140625 0.529296875 0.111328125 0.109375
0 0.82958984375 0.52392578125 0.1103515625 0.1103515625
0 0.8671875 0.43505859375 0.0859375 0.0849609375
0 0.82177734375 0.3408203125 0.0986328125 0.09765625
0 0.9287109375 0.33544921875 0.111328125 0.1103515625
0 0.87939453125 0.2490234375 0.1103515625 0.109375
0 0.82763671875 0.15576171875 0.1103515625 0.1103515625
0 0.763671875 0.2490234375 0.0859375 0.0859375
0 0.9208984375 0.1611328125 0.111328125 0.109375
0 0.8818359375 0.0615234375 0.0859375 0.0859375
0 0.775390625 0.06005859375 0.0859375 0.0849609375
0 0.75634765625 0.43896484375 0.1103515625 0.1103515625
0 0.18603515625 0.3310546875 0.0986328125 0.09765625