0 0.85400390625 0.17138671875 0.0732421875 0.0732421875
0 0.74072265625 0.0830078125 0.0615234375 0.060546875
0 0.3369140625 0.90966796875 0.0859375 0.0849609375
0 0.22900390625 0.9130859375 0.1103515625 0.109375
0 0.1171875 0.90283203125 0.111328125 0.1103515625
0 0.18359375 0.8134765625 0.09765625 0.09765625
0 0.32177734375 0.8125 0.0986328125 0.09765625
0 0.41162109375 0.8125 0.1103515625 0.109375
0 0.45166015625 0.720703125 0.0986328125 0.09765625
0 0.33447265625 0.724609375 0.1103515625 0.109375
0 0.22265625 0.72705078125 0.0859375 0.0849609375
0 0.4013671875 0.447265625 0.048828125 0.048828125
0 0.38818359375 0.62255859375 0.0869140625 0.0849609375
0 0.2919921875 0.62255859375 0.0859375 0.0849609375
0 0.1669921875 0.63525390625 0.111328125 0.1103515625
0 0.14501953125 0.54248046875 0.1103515625 0.1103515625
0 0.1904296875 0.44287109375 0.0859375 0.0849609375
0 0.3427734375 0.53466796875 0.0859375 0.0849609375
0 0.236328125 0.5361328125 0.048828125 0.048828125
0 0.33984375 0.3525390625 0.048828125 0.048828125
0 0.384765625 0.2626953125 0.048828125 0.048828125
0 0.2841796875 0.2578125 0.048828125 0.048828125
0 0.3310546875 0.16796875 0.037109375 0.037109375
0 0.21533203125 0.15771484375 0.0361328125 0.0361328125
0 0.291015625 0.06689453125 0.025390625 0.0244140625
0 0.2333984375 0.35546875 0.09765625 0.09765625
0 0.12158203125 0.34619140625 0.1103515625 0.1103515625
0 0.18017578125 0.25732421875 0.1103515625 0.1103515625
0 0.095703125 0.1748046875 0.09765625 0.09765625
0 0.16357421875 0.0830078125 0.0986328125 0.09765625
0 0.0595703125 0.083984375 0.09765625 0.09765625
0 0.29345703125 0.4404296875 0.0498046875 0.048828125
0 0.9443359375 0.93359375 0.09765625 0.09765625
0 0.84423828125 0.91552734375 0.1103515625 0.1103515625
0 0.75830078125 0.91259765625 0.1103515625 0.1103515625
0 0.93408203125 0.81689453125 0.0732421875 0.0732421875
0 0.82861328125 0.8212890625 0.0986328125 0.09765625
0 0.72021484375 0.81689453125 0.1103515625 0.1103515625
0 0.759765625 0.7333984375 0.09765625 0.09765625
0 0.83740234375 0.73828125 0.0986328125 0.09765625
0 0.81298828125 0.63623046875 0.0732421875 0.0732421875
0 0.71435546875 0.642578125 0.0986328125 0.09765625
0 0.90283203125 0.4580078125 0.1103515625 0.109375
0 0.78466796875 0.455078125 0.0986328125 0.09765625
0 0.8447265625 0.35693359375 0.0859375 0.0849609375
0 0.796875 0.26123046875 0.0859375 0.0849609375
0 0.9033203125 0.2587890625 0.09765625 0.09765625
0 0.8994140625 0.08837890625 0.0859375 0.0849609375
0 0.8203125 0.0791015625 0.0859375 0.0859375