0 0.30908203125 0.1533203125 0.0732421875 0.07421875
0 0.20654296875 0.19677734375 0.0732421875 0.0732421875
0 0.89892578125 0.05419921875 0.0849609375 0.0869140625
0 0.7099609375 0.05029296875 0.09765625 0.0986328125
0 0.51611328125 0.0517578125 0.0849609375 0.0859375
0 0.423828125 0.10546875 0.09765625 0.09765625
0 0.61376953125 0.10546875 0.0849609375 0.0859375
0 0.3017578125 0.0537109375 0.09765625 0.09765625
0 0.2021484375 0.07763671875 0.09765625 0.0986328125
0 0.0302734375 0.09326171875 0.048828125 0.0498046875
0 0.1337890625 0.15966796875 0.09765625 0.0986328125
0 0.13232421875 0.26708984375 0.1103515625 0.1103515625
0 0.1318359375 0.38818359375 0.109375 0.1103515625
0 0.1328125 0.49267578125 0.09765625 0.0986328125
0 0.12890625 0.60107421875 0.109375 0.1103515625
0 0.2197265625 0.34130859375 0.09765625 0.0986328125
0 0.2177734375 0.43603515625 0.09765625 0.0986328125
0 0.23046875 0.55419921875 0.109375 0.1103515625
0 0.3076171875 0.28173828125 0.09765625 0.0986328125
0 0.31396484375 0.380859375 0.0849609375 0.0859375
0 0.31103515625 0.49169921875 0.0849609375 0.0869140625
0 0.314453125 0.59228515625 0.09765625 0.0986328125
0 0.4287109375 0.2109375 0.09765625 0.09765625
0 0.4208984375 0.32177734375 0.09765625 0.0986328125
0 0.4248046875 0.42919921875 0.109375 0.1103515625
0 0.42529296875 0.54736328125 0.1103515625 0.1103515625
0 0.42041015625 0.66357421875 0.1103515625 0.1103515625
0 0.5185546875 0.16015625 0.09765625 0.09765625
0 0.51708984375 0.2734375 0.1103515625 0.111328125
0 0.515625 0.37744140625 0.109375 0.1103515625
0 0.515625 0.48876953125 0.09765625 0.0986328125
0 0.5126953125 0.60302734375 0.109375 0.1103515625
0 0.61474609375 0.220703125 0.1103515625 0.111328125
0 0.6103515625 0.330078125 0.09765625 0.09765625
0 0.6103515625 0.44140625 0.09765625 0.09765625
0 0.60888671875 0.548828125 0.0849609375 0.0859375
0 0.609375 0.662109375 0.0859375 0.0859375
0 0.7060546875 0.1650390625 0.0859375 0.0859375
0 0.705078125 0.27734375 0.09765625 0.09765625
0 0.70947265625 0.38671875 0.1103515625 0.111328125
0 0.70166015625 0.4970703125 0.1103515625 0.111328125
0 0.70751953125 0.60302734375 0.1103515625 0.1103515625
0 0.79931640625 0.1083984375 0.0849609375 0.0859375
0 0.8017578125 0.2177734375 0.0859375 0.0859375
0 0.798828125 0.3291015625 0.0859375 0.0859375
0 0.8046875 0.4306640625 0.109375 0.111328125
0 0.8017578125 0.5400390625 0.109375 0.111328125
0 0.79736328125 0.66357421875 0.1103515625 0.1103515625
0 0.89404296875 0.16455078125 0.1103515625 0.1103515625
0 0.89501953125 0.27783203125 0.1103515625 0.1103515625
0 0.9033203125 0.38134765625 0.109375 0.1103515625
0 0.8974609375 0.49169921875 0.109375 0.1103515625
0 0.896484375 0.6064453125 0.109375 0.111328125
0 0.8935546875 0.7158203125 0.109375 0.111328125
0 0.896484375 0.82568359375 0.109375 0.1103515625
0 0.88818359375 0.93408203125 0.1103515625 0.1103515625
0 0.79931640625 0.77197265625 0.1103515625 0.1103515625
0 0.79541015625 0.87158203125 0.0615234375 0.0615234375
0 0.70556640625 0.72119140625 0.0615234375 0.0615234375
0 0.70068359375 0.82958984375 0.0615234375 0.0615234375
0 0.7021484375 0.93994140625 0.109375 0.1103515625
0 0.6123046875 0.77099609375 0.109375 0.1103515625
0 0.6064453125 0.896484375 0.0859375 0.0859375
0 0.5146484375 0.71337890625 0.109375 0.1103515625
0 0.51123046875 0.82568359375 0.1103515625 0.1103515625
0 0.51513671875 0.93603515625 0.1103515625 0.1103515625
0 0.41845703125 0.76513671875 0.1103515625 0.1103515625
0 0.42041015625 0.88232421875 0.1103515625 0.1103515625
0 0.3203125 0.69873046875 0.09765625 0.0986328125
0 0.3291015625 0.81787109375 0.109375 0.1103515625
0 0.328125 0.931640625 0.109375 0.111328125
0 0.2275390625 0.65576171875 0.109375 0.1103515625
0 0.2255859375 0.755859375 0.09765625 0.09765625
0 0.2265625 0.8828125 0.09765625 0.09765625
0 0.12890625 0.7216796875 0.109375 0.111328125
0 0.12353515625 0.8291015625 0.0849609375 0.0859375
0 0.1279296875 0.9248046875 0.09765625 0.09765625