0 0.056640625 0.83740234375 0.07421875 0.0732421875
0 0.7490234375 0.65869140625 0.07421875 0.0732421875
0 0.8349609375 0.65673828125 0.07421875 0.0732421875
0 0.81689453125 0.45556640625 0.0732421875 0.0732421875
0 0.6005859375 0.46240234375 0.07421875 0.0732421875
0 0.80224609375 0.73681640625 0.0732421875 0.0732421875
0 0.93017578125 0.5439453125 0.0615234375 0.060546875
0 0.89990234375 0.73876953125 0.0732421875 0.0732421875
0 0.5126953125 0.0771484375 0.0859375 0.0859375
0 0.60498046875 0.07470703125 0.1103515625 0.1103515625
0 0.71728515625 0.08203125 0.0986328125 0.09765625
0 0.21337890625 0.16796875 0.0986328125 0.09765625
0 0.328125 0.1748046875 0.0859375 0.0859375
0 0.43359375 0.17236328125 0.0859375 0.0849609375
0 0.55029296875 0.17138671875 0.1103515625 0.1103515625
0 0.65869140625 0.16748046875 0.1103515625 0.1103515625
0 0.76806640625 0.1689453125 0.1103515625 0.109375
0 0.88623046875 0.171875 0.0986328125 0.09765625
0 0.1796875 0.263671875 0.09765625 0.09765625
0 0.27099609375 0.2587890625 0.0986328125 0.09765625
0 0.375 0.2734375 0.09765625 0.09765625
0 0.50244140625 0.2724609375 0.0986328125 0.09765625
0 0.61181640625 0.27734375 0.0986328125 0.09765625
0 0.71728515625 0.28125 0.0986328125 0.09765625
0 0.826171875 0.27001953125 0.0859375 0.0849609375
0 0.8740234375 0.36572265625 0.0859375 0.0849609375
0 0.2265625 0.35693359375 0.111328125 0.1103515625
0 0.3515625 0.35302734375 0.123046875 0.1220703125
0 0.45703125 0.35986328125 0.0859375 0.0849609375
0 0.57421875 0.376953125 0.0859375 0.0859375
0 0.65966796875 0.37451171875 0.0869140625 0.0849609375
0 0.767578125 0.3681640625 0.09765625 0.09765625
0 0.17529296875 0.45263671875 0.1103515625 0.1103515625
0 0.28466796875 0.44873046875 0.1103515625 0.1103515625
0 0.39697265625 0.451171875 0.0986328125 0.09765625
0 0.49560546875 0.44921875 0.0986328125 0.09765625
0 0.58251953125 0.541015625 0.0615234375 0.060546875
0 0.685546875 0.54150390625 0.07421875 0.0732421875
0 0.771484375 0.53857421875 0.0859375 0.0849609375
0 0.8505859375 0.5478515625 0.0859375 0.0859375
0 0.93408203125 0.67333984375 0.0615234375 0.0615234375
0 0.8876953125 0.919921875 0.0859375 0.0859375
0 0.24169921875 0.546875 0.1103515625 0.109375
0 0.33837890625 0.53955078125 0.1103515625 0.1103515625
0 0.45361328125 0.5419921875 0.1103515625 0.109375
0 0.1806640625 0.6376953125 0.0859375 0.0859375
0 0.29150390625 0.642578125 0.1103515625 0.109375
0 0.39794921875 0.64013671875 0.1103515625 0.1103515625
0 0.498046875 0.640625 0.111328125 0.109375
0 0.64013671875 0.65234375 0.0986328125 0.09765625
0 0.68798828125 0.736328125 0.0986328125 0.09765625
0 0.5732421875 0.7216796875 0.0859375 0.0859375
0 0.22998046875 0.73583984375 0.0869140625 0.0849609375
0 0.333984375 0.7294921875 0.09765625 0.09765625
0 0.46533203125 0.736328125 0.0986328125 0.09765625
0 0.173828125 0.837890625 0.0859375 0.0859375
0 0.287109375 0.83642578125 0.0859375 0.0849609375
0 0.400390625 0.8291015625 0.09765625 0.09765625
0 0.50341796875 0.8251953125 0.1103515625 0.109375
0 0.640625 0.81494140625 0.0859375 0.0849609375
0 0.73486328125 0.82421875 0.0986328125 0.09765625
0 0.85546875 0.83740234375 0.0859375 0.0849609375
0 0.78271484375 0.91455078125 0.1103515625 0.1103515625
0 0.68896484375 0.92236328125 0.1103515625 0.1103515625
0 0.5615234375 0.91943359375 0.111328125 0.1103515625
0 0.4599609375 0.9169921875 0.111328125 0.109375
0 0.34423828125 0.9189453125 0.0986328125 0.09765625
0 0.232421875 0.91845703125 0.07421875 0.0732421875
0 0.1083984375 0.91357421875 0.07421875 0.0732421875
0 0.1025390625 0.17578125 0.0859375 0.0859375
0 0.06103515625 0.26513671875 0.1103515625 0.1103515625
0 0.06884765625 0.4482421875 0.0986328125 0.09765625
0 0.06298828125 0.63330078125 0.1103515625 0.1103515625
0 0.126953125 0.5400390625 0.0859375 0.0859375
0 0.115234375 0.72900390625 0.0859375 0.0849609375
0 0.13427734375 0.35009765625 0.1103515625 0.1103515625
0 0.70458984375 0.4580078125 0.0986328125 0.09765625