0 0.27587890625 0.58837890625 0.0732421875 0.0732421875
0 0.6845703125 0.68115234375 0.07421875 0.0732421875
0 0.203125 0.49560546875 0.07421875 0.0732421875
0 0.04541015625 0.79150390625 0.0732421875 0.0732421875
0 0.43310546875 0.876953125 0.1103515625 0.109375
0 0.09228515625 0.86865234375 0.1103515625 0.1103515625
0 0.3759765625 0.77978515625 0.111328125 0.1103515625
0 0.40087890625 0.689453125 0.1103515625 0.109375
0 0.3046875 0.681640625 0.09765625 0.09765625
0 0.37744140625 0.5859375 0.0986328125 0.09765625
0 0.1484375 0.59375 0.09765625 0.09765625
0 0.1669921875 0.7861328125 0.0859375 0.0859375
0 0.43359375 0.4990234375 0.09765625 0.09765625
0 0.3251953125 0.490234375 0.0859375 0.0859375
0 0.0966796875 0.501953125 0.09765625 0.09765625
0 0.134765625 0.4033203125 0.0859375 0.0859375
0 0.43408203125 0.3125 0.0986328125 0.09765625
0 0.3193359375 0.3056640625 0.0859375 0.0859375
0 0.2138671875 0.30810546875 0.0859375 0.0849609375
0 0.09716796875 0.30908203125 0.1103515625 0.1103515625
0 0.4677734375 0.216796875 0.09765625 0.09765625
0 0.37646484375 0.2216796875 0.0986328125 0.09765625
0 0.2724609375 0.20703125 0.09765625 0.09765625
0 0.14501953125 0.2080078125 0.0986328125 0.09765625
0 0.4208984375 0.12353515625 0.111328125 0.1103515625
0 0.2958984375 0.12744140625 0.123046875 0.1220703125
0 0.1904296875 0.12060546875 0.0859375 0.0849609375
0 0.0732421875 0.103515625 0.0859375 0.0859375
0 0.865234375 0.8828125 0.0859375 0.0859375
0 0.74853515625 0.876953125 0.0986328125 0.09765625
0 0.6455078125 0.8759765625 0.09765625 0.09765625
0 0.8828125 0.4921875 0.0859375 0.0859375
0 0.7509765625 0.49853515625 0.0859375 0.0849609375
0 0.734375 0.60595703125 0.0859375 0.0849609375
0 0.8173828125 0.60205078125 0.0859375 0.0849609375
0 0.93359375 0.591796875 0.0859375 0.0859375
0 0.85546875 0.68505859375 0.0859375 0.0849609375
0 0.7734375 0.68603515625 0.0859375 0.0849609375
0 0.623046875 0.7841796875 0.0859375 0.0859375
0 0.73046875 0.78173828125 0.0859375 0.0849609375
0 0.8251953125 0.78955078125 0.0859375 0.0849609375
0 0.919921875 0.78173828125 0.0859375 0.0849609375
0 0.47412109375 0.7802734375 0.0986328125 0.09765625
0 0.49462890625 0.6884765625 0.1103515625 0.109375
0 0.47802734375 0.59130859375 0.1103515625 0.1103515625
0 0.5458984375 0.4970703125 0.09765625 0.09765625
0 0.9287109375 0.40576171875 0.0859375 0.0849609375
0 0.81103515625 0.404296875 0.0986328125 0.09765625
0 0.69775390625 0.4052734375 0.0986328125 0.09765625
0 0.86572265625 0.31640625 0.0986328125 0.09765625
0 0.7529296875 0.3125 0.0859375 0.0859375
0 0.6435546875 0.3095703125 0.09765625 0.09765625
0 0.544921875 0.3046875 0.0859375 0.0859375
0 0.90869140625 0.21875 0.0986328125 0.09765625
0 0.7958984375 0.220703125 0.09765625 0.09765625
0 0.6982421875 0.220703125 0.111328125 0.109375
0 0.58642578125 0.21533203125 0.1103515625 0.1103515625
0 0.8505859375 0.1240234375 0.09765625 0.09765625
0 0.7265625 0.12158203125 0.0859375 0.0849609375
0 0.6240234375 0.12646484375 0.0859375 0.0849609375
0 0.51318359375 0.13037109375 0.1103515625 0.1103515625