0 0.11962890625 0.40380859375 0.0732421875 0.0732421875
0 0.12060546875 0.2958984375 0.0849609375 0.0859375
0 0.04541015625 0.7900390625 0.0849609375 0.0859375
0 0.6962890625 0.50537109375 0.060546875 0.0615234375
0 0.328125 0.30712890625 0.060546875 0.0615234375
0 0.59423828125 0.349609375 0.0732421875 0.07421875
0 0.59033203125 0.91455078125 0.0732421875 0.0732421875
0 0.04443359375 0.57421875 0.0732421875 0.07421875
0 0.03955078125 0.67578125 0.0732421875 0.07421875
0 0.14404296875 0.5087890625 0.0732421875 0.07421875
0 0.138671875 0.623046875 0.09765625 0.09765625
0 0.1416015625 0.734375 0.09765625 0.09765625
0 0.22998046875 0.34228515625 0.0849609375 0.0869140625
0 0.23388671875 0.45556640625 0.1103515625 0.1103515625
0 0.23876953125 0.57177734375 0.1103515625 0.1103515625
0 0.23291015625 0.67822265625 0.1103515625 0.1103515625
0 0.232421875 0.7939453125 0.109375 0.111328125
0 0.33544921875 0.39892578125 0.1220703125 0.1220703125
0 0.337890625 0.51416015625 0.09765625 0.0986328125
0 0.328125 0.62646484375 0.09765625 0.0986328125
0 0.328125 0.74462890625 0.09765625 0.0986328125
0 0.4189453125 0.35546875 0.0859375 0.0859375
0 0.423828125 0.46142578125 0.09765625 0.0986328125
0 0.416015625 0.57470703125 0.09765625 0.0986328125
0 0.419921875 0.6826171875 0.0859375 0.0859375
0 0.4296875 0.79248046875 0.09765625 0.0986328125
0 0.3310546875 0.8525390625 0.09765625 0.09765625
0 0.50732421875 0.408203125 0.0849609375 0.0859375
0 0.50927734375 0.5302734375 0.0849609375 0.0859375
0 0.513671875 0.62939453125 0.0859375 0.0869140625
0 0.513671875 0.73828125 0.0859375 0.0859375
0 0.5126953125 0.85546875 0.0859375 0.0859375
0 0.59521484375 0.4736328125 0.0849609375 0.0859375
0 0.59326171875 0.583984375 0.0849609375 0.0859375
0 0.59326171875 0.68359375 0.0849609375 0.0859375
0 0.58740234375 0.798828125 0.0849609375 0.0859375
0 0.7001953125 0.4111328125 0.048828125 0.048828125
0 0.6923828125 0.6162109375 0.0859375 0.0859375
0 0.69189453125 0.732421875 0.0849609375 0.0859375
0 0.6865234375 0.82177734375 0.048828125 0.0498046875
0 0.794921875 0.4599609375 0.060546875 0.060546875
0 0.916015625 0.546875 0.048828125 0.048828125
0 0.4248046875 0.91064453125 0.09765625 0.0986328125
0 0.2294921875 0.90234375 0.09765625 0.09765625
0 0.1376953125 0.8505859375 0.109375 0.111328125