0 0.14990234375 0.716796875 0.0732421875 0.07421875
0 0.90869140625 0.5234375 0.0732421875 0.07421875
0 0.2568359375 0.818359375 0.0859375 0.0859375
0 0.0556640625 0.55517578125 0.0859375 0.0869140625
0 0.0556640625 0.4443359375 0.0859375 0.0859375
0 0.05419921875 0.7607421875 0.0849609375 0.0859375
0 0.0537109375 0.89208984375 0.09765625 0.0986328125
0 0.1484375 0.83251953125 0.09765625 0.0986328125
0 0.435546875 0.9052734375 0.048828125 0.048828125
0 0.90087890625 0.85009765625 0.1103515625 0.1103515625
0 0.90185546875 0.73779296875 0.1103515625 0.1103515625
0 0.9033203125 0.6259765625 0.09765625 0.09765625
0 0.814453125 0.5625 0.0859375 0.0859375
0 0.798828125 0.68994140625 0.09765625 0.0986328125
0 0.8046875 0.79931640625 0.09765625 0.0986328125
0 0.80126953125 0.90869140625 0.1103515625 0.1103515625
0 0.712890625 0.94970703125 0.09765625 0.0986328125
0 0.712890625 0.85986328125 0.09765625 0.0986328125
0 0.71875 0.73681640625 0.09765625 0.0986328125
0 0.6181640625 0.46728515625 0.09765625 0.0986328125
0 0.525390625 0.4189453125 0.09765625 0.09765625
0 0.52734375 0.51513671875 0.09765625 0.0986328125
0 0.5224609375 0.63232421875 0.109375 0.1103515625
0 0.51953125 0.73779296875 0.109375 0.1103515625
0 0.427734375 0.46142578125 0.09765625 0.0986328125
0 0.4345703125 0.56689453125 0.09765625 0.0986328125
0 0.42919921875 0.67919921875 0.1103515625 0.1103515625
0 0.42626953125 0.79345703125 0.1103515625 0.1103515625
0 0.3349609375 0.7373046875 0.109375 0.111328125
0 0.34375 0.603515625 0.09765625 0.09765625
0 0.3388671875 0.501953125 0.109375 0.111328125
0 0.2431640625 0.455078125 0.109375 0.111328125
0 0.24853515625 0.56298828125 0.1103515625 0.1103515625
0 0.24560546875 0.70751953125 0.1103515625 0.1103515625
0 0.33984375 0.84423828125 0.109375 0.1103515625
0 0.33984375 0.9521484375 0.0859375 0.0859375
0 0.14892578125 0.5107421875 0.0849609375 0.0859375
0 0.91552734375 0.0830078125 0.0849609375 0.0859375
0 0.90283203125 0.19091796875 0.1103515625 0.1103515625
0 0.8076171875 0.12939453125 0.109375 0.1103515625
0 0.8076171875 0.24462890625 0.09765625 0.0986328125
0 0.7333984375 0.06494140625 0.0859375 0.0869140625
0 0.734375 0.16357421875 0.09765625 0.0986328125
0 0.72900390625 0.28515625 0.0849609375 0.0859375
0 0.626953125 0.337890625 0.09765625 0.09765625
0 0.62109375 0.23095703125 0.09765625 0.0986328125
0 0.62109375 0.14501953125 0.09765625 0.0986328125
0 0.52734375 0.07861328125 0.09765625 0.0986328125
0 0.5263671875 0.18603515625 0.109375 0.1103515625
0 0.525390625 0.2978515625 0.09765625 0.09765625
0 0.439453125 0.341796875 0.09765625 0.09765625
0 0.431640625 0.126953125 0.09765625 0.09765625
0 0.4365234375 0.240234375 0.09765625 0.09765625
0 0.3447265625 0.0771484375 0.09765625 0.09765625
0 0.3447265625 0.19140625 0.09765625 0.09765625
0 0.3369140625 0.3017578125 0.09765625 0.09765625
0 0.33642578125 0.40283203125 0.1103515625 0.1103515625
0 0.248046875 0.35205078125 0.09765625 0.0986328125
0 0.24560546875 0.23974609375 0.1103515625 0.1103515625
0 0.24560546875 0.1171875 0.1103515625 0.111328125
0 0.154296875 0.181640625 0.0859375 0.0859375
0 0.05859375 0.12548828125 0.109375 0.1103515625
0 0.0576171875 0.24853515625 0.09765625 0.0986328125
0 0.05712890625 0.34326171875 0.0849609375 0.0869140625
0 0.154296875 0.30419921875 0.109375 0.1103515625
0 0.1494140625 0.39501953125 0.109375 0.1103515625