0 0.5546875 0.71826171875 0.109375 0.1103515625
0 0.08349609375 0.87939453125 0.1103515625 0.1103515625
0 0.07763671875 0.76513671875 0.1103515625 0.1103515625
0 0.078125 0.65625 0.109375 0.111328125
0 0.1640625 0.939453125 0.0859375 0.0859375
0 0.1748046875 0.826171875 0.09765625 0.09765625
0 0.1708984375 0.7099609375 0.09765625 0.09765625
0 0.2666015625 0.884765625 0.109375 0.111328125
0 0.2646484375 0.7705078125 0.109375 0.111328125
0 0.27001953125 0.6708984375 0.1103515625 0.111328125
0 0.36474609375 0.93359375 0.1103515625 0.111328125
0 0.36767578125 0.826171875 0.1103515625 0.111328125
0 0.36279296875 0.71923828125 0.1103515625 0.1103515625
0 0.45849609375 0.87548828125 0.1103515625 0.1103515625
0 0.4541015625 0.77099609375 0.109375 0.1103515625
0 0.5537109375 0.93212890625 0.09765625 0.0986328125
0 0.556640625 0.82568359375 0.109375 0.1103515625
0 0.654296875 0.87841796875 0.109375 0.1103515625
0 0.650390625 0.77392578125 0.109375 0.1103515625
0 0.6474609375 0.66064453125 0.048828125 0.0498046875
0 0.5556640625 0.60595703125 0.048828125 0.0498046875
0 0.4609375 0.66796875 0.048828125 0.048828125
0 0.74365234375 0.93017578125 0.1103515625 0.1103515625
0 0.74365234375 0.81982421875 0.1103515625 0.1103515625
0 0.74072265625 0.70751953125 0.1103515625 0.1103515625
0 0.74169921875 0.6015625 0.0849609375 0.0859375
0 0.84326171875 0.88232421875 0.1103515625 0.1103515625
0 0.837890625 0.77099609375 0.09765625 0.0986328125
0 0.935546875 0.93310546875 0.109375 0.1103515625
0 0.9306640625 0.82373046875 0.109375 0.1103515625
0 0.931640625 0.71923828125 0.109375 0.1103515625
0 0.93017578125 0.59765625 0.0732421875 0.07421875
0 0.9326171875 0.49365234375 0.0859375 0.0869140625
0 0.84619140625 0.54833984375 0.0732421875 0.0732421875
0 0.74072265625 0.49951171875 0.1103515625 0.1103515625
0 0.650390625 0.54833984375 0.109375 0.1103515625
0 0.5537109375 0.4990234375 0.109375 0.111328125
0 0.451171875 0.4404296875 0.0859375 0.0859375
0 0.45751953125 0.552734375 0.0849609375 0.0859375
0 0.36083984375 0.6015625 0.0849609375 0.0859375
0 0.36376953125 0.4951171875 0.0849609375 0.0859375
0 0.3564453125 0.3876953125 0.09765625 0.09765625
0 0.361328125 0.283203125 0.09765625 0.09765625
0 0.3662109375 0.16650390625 0.09765625 0.0986328125
0 0.26708984375 0.55322265625 0.0732421875 0.0732421875
0 0.26416015625 0.44140625 0.0849609375 0.0859375
0 0.26513671875 0.224609375 0.0732421875 0.07421875
0 0.1787109375 0.60693359375 0.09765625 0.0986328125
0 0.1728515625 0.49755859375 0.09765625 0.0986328125
0 0.177734375 0.38232421875 0.09765625 0.0986328125
0 0.16796875 0.271484375 0.09765625 0.09765625
0 0.166015625 0.1611328125 0.09765625 0.09765625
0 0.07568359375 0.55224609375 0.1103515625 0.1103515625
0 0.07470703125 0.43798828125 0.1103515625 0.1103515625
0 0.080078125 0.33154296875 0.109375 0.1103515625
0 0.0810546875 0.21337890625 0.109375 0.1103515625
0 0.080078125 0.10546875 0.109375 0.111328125
0 0.26611328125 0.09375 0.0849609375 0.0859375
0 0.3583984375 0.05810546875 0.09765625 0.0986328125