0 0.609375 0.43701171875 0.07421875 0.0732421875
0 0.54833984375 0.5302734375 0.0615234375 0.060546875
0 0.4794921875 0.24169921875 0.07421875 0.0732421875
0 0.4951171875 0.0595703125 0.0859375 0.0859375
0 0.6083984375 0.05859375 0.0859375 0.0859375
0 0.7177734375 0.0634765625 0.09765625 0.09765625
0 0.93115234375 0.05859375 0.0986328125 0.09765625
0 0.87744140625 0.158203125 0.1103515625 0.109375
0 0.76708984375 0.154296875 0.1103515625 0.109375
0 0.6630859375 0.150390625 0.111328125 0.109375
0 0.54052734375 0.14453125 0.0986328125 0.09765625
0 0.5927734375 0.2392578125 0.0859375 0.0859375
0 0.81787109375 0.2431640625 0.0986328125 0.09765625
0 0.70068359375 0.2470703125 0.0869140625 0.0859375
0 0.7666015625 0.34033203125 0.0859375 0.0849609375
0 0.6640625 0.3427734375 0.0859375 0.0859375
0 0.6806640625 0.7216796875 0.0859375 0.0859375
0 0.7939453125 0.9052734375 0.0859375 0.0859375
0 0.8232421875 0.814453125 0.0859375 0.0859375
0 0.9326171875 0.24755859375 0.0859375 0.0849609375
0 0.54052734375 0.345703125 0.0986328125 0.09765625
0 0.5078125 0.4296875 0.09765625 0.09765625
0 0.71875 0.435546875 0.09765625 0.09765625
0 0.82177734375 0.4345703125 0.0986328125 0.09765625
0 0.9423828125 0.42822265625 0.0859375 0.0849609375
0 0.875 0.34326171875 0.0859375 0.0849609375
0 0.66796875 0.5224609375 0.111328125 0.109375
0 0.77490234375 0.52880859375 0.1103515625 0.1103515625
0 0.88232421875 0.52783203125 0.1103515625 0.1103515625
0 0.951171875 0.61181640625 0.0859375 0.0849609375
0 0.81982421875 0.61572265625 0.1103515625 0.1103515625
0 0.71826171875 0.61962890625 0.1103515625 0.1103515625
0 0.61328125 0.615234375 0.0859375 0.0859375
0 0.50146484375 0.6123046875 0.0986328125 0.09765625
0 0.55712890625 0.7177734375 0.0986328125 0.09765625
0 0.7978515625 0.71923828125 0.111328125 0.1103515625
0 0.90869140625 0.72314453125 0.1103515625 0.1103515625
0 0.666015625 0.9091796875 0.09765625 0.09765625
0 0.55078125 0.91259765625 0.0859375 0.0849609375
0 0.5009765625 0.814453125 0.0859375 0.0859375
0 0.6025390625 0.802734375 0.09765625 0.09765625
0 0.71875 0.8095703125 0.0859375 0.0859375
0 0.900390625 0.90673828125 0.0859375 0.0849609375
0 0.44091796875 0.9033203125 0.0986328125 0.09765625
0 0.3359375 0.90478515625 0.0859375 0.0849609375
0 0.11962890625 0.90576171875 0.0869140625 0.0849609375
0 0.22216796875 0.900390625 0.0986328125 0.09765625
0 0.39013671875 0.806640625 0.0986328125 0.09765625
0 0.0634765625 0.81005859375 0.0859375 0.0849609375
0 0.16943359375 0.8037109375 0.0986328125 0.09765625
0 0.2939453125 0.8115234375 0.09765625 0.09765625
0 0.1044921875 0.716796875 0.0859375 0.0859375
0 0.2216796875 0.7158203125 0.0859375 0.0859375
0 0.31494140625 0.7158203125 0.0986328125 0.09765625
0 0.44482421875 0.7177734375 0.0986328125 0.09765625
0 0.37109375 0.61376953125 0.0859375 0.0849609375
0 0.060546875 0.61083984375 0.0859375 0.0849609375
0 0.1669921875 0.6044921875 0.0859375 0.0859375
0 0.2783203125 0.611328125 0.0859375 0.0859375
0 0.44921875 0.52587890625 0.0859375 0.0849609375
0 0.111328125 0.5283203125 0.0859375 0.0859375
0 0.2099609375 0.5244140625 0.0859375 0.0859375
0 0.3359375 0.5322265625 0.0859375 0.0859375
0 0.072265625 0.4326171875 0.0859375 0.0859375
0 0.18359375 0.43017578125 0.0859375 0.0849609375
0 0.27490234375 0.4306640625 0.0986328125 0.09765625
0 0.41162109375 0.427734375 0.0986328125 0.09765625
0 0.44140625 0.33740234375 0.0859375 0.0849609375
0 0.326171875 0.33740234375 0.0859375 0.0849609375
0 0.224609375 0.33056640625 0.0859375 0.0849609375
0 0.1044921875 0.34228515625 0.0859375 0.0849609375
0 0.0517578125 0.2412109375 0.0859375 0.0859375
0 0.166015625 0.24560546875 0.0859375 0.0849609375
0 0.2724609375 0.24658203125 0.0859375 0.0849609375
0 0.3779296875 0.24951171875 0.0859375 0.0849609375
0 0.1103515625 0.15625 0.0859375 0.0859375
0 0.22607421875 0.1591796875 0.0986328125 0.09765625
0 0.34814453125 0.14453125 0.0986328125 0.09765625
0 0.4443359375 0.14990234375 0.111328125 0.1103515625
0 0.06689453125 0.056640625 0.0986328125 0.09765625
0 0.173828125 0.060546875 0.0859375 0.0859375
0 0.2783203125 0.06201171875 0.0859375 0.0849609375
0 0.384765625 0.0556640625 0.09765625 0.09765625