0 0.75341796875 0.68798828125 0.0732421875 0.0732421875
0 0.607421875 0.77783203125 0.07421875 0.0732421875
0 0.71240234375 0.77880859375 0.0732421875 0.0732421875
0 0.66943359375 0.87451171875 0.0732421875 0.0732421875
0 0.6904296875 0.59423828125 0.0859375 0.0849609375
0 0.658203125 0.68994140625 0.07421875 0.0732421875
0 0.13525390625 0.41357421875 0.0732421875 0.0732421875
0 0.5419921875 0.69482421875 0.07421875 0.0732421875
0 0.23681640625 0.41259765625 0.0732421875 0.0732421875
0 0.564453125 0.8779296875 0.0859375 0.0859375
0 0.4873046875 0.78173828125 0.07421875 0.0732421875
0 0.85009765625 0.10693359375 0.0732421875 0.0732421875
0 0.73779296875 0.111328125 0.1103515625 0.109375
0 0.62841796875 0.1123046875 0.1103515625 0.109375
0 0.5205078125 0.1123046875 0.0859375 0.0859375
0 0.40673828125 0.11767578125 0.1103515625 0.1103515625
0 0.7978515625 0.21728515625 0.123046875 0.1220703125
0 0.689453125 0.20556640625 0.123046875 0.1220703125
0 0.56884765625 0.212890625 0.0986328125 0.09765625
0 0.47021484375 0.2138671875 0.0986328125 0.09765625
0 0.3505859375 0.21044921875 0.123046875 0.1220703125
0 0.8525390625 0.31103515625 0.07421875 0.0732421875
0 0.740234375 0.31640625 0.09765625 0.09765625
0 0.626953125 0.32275390625 0.123046875 0.1220703125
0 0.51416015625 0.318359375 0.0986328125 0.09765625
0 0.41162109375 0.306640625 0.0986328125 0.09765625
0 0.796875 0.41162109375 0.123046875 0.1220703125
0 0.6767578125 0.40771484375 0.123046875 0.1220703125
0 0.568359375 0.40966796875 0.0859375 0.0849609375
0 0.44775390625 0.4072265625 0.0986328125 0.09765625
0 0.845703125 0.501953125 0.09765625 0.09765625
0 0.732421875 0.505859375 0.09765625 0.09765625
0 0.6279296875 0.505859375 0.09765625 0.09765625
0 0.513671875 0.5078125 0.09765625 0.09765625
0 0.4072265625 0.50732421875 0.123046875 0.1220703125
0 0.33740234375 0.40576171875 0.0732421875 0.0732421875
0 0.296875 0.50732421875 0.123046875 0.1220703125
0 0.7939453125 0.59228515625 0.07421875 0.0732421875
0 0.572265625 0.599609375 0.0859375 0.0859375
0 0.458984375 0.5966796875 0.09765625 0.09765625
0 0.3486328125 0.59716796875 0.123046875 0.1220703125
0 0.85107421875 0.6865234375 0.0615234375 0.060546875
0 0.4091796875 0.6884765625 0.09765625 0.09765625
0 0.81884765625 0.7744140625 0.0615234375 0.060546875
0 0.3486328125 0.78857421875 0.0859375 0.0849609375
0 0.86669921875 0.86279296875 0.0615234375 0.0615234375
0 0.77978515625 0.86376953125 0.0615234375 0.0615234375
0 0.427734375 0.8818359375 0.0859375 0.0859375
0 0.3115234375 0.88134765625 0.0859375 0.0849609375
0 0.79931640625 0.96875 0.0498046875 0.048828125
0 0.69580078125 0.9677734375 0.0498046875 0.048828125
0 0.2158203125 0.88330078125 0.0859375 0.0849609375
0 0.0771484375 0.876953125 0.09765625 0.09765625
0 0.2373046875 0.7890625 0.09765625 0.09765625
0 0.125 0.783203125 0.09765625 0.09765625
0 0.2939453125 0.6953125 0.0859375 0.0859375
0 0.185546875 0.689453125 0.111328125 0.109375
0 0.08203125 0.689453125 0.0859375 0.0859375
0 0.2451171875 0.5986328125 0.09765625 0.09765625
0 0.13330078125 0.59375 0.0986328125 0.09765625
0 0.18896484375 0.50341796875 0.1103515625 0.1103515625
0 0.07666015625 0.501953125 0.0986328125 0.09765625
0 0.29736328125 0.302734375 0.0986328125 0.09765625
0 0.18798828125 0.3046875 0.0986328125 0.09765625
0 0.07861328125 0.3125 0.0986328125 0.09765625
0 0.23583984375 0.20751953125 0.1103515625 0.1103515625
0 0.13232421875 0.2099609375 0.0986328125 0.09765625
0 0.30126953125 0.10595703125 0.1103515625 0.1103515625
0 0.18994140625 0.1142578125 0.0986328125 0.09765625
0 0.08154296875 0.1123046875 0.0986328125 0.09765625