0 0.9345703125 0.85009765625 0.09765625 0.0986328125
0 0.9296875 0.75390625 0.0859375 0.0859375
0 0.93896484375 0.6435546875 0.0849609375 0.0859375
0 0.94287109375 0.53271484375 0.1103515625 0.1103515625
0 0.8486328125 0.484375 0.109375 0.111328125
0 0.8515625 0.59375 0.09765625 0.09765625
0 0.83984375 0.703125 0.09765625 0.09765625
0 0.8408203125 0.80712890625 0.09765625 0.0986328125
0 0.8427734375 0.91748046875 0.09765625 0.0986328125
0 0.74609375 0.85888671875 0.09765625 0.0986328125
0 0.7529296875 0.7548828125 0.09765625 0.09765625
0 0.75 0.6416015625 0.09765625 0.09765625
0 0.7529296875 0.5390625 0.09765625 0.09765625
0 0.751953125 0.42822265625 0.09765625 0.0986328125
0 0.6572265625 0.48486328125 0.09765625 0.0986328125
0 0.650390625 0.5927734375 0.109375 0.111328125
0 0.6552734375 0.69970703125 0.09765625 0.0986328125
0 0.64892578125 0.79833984375 0.1103515625 0.1103515625
0 0.6484375 0.9140625 0.09765625 0.09765625
0 0.55859375 0.94140625 0.09765625 0.09765625
0 0.5546875 0.85302734375 0.09765625 0.0986328125
0 0.56005859375 0.73681640625 0.1103515625 0.1103515625
0 0.56640625 0.6357421875 0.109375 0.111328125
0 0.56396484375 0.52783203125 0.1103515625 0.1103515625
0 0.56787109375 0.4169921875 0.1103515625 0.111328125
0 0.46826171875 0.4794921875 0.1103515625 0.111328125
0 0.46435546875 0.59033203125 0.1103515625 0.1103515625
0 0.46826171875 0.68359375 0.1103515625 0.111328125
0 0.46142578125 0.79931640625 0.1103515625 0.1103515625
0 0.3759765625 0.85888671875 0.109375 0.1103515625
0 0.36962890625 0.7421875 0.1103515625 0.111328125
0 0.3701171875 0.63916015625 0.109375 0.1103515625
0 0.37646484375 0.52880859375 0.1103515625 0.1103515625
0 0.3740234375 0.43212890625 0.109375 0.1103515625
0 0.2822265625 0.46875 0.109375 0.111328125
0 0.2783203125 0.57568359375 0.09765625 0.0986328125
0 0.27734375 0.68359375 0.09765625 0.09765625
0 0.27685546875 0.79638671875 0.1103515625 0.1103515625
0 0.2783203125 0.91357421875 0.09765625 0.0986328125
0 0.18359375 0.94775390625 0.09765625 0.0986328125
0 0.1826171875 0.8486328125 0.09765625 0.09765625
0 0.177734375 0.74462890625 0.09765625 0.0986328125
0 0.1787109375 0.63525390625 0.109375 0.1103515625
0 0.1826171875 0.51806640625 0.09765625 0.0986328125
0 0.18798828125 0.41259765625 0.1103515625 0.1103515625
0 0.08837890625 0.47216796875 0.1103515625 0.1103515625
0 0.0908203125 0.58447265625 0.109375 0.1103515625
0 0.09326171875 0.6845703125 0.1103515625 0.111328125
0 0.0869140625 0.79931640625 0.109375 0.1103515625
0 0.087890625 0.908203125 0.109375 0.111328125
0 0.9482421875 0.09814453125 0.09765625 0.0986328125
0 0.857421875 0.14794921875 0.09765625 0.0986328125
0 0.76318359375 0.10693359375 0.0615234375 0.0615234375
0 0.75927734375 0.19970703125 0.0849609375 0.0869140625
0 0.66259765625 0.052734375 0.0849609375 0.0859375
0 0.669921875 0.16552734375 0.09765625 0.0986328125
0 0.57177734375 0.09765625 0.0849609375 0.0859375
0 0.56640625 0.20849609375 0.09765625 0.0986328125
0 0.4697265625 0.1591796875 0.109375 0.111328125
0 0.3818359375 0.10205078125 0.09765625 0.0986328125
0 0.376953125 0.2158203125 0.0859375 0.0859375
0 0.29052734375 0.04833984375 0.0849609375 0.0869140625
0 0.2890625 0.15478515625 0.109375 0.1103515625
0 0.193359375 0.109375 0.09765625 0.09765625
0 0.18798828125 0.2158203125 0.0849609375 0.0859375
0 0.09912109375 0.1640625 0.1220703125 0.123046875