0 0.7685546875 0.91845703125 0.09765625 0.0986328125
0 0.5791015625 0.9140625 0.109375 0.111328125
0 0.39306640625 0.90869140625 0.1103515625 0.1103515625
0 0.205078125 0.9013671875 0.09765625 0.09765625
0 0.880859375 0.10986328125 0.09765625 0.0986328125
0 0.873046875 0.22705078125 0.09765625 0.0986328125
0 0.8779296875 0.32470703125 0.09765625 0.0986328125
0 0.87548828125 0.443359375 0.0849609375 0.0859375
0 0.8740234375 0.55126953125 0.09765625 0.0986328125
0 0.875 0.65283203125 0.109375 0.1103515625
0 0.7841796875 0.060546875 0.09765625 0.09765625
0 0.78125 0.16357421875 0.09765625 0.0986328125
0 0.7783203125 0.27685546875 0.09765625 0.0986328125
0 0.7744140625 0.392578125 0.0859375 0.0859375
0 0.77734375 0.49755859375 0.09765625 0.0986328125
0 0.7783203125 0.5966796875 0.09765625 0.09765625
0 0.771484375 0.69775390625 0.109375 0.1103515625
0 0.6787109375 0.64697265625 0.109375 0.1103515625
0 0.67626953125 0.54443359375 0.1103515625 0.1103515625
0 0.6787109375 0.4326171875 0.109375 0.111328125
0 0.67919921875 0.32080078125 0.1103515625 0.1103515625
0 0.6923828125 0.212890625 0.09765625 0.09765625
0 0.68310546875 0.10595703125 0.1103515625 0.1103515625
0 0.583984375 0.05517578125 0.09765625 0.0986328125
0 0.5859375 0.16455078125 0.09765625 0.0986328125
0 0.5888671875 0.27001953125 0.109375 0.1103515625
0 0.58349609375 0.38818359375 0.1103515625 0.1103515625
0 0.58447265625 0.4921875 0.1103515625 0.111328125
0 0.58984375 0.60693359375 0.09765625 0.0986328125
0 0.5869140625 0.71337890625 0.09765625 0.0986328125
0 0.494140625 0.11083984375 0.09765625 0.0986328125
0 0.486328125 0.2216796875 0.09765625 0.09765625
0 0.4931640625 0.33349609375 0.0859375 0.0869140625
0 0.4892578125 0.44287109375 0.09765625 0.0986328125
0 0.48876953125 0.54833984375 0.1103515625 0.1103515625
0 0.490234375 0.68212890625 0.109375 0.1103515625
0 0.3974609375 0.16455078125 0.09765625 0.0986328125
0 0.39599609375 0.28125 0.1103515625 0.111328125
0 0.3994140625 0.390625 0.09765625 0.09765625
0 0.40087890625 0.51025390625 0.1103515625 0.1103515625
0 0.40234375 0.60498046875 0.109375 0.1103515625
0 0.39794921875 0.73046875 0.0849609375 0.0859375
0 0.3046875 0.12255859375 0.109375 0.1103515625
0 0.3017578125 0.2109375 0.09765625 0.09765625
0 0.30712890625 0.296875 0.1103515625 0.111328125
0 0.31201171875 0.41162109375 0.1103515625 0.1103515625
0 0.2939453125 0.54150390625 0.109375 0.1103515625
0 0.30126953125 0.6650390625 0.1103515625 0.111328125
0 0.2119140625 0.71435546875 0.109375 0.1103515625
0 0.20068359375 0.6064453125 0.1103515625 0.111328125
0 0.20703125 0.4931640625 0.109375 0.111328125
0 0.212890625 0.39404296875 0.09765625 0.0986328125
0 0.2177734375 0.17724609375 0.109375 0.1103515625
0 0.2138671875 0.26708984375 0.09765625 0.0986328125
0 0.1171875 0.21875 0.09765625 0.09765625
0 0.1181640625 0.3251953125 0.09765625 0.09765625
0 0.1181640625 0.4384765625 0.09765625 0.09765625
0 0.1142578125 0.5517578125 0.09765625 0.09765625
0 0.10595703125 0.658203125 0.1103515625 0.111328125