0 0.58251953125 0.41455078125 0.0732421875 0.0732421875
0 0.48779296875 0.3720703125 0.0732421875 0.07421875
0 0.861328125 0.08056640625 0.09765625 0.0986328125
0 0.86376953125 0.19287109375 0.0732421875 0.0732421875
0 0.7646484375 0.14013671875 0.09765625 0.0986328125
0 0.66796875 0.08349609375 0.09765625 0.0986328125
0 0.67236328125 0.185546875 0.0732421875 0.07421875
0 0.5751953125 0.1337890625 0.0859375 0.0859375
0 0.48193359375 0.0751953125 0.0849609375 0.0859375
0 0.478515625 0.1826171875 0.09765625 0.09765625
0 0.38671875 0.1337890625 0.09765625 0.09765625
0 0.28662109375 0.0732421875 0.0732421875 0.07421875
0 0.2822265625 0.17724609375 0.060546875 0.0615234375
0 0.19287109375 0.11328125 0.0732421875 0.07421875
0 0.099609375 0.0673828125 0.09765625 0.09765625
0 0.09326171875 0.1611328125 0.0732421875 0.07421875
0 0.099609375 0.36376953125 0.09765625 0.0986328125
0 0.10205078125 0.470703125 0.1220703125 0.123046875
0 0.1044921875 0.58349609375 0.109375 0.1103515625
0 0.091796875 0.69677734375 0.109375 0.1103515625
0 0.09521484375 0.80615234375 0.1103515625 0.1103515625
0 0.19580078125 0.3359375 0.0849609375 0.0859375
0 0.1962890625 0.4189453125 0.09765625 0.09765625
0 0.19482421875 0.5390625 0.1220703125 0.123046875
0 0.201171875 0.63525390625 0.109375 0.1103515625
0 0.2060546875 0.75146484375 0.109375 0.1103515625
0 0.19921875 0.85888671875 0.109375 0.1103515625
0 0.28759765625 0.361328125 0.0849609375 0.0859375
0 0.28955078125 0.4736328125 0.1220703125 0.123046875
0 0.3017578125 0.6875 0.0859375 0.0859375
0 0.28515625 0.80517578125 0.109375 0.1103515625
0 0.3818359375 0.4248046875 0.09765625 0.09765625
0 0.39013671875 0.53125 0.1220703125 0.123046875
0 0.39013671875 0.640625 0.1103515625 0.111328125
0 0.38818359375 0.74267578125 0.1103515625 0.1103515625
0 0.38134765625 0.85791015625 0.1103515625 0.1103515625
0 0.4775390625 0.46728515625 0.109375 0.1103515625
0 0.482421875 0.580078125 0.109375 0.111328125
0 0.48193359375 0.6923828125 0.1220703125 0.123046875
0 0.47998046875 0.80712890625 0.1103515625 0.1103515625
0 0.57763671875 0.52490234375 0.1103515625 0.1103515625
0 0.58056640625 0.6357421875 0.1220703125 0.123046875
0 0.57958984375 0.748046875 0.1220703125 0.123046875
0 0.5849609375 0.8525390625 0.109375 0.111328125
0 0.67529296875 0.36376953125 0.0615234375 0.0615234375
0 0.673828125 0.47021484375 0.09765625 0.0986328125
0 0.6728515625 0.58251953125 0.09765625 0.0986328125
0 0.6796875 0.67578125 0.09765625 0.09765625
0 0.67333984375 0.802734375 0.1220703125 0.123046875
0 0.7734375 0.41259765625 0.09765625 0.0986328125
0 0.767578125 0.53076171875 0.09765625 0.0986328125
0 0.76708984375 0.626953125 0.1220703125 0.123046875
0 0.76611328125 0.7431640625 0.1220703125 0.123046875
0 0.76611328125 0.8564453125 0.1220703125 0.123046875
0 0.8701171875 0.36181640625 0.060546875 0.0615234375
0 0.8623046875 0.46826171875 0.09765625 0.0986328125
0 0.8623046875 0.57763671875 0.09765625 0.0986328125
0 0.86474609375 0.6943359375 0.1220703125 0.123046875
0 0.86279296875 0.8095703125 0.1220703125 0.123046875
0 0.86279296875 0.9091796875 0.1220703125 0.123046875
0 0.6787109375 0.9013671875 0.09765625 0.09765625
0 0.47998046875 0.9189453125 0.1103515625 0.111328125
0 0.2890625 0.91845703125 0.109375 0.1103515625
0 0.09130859375 0.91552734375 0.1103515625 0.1103515625