0 0.94140625 0.10693359375 0.109375 0.1103515625
0 0.9482421875 0.32470703125 0.048828125 0.0498046875
0 0.85205078125 0.16552734375 0.1103515625 0.1103515625
0 0.85498046875 0.27783203125 0.1103515625 0.1103515625
0 0.85400390625 0.3837890625 0.0849609375 0.0859375
0 0.75244140625 0.10302734375 0.1103515625 0.1103515625
0 0.7578125 0.21435546875 0.09765625 0.0986328125
0 0.6650390625 0.16162109375 0.109375 0.1103515625
0 0.6640625 0.26611328125 0.109375 0.1103515625
0 0.66552734375 0.3876953125 0.0732421875 0.07421875
0 0.57275390625 0.11376953125 0.1103515625 0.1103515625
0 0.56689453125 0.20654296875 0.1103515625 0.1103515625
0 0.56884765625 0.328125 0.1103515625 0.111328125
0 0.47998046875 0.06591796875 0.1103515625 0.1103515625
0 0.47705078125 0.1728515625 0.1103515625 0.111328125
0 0.478515625 0.2802734375 0.09765625 0.09765625
0 0.48046875 0.38427734375 0.060546875 0.0615234375
0 0.375 0.1123046875 0.109375 0.111328125
0 0.3740234375 0.212890625 0.09765625 0.09765625
0 0.376953125 0.33251953125 0.109375 0.1103515625
0 0.2822265625 0.0625 0.09765625 0.09765625
0 0.2783203125 0.17333984375 0.109375 0.1103515625
0 0.2822265625 0.28076171875 0.109375 0.1103515625
0 0.1875 0.10546875 0.09765625 0.09765625
0 0.18603515625 0.21435546875 0.1103515625 0.1103515625
0 0.18310546875 0.32373046875 0.1103515625 0.1103515625
0 0.09423828125 0.16455078125 0.1103515625 0.1103515625
0 0.08740234375 0.27392578125 0.1103515625 0.1103515625
0 0.08154296875 0.3837890625 0.1103515625 0.111328125
0 0.0859375 0.5009765625 0.09765625 0.09765625
0 0.087890625 0.60400390625 0.109375 0.1103515625
0 0.0908203125 0.71826171875 0.09765625 0.0986328125
0 0.0849609375 0.82861328125 0.109375 0.1103515625
0 0.18408203125 0.4404296875 0.1103515625 0.111328125
0 0.18408203125 0.5556640625 0.1103515625 0.111328125
0 0.18017578125 0.66552734375 0.1103515625 0.1103515625
0 0.18701171875 0.78076171875 0.1103515625 0.1103515625
0 0.2763671875 0.38720703125 0.109375 0.1103515625
0 0.2822265625 0.5029296875 0.109375 0.111328125
0 0.28076171875 0.6103515625 0.1103515625 0.111328125
0 0.28173828125 0.72265625 0.1103515625 0.111328125
0 0.27783203125 0.83837890625 0.1103515625 0.1103515625
0 0.3759765625 0.44482421875 0.09765625 0.0986328125
0 0.3720703125 0.55908203125 0.109375 0.1103515625
0 0.3720703125 0.6640625 0.109375 0.111328125
0 0.37109375 0.7783203125 0.109375 0.111328125
0 0.46923828125 0.49072265625 0.1103515625 0.1103515625
0 0.46630859375 0.60986328125 0.1103515625 0.1103515625
0 0.46875 0.720703125 0.09765625 0.09765625
0 0.4716796875 0.837890625 0.109375 0.111328125
0 0.56298828125 0.44873046875 0.1103515625 0.1103515625
0 0.56689453125 0.55029296875 0.1103515625 0.1103515625
0 0.56689453125 0.67041015625 0.1103515625 0.1103515625
0 0.56201171875 0.77978515625 0.1103515625 0.1103515625
0 0.5654296875 0.8896484375 0.09765625 0.09765625
0 0.3662109375 0.88427734375 0.109375 0.1103515625
0 0.6630859375 0.49169921875 0.0859375 0.0869140625
0 0.74951171875 0.43701171875 0.0732421875 0.0732421875
0 0.85498046875 0.48583984375 0.1103515625 0.1103515625
0 0.27685546875 0.9443359375 0.0849609375 0.0859375
0 0.1796875 0.88134765625 0.109375 0.1103515625
0 0.0859375 0.93896484375 0.109375 0.1103515625