0 0.24267578125 0.53173828125 0.0732421875 0.0732421875
0 0.15283203125 0.3857421875 0.0732421875 0.07421875
0 0.15185546875 0.49072265625 0.0732421875 0.0732421875
0 0.05615234375 0.44775390625 0.0732421875 0.0732421875
0 0.33642578125 0.46875 0.0849609375 0.0859375
0 0.24072265625 0.4365234375 0.0732421875 0.07421875
0 0.23583984375 0.3203125 0.0732421875 0.07421875
0 0.052734375 0.3427734375 0.0859375 0.0859375
0 0.14892578125 0.265625 0.0732421875 0.07421875
0 0.89404296875 0.87158203125 0.0732421875 0.0732421875
0 0.8134765625 0.92138671875 0.09765625 0.0986328125
0 0.82275390625 0.80615234375 0.0615234375 0.0615234375
0 0.716796875 0.86767578125 0.09765625 0.0986328125
0 0.61328125 0.91796875 0.09765625 0.09765625
0 0.5234375 0.8681640625 0.09765625 0.09765625
0 0.423828125 0.9208984375 0.09765625 0.09765625
0 0.43017578125 0.826171875 0.0849609375 0.0859375
0 0.3330078125 0.8720703125 0.0859375 0.0859375
0 0.2392578125 0.9306640625 0.0859375 0.0859375
0 0.2421875 0.8232421875 0.0859375 0.0859375
0 0.146484375 0.88134765625 0.09765625 0.0986328125
0 0.9091796875 0.6611328125 0.048828125 0.048828125
0 0.912109375 0.57568359375 0.09765625 0.0986328125
0 0.91259765625 0.46044921875 0.1220703125 0.1220703125
0 0.90869140625 0.3544921875 0.1220703125 0.123046875
0 0.90966796875 0.23779296875 0.1103515625 0.1103515625
0 0.91357421875 0.134765625 0.1220703125 0.123046875
0 0.82373046875 0.62841796875 0.0732421875 0.0732421875
0 0.8193359375 0.51611328125 0.109375 0.1103515625
0 0.818359375 0.40673828125 0.109375 0.1103515625
0 0.818359375 0.298828125 0.0859375 0.0859375
0 0.81298828125 0.18505859375 0.1103515625 0.1103515625
0 0.71337890625 0.576171875 0.1220703125 0.123046875
0 0.72509765625 0.4677734375 0.1220703125 0.123046875
0 0.7177734375 0.34716796875 0.09765625 0.0986328125
0 0.716796875 0.24853515625 0.09765625 0.0986328125
0 0.72021484375 0.12890625 0.1220703125 0.123046875
0 0.61962890625 0.630859375 0.0732421875 0.07421875
0 0.6142578125 0.5185546875 0.09765625 0.09765625
0 0.60791015625 0.4052734375 0.1220703125 0.123046875
0 0.6123046875 0.29248046875 0.09765625 0.0986328125
0 0.6240234375 0.18994140625 0.09765625 0.0986328125
0 0.51904296875 0.5751953125 0.1220703125 0.123046875
0 0.52294921875 0.455078125 0.1220703125 0.123046875
0 0.52099609375 0.3466796875 0.0849609375 0.0859375
0 0.5234375 0.22607421875 0.09765625 0.0986328125
0 0.4287109375 0.6240234375 0.09765625 0.09765625
0 0.4248046875 0.5107421875 0.09765625 0.09765625
0 0.4248046875 0.40625 0.09765625 0.09765625
0 0.4228515625 0.2919921875 0.09765625 0.09765625
0 0.42333984375 0.185546875 0.1220703125 0.123046875
0 0.52490234375 0.11572265625 0.0732421875 0.0732421875
0 0.42333984375 0.0751953125 0.1220703125 0.123046875
0 0.33837890625 0.572265625 0.0732421875 0.07421875
0 0.3310546875 0.3505859375 0.0859375 0.0859375
0 0.333984375 0.2373046875 0.09765625 0.09765625
0 0.33349609375 0.126953125 0.1220703125 0.123046875
0 0.244140625 0.62939453125 0.060546875 0.0615234375
0 0.2421875 0.1875 0.09765625 0.09765625
0 0.15625 0.59716796875 0.060546875 0.0615234375
0 0.14208984375 0.126953125 0.0849609375 0.0859375
0 0.06787109375 0.64501953125 0.0615234375 0.0615234375
0 0.06689453125 0.55810546875 0.0615234375 0.0615234375
0 0.048828125 0.2060546875 0.0859375 0.0859375
0 0.04931640625 0.08984375 0.0849609375 0.0859375
0 0.2353515625 0.072265625 0.0859375 0.0859375
0 0.6279296875 0.07568359375 0.09765625 0.0986328125
0 0.82470703125 0.07958984375 0.1103515625 0.1103515625