0 0.623046875 0.22265625 0.0859375 0.0859375
0 0.81689453125 0.22705078125 0.0732421875 0.0732421875
0 0.81005859375 0.4443359375 0.0849609375 0.0859375
0 0.81494140625 0.56103515625 0.0732421875 0.0732421875
0 0.90478515625 0.38623046875 0.0732421875 0.0732421875
0 0.91064453125 0.6123046875 0.0849609375 0.0859375
0 0.90380859375 0.50048828125 0.0615234375 0.0615234375
0 0.9072265625 0.728515625 0.0859375 0.0859375
0 0.91162109375 0.28076171875 0.0732421875 0.0732421875
0 0.06103515625 0.1142578125 0.1103515625 0.111328125
0 0.0615234375 0.22412109375 0.09765625 0.0986328125
0 0.1484375 0.0654296875 0.109375 0.111328125
0 0.15087890625 0.169921875 0.1103515625 0.111328125
0 0.15869140625 0.2666015625 0.1103515625 0.111328125
0 0.2470703125 0.1142578125 0.09765625 0.09765625
0 0.2490234375 0.228515625 0.09765625 0.09765625
0 0.34130859375 0.06201171875 0.1103515625 0.1103515625
0 0.3408203125 0.16943359375 0.09765625 0.0986328125
0 0.43603515625 0.1181640625 0.0849609375 0.0859375
0 0.43603515625 0.2265625 0.0732421875 0.07421875
0 0.52783203125 0.06298828125 0.0732421875 0.0732421875
0 0.52978515625 0.17431640625 0.0732421875 0.0732421875
0 0.6220703125 0.11865234375 0.0859375 0.0869140625
0 0.71728515625 0.0625 0.0849609375 0.0859375
0 0.71826171875 0.169921875 0.0849609375 0.0859375
0 0.81298828125 0.11865234375 0.0615234375 0.0615234375
0 0.7216796875 0.28173828125 0.0859375 0.0869140625
0 0.5341796875 0.27587890625 0.09765625 0.0986328125
0 0.90625 0.0615234375 0.0859375 0.0859375
0 0.9072265625 0.169921875 0.0859375 0.0859375
0 0.80908203125 0.33544921875 0.0732421875 0.0732421875
0 0.8125 0.6669921875 0.0859375 0.0859375
0 0.8134765625 0.7783203125 0.09765625 0.09765625
0 0.716796875 0.392578125 0.0859375 0.0859375
0 0.712890625 0.50439453125 0.09765625 0.0986328125
0 0.7158203125 0.6123046875 0.0859375 0.0859375
0 0.7158203125 0.71875 0.09765625 0.09765625
0 0.6201171875 0.33935546875 0.09765625 0.0986328125
0 0.6201171875 0.44677734375 0.09765625 0.0986328125
0 0.62255859375 0.5615234375 0.0849609375 0.0859375
0 0.62548828125 0.669921875 0.0849609375 0.0859375
0 0.6240234375 0.7744140625 0.09765625 0.09765625
0 0.5283203125 0.38818359375 0.09765625 0.0986328125
0 0.53125 0.5009765625 0.09765625 0.09765625
0 0.52783203125 0.6201171875 0.0849609375 0.0859375
0 0.5263671875 0.72265625 0.09765625 0.09765625
0 0.4384765625 0.3330078125 0.09765625 0.09765625
0 0.435546875 0.453125 0.0859375 0.0859375
0 0.43798828125 0.5615234375 0.0732421875 0.07421875
0 0.43603515625 0.669921875 0.0732421875 0.07421875
0 0.42822265625 0.78173828125 0.0732421875 0.0732421875
0 0.3408203125 0.2822265625 0.109375 0.111328125
0 0.33984375 0.3935546875 0.09765625 0.09765625
0 0.34375 0.5068359375 0.09765625 0.09765625
0 0.34423828125 0.6123046875 0.0849609375 0.0859375
0 0.345703125 0.72119140625 0.09765625 0.0986328125
0 0.24609375 0.3359375 0.09765625 0.09765625
0 0.24609375 0.44677734375 0.09765625 0.0986328125
0 0.24853515625 0.5576171875 0.0849609375 0.0859375
0 0.2470703125 0.66943359375 0.09765625 0.0986328125
0 0.2470703125 0.78369140625 0.09765625 0.0986328125
0 0.15283203125 0.39501953125 0.1103515625 0.1103515625
0 0.15478515625 0.50244140625 0.1103515625 0.1103515625
0 0.1513671875 0.61328125 0.0859375 0.0859375
0 0.1533203125 0.72216796875 0.09765625 0.0986328125
0 0.0546875 0.33642578125 0.09765625 0.0986328125
0 0.0517578125 0.44580078125 0.09765625 0.0986328125
0 0.060546875 0.55908203125 0.09765625 0.0986328125
0 0.0615234375 0.66650390625 0.09765625 0.0986328125
0 0.05859375 0.77783203125 0.09765625 0.0986328125
0 0.060546875 0.89013671875 0.109375 0.1103515625
0 0.1533203125 0.83056640625 0.109375 0.1103515625
0 0.248046875 0.884765625 0.09765625 0.09765625
0 0.34130859375 0.8359375 0.0732421875 0.07421875
0 0.34375 0.943359375 0.09765625 0.09765625
0 0.43310546875 0.8876953125 0.0732421875 0.07421875
0 0.53125 0.83056640625 0.09765625 0.0986328125
0 0.52734375 0.9443359375 0.0859375 0.0859375
0 0.6240234375 0.88232421875 0.09765625 0.0986328125
0 0.7177734375 0.83349609375 0.0859375 0.0869140625
0 0.7177734375 0.94091796875 0.09765625 0.0986328125
0 0.8173828125 0.88720703125 0.09765625 0.0986328125
0 0.90673828125 0.8271484375 0.0849609375 0.0859375
0 0.90673828125 0.939453125 0.0849609375 0.0859375