0 0.0515625 0.315625 0.071875 0.071875
0 0.7015625 0.09609375 0.071875 0.0734375
0 0.5234375 0.1 0.071875 0.071875
0 0.3328125 0.09375 0.071875 0.071875
0 0.140625 0.08828125 0.071875 0.0734375
0 0.14453125 0.26640625 0.0609375 0.0609375
0 0.1421875 0.37265625 0.096875 0.0984375
0 0.1421875 0.48515625 0.096875 0.0984375
0 0.1484375 0.578125 0.096875 0.096875
0 0.1421875 0.7046875 0.121875 0.121875
0 0.2421875 0.31484375 0.096875 0.0984375
0 0.2359375 0.43359375 0.096875 0.0984375
0 0.2359375 0.528125 0.121875 0.121875
0 0.234375 0.6453125 0.121875 0.121875
0 0.234375 0.7578125 0.121875 0.121875
0 0.3390625 0.26484375 0.059375 0.0609375
0 0.33125 0.37109375 0.096875 0.0984375
0 0.33125 0.48046875 0.096875 0.0984375
0 0.334375 0.5953125 0.121875 0.121875
0 0.33125 0.7109375 0.121875 0.121875
0 0.428125 0.31796875 0.084375 0.0859375
0 0.4234375 0.42578125 0.096875 0.0984375
0 0.428125 0.5390625 0.121875 0.121875
0 0.43125 0.64765625 0.096875 0.0984375
0 0.4265625 0.7578125 0.121875 0.121875
0 0.5203125 0.26484375 0.059375 0.0609375
0 0.5234375 0.37421875 0.096875 0.0984375
0 0.51875 0.48671875 0.096875 0.0984375
0 0.5203125 0.59765625 0.096875 0.0984375
0 0.5234375 0.69921875 0.096875 0.0984375
0 0.61328125 0.32109375 0.0859375 0.0859375
0 0.6140625 0.42578125 0.096875 0.0984375
0 0.615625 0.53828125 0.096875 0.0984375
0 0.6125 0.65234375 0.096875 0.0984375
0 0.6125 0.765625 0.121875 0.121875
0 0.71171875 0.27265625 0.0359375 0.0359375
0 0.7109375 0.3703125 0.096875 0.096875
0 0.7109375 0.4796875 0.109375 0.109375
0 0.7078125 0.6 0.121875 0.121875
0 0.7125 0.709375 0.109375 0.109375
0 0.7078125 0.81953125 0.096875 0.0984375
0 0.80625 0.33046875 0.084375 0.0859375
0 0.8046875 0.4265625 0.096875 0.096875
0 0.803125 0.54453125 0.109375 0.1109375
0 0.7984375 0.65625 0.121875 0.121875
0 0.8015625 0.7578125 0.109375 0.109375
0 0.90625 0.27734375 0.059375 0.0609375
0 0.89921875 0.37578125 0.0859375 0.0859375
0 0.9 0.48671875 0.109375 0.1109375
0 0.8921875 0.5984375 0.121875 0.121875
0 0.8921875 0.70625 0.109375 0.109375
0 0.896875 0.8203125 0.109375 0.109375
0 0.8953125 0.9328125 0.109375 0.109375
0 0.803125 0.8671875 0.109375 0.109375
0 0.7109375 0.93046875 0.096875 0.0984375
0 0.621875 0.86953125 0.096875 0.0984375
0 0.521875 0.8125 0.121875 0.121875
0 0.521875 0.9234375 0.121875 0.121875
0 0.421875 0.86875 0.121875 0.121875
0 0.33125 0.8109375 0.121875 0.121875
0 0.3375 0.92109375 0.096875 0.0984375
0 0.2375 0.8671875 0.121875 0.121875
0 0.1484375 0.803125 0.096875 0.096875
0 0.1390625 0.921875 0.096875 0.096875