0 0.14892578125 0.45166015625 0.0732421875 0.0732421875
0 0.7626953125 0.09619140625 0.0859375 0.0849609375
0 0.88525390625 0.10009765625 0.1103515625 0.1103515625
0 0.931640625 0.201171875 0.111328125 0.109375
0 0.82763671875 0.19970703125 0.1103515625 0.1103515625
0 0.76611328125 0.2861328125 0.0986328125 0.09765625
0 0.87548828125 0.2861328125 0.1103515625 0.109375
0 0.93505859375 0.388671875 0.0986328125 0.09765625
0 0.814453125 0.384765625 0.09765625 0.09765625
0 0.880859375 0.47998046875 0.0859375 0.0849609375
0 0.89599609375 0.5771484375 0.0986328125 0.09765625
0 0.80615234375 0.5771484375 0.1103515625 0.109375
0 0.76611328125 0.6689453125 0.0986328125 0.09765625
0 0.88330078125 0.6650390625 0.1103515625 0.109375
0 0.81640625 0.9423828125 0.048828125 0.048828125
0 0.82958984375 0.76708984375 0.0869140625 0.0849609375
0 0.92578125 0.76708984375 0.0859375 0.0849609375
0 0.875 0.85498046875 0.0859375 0.0849609375
0 0.92431640625 0.94921875 0.0498046875 0.048828125
0 0.19287109375 0.56982421875 0.0615234375 0.0615234375
0 0.48876953125 0.083984375 0.1103515625 0.109375
0 0.37060546875 0.087890625 0.1103515625 0.109375
0 0.2724609375 0.08642578125 0.0859375 0.0849609375
0 0.150390625 0.0888671875 0.09765625 0.09765625
0 0.1064453125 0.18212890625 0.0859375 0.0849609375
0 0.21435546875 0.1875 0.0986328125 0.09765625
0 0.3154296875 0.1875 0.09765625 0.09765625
0 0.43115234375 0.1875 0.1103515625 0.109375
0 0.52880859375 0.18603515625 0.1103515625 0.1103515625
0 0.48681640625 0.2841796875 0.1103515625 0.109375
0 0.37255859375 0.283203125 0.0986328125 0.09765625
0 0.2568359375 0.2724609375 0.111328125 0.109375
0 0.15576171875 0.28125 0.1103515625 0.109375
0 0.10205078125 0.37451171875 0.1103515625 0.1103515625
0 0.21484375 0.3642578125 0.0859375 0.0859375
0 0.2734375 0.4560546875 0.09765625 0.09765625
0 0.37353515625 0.47412109375 0.1103515625 0.1103515625
0 0.45947265625 0.47705078125 0.1103515625 0.1103515625
0 0.46875 0.3720703125 0.111328125 0.109375
0 0.32470703125 0.380859375 0.0986328125 0.09765625
0 0.28369140625 0.57275390625 0.0732421875 0.0732421875
0 0.38916015625 0.568359375 0.0986328125 0.09765625
0 0.49755859375 0.57275390625 0.1103515625 0.1103515625
0 0.4580078125 0.65625 0.09765625 0.09765625
0 0.38037109375 0.6513671875 0.0986328125 0.09765625
0 0.09765625 0.7412109375 0.09765625 0.09765625
0 0.0595703125 0.83984375 0.0859375 0.0859375
0 0.15185546875 0.83740234375 0.1103515625 0.1103515625
0 0.26416015625 0.8447265625 0.0986328125 0.09765625
0 0.40478515625 0.75341796875 0.0732421875 0.0732421875
0 0.50341796875 0.7470703125 0.0986328125 0.09765625
0 0.09716796875 0.93408203125 0.1103515625 0.1103515625
0 0.20556640625 0.93017578125 0.1103515625 0.1103515625
0 0.31494140625 0.931640625 0.1103515625 0.109375
0 0.43310546875 0.9345703125 0.0986328125 0.09765625