0 0.22216796875 0.04638671875 0.0732421875 0.0732421875
0 0.94091796875 0.52197265625 0.0732421875 0.0732421875
0 0.06396484375 0.13818359375 0.0732421875 0.0732421875
0 0.34326171875 0.8037109375 0.0869140625 0.0859375
0 0.9580078125 0.14208984375 0.07421875 0.0732421875
0 0.8251953125 0.138671875 0.09765625 0.09765625
0 0.7236328125 0.13818359375 0.111328125 0.1103515625
0 0.61376953125 0.13427734375 0.1103515625 0.1103515625
0 0.89453125 0.2373046875 0.0859375 0.0859375
0 0.77734375 0.23828125 0.09765625 0.09765625
0 0.6650390625 0.240234375 0.09765625 0.09765625
0 0.95849609375 0.322265625 0.0615234375 0.060546875
0 0.8525390625 0.330078125 0.0859375 0.0859375
0 0.7177734375 0.3291015625 0.09765625 0.09765625
0 0.6318359375 0.328125 0.09765625 0.09765625
0 0.87646484375 0.42724609375 0.0732421875 0.0732421875
0 0.77685546875 0.427734375 0.1103515625 0.109375
0 0.66455078125 0.4296875 0.1103515625 0.109375
0 0.830078125 0.52197265625 0.0859375 0.0849609375
0 0.71826171875 0.52001953125 0.1103515625 0.1103515625
0 0.60546875 0.51806640625 0.123046875 0.1220703125
0 0.88818359375 0.623046875 0.1103515625 0.109375
0 0.77490234375 0.6103515625 0.1103515625 0.109375
0 0.66552734375 0.61376953125 0.1103515625 0.1103515625
0 0.9326171875 0.71337890625 0.123046875 0.1220703125
0 0.83642578125 0.7197265625 0.1103515625 0.109375
0 0.72021484375 0.724609375 0.1103515625 0.109375
0 0.61279296875 0.7177734375 0.1103515625 0.109375
0 0.7841796875 0.8203125 0.0859375 0.0859375
0 0.66650390625 0.8037109375 0.1103515625 0.109375
0 0.8310546875 0.90869140625 0.111328125 0.1103515625
0 0.72900390625 0.90673828125 0.1103515625 0.1103515625
0 0.61376953125 0.89990234375 0.1103515625 0.1103515625
0 0.50537109375 0.9052734375 0.1103515625 0.109375
0 0.39404296875 0.904296875 0.1103515625 0.109375
0 0.55322265625 0.8076171875 0.1103515625 0.109375
0 0.4404296875 0.810546875 0.0859375 0.0859375
0 0.50927734375 0.71337890625 0.1103515625 0.1103515625
0 0.39892578125 0.70947265625 0.1103515625 0.1103515625
0 0.28759765625 0.7138671875 0.0986328125 0.09765625
0 0.55615234375 0.60986328125 0.1103515625 0.1103515625
0 0.32666015625 0.62109375 0.0986328125 0.09765625
0 0.23046875 0.6123046875 0.09765625 0.09765625
0 0.50439453125 0.5166015625 0.1103515625 0.109375
0 0.388671875 0.51611328125 0.123046875 0.1220703125
0 0.2890625 0.52099609375 0.123046875 0.1220703125
0 0.55126953125 0.427734375 0.1103515625 0.109375
0 0.447265625 0.42236328125 0.123046875 0.1220703125
0 0.3408203125 0.41943359375 0.123046875 0.1220703125
0 0.2265625 0.41650390625 0.123046875 0.1220703125
0 0.5029296875 0.32275390625 0.123046875 0.1220703125
0 0.3955078125 0.32763671875 0.123046875 0.1220703125
0 0.2880859375 0.32763671875 0.123046875 0.1220703125
0 0.17431640625 0.32958984375 0.1103515625 0.1103515625
0 0.5517578125 0.23681640625 0.123046875 0.1220703125
0 0.4462890625 0.23388671875 0.123046875 0.1220703125
0 0.34765625 0.23193359375 0.123046875 0.1220703125
0 0.2265625 0.23193359375 0.123046875 0.1220703125
0 0.11865234375 0.236328125 0.1103515625 0.109375
0 0.509765625 0.14208984375 0.123046875 0.1220703125
0 0.392578125 0.14013671875 0.123046875 0.1220703125
0 0.28125 0.13916015625 0.123046875 0.1220703125
0 0.17041015625 0.1357421875 0.0986328125 0.09765625
0 0.1181640625 0.4306640625 0.09765625 0.09765625
0 0.06201171875 0.33203125 0.0986328125 0.09765625