0 0.931640625 0.080078125 0.09765625 0.09765625
0 0.93115234375 0.1875 0.0849609375 0.0859375
0 0.93212890625 0.30712890625 0.1103515625 0.1103515625
0 0.9326171875 0.41259765625 0.109375 0.1103515625
0 0.84375 0.12451171875 0.09765625 0.0986328125
0 0.833984375 0.24462890625 0.060546875 0.0615234375
0 0.8359375 0.34326171875 0.109375 0.1103515625
0 0.833984375 0.46240234375 0.109375 0.1103515625
0 0.744140625 0.07470703125 0.09765625 0.0986328125
0 0.748046875 0.19091796875 0.09765625 0.0986328125
0 0.740234375 0.29638671875 0.09765625 0.0986328125
0 0.740234375 0.40478515625 0.09765625 0.0986328125
0 0.6474609375 0.13037109375 0.09765625 0.0986328125
0 0.64794921875 0.24658203125 0.0732421875 0.0732421875
0 0.6494140625 0.35107421875 0.09765625 0.0986328125
0 0.6474609375 0.46435546875 0.09765625 0.0986328125
0 0.55712890625 0.08056640625 0.1103515625 0.1103515625
0 0.5498046875 0.17822265625 0.09765625 0.0986328125
0 0.546875 0.30810546875 0.09765625 0.0986328125
0 0.552734375 0.41357421875 0.109375 0.1103515625
0 0.4619140625 0.13623046875 0.109375 0.1103515625
0 0.4619140625 0.25341796875 0.09765625 0.0986328125
0 0.4619140625 0.35400390625 0.09765625 0.0986328125
0 0.4560546875 0.4677734375 0.109375 0.111328125
0 0.3671875 0.07763671875 0.109375 0.1103515625
0 0.36328125 0.18701171875 0.109375 0.1103515625
0 0.365234375 0.29638671875 0.109375 0.1103515625
0 0.36376953125 0.408203125 0.1103515625 0.111328125
0 0.26708984375 0.12353515625 0.1103515625 0.1103515625
0 0.2705078125 0.2353515625 0.09765625 0.09765625
0 0.27197265625 0.345703125 0.1103515625 0.111328125
0 0.27197265625 0.46435546875 0.1103515625 0.1103515625
0 0.17822265625 0.07666015625 0.1103515625 0.1103515625
0 0.18017578125 0.193359375 0.1103515625 0.111328125
0 0.1708984375 0.302734375 0.09765625 0.09765625
0 0.1806640625 0.42041015625 0.109375 0.1103515625
0 0.08203125 0.1298828125 0.109375 0.111328125
0 0.0810546875 0.24951171875 0.060546875 0.0615234375
0 0.0771484375 0.35595703125 0.109375 0.1103515625
0 0.0791015625 0.46630859375 0.109375 0.1103515625
0 0.0732421875 0.58154296875 0.109375 0.1103515625
0 0.078125 0.69091796875 0.09765625 0.0986328125
0 0.07666015625 0.79443359375 0.1103515625 0.1103515625
0 0.1796875 0.51708984375 0.09765625 0.0986328125
0 0.17578125 0.62548828125 0.09765625 0.0986328125
0 0.1826171875 0.74072265625 0.109375 0.1103515625
0 0.18408203125 0.85205078125 0.1103515625 0.1103515625
0 0.27294921875 0.57470703125 0.1103515625 0.1103515625
0 0.2744140625 0.68408203125 0.109375 0.1103515625
0 0.2724609375 0.78759765625 0.109375 0.1103515625
0 0.37060546875 0.515625 0.1103515625 0.111328125
0 0.36572265625 0.63232421875 0.1103515625 0.1103515625
0 0.36767578125 0.73583984375 0.1103515625 0.1103515625
0 0.36181640625 0.84814453125 0.1103515625 0.1103515625
0 0.4638671875 0.5732421875 0.109375 0.111328125
0 0.4609375 0.68505859375 0.109375 0.1103515625
0 0.458984375 0.79345703125 0.09765625 0.0986328125
0 0.4609375 0.90966796875 0.09765625 0.0986328125
0 0.55517578125 0.51416015625 0.1103515625 0.1103515625
0 0.5537109375 0.6357421875 0.0859375 0.0859375
0 0.5537109375 0.7421875 0.09765625 0.09765625
0 0.55859375 0.85302734375 0.09765625 0.0986328125
0 0.64990234375 0.57275390625 0.1103515625 0.1103515625
0 0.64892578125 0.677734375 0.1103515625 0.111328125
0 0.6494140625 0.7998046875 0.109375 0.111328125
0 0.6455078125 0.90576171875 0.109375 0.1103515625
0 0.744140625 0.51513671875 0.109375 0.1103515625
0 0.74169921875 0.63232421875 0.1103515625 0.1103515625
0 0.74365234375 0.73876953125 0.1103515625 0.1103515625
0 0.74462890625 0.849609375 0.1103515625 0.111328125
0 0.83203125 0.56689453125 0.109375 0.1103515625
0 0.8310546875 0.68017578125 0.109375 0.1103515625
0 0.8388671875 0.79150390625 0.109375 0.1103515625
0 0.931640625 0.51708984375 0.09765625 0.0986328125
0 0.931640625 0.62841796875 0.109375 0.1103515625
0 0.9345703125 0.73486328125 0.09765625 0.0986328125
0 0.935546875 0.84716796875 0.109375 0.1103515625
0 0.83544921875 0.9033203125 0.1103515625 0.111328125
0 0.2763671875 0.90869140625 0.109375 0.1103515625
0 0.07373046875 0.90771484375 0.1103515625 0.1103515625