0 0.34814453125 0.60986328125 0.0732421875 0.0732421875
0 0.43798828125 0.755859375 0.0732421875 0.07421875
0 0.43896484375 0.65087890625 0.0732421875 0.0732421875
0 0.53466796875 0.69384765625 0.0732421875 0.0732421875
0 0.25439453125 0.6728515625 0.0849609375 0.0859375
0 0.35009765625 0.705078125 0.0732421875 0.07421875
0 0.35498046875 0.8212890625 0.0732421875 0.07421875
0 0.5380859375 0.798828125 0.0859375 0.0859375
0 0.44189453125 0.8759765625 0.0732421875 0.07421875
0 0.90966796875 0.7373046875 0.0732421875 0.07421875
0 0.89404296875 0.6298828125 0.0732421875 0.07421875
0 0.71240234375 0.94775390625 0.0732421875 0.0732421875
0 0.90869140625 0.93896484375 0.0732421875 0.0732421875
0 0.90966796875 0.82568359375 0.0732421875 0.0732421875
0 0.62451171875 0.87548828125 0.0732421875 0.0732421875
0 0.72998046875 0.109375 0.0849609375 0.0859375
0 0.6337890625 0.0478515625 0.0859375 0.0859375
0 0.447265625 0.05224609375 0.09765625 0.0986328125
0 0.349609375 0.10595703125 0.09765625 0.0986328125
0 0.255859375 0.0556640625 0.0859375 0.0859375
0 0.16357421875 0.11328125 0.0849609375 0.0859375
0 0.06884765625 0.162109375 0.0849609375 0.0859375
0 0.0673828125 0.2734375 0.09765625 0.09765625
0 0.1669921875 0.220703125 0.09765625 0.09765625
0 0.16064453125 0.3154296875 0.0849609375 0.0859375
0 0.255859375 0.166015625 0.0859375 0.0859375
0 0.2578125 0.26953125 0.0859375 0.0859375
0 0.3515625 0.2109375 0.0859375 0.0859375
0 0.3486328125 0.318359375 0.0859375 0.0859375
0 0.45263671875 0.1591796875 0.0849609375 0.0859375
0 0.4443359375 0.26025390625 0.09765625 0.0986328125
0 0.5439453125 0.11181640625 0.09765625 0.0986328125
0 0.5419921875 0.21337890625 0.09765625 0.0986328125
0 0.6337890625 0.15625 0.0859375 0.0859375
0 0.638671875 0.26611328125 0.09765625 0.0986328125
0 0.736328125 0.2177734375 0.0859375 0.0859375
0 0.07177734375 0.56640625 0.1220703125 0.123046875
0 0.06787109375 0.6865234375 0.1220703125 0.123046875
0 0.06982421875 0.794921875 0.0849609375 0.0859375
0 0.0673828125 0.91552734375 0.09765625 0.0986328125
0 0.162109375 0.517578125 0.09765625 0.09765625
0 0.166015625 0.630859375 0.09765625 0.09765625
0 0.166015625 0.7353515625 0.09765625 0.09765625
0 0.16796875 0.849609375 0.09765625 0.09765625
0 0.25244140625 0.5693359375 0.0732421875 0.07421875
0 0.259765625 0.791015625 0.0859375 0.0859375
0 0.2568359375 0.904296875 0.09765625 0.09765625
0 0.3466796875 0.51220703125 0.060546875 0.0615234375
0 0.4345703125 0.54443359375 0.060546875 0.0615234375
0 0.52294921875 0.49658203125 0.0615234375 0.0615234375
0 0.52392578125 0.58349609375 0.0615234375 0.0615234375
0 0.5419921875 0.935546875 0.0859375 0.0859375
0 0.62890625 0.56396484375 0.048828125 0.0498046875
0 0.6279296875 0.66748046875 0.048828125 0.0498046875
0 0.63134765625 0.77685546875 0.0732421875 0.0732421875
0 0.703125 0.52685546875 0.060546875 0.0615234375
0 0.70703125 0.62451171875 0.060546875 0.0615234375
0 0.70703125 0.70947265625 0.060546875 0.0615234375
0 0.71630859375 0.81787109375 0.0615234375 0.0615234375
0 0.79150390625 0.57861328125 0.0615234375 0.0615234375
0 0.79931640625 0.68408203125 0.0732421875 0.0732421875
0 0.81298828125 0.77197265625 0.0732421875 0.0732421875
0 0.81103515625 0.88330078125 0.0732421875 0.0732421875
0 0.88134765625 0.51806640625 0.0615234375 0.0615234375