0 0.86279296875 0.87451171875 0.1103515625 0.1103515625
0 0.7509765625 0.8779296875 0.09765625 0.09765625
0 0.640625 0.87939453125 0.111328125 0.1103515625
0 0.52197265625 0.87939453125 0.1103515625 0.1103515625
0 0.90966796875 0.78564453125 0.1103515625 0.1103515625
0 0.79296875 0.78759765625 0.111328125 0.1103515625
0 0.68359375 0.7783203125 0.09765625 0.09765625
0 0.56591796875 0.7880859375 0.1103515625 0.109375
0 0.8564453125 0.689453125 0.111328125 0.109375
0 0.73681640625 0.6884765625 0.0615234375 0.060546875
0 0.63037109375 0.6845703125 0.1103515625 0.109375
0 0.52001953125 0.6865234375 0.1103515625 0.109375
0 0.912109375 0.5947265625 0.111328125 0.109375
0 0.80224609375 0.59765625 0.1103515625 0.109375
0 0.69384765625 0.58935546875 0.1103515625 0.1103515625
0 0.57373046875 0.59326171875 0.1103515625 0.1103515625
0 0.85595703125 0.50048828125 0.1103515625 0.1103515625
0 0.75634765625 0.49658203125 0.0615234375 0.0615234375
0 0.63525390625 0.49755859375 0.1103515625 0.1103515625
0 0.51904296875 0.4970703125 0.1103515625 0.109375
0 0.90673828125 0.40673828125 0.0615234375 0.0615234375
0 0.79833984375 0.40185546875 0.0615234375 0.0615234375
0 0.68798828125 0.4033203125 0.1103515625 0.109375
0 0.56884765625 0.40234375 0.1103515625 0.109375
0 0.85693359375 0.3134765625 0.1103515625 0.109375
0 0.7314453125 0.3076171875 0.0859375 0.0859375
0 0.63134765625 0.3076171875 0.1103515625 0.109375
0 0.52294921875 0.3095703125 0.0986328125 0.09765625
0 0.91455078125 0.2158203125 0.1103515625 0.109375
0 0.80224609375 0.21240234375 0.1103515625 0.1103515625
0 0.69189453125 0.21630859375 0.1103515625 0.1103515625
0 0.57958984375 0.21728515625 0.1103515625 0.1103515625
0 0.86279296875 0.11962890625 0.1103515625 0.1103515625
0 0.74560546875 0.12158203125 0.1103515625 0.1103515625
0 0.64599609375 0.1220703125 0.1103515625 0.109375
0 0.53125 0.1171875 0.111328125 0.109375
0 0.47265625 0.22021484375 0.111328125 0.1103515625
0 0.421875 0.10791015625 0.111328125 0.1103515625
0 0.30712890625 0.119140625 0.1103515625 0.109375
0 0.19482421875 0.1201171875 0.1103515625 0.109375
0 0.357421875 0.21240234375 0.111328125 0.1103515625
0 0.24755859375 0.20849609375 0.1103515625 0.1103515625
0 0.14306640625 0.21484375 0.1103515625 0.109375
0 0.4208984375 0.3125 0.09765625 0.09765625
0 0.3056640625 0.30810546875 0.111328125 0.1103515625
0 0.197265625 0.30517578125 0.111328125 0.1103515625
0 0.46923828125 0.4072265625 0.0986328125 0.09765625
0 0.36181640625 0.408203125 0.0986328125 0.09765625
0 0.25 0.40625 0.09765625 0.09765625
0 0.140625 0.40234375 0.09765625 0.09765625
0 0.41064453125 0.49755859375 0.1103515625 0.1103515625
0 0.30029296875 0.4951171875 0.1103515625 0.109375
0 0.19287109375 0.4931640625 0.1103515625 0.109375
0 0.0927734375 0.4951171875 0.111328125 0.109375
0 0.46435546875 0.58837890625 0.1103515625 0.1103515625
0 0.35302734375 0.59130859375 0.1103515625 0.1103515625
0 0.25048828125 0.59228515625 0.1103515625 0.1103515625
0 0.13232421875 0.587890625 0.0986328125 0.09765625
0 0.40478515625 0.6806640625 0.1103515625 0.109375
0 0.29541015625 0.685546875 0.0986328125 0.09765625
0 0.19189453125 0.68408203125 0.1103515625 0.1103515625
0 0.46923828125 0.787109375 0.0986328125 0.09765625
0 0.36083984375 0.783203125 0.0986328125 0.09765625
0 0.24560546875 0.7900390625 0.1103515625 0.109375
0 0.13427734375 0.79150390625 0.1103515625 0.1103515625
0 0.41162109375 0.88037109375 0.1103515625 0.1103515625
0 0.30224609375 0.8818359375 0.1103515625 0.109375
0 0.19873046875 0.8798828125 0.1103515625 0.109375
0 0.07763671875 0.8837890625 0.1103515625 0.109375
0 0.07861328125 0.68115234375 0.1103515625 0.1103515625
0 0.08447265625 0.30322265625 0.1103515625 0.1103515625
0 0.08154296875 0.115234375 0.1103515625 0.109375