0 0.12060546875 0.11376953125 0.0849609375 0.0869140625
0 0.123046875 0.2607421875 0.09765625 0.09765625
0 0.1162109375 0.3740234375 0.09765625 0.09765625
0 0.1123046875 0.47900390625 0.09765625 0.0986328125
0 0.1162109375 0.58984375 0.09765625 0.09765625
0 0.11328125 0.69140625 0.0859375 0.0859375
0 0.2099609375 0.74365234375 0.09765625 0.0986328125
0 0.205078125 0.54150390625 0.09765625 0.0986328125
0 0.2080078125 0.41943359375 0.09765625 0.0986328125
0 0.2158203125 0.31396484375 0.09765625 0.0986328125
0 0.2099609375 0.16748046875 0.09765625 0.0986328125
0 0.306640625 0.14892578125 0.109375 0.1103515625
0 0.30126953125 0.25927734375 0.1103515625 0.1103515625
0 0.298828125 0.35986328125 0.09765625 0.0986328125
0 0.30224609375 0.4521484375 0.1103515625 0.111328125
0 0.30615234375 0.5849609375 0.1103515625 0.111328125
0 0.29931640625 0.69384765625 0.1103515625 0.1103515625
0 0.3974609375 0.7451171875 0.09765625 0.09765625
0 0.4013671875 0.63427734375 0.09765625 0.0986328125
0 0.4013671875 0.52001953125 0.09765625 0.0986328125
0 0.396484375 0.41162109375 0.109375 0.1103515625
0 0.39697265625 0.30419921875 0.1103515625 0.1103515625
0 0.3994140625 0.18310546875 0.09765625 0.0986328125
0 0.40087890625 0.08544921875 0.0849609375 0.0869140625
0 0.4990234375 0.1416015625 0.09765625 0.09765625
0 0.48828125 0.24658203125 0.09765625 0.0986328125
0 0.4921875 0.35595703125 0.109375 0.1103515625
0 0.48828125 0.46826171875 0.109375 0.1103515625
0 0.4833984375 0.58251953125 0.09765625 0.0986328125
0 0.48828125 0.68896484375 0.09765625 0.0986328125
0 0.57861328125 0.751953125 0.0849609375 0.0859375
0 0.583984375 0.623046875 0.0859375 0.0859375
0 0.583984375 0.5126953125 0.0859375 0.0859375
0 0.58837890625 0.0947265625 0.1103515625 0.111328125
0 0.583984375 0.1884765625 0.09765625 0.09765625
0 0.5859375 0.306640625 0.09765625 0.09765625
0 0.583984375 0.40673828125 0.09765625 0.0986328125
0 0.6767578125 0.689453125 0.0859375 0.0859375
0 0.693359375 0.57861328125 0.09765625 0.0986328125
0 0.6875 0.46826171875 0.109375 0.1103515625
0 0.68505859375 0.3603515625 0.0849609375 0.0859375
0 0.6904296875 0.251953125 0.0859375 0.0859375
0 0.6953125 0.1455078125 0.109375 0.111328125
0 0.77685546875 0.0947265625 0.0849609375 0.0859375
0 0.78076171875 0.19921875 0.0849609375 0.0859375
0 0.7744140625 0.31982421875 0.09765625 0.0986328125
0 0.779296875 0.4150390625 0.09765625 0.09765625
0 0.7734375 0.52685546875 0.09765625 0.0986328125
0 0.76611328125 0.63720703125 0.1103515625 0.1103515625
0 0.7646484375 0.75048828125 0.09765625 0.0986328125
0 0.865234375 0.68310546875 0.09765625 0.0986328125
0 0.875 0.58544921875 0.09765625 0.0986328125
0 0.8720703125 0.46826171875 0.109375 0.1103515625
0 0.86962890625 0.369140625 0.0849609375 0.0859375
0 0.87109375 0.24853515625 0.09765625 0.0986328125
0 0.87255859375 0.1357421875 0.0849609375 0.0859375
0 0.869140625 0.9111328125 0.0859375 0.0859375
0 0.8662109375 0.77734375 0.09765625 0.09765625
0 0.7734375 0.85498046875 0.109375 0.1103515625
0 0.67822265625 0.91162109375 0.1103515625 0.1103515625
0 0.6787109375 0.80126953125 0.09765625 0.0986328125
0 0.5791015625 0.85986328125 0.09765625 0.0986328125
0 0.4853515625 0.91015625 0.0859375 0.0859375
0 0.484375 0.8037109375 0.0859375 0.0859375
0 0.3935546875 0.85009765625 0.09765625 0.0986328125
0 0.29638671875 0.92431640625 0.1103515625 0.1103515625
0 0.30224609375 0.79833984375 0.1103515625 0.1103515625
0 0.2119140625 0.8505859375 0.09765625 0.09765625
0 0.1171875 0.9140625 0.09765625 0.09765625
0 0.109375 0.8076171875 0.09765625 0.09765625