0 0.8740234375 0.1298828125 0.09765625 0.09765625
0 0.8837890625 0.24755859375 0.109375 0.1103515625
0 0.7841796875 0.07666015625 0.060546875 0.0615234375
0 0.7802734375 0.18310546875 0.109375 0.1103515625
0 0.7822265625 0.29345703125 0.109375 0.1103515625
0 0.68505859375 0.11962890625 0.1103515625 0.1103515625
0 0.68896484375 0.23974609375 0.1103515625 0.1103515625
0 0.59228515625 0.05712890625 0.0615234375 0.0615234375
0 0.59326171875 0.17822265625 0.1103515625 0.1103515625
0 0.5927734375 0.29443359375 0.109375 0.1103515625
0 0.4990234375 0.12548828125 0.109375 0.1103515625
0 0.498046875 0.24462890625 0.109375 0.1103515625
0 0.4033203125 0.08203125 0.0859375 0.0859375
0 0.4033203125 0.18212890625 0.109375 0.1103515625
0 0.4052734375 0.29052734375 0.09765625 0.0986328125
0 0.31201171875 0.12158203125 0.1103515625 0.1103515625
0 0.31298828125 0.23388671875 0.1103515625 0.1103515625
0 0.21728515625 0.06787109375 0.1103515625 0.1103515625
0 0.2177734375 0.16748046875 0.109375 0.1103515625
0 0.212890625 0.2822265625 0.109375 0.111328125
0 0.31591796875 0.3408203125 0.1103515625 0.111328125
0 0.125 0.1171875 0.109375 0.111328125
0 0.12109375 0.2353515625 0.109375 0.111328125
0 0.1162109375 0.34716796875 0.109375 0.1103515625
0 0.12109375 0.44873046875 0.109375 0.1103515625
0 0.1220703125 0.56396484375 0.109375 0.1103515625
0 0.12060546875 0.68115234375 0.1103515625 0.1103515625
0 0.20361328125 0.3916015625 0.1103515625 0.111328125
0 0.21484375 0.50634765625 0.109375 0.1103515625
0 0.2158203125 0.61865234375 0.109375 0.1103515625
0 0.30810546875 0.4560546875 0.1103515625 0.111328125
0 0.30419921875 0.56591796875 0.1103515625 0.1103515625
0 0.310546875 0.67041015625 0.109375 0.1103515625
0 0.408203125 0.392578125 0.09765625 0.09765625
0 0.40380859375 0.5078125 0.1103515625 0.111328125
0 0.40087890625 0.6162109375 0.1103515625 0.111328125
0 0.5029296875 0.34423828125 0.09765625 0.0986328125
0 0.50390625 0.45166015625 0.09765625 0.0986328125
0 0.501953125 0.5634765625 0.09765625 0.09765625
0 0.498046875 0.6728515625 0.09765625 0.09765625
0 0.59326171875 0.40283203125 0.1103515625 0.1103515625
0 0.5908203125 0.51318359375 0.109375 0.1103515625
0 0.5888671875 0.62060546875 0.109375 0.1103515625
0 0.5908203125 0.720703125 0.109375 0.111328125
0 0.68408203125 0.34912109375 0.1103515625 0.1103515625
0 0.68701171875 0.46044921875 0.1103515625 0.1103515625
0 0.68798828125 0.56298828125 0.1103515625 0.1103515625
0 0.68359375 0.68115234375 0.09765625 0.0986328125
0 0.7763671875 0.40869140625 0.109375 0.1103515625
0 0.78125 0.51806640625 0.09765625 0.0986328125
0 0.77978515625 0.62158203125 0.1103515625 0.1103515625
0 0.8828125 0.34423828125 0.09765625 0.0986328125
0 0.87890625 0.45263671875 0.09765625 0.0986328125
0 0.8857421875 0.56787109375 0.109375 0.1103515625
0 0.88720703125 0.67919921875 0.1103515625 0.1103515625
0 0.88330078125 0.79833984375 0.1103515625 0.1103515625
0 0.88720703125 0.91162109375 0.1103515625 0.1103515625
0 0.77685546875 0.73486328125 0.1103515625 0.1103515625
0 0.78173828125 0.84619140625 0.1103515625 0.1103515625
0 0.6845703125 0.796875 0.09765625 0.09765625
0 0.689453125 0.908203125 0.09765625 0.09765625
0 0.58984375 0.841796875 0.109375 0.111328125
0 0.49951171875 0.7841796875 0.1103515625 0.111328125
0 0.49658203125 0.89404296875 0.1103515625 0.1103515625
0 0.39892578125 0.72900390625 0.1103515625 0.1103515625
0 0.40087890625 0.84814453125 0.1103515625 0.1103515625
0 0.30859375 0.78662109375 0.109375 0.1103515625
0 0.3056640625 0.89501953125 0.109375 0.1103515625
0 0.2109375 0.73193359375 0.109375 0.1103515625
0 0.2138671875 0.84423828125 0.109375 0.1103515625
0 0.1142578125 0.78369140625 0.09765625 0.0986328125
0 0.111328125 0.89404296875 0.09765625 0.0986328125