0 0.9296875 0.4189453125 0.060546875 0.060546875
0 0.9208984375 0.3154296875 0.09765625 0.09765625
0 0.92236328125 0.20703125 0.0849609375 0.0859375
0 0.92333984375 0.09375 0.0849609375 0.0859375
0 0.82958984375 0.373046875 0.0732421875 0.07421875
0 0.736328125 0.3193359375 0.0859375 0.0859375
0 0.73095703125 0.20703125 0.0732421875 0.07421875
0 0.82421875 0.2626953125 0.09765625 0.09765625
0 0.82421875 0.1513671875 0.09765625 0.09765625
0 0.82763671875 0.03759765625 0.0615234375 0.0615234375
0 0.734375 0.0947265625 0.0859375 0.0859375