0 0.38037109375 0.68017578125 0.0732421875 0.0732421875
0 0.38134765625 0.572265625 0.0849609375 0.0859375
0 0.11083984375 0.94189453125 0.0732421875 0.0732421875
0 0.10302734375 0.8447265625 0.0732421875 0.07421875
0 0.95703125 0.78173828125 0.060546875 0.0615234375
0 0.5888671875 0.58349609375 0.060546875 0.0615234375
0 0.85498046875 0.6259765625 0.0732421875 0.07421875
0 0.09814453125 0.7275390625 0.0732421875 0.07421875
0 0.208984375 0.56982421875 0.09765625 0.0986328125
0 0.21435546875 0.6865234375 0.1103515625 0.111328125
0 0.22021484375 0.791015625 0.1103515625 0.111328125
0 0.21533203125 0.896484375 0.0732421875 0.07421875
0 0.3046875 0.61962890625 0.09765625 0.0986328125
0 0.3046875 0.736328125 0.09765625 0.09765625
0 0.30517578125 0.8505859375 0.0732421875 0.07421875
0 0.30029296875 0.9521484375 0.0732421875 0.07421875
0 0.40478515625 0.78515625 0.0732421875 0.07421875
0 0.3994140625 0.8994140625 0.09765625 0.09765625
0 0.49072265625 0.61865234375 0.0849609375 0.0869140625
0 0.49462890625 0.73193359375 0.1103515625 0.1103515625
0 0.49951171875 0.84814453125 0.1103515625 0.1103515625
0 0.59619140625 0.67529296875 0.1220703125 0.1220703125
0 0.5986328125 0.79052734375 0.09765625 0.0986328125
0 0.5888671875 0.90283203125 0.09765625 0.0986328125
0 0.6796875 0.6318359375 0.0859375 0.0859375
0 0.6845703125 0.73779296875 0.09765625 0.0986328125
0 0.6767578125 0.85107421875 0.09765625 0.0986328125
0 0.76806640625 0.6845703125 0.0849609375 0.0859375
0 0.77001953125 0.806640625 0.0849609375 0.0859375
0 0.7744140625 0.90576171875 0.0859375 0.0869140625
0 0.85595703125 0.75 0.0849609375 0.0859375
0 0.85400390625 0.8603515625 0.0849609375 0.0859375
0 0.9609375 0.6875 0.048828125 0.048828125
0 0.953125 0.892578125 0.0859375 0.0859375