0 0.06103515625 0.77099609375 0.0615234375 0.0615234375
0 0.7373046875 0.9296875 0.0859375 0.0859375
0 0.73681640625 0.82470703125 0.0615234375 0.0615234375
0 0.736328125 0.71044921875 0.09765625 0.0986328125
0 0.73779296875 0.60400390625 0.1103515625 0.1103515625
0 0.64453125 0.771484375 0.0859375 0.0859375
0 0.62939453125 0.654296875 0.0849609375 0.0859375
0 0.83349609375 0.87890625 0.0849609375 0.0859375
0 0.83251953125 0.75927734375 0.1103515625 0.1103515625
0 0.83203125 0.65380859375 0.109375 0.1103515625
0 0.9208984375 0.94189453125 0.09765625 0.0986328125
0 0.9306640625 0.82177734375 0.060546875 0.0615234375
0 0.9287109375 0.72314453125 0.109375 0.1103515625
0 0.9306640625 0.60400390625 0.109375 0.1103515625
0 0.9326171875 0.49951171875 0.109375 0.1103515625
0 0.93359375 0.38623046875 0.109375 0.1103515625
0 0.92578125 0.27490234375 0.109375 0.1103515625
0 0.8330078125 0.54931640625 0.09765625 0.0986328125
0 0.8330078125 0.43798828125 0.109375 0.1103515625
0 0.830078125 0.33154296875 0.09765625 0.0986328125
0 0.8291015625 0.21923828125 0.109375 0.1103515625
0 0.73388671875 0.50244140625 0.1103515625 0.1103515625
0 0.73876953125 0.38818359375 0.1103515625 0.1103515625
0 0.73486328125 0.26904296875 0.1103515625 0.1103515625
0 0.732421875 0.16357421875 0.109375 0.1103515625
0 0.6337890625 0.546875 0.0859375 0.0859375
0 0.63037109375 0.4453125 0.0849609375 0.0859375
0 0.63525390625 0.333984375 0.0849609375 0.0859375
0 0.63427734375 0.220703125 0.0849609375 0.0859375
0 0.5478515625 0.7119140625 0.09765625 0.09765625
0 0.53515625 0.6044921875 0.09765625 0.09765625
0 0.5390625 0.49267578125 0.109375 0.1103515625
0 0.541015625 0.38720703125 0.109375 0.1103515625
0 0.5390625 0.27197265625 0.09765625 0.0986328125
0 0.54150390625 0.16357421875 0.1103515625 0.1103515625
0 0.44287109375 0.658203125 0.1103515625 0.111328125
0 0.43896484375 0.548828125 0.1103515625 0.111328125
0 0.439453125 0.43701171875 0.109375 0.1103515625
0 0.443359375 0.33447265625 0.09765625 0.0986328125
0 0.4404296875 0.21826171875 0.109375 0.1103515625
0 0.44873046875 0.7685546875 0.0849609375 0.0859375
0 0.3486328125 0.71142578125 0.09765625 0.0986328125
0 0.3486328125 0.60546875 0.09765625 0.09765625
0 0.345703125 0.4970703125 0.09765625 0.09765625
0 0.34423828125 0.388671875 0.1103515625 0.111328125
0 0.34375 0.27880859375 0.09765625 0.0986328125
0 0.2529296875 0.75927734375 0.109375 0.1103515625
0 0.25 0.65380859375 0.09765625 0.0986328125
0 0.248046875 0.55029296875 0.09765625 0.0986328125
0 0.2568359375 0.4375 0.109375 0.111328125
0 0.25439453125 0.3330078125 0.1103515625 0.111328125
0 0.24658203125 0.236328125 0.1103515625 0.111328125
0 0.1591796875 0.71435546875 0.09765625 0.0986328125
0 0.1572265625 0.61083984375 0.09765625 0.0986328125
0 0.1552734375 0.49560546875 0.109375 0.1103515625
0 0.158203125 0.388671875 0.09765625 0.09765625
0 0.15625 0.2744140625 0.09765625 0.09765625
0 0.0654296875 0.65771484375 0.09765625 0.0986328125
0 0.0625 0.55224609375 0.09765625 0.0986328125
0 0.06396484375 0.44091796875 0.1103515625 0.1103515625
0 0.064453125 0.33349609375 0.09765625 0.0986328125
0 0.064453125 0.220703125 0.109375 0.111328125
0 0.0654296875 0.109375 0.09765625 0.09765625
0 0.1591796875 0.1669921875 0.09765625 0.09765625
0 0.1591796875 0.05615234375 0.09765625 0.0986328125
0 0.25244140625 0.10791015625 0.1103515625 0.1103515625
0 0.3505859375 0.16650390625 0.09765625 0.0986328125
0 0.353515625 0.05712890625 0.09765625 0.0986328125
0 0.44921875 0.10498046875 0.109375 0.1103515625
0 0.6318359375 0.10986328125 0.09765625 0.0986328125
0 0.8310546875 0.10693359375 0.109375 0.1103515625
0 0.92919921875 0.1630859375 0.1103515625 0.111328125