0 0.08740234375 0.787109375 0.0732421875 0.07421875
0 0.28955078125 0.2744140625 0.0732421875 0.07421875
0 0.75390625 0.0576171875 0.09765625 0.09765625
0 0.94287109375 0.06201171875 0.1103515625 0.1103515625
0 0.087890625 0.5537109375 0.0859375 0.0859375
0 0.087890625 0.455078125 0.0859375 0.0859375
0 0.09375 0.33837890625 0.09765625 0.0986328125
0 0.0947265625 0.2353515625 0.09765625 0.09765625
0 0.1875 0.84716796875 0.09765625 0.0986328125
0 0.18994140625 0.73095703125 0.1103515625 0.1103515625
0 0.2880859375 0.68408203125 0.09765625 0.0986328125
0 0.27880859375 0.79248046875 0.1103515625 0.1103515625
0 0.376953125 0.74951171875 0.109375 0.1103515625
0 0.46484375 0.8017578125 0.0859375 0.0859375
0 0.4755859375 0.697265625 0.0859375 0.0859375
0 0.4716796875 0.572265625 0.0859375 0.0859375
0 0.478515625 0.47265625 0.0859375 0.0859375
0 0.47216796875 0.3408203125 0.0849609375 0.0859375
0 0.36474609375 0.32421875 0.0849609375 0.0859375
0 0.36865234375 0.4072265625 0.0849609375 0.0859375
0 0.37890625 0.5234375 0.0859375 0.0859375
0 0.37744140625 0.6376953125 0.0849609375 0.0859375
0 0.283203125 0.5673828125 0.0859375 0.0859375
0 0.28564453125 0.4453125 0.0849609375 0.0859375
0 0.28466796875 0.36328125 0.0849609375 0.0859375
0 0.1865234375 0.212890625 0.0859375 0.0859375
0 0.18896484375 0.3203125 0.0849609375 0.0859375
0 0.18115234375 0.4150390625 0.0849609375 0.0859375
0 0.18896484375 0.509765625 0.0849609375 0.0859375
0 0.1845703125 0.6201171875 0.0859375 0.0859375
0 0.08544921875 0.673828125 0.0849609375 0.0859375
0 0.1904296875 0.06396484375 0.09765625 0.0986328125
0 0.2822265625 0.08447265625 0.109375 0.1103515625
0 0.37939453125 0.06787109375 0.1103515625 0.1103515625
0 0.4736328125 0.1357421875 0.09765625 0.09765625
0 0.564453125 0.85107421875 0.09765625 0.0986328125
0 0.560546875 0.7353515625 0.0859375 0.0859375
0 0.5625 0.62744140625 0.09765625 0.0986328125
0 0.56494140625 0.5185546875 0.0849609375 0.0859375
0 0.56640625 0.40087890625 0.09765625 0.0986328125
0 0.5654296875 0.28759765625 0.09765625 0.0986328125
0 0.6552734375 0.7861328125 0.09765625 0.09765625
0 0.654296875 0.68359375 0.09765625 0.09765625
0 0.65380859375 0.5732421875 0.0849609375 0.0859375
0 0.654296875 0.45556640625 0.09765625 0.0986328125
0 0.658203125 0.3427734375 0.0859375 0.0859375
0 0.6611328125 0.2333984375 0.09765625 0.09765625
0 0.666015625 0.134765625 0.0859375 0.0859375
0 0.74169921875 0.83544921875 0.1103515625 0.1103515625
0 0.748046875 0.72119140625 0.09765625 0.0986328125
0 0.751953125 0.61181640625 0.09765625 0.0986328125
0 0.751953125 0.49853515625 0.09765625 0.0986328125
0 0.75 0.3857421875 0.09765625 0.09765625
0 0.75 0.2880859375 0.109375 0.111328125
0 0.75537109375 0.17626953125 0.1103515625 0.1103515625
0 0.84619140625 0.8720703125 0.0849609375 0.0859375
0 0.84912109375 0.765625 0.0849609375 0.0859375
0 0.84619140625 0.6689453125 0.0849609375 0.0859375
0 0.84912109375 0.5546875 0.0849609375 0.0859375
0 0.8466796875 0.4404296875 0.09765625 0.09765625
0 0.84912109375 0.31640625 0.0849609375 0.0859375
0 0.84423828125 0.2138671875 0.0849609375 0.0859375
0 0.9384765625 0.16845703125 0.09765625 0.0986328125
0 0.94384765625 0.275390625 0.1103515625 0.111328125
0 0.9375 0.3857421875 0.09765625 0.09765625
0 0.931640625 0.50146484375 0.109375 0.1103515625
0 0.9326171875 0.60693359375 0.09765625 0.0986328125
0 0.93701171875 0.71484375 0.0849609375 0.0859375
0 0.93798828125 0.8271484375 0.0849609375 0.0859375
0 0.9375 0.93994140625 0.09765625 0.0986328125
0 0.744140625 0.94384765625 0.09765625 0.0986328125
0 0.65234375 0.90185546875 0.09765625 0.0986328125
0 0.46337890625 0.91748046875 0.1103515625 0.1103515625
0 0.2734375 0.904296875 0.109375 0.111328125
0 0.373046875 0.857421875 0.0859375 0.0859375
0 0.0888671875 0.8994140625 0.0859375 0.0859375
0 0.84033203125 0.10302734375 0.1103515625 0.1103515625