0 0.951171875 0.26318359375 0.060546875 0.0615234375
0 0.861328125 0.09326171875 0.09765625 0.0986328125
0 0.865234375 0.20947265625 0.09765625 0.0986328125
0 0.857421875 0.31494140625 0.09765625 0.0986328125
0 0.857421875 0.42333984375 0.09765625 0.0986328125
0 0.7646484375 0.14892578125 0.09765625 0.0986328125
0 0.76513671875 0.26513671875 0.0732421875 0.0732421875
0 0.7666015625 0.36962890625 0.09765625 0.0986328125
0 0.7646484375 0.48291015625 0.09765625 0.0986328125
0 0.67431640625 0.09912109375 0.1103515625 0.1103515625
0 0.6669921875 0.19677734375 0.09765625 0.0986328125
0 0.6640625 0.32666015625 0.09765625 0.0986328125
0 0.669921875 0.43212890625 0.109375 0.1103515625
0 0.5791015625 0.15478515625 0.109375 0.1103515625
0 0.5791015625 0.27197265625 0.09765625 0.0986328125
0 0.5791015625 0.37255859375 0.09765625 0.0986328125
0 0.5732421875 0.486328125 0.109375 0.111328125
0 0.484375 0.09619140625 0.109375 0.1103515625
0 0.48046875 0.20556640625 0.109375 0.1103515625
0 0.482421875 0.31494140625 0.109375 0.1103515625
0 0.48095703125 0.4267578125 0.1103515625 0.111328125
0 0.38427734375 0.14208984375 0.1103515625 0.1103515625
0 0.3876953125 0.25390625 0.09765625 0.09765625
0 0.38916015625 0.3642578125 0.1103515625 0.111328125
0 0.38916015625 0.48291015625 0.1103515625 0.1103515625
0 0.29541015625 0.09521484375 0.1103515625 0.1103515625
0 0.29736328125 0.2119140625 0.1103515625 0.111328125
0 0.2880859375 0.3212890625 0.09765625 0.09765625
0 0.2978515625 0.43896484375 0.109375 0.1103515625
0 0.19921875 0.1484375 0.109375 0.111328125
0 0.1982421875 0.26806640625 0.060546875 0.0615234375
0 0.1943359375 0.37451171875 0.109375 0.1103515625
0 0.1962890625 0.48486328125 0.109375 0.1103515625
0 0.1044921875 0.0927734375 0.109375 0.111328125
0 0.107421875 0.20263671875 0.109375 0.1103515625
0 0.09912109375 0.31103515625 0.1103515625 0.1103515625
0 0.10302734375 0.43115234375 0.1103515625 0.1103515625
0 0.09814453125 0.54052734375 0.1103515625 0.1103515625
0 0.10107421875 0.65185546875 0.1103515625 0.1103515625
0 0.10205078125 0.75439453125 0.1103515625 0.1103515625
0 0.09765625 0.87255859375 0.09765625 0.0986328125
0 0.1904296875 0.60009765625 0.109375 0.1103515625
0 0.1953125 0.70947265625 0.09765625 0.0986328125
0 0.19384765625 0.81298828125 0.1103515625 0.1103515625
0 0.296875 0.53564453125 0.09765625 0.0986328125
0 0.29296875 0.64404296875 0.09765625 0.0986328125
0 0.2998046875 0.75927734375 0.109375 0.1103515625
0 0.30126953125 0.87060546875 0.1103515625 0.1103515625
0 0.39013671875 0.59326171875 0.1103515625 0.1103515625
0 0.3916015625 0.70263671875 0.109375 0.1103515625
0 0.3896484375 0.80615234375 0.109375 0.1103515625
0 0.48779296875 0.5341796875 0.1103515625 0.111328125
0 0.48291015625 0.65087890625 0.1103515625 0.1103515625
0 0.48486328125 0.75439453125 0.1103515625 0.1103515625
0 0.47900390625 0.86669921875 0.1103515625 0.1103515625
0 0.5810546875 0.591796875 0.109375 0.111328125
0 0.578125 0.70361328125 0.109375 0.1103515625
0 0.576171875 0.81201171875 0.09765625 0.0986328125
0 0.578125 0.92822265625 0.09765625 0.0986328125
0 0.67236328125 0.53271484375 0.1103515625 0.1103515625
0 0.6708984375 0.654296875 0.0859375 0.0859375
0 0.6708984375 0.7607421875 0.09765625 0.09765625
0 0.67578125 0.87158203125 0.09765625 0.0986328125
0 0.76708984375 0.59130859375 0.1103515625 0.1103515625
0 0.76611328125 0.6962890625 0.1103515625 0.111328125
0 0.7666015625 0.818359375 0.109375 0.111328125
0 0.7626953125 0.92431640625 0.109375 0.1103515625
0 0.861328125 0.53369140625 0.109375 0.1103515625
0 0.85888671875 0.65087890625 0.1103515625 0.1103515625
0 0.86083984375 0.75732421875 0.1103515625 0.1103515625
0 0.86181640625 0.8681640625 0.1103515625 0.111328125
0 0.3935546875 0.92724609375 0.109375 0.1103515625
0 0.19091796875 0.92626953125 0.1103515625 0.1103515625