0 0.47705078125 0.18701171875 0.0732421875 0.0732421875
0 0.7587890625 0.78466796875 0.0859375 0.0869140625
0 0.09716796875 0.169921875 0.0732421875 0.07421875
0 0.09375 0.302734375 0.09765625 0.09765625
0 0.09326171875 0.404296875 0.1103515625 0.111328125
0 0.08935546875 0.51416015625 0.1103515625 0.1103515625
0 0.19189453125 0.11376953125 0.0732421875 0.0732421875
0 0.1923828125 0.2333984375 0.0859375 0.0859375
0 0.193359375 0.3505859375 0.09765625 0.09765625
0 0.1953125 0.462890625 0.09765625 0.09765625
0 0.27783203125 0.05908203125 0.0732421875 0.0732421875
0 0.27734375 0.16943359375 0.060546875 0.0615234375
0 0.28515625 0.275390625 0.0859375 0.0859375
0 0.2841796875 0.41015625 0.09765625 0.09765625
0 0.283203125 0.49609375 0.09765625 0.09765625
0 0.37646484375 0.12451171875 0.0732421875 0.0732421875
0 0.38232421875 0.25146484375 0.0732421875 0.0732421875
0 0.3828125 0.35107421875 0.109375 0.1103515625
0 0.384765625 0.46337890625 0.109375 0.1103515625
0 0.47119140625 0.0673828125 0.1220703125 0.123046875
0 0.47705078125 0.2978515625 0.0849609375 0.0859375
0 0.47509765625 0.40966796875 0.1103515625 0.1103515625
0 0.47314453125 0.5224609375 0.1220703125 0.123046875
0 0.57568359375 0.126953125 0.1220703125 0.123046875
0 0.578125 0.23974609375 0.109375 0.1103515625
0 0.5654296875 0.35302734375 0.109375 0.1103515625
0 0.56884765625 0.46240234375 0.1103515625 0.1103515625
0 0.669921875 0.0751953125 0.09765625 0.09765625
0 0.66845703125 0.1953125 0.1220703125 0.123046875
0 0.6748046875 0.29150390625 0.109375 0.1103515625
0 0.6796875 0.40771484375 0.109375 0.1103515625
0 0.6728515625 0.51513671875 0.109375 0.1103515625
0 0.76318359375 0.1298828125 0.1220703125 0.123046875
0 0.775390625 0.34375 0.0859375 0.0859375
0 0.7587890625 0.46142578125 0.109375 0.1103515625
0 0.85546875 0.0810546875 0.09765625 0.09765625
0 0.86376953125 0.1875 0.1220703125 0.123046875
0 0.86376953125 0.296875 0.1103515625 0.111328125
0 0.86181640625 0.39892578125 0.1103515625 0.1103515625
0 0.85498046875 0.51416015625 0.1103515625 0.1103515625
0 0.95458984375 0.88427734375 0.0732421875 0.0732421875
0 0.8603515625 0.62255859375 0.109375 0.1103515625
0 0.859375 0.73388671875 0.109375 0.1103515625
0 0.7626953125 0.57470703125 0.109375 0.1103515625
0 0.765625 0.6875 0.0859375 0.0859375
0 0.66845703125 0.61865234375 0.1103515625 0.1103515625
0 0.66455078125 0.72900390625 0.1103515625 0.1103515625
0 0.6689453125 0.84033203125 0.09765625 0.0986328125
0 0.56494140625 0.57177734375 0.1103515625 0.1103515625
0 0.576171875 0.80126953125 0.09765625 0.0986328125
0 0.5673828125 0.8974609375 0.09765625 0.09765625
0 0.4716796875 0.62353515625 0.109375 0.1103515625
0 0.47119140625 0.7392578125 0.1220703125 0.123046875
0 0.47607421875 0.8388671875 0.1220703125 0.123046875
0 0.3828125 0.57666015625 0.109375 0.1103515625
0 0.37744140625 0.6806640625 0.1220703125 0.123046875
0 0.37451171875 0.787109375 0.1220703125 0.123046875
0 0.37158203125 0.9013671875 0.1220703125 0.123046875
0 0.27783203125 0.625 0.1220703125 0.123046875
0 0.28271484375 0.732421875 0.1220703125 0.123046875
0 0.28271484375 0.83984375 0.1220703125 0.123046875
0 0.19189453125 0.576171875 0.1220703125 0.123046875
0 0.18896484375 0.681640625 0.1220703125 0.123046875
0 0.18701171875 0.7802734375 0.1220703125 0.123046875
0 0.18701171875 0.9013671875 0.1220703125 0.123046875
0 0.09716796875 0.6181640625 0.1220703125 0.123046875
0 0.09521484375 0.7353515625 0.1220703125 0.123046875
0 0.09423828125 0.8466796875 0.1220703125 0.123046875