0 0.87451171875 0.13720703125 0.1103515625 0.1103515625
0 0.8779296875 0.2490234375 0.09765625 0.09765625
0 0.87939453125 0.359375 0.1103515625 0.111328125
0 0.87939453125 0.47802734375 0.1103515625 0.1103515625
0 0.78564453125 0.09033203125 0.1103515625 0.1103515625
0 0.78759765625 0.20703125 0.1103515625 0.111328125
0 0.7783203125 0.31640625 0.09765625 0.09765625
0 0.7880859375 0.43408203125 0.109375 0.1103515625
0 0.689453125 0.1435546875 0.109375 0.111328125
0 0.6884765625 0.26318359375 0.060546875 0.0615234375
0 0.6845703125 0.36962890625 0.109375 0.1103515625
0 0.6865234375 0.47998046875 0.109375 0.1103515625
0 0.5947265625 0.087890625 0.109375 0.111328125
0 0.59765625 0.19775390625 0.109375 0.1103515625
0 0.58935546875 0.30615234375 0.1103515625 0.1103515625
0 0.59326171875 0.42626953125 0.1103515625 0.1103515625
0 0.50048828125 0.14404296875 0.1103515625 0.1103515625
0 0.49658203125 0.24365234375 0.0615234375 0.0615234375
0 0.49755859375 0.36474609375 0.1103515625 0.1103515625
0 0.4970703125 0.48095703125 0.109375 0.1103515625
0 0.40673828125 0.09326171875 0.0615234375 0.0615234375
0 0.40185546875 0.20166015625 0.0615234375 0.0615234375
0 0.4033203125 0.31201171875 0.109375 0.1103515625
0 0.40234375 0.43115234375 0.109375 0.1103515625
0 0.3134765625 0.14306640625 0.109375 0.1103515625
0 0.3076171875 0.2685546875 0.0859375 0.0859375
0 0.3076171875 0.36865234375 0.109375 0.1103515625
0 0.3095703125 0.47705078125 0.09765625 0.0986328125
0 0.2158203125 0.08544921875 0.109375 0.1103515625
0 0.21240234375 0.19775390625 0.1103515625 0.1103515625
0 0.21630859375 0.30810546875 0.1103515625 0.1103515625
0 0.21728515625 0.42041015625 0.1103515625 0.1103515625
0 0.11962890625 0.13720703125 0.1103515625 0.1103515625
0 0.12158203125 0.25439453125 0.1103515625 0.1103515625
0 0.1220703125 0.35400390625 0.109375 0.1103515625
0 0.1171875 0.46875 0.109375 0.111328125
0 0.22021484375 0.52734375 0.1103515625 0.111328125
0 0.10791015625 0.578125 0.1103515625 0.111328125
0 0.119140625 0.69287109375 0.109375 0.1103515625
0 0.1201171875 0.80517578125 0.109375 0.1103515625
0 0.21240234375 0.642578125 0.1103515625 0.111328125
0 0.20849609375 0.75244140625 0.1103515625 0.1103515625
0 0.21484375 0.85693359375 0.109375 0.1103515625
0 0.3125 0.5791015625 0.09765625 0.09765625
0 0.30810546875 0.6943359375 0.1103515625 0.111328125
0 0.30517578125 0.802734375 0.1103515625 0.111328125
0 0.4072265625 0.53076171875 0.09765625 0.0986328125
0 0.408203125 0.63818359375 0.09765625 0.0986328125
0 0.40625 0.75 0.09765625 0.09765625
0 0.40234375 0.859375 0.09765625 0.09765625
0 0.49755859375 0.58935546875 0.1103515625 0.1103515625
0 0.4951171875 0.69970703125 0.109375 0.1103515625
0 0.4931640625 0.80712890625 0.109375 0.1103515625
0 0.4951171875 0.9072265625 0.109375 0.111328125
0 0.58837890625 0.53564453125 0.1103515625 0.1103515625
0 0.59130859375 0.64697265625 0.1103515625 0.1103515625
0 0.59228515625 0.74951171875 0.1103515625 0.1103515625
0 0.587890625 0.86767578125 0.09765625 0.0986328125
0 0.6806640625 0.59521484375 0.109375 0.1103515625
0 0.685546875 0.70458984375 0.09765625 0.0986328125
0 0.68408203125 0.80810546875 0.1103515625 0.1103515625
0 0.787109375 0.53076171875 0.09765625 0.0986328125
0 0.783203125 0.63916015625 0.09765625 0.0986328125
0 0.7900390625 0.75439453125 0.109375 0.1103515625
0 0.79150390625 0.86572265625 0.1103515625 0.1103515625
0 0.88037109375 0.58837890625 0.1103515625 0.1103515625
0 0.8818359375 0.69775390625 0.109375 0.1103515625
0 0.8798828125 0.80126953125 0.109375 0.1103515625
0 0.8837890625 0.92236328125 0.109375 0.1103515625
0 0.68115234375 0.92138671875 0.1103515625 0.1103515625
0 0.30322265625 0.91552734375 0.1103515625 0.1103515625
0 0.115234375 0.91845703125 0.109375 0.1103515625