0 0.71630859375 0.41259765625 0.0732421875 0.0732421875
0 0.11865234375 0.6943359375 0.0869140625 0.0859375
0 0.875 0.89697265625 0.07421875 0.0732421875
0 0.87939453125 0.12744140625 0.0732421875 0.0732421875
0 0.78955078125 0.12744140625 0.0732421875 0.0732421875
0 0.669921875 0.1279296875 0.0859375 0.0859375
0 0.552734375 0.12890625 0.09765625 0.09765625
0 0.4404296875 0.130859375 0.09765625 0.09765625
0 0.92041015625 0.20947265625 0.0732421875 0.0732421875
0 0.84423828125 0.21337890625 0.0732421875 0.0732421875
0 0.73388671875 0.212890625 0.0615234375 0.060546875
0 0.6279296875 0.220703125 0.0859375 0.0859375
0 0.4931640625 0.2197265625 0.09765625 0.09765625
0 0.4072265625 0.21875 0.09765625 0.09765625
0 0.90576171875 0.30908203125 0.0732421875 0.0732421875
0 0.77880859375 0.31201171875 0.0732421875 0.0732421875
0 0.65185546875 0.31787109375 0.0732421875 0.0732421875
0 0.55224609375 0.318359375 0.1103515625 0.109375
0 0.43994140625 0.3203125 0.1103515625 0.109375
0 0.8359375 0.40673828125 0.123046875 0.1220703125
0 0.60546875 0.41259765625 0.0859375 0.0849609375
0 0.49365234375 0.41064453125 0.1103515625 0.1103515625
0 0.380859375 0.40869140625 0.123046875 0.1220703125
0 0.88330078125 0.5087890625 0.0986328125 0.09765625
0 0.7763671875 0.51123046875 0.123046875 0.1220703125
0 0.66357421875 0.513671875 0.1103515625 0.109375
0 0.55029296875 0.5009765625 0.1103515625 0.109375
0 0.44091796875 0.50439453125 0.1103515625 0.1103515625
0 0.9111328125 0.60498046875 0.0859375 0.0849609375
0 0.828125 0.60546875 0.09765625 0.09765625
0 0.7080078125 0.60400390625 0.123046875 0.1220703125
0 0.61181640625 0.6103515625 0.1103515625 0.109375
0 0.49560546875 0.615234375 0.1103515625 0.109375
0 0.38818359375 0.6083984375 0.1103515625 0.109375
0 0.8857421875 0.69677734375 0.0859375 0.0849609375
0 0.7734375 0.69873046875 0.123046875 0.1220703125
0 0.5595703125 0.7109375 0.0859375 0.0859375
0 0.44189453125 0.6943359375 0.1103515625 0.109375
0 0.822265625 0.791015625 0.09765625 0.09765625
0 0.7158203125 0.79931640625 0.123046875 0.1220703125
0 0.6064453125 0.79931640625 0.111328125 0.1103515625
0 0.50439453125 0.79736328125 0.1103515625 0.1103515625
0 0.38916015625 0.79052734375 0.1103515625 0.1103515625
0 0.77978515625 0.88671875 0.1103515625 0.109375
0 0.6669921875 0.8916015625 0.111328125 0.109375
0 0.5546875 0.89111328125 0.123046875 0.1220703125
0 0.43994140625 0.88916015625 0.1103515625 0.1103515625
0 0.328125 0.88916015625 0.111328125 0.1103515625
0 0.22216796875 0.88916015625 0.1103515625 0.1103515625
0 0.12353515625 0.89306640625 0.1103515625 0.1103515625
0 0.28076171875 0.7958984375 0.1103515625 0.109375
0 0.16943359375 0.794921875 0.1103515625 0.109375
0 0.32861328125 0.6982421875 0.1103515625 0.109375
0 0.2158203125 0.701171875 0.0859375 0.0859375
0 0.28466796875 0.60400390625 0.1103515625 0.1103515625
0 0.17431640625 0.60009765625 0.1103515625 0.1103515625
0 0.06298828125 0.6044921875 0.0986328125 0.09765625
0 0.33154296875 0.50048828125 0.1103515625 0.1103515625
0 0.10205078125 0.51171875 0.0986328125 0.09765625
0 0.27978515625 0.4072265625 0.1103515625 0.109375
0 0.1640625 0.40673828125 0.123046875 0.1220703125
0 0.064453125 0.41162109375 0.123046875 0.1220703125
0 0.32666015625 0.318359375 0.1103515625 0.109375
0 0.22265625 0.31298828125 0.123046875 0.1220703125
0 0.1162109375 0.31005859375 0.123046875 0.1220703125
0 0.2783203125 0.21337890625 0.123046875 0.1220703125
0 0.1708984375 0.21826171875 0.123046875 0.1220703125
0 0.0634765625 0.21826171875 0.123046875 0.1220703125
0 0.3271484375 0.12744140625 0.123046875 0.1220703125
0 0.2216796875 0.12451171875 0.123046875 0.1220703125
0 0.123046875 0.12255859375 0.123046875 0.1220703125