0 0.3779296875 0.13330078125 0.09765625 0.0986328125
0 0.37646484375 0.23974609375 0.1103515625 0.1103515625
0 0.4697265625 0.072265625 0.0859375 0.0859375
0 0.48486328125 0.189453125 0.0849609375 0.0859375
0 0.28173828125 0.08447265625 0.1103515625 0.1103515625
0 0.2822265625 0.18994140625 0.109375 0.1103515625
0 0.185546875 0.12060546875 0.109375 0.1103515625
0 0.18359375 0.23974609375 0.109375 0.1103515625
0 0.08984375 0.07373046875 0.09765625 0.0986328125
0 0.08984375 0.18212890625 0.09765625 0.0986328125
0 0.09375 0.29248046875 0.109375 0.1103515625
0 0.09130859375 0.40966796875 0.1103515625 0.1103515625
0 0.09326171875 0.51611328125 0.1103515625 0.1103515625
0 0.09423828125 0.626953125 0.1103515625 0.111328125
0 0.181640625 0.34423828125 0.109375 0.1103515625
0 0.1806640625 0.45751953125 0.109375 0.1103515625
0 0.1884765625 0.56884765625 0.109375 0.1103515625
0 0.28125 0.29443359375 0.09765625 0.0986328125
0 0.28125 0.40576171875 0.109375 0.1103515625
0 0.2841796875 0.51220703125 0.09765625 0.0986328125
0 0.28515625 0.62451171875 0.109375 0.1103515625
0 0.38037109375 0.34130859375 0.1103515625 0.1103515625
0 0.37548828125 0.45556640625 0.1103515625 0.1103515625
0 0.37939453125 0.57470703125 0.1103515625 0.1103515625
0 0.3818359375 0.68017578125 0.109375 0.1103515625
0 0.48046875 0.296875 0.0859375 0.0859375
0 0.48388671875 0.3984375 0.0849609375 0.0859375
0 0.47900390625 0.509765625 0.0849609375 0.0859375
0 0.47998046875 0.623046875 0.0849609375 0.0859375
0 0.56640625 0.1318359375 0.09765625 0.09765625
0 0.5791015625 0.2392578125 0.09765625 0.09765625
0 0.5751953125 0.35107421875 0.109375 0.1103515625
0 0.5732421875 0.45654296875 0.109375 0.1103515625
0 0.5751953125 0.57177734375 0.09765625 0.0986328125
0 0.57275390625 0.68017578125 0.1103515625 0.1103515625
0 0.67138671875 0.185546875 0.1103515625 0.111328125
0 0.67529296875 0.294921875 0.1103515625 0.111328125
0 0.6748046875 0.40673828125 0.109375 0.1103515625
0 0.6708984375 0.50927734375 0.09765625 0.0986328125
0 0.673828125 0.62548828125 0.109375 0.1103515625
0 0.66552734375 0.0751953125 0.0849609375 0.0859375
0 0.765625 0.13232421875 0.09765625 0.0986328125
0 0.765625 0.23828125 0.09765625 0.09765625
0 0.7685546875 0.3466796875 0.09765625 0.09765625
0 0.77001953125 0.455078125 0.1103515625 0.111328125
0 0.7705078125 0.56494140625 0.09765625 0.0986328125
0 0.861328125 0.08447265625 0.109375 0.1103515625
0 0.8642578125 0.18994140625 0.09765625 0.0986328125
0 0.8662109375 0.29345703125 0.09765625 0.0986328125
0 0.857421875 0.40625 0.109375 0.111328125
0 0.85986328125 0.5107421875 0.1103515625 0.111328125
0 0.86767578125 0.607421875 0.1103515625 0.111328125
0 0.86181640625 0.73583984375 0.1103515625 0.1103515625
0 0.86376953125 0.84326171875 0.1103515625 0.1103515625
0 0.8603515625 0.9541015625 0.0859375 0.0859375
0 0.763671875 0.67724609375 0.09765625 0.0986328125
0 0.7607421875 0.78662109375 0.09765625 0.0986328125
0 0.76953125 0.89990234375 0.09765625 0.0986328125
0 0.6650390625 0.73876953125 0.109375 0.1103515625
0 0.6640625 0.85107421875 0.109375 0.1103515625
0 0.57470703125 0.79150390625 0.1103515625 0.1103515625
0 0.56591796875 0.90185546875 0.1103515625 0.1103515625
0 0.482421875 0.73388671875 0.09765625 0.0986328125
0 0.4853515625 0.841796875 0.0859375 0.0859375
0 0.380859375 0.79248046875 0.109375 0.1103515625
0 0.3828125 0.896484375 0.109375 0.111328125
0 0.283203125 0.73681640625 0.109375 0.1103515625
0 0.28466796875 0.84765625 0.1103515625 0.111328125
0 0.18505859375 0.6806640625 0.1103515625 0.111328125
0 0.18701171875 0.7880859375 0.1103515625 0.111328125
0 0.19091796875 0.90576171875 0.1103515625 0.1103515625
0 0.09716796875 0.744140625 0.1103515625 0.111328125
0 0.095703125 0.84912109375 0.09765625 0.0986328125