0 0.8265625 0.26875 0.071875 0.071875
0 0.915625 0.41484375 0.071875 0.0734375
0 0.9171875 0.309375 0.071875 0.071875
0 0.7328125 0.33203125 0.084375 0.0859375
0 0.828125 0.36484375 0.071875 0.0734375
0 0.5515625 0.8859375 0.071875 0.071875
0 0.8328125 0.48046875 0.071875 0.0734375
0 0.55 0.784375 0.071875 0.071875
0 0.9203125 0.53515625 0.071875 0.0734375
0 0.0703125 0.17265625 0.096875 0.0984375
0 0.065625 0.28125 0.109375 0.109375
0 0.065625 0.5078125 0.109375 0.109375
0 0.0671875 0.6109375 0.121875 0.121875
0 0.16015625 0.13984375 0.0484375 0.0484375
0 0.15625 0.22578125 0.096875 0.0984375
0 0.15625 0.3390625 0.121875 0.121875
0 0.159375 0.4453125 0.121875 0.121875
0 0.159375 0.5625 0.109375 0.109375
0 0.1546875 0.665625 0.121875 0.121875
0 0.2453125 0.171875 0.071875 0.071875
0 0.25 0.284375 0.109375 0.109375
0 0.25 0.39375 0.109375 0.109375
0 0.25078125 0.50234375 0.0859375 0.0859375
0 0.25625 0.615625 0.109375 0.109375
0 0.3546875 0.2234375 0.121875 0.121875
0 0.34375 0.3328125 0.121875 0.121875
0 0.3515625 0.45390625 0.096875 0.0984375
0 0.3515625 0.55234375 0.096875 0.0984375
0 0.3484375 0.671875 0.121875 0.121875
0 0.4484375 0.16953125 0.071875 0.0734375
0 0.4546875 0.28125 0.096875 0.096875
0 0.4609375 0.3953125 0.121875 0.121875
0 0.45625 0.50859375 0.096875 0.0984375
0 0.4453125 0.61015625 0.096875 0.0984375
0 0.55 0.225 0.121875 0.121875
0 0.5453125 0.3453125 0.121875 0.121875
0 0.546875 0.45390625 0.084375 0.0859375
0 0.5453125 0.57421875 0.096875 0.0984375
0 0.640625 0.1765625 0.096875 0.096875
0 0.64375 0.2890625 0.096875 0.096875
0 0.64375 0.39375 0.096875 0.096875
0 0.6453125 0.5078125 0.096875 0.096875
0 0.6453125 0.6140625 0.121875 0.121875
0 0.54375 0.684375 0.071875 0.071875
0 0.6453125 0.725 0.121875 0.121875
0 0.7296875 0.22890625 0.071875 0.0734375
0 0.73828125 0.45078125 0.0859375 0.0859375
0 0.734375 0.5625 0.096875 0.096875
0 0.734375 0.6734375 0.121875 0.121875
0 0.825 0.17109375 0.059375 0.0609375
0 0.8265625 0.6125 0.096875 0.096875
0 0.9125 0.20390625 0.059375 0.0609375
0 0.9265625 0.67421875 0.084375 0.0859375
0 0.9265625 0.784375 0.096875 0.096875
0 0.921875 0.896875 0.096875 0.096875
0 0.83359375 0.72890625 0.0859375 0.0859375
0 0.828125 0.83671875 0.109375 0.1109375
0 0.82890625 0.93984375 0.0859375 0.0859375
0 0.7359375 0.7765625 0.096875 0.096875
0 0.73125 0.88984375 0.096875 0.0984375
0 0.640625 0.8328125 0.109375 0.109375
0 0.640625 0.94609375 0.096875 0.0984375
0 0.440625 0.72578125 0.096875 0.0984375
0 0.4421875 0.83515625 0.096875 0.0984375
0 0.45 0.94453125 0.096875 0.0984375
0 0.3453125 0.7859375 0.109375 0.109375
0 0.3484375 0.88984375 0.096875 0.0984375
0 0.24375 0.7203125 0.109375 0.109375
0 0.2515625 0.83203125 0.096875 0.0984375
0 0.25 0.94140625 0.096875 0.0984375
0 0.15625 0.77734375 0.096875 0.0984375
0 0.1578125 0.8828125 0.096875 0.096875
0 0.0625 0.721875 0.121875 0.121875
0 0.0625 0.8328125 0.096875 0.096875
0 0.0625 0.940625 0.096875 0.096875