0 0.1298828125 0.06640625 0.09765625 0.09765625
0 0.24755859375 0.056640625 0.1103515625 0.109375
0 0.07666015625 0.15625 0.0615234375 0.060546875
0 0.18310546875 0.16015625 0.1103515625 0.109375
0 0.29345703125 0.158203125 0.1103515625 0.109375
0 0.11962890625 0.25537109375 0.1103515625 0.1103515625
0 0.23974609375 0.25146484375 0.1103515625 0.1103515625
0 0.05712890625 0.34814453125 0.0615234375 0.0615234375
0 0.17822265625 0.34716796875 0.1103515625 0.1103515625
0 0.29443359375 0.34765625 0.1103515625 0.109375
0 0.12548828125 0.44140625 0.1103515625 0.109375
0 0.24462890625 0.4423828125 0.1103515625 0.109375
0 0.08203125 0.537109375 0.0859375 0.0859375
0 0.18212890625 0.537109375 0.1103515625 0.109375
0 0.29052734375 0.53515625 0.0986328125 0.09765625
0 0.12158203125 0.62841796875 0.1103515625 0.1103515625
0 0.23388671875 0.62744140625 0.1103515625 0.1103515625
0 0.06787109375 0.72314453125 0.1103515625 0.1103515625
0 0.16748046875 0.72265625 0.1103515625 0.109375
0 0.2822265625 0.7275390625 0.111328125 0.109375
0 0.3408203125 0.62451171875 0.111328125 0.1103515625
0 0.1171875 0.8154296875 0.111328125 0.109375
0 0.2353515625 0.8193359375 0.111328125 0.109375
0 0.068359375 0.9169921875 0.09765625 0.09765625
0 0.169921875 0.90966796875 0.111328125 0.1103515625
0 0.28759765625 0.91748046875 0.1103515625 0.1103515625
0 0.39990234375 0.91845703125 0.1103515625 0.1103515625
0 0.50341796875 0.91552734375 0.1103515625 0.1103515625
0 0.61279296875 0.90771484375 0.0869140625 0.0849609375
0 0.34716796875 0.82421875 0.1103515625 0.109375
0 0.44873046875 0.8193359375 0.1103515625 0.109375
0 0.56396484375 0.818359375 0.1103515625 0.109375
0 0.68115234375 0.81982421875 0.1103515625 0.1103515625
0 0.3916015625 0.73681640625 0.111328125 0.1103515625
0 0.50634765625 0.7255859375 0.1103515625 0.109375
0 0.61865234375 0.724609375 0.1103515625 0.109375
0 0.4560546875 0.63232421875 0.111328125 0.1103515625
0 0.56591796875 0.63623046875 0.1103515625 0.1103515625
0 0.67041015625 0.6298828125 0.1103515625 0.109375
0 0.392578125 0.5322265625 0.09765625 0.09765625
0 0.5078125 0.53662109375 0.111328125 0.1103515625
0 0.6162109375 0.53955078125 0.111328125 0.1103515625
0 0.34423828125 0.4375 0.0986328125 0.09765625
0 0.45166015625 0.4365234375 0.0986328125 0.09765625
0 0.5634765625 0.4384765625 0.09765625 0.09765625
0 0.6728515625 0.4423828125 0.09765625 0.09765625
0 0.40283203125 0.34716796875 0.1103515625 0.1103515625
0 0.51318359375 0.349609375 0.1103515625 0.109375
0 0.62060546875 0.3515625 0.1103515625 0.109375
0 0.720703125 0.349609375 0.111328125 0.109375
0 0.34912109375 0.25634765625 0.1103515625 0.1103515625
0 0.46044921875 0.25341796875 0.1103515625 0.1103515625
0 0.56298828125 0.25244140625 0.1103515625 0.1103515625
0 0.68115234375 0.2568359375 0.0986328125 0.09765625
0 0.40869140625 0.1640625 0.1103515625 0.109375
0 0.51806640625 0.1591796875 0.0986328125 0.09765625
0 0.62158203125 0.16064453125 0.1103515625 0.1103515625
0 0.34423828125 0.0576171875 0.0986328125 0.09765625
0 0.45263671875 0.0615234375 0.0986328125 0.09765625
0 0.79833984375 0.05712890625 0.1103515625 0.1103515625
0 0.73486328125 0.16357421875 0.1103515625 0.1103515625
0 0.84619140625 0.15869140625 0.1103515625 0.1103515625
0 0.796875 0.255859375 0.09765625 0.09765625
0 0.908203125 0.2509765625 0.09765625 0.09765625
0 0.841796875 0.3505859375 0.111328125 0.109375
0 0.7841796875 0.44091796875 0.111328125 0.1103515625
0 0.89404296875 0.44384765625 0.1103515625 0.1103515625
0 0.72900390625 0.54150390625 0.1103515625 0.1103515625
0 0.84814453125 0.53955078125 0.1103515625 0.1103515625
0 0.78662109375 0.6318359375 0.1103515625 0.109375
0 0.89501953125 0.634765625 0.1103515625 0.109375
0 0.73193359375 0.7294921875 0.1103515625 0.109375
0 0.84423828125 0.7265625 0.1103515625 0.109375
0 0.78369140625 0.826171875 0.0986328125 0.09765625
0 0.89404296875 0.8291015625 0.0986328125 0.09765625
0 0.72412109375 0.9169921875 0.0986328125 0.09765625
0 0.84423828125 0.919921875 0.1103515625 0.109375