0 0.64990234375 0.14111328125 0.0732421875 0.0732421875
0 0.900390625 0.923828125 0.109375 0.111328125
0 0.90185546875 0.81982421875 0.1103515625 0.1103515625
0 0.8154296875 0.75830078125 0.09765625 0.0986328125
0 0.8154296875 0.86767578125 0.109375 0.1103515625
0 0.712890625 0.92724609375 0.09765625 0.0986328125
0 0.716796875 0.806640625 0.09765625 0.09765625
0 0.62158203125 0.873046875 0.0849609375 0.0859375
0 0.5244140625 0.88818359375 0.09765625 0.0986328125
0 0.5244140625 0.79833984375 0.109375 0.1103515625
0 0.4326171875 0.75830078125 0.09765625 0.0986328125
0 0.4365234375 0.87548828125 0.109375 0.1103515625
0 0.1591796875 0.80859375 0.048828125 0.048828125
0 0.33447265625 0.82177734375 0.0849609375 0.0869140625
0 0.33447265625 0.91796875 0.0849609375 0.0859375
0 0.24658203125 0.8671875 0.0849609375 0.0859375
0 0.248046875 0.9736328125 0.048828125 0.048828125
0 0.064453125 0.8701171875 0.048828125 0.048828125
0 0.15234375 0.91650390625 0.048828125 0.0498046875
0 0.53173828125 0.18505859375 0.0615234375 0.0615234375
0 0.91943359375 0.0986328125 0.0849609375 0.0859375
0 0.9140625 0.20654296875 0.09765625 0.0986328125
0 0.9140625 0.3076171875 0.09765625 0.09765625
0 0.9140625 0.42333984375 0.109375 0.1103515625
0 0.91552734375 0.52099609375 0.1103515625 0.1103515625
0 0.8173828125 0.47900390625 0.109375 0.1103515625
0 0.818359375 0.36474609375 0.09765625 0.0986328125
0 0.8291015625 0.2490234375 0.109375 0.111328125
0 0.8203125 0.14794921875 0.109375 0.1103515625
0 0.72705078125 0.09423828125 0.1103515625 0.1103515625
0 0.7373046875 0.20703125 0.0859375 0.0859375
0 0.6455078125 0.265625 0.09765625 0.09765625
0 0.62744140625 0.36572265625 0.1103515625 0.1103515625
0 0.62451171875 0.45166015625 0.1103515625 0.1103515625
0 0.7294921875 0.4609375 0.109375 0.111328125
0 0.720703125 0.31689453125 0.09765625 0.0986328125
0 0.52880859375 0.27587890625 0.0732421875 0.0732421875
0 0.533203125 0.38134765625 0.09765625 0.0986328125
0 0.52880859375 0.48974609375 0.1103515625 0.1103515625
0 0.4453125 0.4501953125 0.09765625 0.09765625
0 0.4501953125 0.37255859375 0.09765625 0.0986328125
0 0.3603515625 0.08984375 0.09765625 0.09765625
0 0.26171875 0.0517578125 0.0859375 0.0859375
0 0.26416015625 0.14404296875 0.1103515625 0.1103515625
0 0.2568359375 0.25634765625 0.09765625 0.0986328125
0 0.34814453125 0.39697265625 0.0732421875 0.0732421875
0 0.3544921875 0.49560546875 0.09765625 0.0986328125
0 0.16748046875 0.08935546875 0.1103515625 0.1103515625
0 0.17138671875 0.19775390625 0.1103515625 0.1103515625
0 0.169921875 0.30712890625 0.109375 0.1103515625
0 0.1669921875 0.42529296875 0.09765625 0.0986328125
0 0.0615234375 0.15087890625 0.09765625 0.0986328125
0 0.0576171875 0.25634765625 0.09765625 0.0986328125
0 0.06884765625 0.365234375 0.0849609375 0.0859375