0 0.7607421875 0.05810546875 0.09765625 0.0986328125
0 0.8544921875 0.11474609375 0.109375 0.1103515625
0 0.099609375 0.10986328125 0.09765625 0.0986328125
0 0.1044921875 0.22607421875 0.109375 0.1103515625
0 0.19189453125 0.05908203125 0.1103515625 0.1103515625
0 0.1904296875 0.17041015625 0.109375 0.1103515625
0 0.19140625 0.27978515625 0.109375 0.1103515625
0 0.29248046875 0.11181640625 0.1103515625 0.1103515625
0 0.28466796875 0.21923828125 0.1103515625 0.1103515625
0 0.37890625 0.0546875 0.09765625 0.09765625
0 0.3779296875 0.16357421875 0.109375 0.1103515625
0 0.3779296875 0.28369140625 0.09765625 0.0986328125
0 0.4716796875 0.1123046875 0.109375 0.111328125
0 0.4736328125 0.22705078125 0.109375 0.1103515625
0 0.57177734375 0.0595703125 0.1103515625 0.111328125
0 0.57373046875 0.142578125 0.0732421875 0.07421875
0 0.5634765625 0.2822265625 0.09765625 0.09765625
0 0.6630859375 0.109375 0.09765625 0.09765625
0 0.66015625 0.21875 0.09765625 0.09765625
0 0.76171875 0.17138671875 0.109375 0.1103515625
0 0.75927734375 0.275390625 0.1103515625 0.111328125
0 0.8525390625 0.22021484375 0.09765625 0.0986328125
0 0.8544921875 0.3310546875 0.09765625 0.09765625
0 0.853515625 0.4462890625 0.0859375 0.0859375
0 0.85400390625 0.55126953125 0.0615234375 0.0615234375
0 0.8544921875 0.66552734375 0.09765625 0.0986328125
0 0.85302734375 0.77197265625 0.1103515625 0.1103515625
0 0.9462890625 0.6044921875 0.0859375 0.0859375
0 0.7578125 0.3896484375 0.09765625 0.09765625
0 0.75732421875 0.4970703125 0.0849609375 0.0859375
0 0.75830078125 0.61669921875 0.1103515625 0.1103515625
0 0.7587890625 0.72216796875 0.109375 0.1103515625
0 0.65966796875 0.3134765625 0.1103515625 0.111328125
0 0.669921875 0.43408203125 0.09765625 0.0986328125
0 0.66015625 0.55419921875 0.060546875 0.0615234375
0 0.662109375 0.65283203125 0.109375 0.1103515625
0 0.66015625 0.77197265625 0.109375 0.1103515625
0 0.5703125 0.38427734375 0.09765625 0.0986328125
0 0.57421875 0.50048828125 0.09765625 0.0986328125
0 0.56640625 0.60595703125 0.09765625 0.0986328125
0 0.56640625 0.71435546875 0.09765625 0.0986328125
0 0.47265625 0.33056640625 0.09765625 0.0986328125
0 0.4736328125 0.43994140625 0.09765625 0.0986328125
0 0.47412109375 0.55615234375 0.0732421875 0.0732421875
0 0.4755859375 0.66064453125 0.09765625 0.0986328125
0 0.4736328125 0.77392578125 0.09765625 0.0986328125
0 0.38330078125 0.39013671875 0.1103515625 0.1103515625
0 0.3759765625 0.48779296875 0.09765625 0.0986328125
0 0.373046875 0.61767578125 0.09765625 0.0986328125
0 0.37890625 0.72314453125 0.109375 0.1103515625
0 0.28662109375 0.33740234375 0.1103515625 0.1103515625
0 0.2880859375 0.44580078125 0.109375 0.1103515625
0 0.2880859375 0.56298828125 0.09765625 0.0986328125
0 0.2880859375 0.66357421875 0.09765625 0.0986328125
0 0.2822265625 0.77734375 0.109375 0.111328125
0 0.193359375 0.38720703125 0.109375 0.1103515625
0 0.189453125 0.49658203125 0.109375 0.1103515625
0 0.19140625 0.60595703125 0.109375 0.1103515625
0 0.18994140625 0.7177734375 0.1103515625 0.111328125
0 0.10205078125 0.33642578125 0.1103515625 0.1103515625
0 0.09326171875 0.43310546875 0.1103515625 0.1103515625
0 0.0966796875 0.544921875 0.09765625 0.09765625
0 0.09814453125 0.6552734375 0.1103515625 0.111328125
0 0.09814453125 0.77392578125 0.1103515625 0.1103515625
0 0.09912109375 0.88427734375 0.1103515625 0.1103515625
0 0.19677734375 0.8251953125 0.1103515625 0.111328125
0 0.19189453125 0.94189453125 0.1103515625 0.1103515625
0 0.2900390625 0.8828125 0.109375 0.111328125
0 0.38134765625 0.82373046875 0.1103515625 0.1103515625
0 0.3798828125 0.9453125 0.0859375 0.0859375
0 0.47607421875 0.88232421875 0.1103515625 0.1103515625
0 0.5703125 0.82470703125 0.109375 0.1103515625
0 0.56787109375 0.94189453125 0.1103515625 0.1103515625
0 0.658203125 0.87646484375 0.109375 0.1103515625
0 0.7578125 0.82666015625 0.09765625 0.0986328125
0 0.7578125 0.93798828125 0.109375 0.1103515625
0 0.85693359375 0.87353515625 0.1103515625 0.1103515625