0 0.54736328125 0.6162109375 0.0732421875 0.07421875
0 0.078125 0.109375 0.09765625 0.09765625
0 0.18359375 0.2373046875 0.0859375 0.0859375
0 0.18115234375 0.046875 0.0849609375 0.0859375
0 0.2724609375 0.32275390625 0.109375 0.1103515625
0 0.27392578125 0.21484375 0.0849609375 0.0859375
0 0.3671875 0.26953125 0.0859375 0.0859375
0 0.3671875 0.16162109375 0.09765625 0.0986328125
0 0.37109375 0.07177734375 0.09765625 0.0986328125
0 0.45703125 0.3359375 0.09765625 0.09765625
0 0.4619140625 0.2099609375 0.09765625 0.09765625
0 0.4638671875 0.11474609375 0.09765625 0.0986328125
0 0.55078125 0.064453125 0.0859375 0.0859375
0 0.55322265625 0.169921875 0.0849609375 0.0859375
0 0.55322265625 0.2724609375 0.0849609375 0.0859375
0 0.64599609375 0.33251953125 0.1103515625 0.1103515625
0 0.64990234375 0.21630859375 0.1103515625 0.1103515625
0 0.65673828125 0.10302734375 0.1103515625 0.1103515625
0 0.7421875 0.06591796875 0.109375 0.1103515625
0 0.74169921875 0.158203125 0.1103515625 0.111328125
0 0.7353515625 0.28564453125 0.109375 0.1103515625
0 0.84521484375 0.32861328125 0.1103515625 0.1103515625
0 0.84765625 0.22607421875 0.109375 0.1103515625
0 0.83984375 0.10888671875 0.09765625 0.0986328125
0 0.927734375 0.27685546875 0.109375 0.1103515625
0 0.9306640625 0.14013671875 0.109375 0.1103515625
0 0.9384765625 0.05859375 0.0859375 0.0859375
0 0.07421875 0.8798828125 0.09765625 0.09765625
0 0.07421875 0.76904296875 0.109375 0.1103515625
0 0.0703125 0.6650390625 0.0859375 0.0859375
0 0.07861328125 0.55078125 0.0849609375 0.0859375
0 0.0732421875 0.43359375 0.0859375 0.0859375
0 0.0732421875 0.33056640625 0.09765625 0.0986328125
0 0.169921875 0.9306640625 0.109375 0.111328125
0 0.166015625 0.82373046875 0.109375 0.1103515625
0 0.1669921875 0.7158203125 0.09765625 0.09765625
0 0.1767578125 0.60400390625 0.09765625 0.0986328125
0 0.17529296875 0.4970703125 0.0849609375 0.0859375
0 0.17919921875 0.3837890625 0.0849609375 0.0859375
0 0.2705078125 0.87353515625 0.109375 0.1103515625
0 0.27197265625 0.77197265625 0.1103515625 0.1103515625
0 0.26806640625 0.65771484375 0.1103515625 0.1103515625
0 0.27490234375 0.54443359375 0.1103515625 0.1103515625
0 0.2685546875 0.43408203125 0.109375 0.1103515625
0 0.3564453125 0.3818359375 0.109375 0.111328125
0 0.365234375 0.50048828125 0.109375 0.1103515625
0 0.369140625 0.60693359375 0.109375 0.1103515625
0 0.3603515625 0.70556640625 0.09765625 0.0986328125
0 0.35986328125 0.82373046875 0.1103515625 0.1103515625
0 0.3544921875 0.93701171875 0.09765625 0.0986328125
0 0.46044921875 0.875 0.1103515625 0.111328125
0 0.453125 0.76416015625 0.109375 0.1103515625
0 0.4541015625 0.66455078125 0.109375 0.1103515625
0 0.453125 0.54833984375 0.109375 0.1103515625
0 0.4638671875 0.43017578125 0.109375 0.1103515625
0 0.55029296875 0.3818359375 0.0849609375 0.0859375
0 0.55029296875 0.5029296875 0.0849609375 0.0859375
0 0.53955078125 0.73046875 0.0849609375 0.0859375
0 0.544921875 0.82568359375 0.09765625 0.0986328125
0 0.5458984375 0.93896484375 0.109375 0.1103515625
0 0.642578125 0.88037109375 0.109375 0.1103515625
0 0.63916015625 0.76611328125 0.1103515625 0.1103515625
0 0.64453125 0.6630859375 0.109375 0.111328125
0 0.6533203125 0.55615234375 0.109375 0.1103515625
0 0.6484375 0.44873046875 0.109375 0.1103515625
0 0.744140625 0.39501953125 0.109375 0.1103515625
0 0.7451171875 0.48388671875 0.109375 0.1103515625
0 0.74267578125 0.58935546875 0.1103515625 0.1103515625
0 0.73583984375 0.7216796875 0.1103515625 0.111328125
0 0.73583984375 0.82958984375 0.1103515625 0.1103515625
0 0.7373046875 0.94287109375 0.109375 0.1103515625
0 0.837890625 0.87939453125 0.09765625 0.0986328125
0 0.830078125 0.77783203125 0.09765625 0.0986328125
0 0.83447265625 0.66162109375 0.1103515625 0.1103515625
0 0.833984375 0.54638671875 0.09765625 0.0986328125
0 0.8359375 0.43798828125 0.109375 0.1103515625
0 0.9287109375 0.3916015625 0.109375 0.111328125
0 0.935546875 0.50341796875 0.09765625 0.0986328125
0 0.92626953125 0.60107421875 0.1103515625 0.1103515625
0 0.9248046875 0.71533203125 0.09765625 0.0986328125
0 0.92822265625 0.83740234375 0.1103515625 0.1103515625
0 0.92724609375 0.93505859375 0.1103515625 0.1103515625