0 0.26611328125 0.95703125 0.0732421875 0.07421875
0 0.078125 0.2001953125 0.0859375 0.0859375
0 0.0947265625 0.08935546875 0.09765625 0.0986328125
0 0.93359375 0.13330078125 0.0859375 0.0869140625
0 0.16748046875 0.14794921875 0.1103515625 0.1103515625
0 0.166015625 0.26123046875 0.09765625 0.0986328125
0 0.2666015625 0.19384765625 0.09765625 0.0986328125
0 0.2763671875 0.09619140625 0.09765625 0.0986328125
0 0.3583984375 0.14453125 0.09765625 0.09765625
0 0.3623046875 0.24462890625 0.109375 0.1103515625
0 0.4609375 0.20166015625 0.09765625 0.0986328125
0 0.4609375 0.09130859375 0.109375 0.1103515625
0 0.55859375 0.15869140625 0.09765625 0.0986328125
0 0.55517578125 0.2587890625 0.0849609375 0.0859375
0 0.6494140625 0.20947265625 0.09765625 0.0986328125
0 0.64697265625 0.09423828125 0.1103515625 0.1103515625
0 0.744140625 0.16064453125 0.09765625 0.0986328125
0 0.7451171875 0.26611328125 0.09765625 0.0986328125
0 0.8505859375 0.2060546875 0.09765625 0.09765625
0 0.85107421875 0.103515625 0.0849609375 0.0859375
0 0.9345703125 0.2685546875 0.09765625 0.09765625
0 0.171875 0.79541015625 0.0859375 0.0869140625
0 0.171875 0.6845703125 0.0859375 0.0859375
0 0.07861328125 0.7392578125 0.0732421875 0.07421875
0 0.08251953125 0.8447265625 0.0732421875 0.07421875
0 0.0732421875 0.94384765625 0.09765625 0.0986328125
0 0.9306640625 0.802734375 0.0859375 0.0859375
0 0.9150390625 0.93017578125 0.09765625 0.0986328125
0 0.734375 0.70751953125 0.09765625 0.0986328125
0 0.6416015625 0.6591796875 0.09765625 0.09765625
0 0.6435546875 0.75537109375 0.09765625 0.0986328125
0 0.638671875 0.87255859375 0.109375 0.1103515625
0 0.5439453125 0.70166015625 0.09765625 0.0986328125
0 0.55078125 0.80712890625 0.09765625 0.0986328125
0 0.54541015625 0.91943359375 0.1103515625 0.1103515625
0 0.4599609375 0.84375 0.09765625 0.09765625
0 0.455078125 0.7421875 0.109375 0.111328125
0 0.359375 0.6953125 0.109375 0.111328125
0 0.36474609375 0.80322265625 0.1103515625 0.1103515625
0 0.26513671875 0.7509765625 0.0849609375 0.0859375
0 0.923828125 0.36962890625 0.109375 0.1103515625
0 0.923828125 0.48486328125 0.09765625 0.0986328125
0 0.849609375 0.30517578125 0.0859375 0.0869140625
0 0.8505859375 0.40380859375 0.09765625 0.0986328125
0 0.84521484375 0.525390625 0.0849609375 0.0859375
0 0.7431640625 0.578125 0.09765625 0.09765625
0 0.7373046875 0.47119140625 0.09765625 0.0986328125
0 0.7373046875 0.38525390625 0.09765625 0.0986328125
0 0.6435546875 0.31884765625 0.09765625 0.0986328125
0 0.642578125 0.42626953125 0.109375 0.1103515625
0 0.6416015625 0.5380859375 0.09765625 0.09765625
0 0.5556640625 0.58203125 0.09765625 0.09765625
0 0.5478515625 0.3671875 0.09765625 0.09765625
0 0.552734375 0.48046875 0.09765625 0.09765625
0 0.4609375 0.3173828125 0.09765625 0.09765625
0 0.4609375 0.431640625 0.09765625 0.09765625
0 0.453125 0.5419921875 0.09765625 0.09765625
0 0.45263671875 0.64306640625 0.1103515625 0.1103515625
0 0.3642578125 0.59228515625 0.09765625 0.0986328125
0 0.36181640625 0.47998046875 0.1103515625 0.1103515625
0 0.36181640625 0.357421875 0.1103515625 0.111328125
0 0.2705078125 0.421875 0.0859375 0.0859375
0 0.267578125 0.2880859375 0.09765625 0.09765625
0 0.1748046875 0.36572265625 0.109375 0.1103515625
0 0.173828125 0.48876953125 0.09765625 0.0986328125
0 0.17333984375 0.58349609375 0.0849609375 0.0869140625
0 0.08447265625 0.6552734375 0.0849609375 0.0859375
0 0.07861328125 0.53173828125 0.1103515625 0.1103515625
0 0.07958984375 0.42236328125 0.1103515625 0.1103515625
0 0.080078125 0.31201171875 0.09765625 0.0986328125
0 0.2705078125 0.54443359375 0.109375 0.1103515625
0 0.265625 0.63525390625 0.109375 0.1103515625