0 0.53955078125 0.07080078125 0.0732421875 0.0732421875
0 0.24365234375 0.34375 0.0732421875 0.07421875
0 0.43701171875 0.1201171875 0.0732421875 0.07421875
0 0.52490234375 0.26611328125 0.0732421875 0.0732421875
0 0.34326171875 0.17333984375 0.0732421875 0.0732421875
0 0.61083984375 0.34814453125 0.0732421875 0.0732421875
0 0.60791015625 0.451171875 0.0732421875 0.07421875
0 0.04150390625 0.8564453125 0.0732421875 0.07421875
0 0.71435546875 0.6591796875 0.0732421875 0.07421875
0 0.89404296875 0.83203125 0.0849609375 0.0859375
0 0.8994140625 0.60986328125 0.09765625 0.0986328125
0 0.90234375 0.509765625 0.109375 0.111328125
0 0.89599609375 0.40283203125 0.1103515625 0.1103515625
0 0.89990234375 0.2822265625 0.1103515625 0.111328125
0 0.71875 0.28173828125 0.09765625 0.0986328125
0 0.4345703125 0.32421875 0.0859375 0.0859375
0 0.4228515625 0.4375 0.0859375 0.0859375
0 0.5341796875 0.37939453125 0.0859375 0.0869140625
0 0.53271484375 0.4912109375 0.0849609375 0.0859375
0 0.6025390625 0.5419921875 0.0859375 0.0859375
0 0.52587890625 0.6357421875 0.0849609375 0.0859375
0 0.61279296875 0.69140625 0.0849609375 0.0859375
0 0.71728515625 0.736328125 0.0849609375 0.0859375
0 0.5234375 0.94140625 0.09765625 0.09765625
0 0.52734375 0.84765625 0.09765625 0.09765625
0 0.716796875 0.83740234375 0.09765625 0.0986328125
0 0.611328125 0.89697265625 0.09765625 0.0986328125
0 0.52734375 0.7470703125 0.0859375 0.0859375
0 0.60888671875 0.7841796875 0.0849609375 0.0859375
0 0.42919921875 0.57080078125 0.1103515625 0.1103515625
0 0.4267578125 0.66162109375 0.109375 0.1103515625
0 0.42236328125 0.7890625 0.1103515625 0.111328125
0 0.42626953125 0.88427734375 0.1103515625 0.1103515625
0 0.3359375 0.84228515625 0.109375 0.1103515625
0 0.33203125 0.73291015625 0.109375 0.1103515625
0 0.2431640625 0.5771484375 0.0859375 0.0859375
0 0.2431640625 0.67578125 0.0859375 0.0859375
0 0.2373046875 0.79248046875 0.09765625 0.0986328125
0 0.236328125 0.8955078125 0.09765625 0.09765625
0 0.1435546875 0.28369140625 0.09765625 0.0986328125
0 0.14111328125 0.39990234375 0.1103515625 0.1103515625
0 0.0478515625 0.5634765625 0.0859375 0.0859375
0 0.04541015625 0.685546875 0.0849609375 0.0859375
0 0.04638671875 0.767578125 0.0849609375 0.0859375
0 0.14453125 0.91796875 0.0859375 0.0859375
0 0.14208984375 0.810546875 0.0849609375 0.0859375
0 0.14990234375 0.7158203125 0.0849609375 0.0859375
0 0.14208984375 0.62109375 0.0849609375 0.0859375
0 0.146484375 0.5107421875 0.0859375 0.0859375
0 0.33251953125 0.3857421875 0.0849609375 0.0859375
0 0.3310546875 0.51171875 0.0859375 0.0859375
0 0.32958984375 0.6220703125 0.0849609375 0.0859375
0 0.24560546875 0.45703125 0.0849609375 0.0859375
0 0.53955078125 0.16455078125 0.0732421875 0.0732421875
0 0.43505859375 0.2294921875 0.0732421875 0.07421875
0 0.0576171875 0.2265625 0.109375 0.111328125
0 0.0537109375 0.1015625 0.0859375 0.0859375
0 0.1416015625 0.05908203125 0.109375 0.1103515625
0 0.142578125 0.17041015625 0.109375 0.1103515625
0 0.2421875 0.2314453125 0.0859375 0.0859375
0 0.2490234375 0.1162109375 0.0859375 0.0859375
0 0.3388671875 0.0576171875 0.09765625 0.09765625
0 0.71923828125 0.056640625 0.0849609375 0.0859375
0 0.7216796875 0.17236328125 0.0859375 0.0869140625
0 0.9013671875 0.17529296875 0.09765625 0.0986328125
0 0.90185546875 0.0595703125 0.0849609375 0.0859375
0 0.6181640625 0.2353515625 0.0859375 0.0859375