0 0.52001953125 0.46484375 0.0732421875 0.07421875
0 0.4267578125 0.40380859375 0.060546875 0.0615234375
0 0.52880859375 0.90478515625 0.0732421875 0.0732421875
0 0.71533203125 0.3349609375 0.0732421875 0.07421875
0 0.61669921875 0.9619140625 0.0732421875 0.07421875
0 0.61669921875 0.84228515625 0.0732421875 0.0732421875
0 0.8974609375 0.3505859375 0.0859375 0.0859375
0 0.8984375 0.4638671875 0.0859375 0.0859375
0 0.8935546875 0.5732421875 0.09765625 0.09765625
0 0.9033203125 0.6904296875 0.109375 0.111328125
0 0.8984375 0.78662109375 0.09765625 0.0986328125
0 0.90478515625 0.90771484375 0.1103515625 0.1103515625
0 0.798828125 0.84521484375 0.109375 0.1103515625
0 0.798828125 0.73291015625 0.109375 0.1103515625
0 0.802734375 0.62255859375 0.109375 0.1103515625
0 0.806640625 0.5185546875 0.109375 0.111328125
0 0.8125 0.39599609375 0.09765625 0.0986328125
0 0.7177734375 0.4482421875 0.0859375 0.0859375
0 0.7138671875 0.67333984375 0.09765625 0.0986328125
0 0.7099609375 0.55615234375 0.0859375 0.0869140625
0 0.61669921875 0.6220703125 0.0849609375 0.0859375
0 0.6142578125 0.51953125 0.0859375 0.0859375
0 0.2353515625 0.5361328125 0.0859375 0.0859375
0 0.0517578125 0.6494140625 0.0859375 0.0859375
0 0.142578125 0.6787109375 0.0859375 0.0859375
0 0.70703125 0.8876953125 0.0859375 0.0859375
0 0.70947265625 0.7880859375 0.0849609375 0.0859375
0 0.611328125 0.39599609375 0.09765625 0.0986328125
0 0.52734375 0.36328125 0.09765625 0.09765625
0 0.521484375 0.57421875 0.09765625 0.09765625
0 0.5224609375 0.67724609375 0.09765625 0.0986328125
0 0.52880859375 0.7978515625 0.0849609375 0.0859375
0 0.61376953125 0.73046875 0.0849609375 0.0859375
0 0.4345703125 0.5234375 0.109375 0.111328125
0 0.42822265625 0.63037109375 0.1103515625 0.1103515625
0 0.42919921875 0.73779296875 0.1103515625 0.1103515625
0 0.43017578125 0.85791015625 0.1103515625 0.1103515625
0 0.33984375 0.9150390625 0.0859375 0.0859375
0 0.34521484375 0.806640625 0.0849609375 0.0859375
0 0.34130859375 0.67529296875 0.1103515625 0.1103515625
0 0.33740234375 0.57373046875 0.1103515625 0.1103515625
0 0.341796875 0.46875 0.0859375 0.0859375
0 0.3447265625 0.35693359375 0.09765625 0.0986328125
0 0.2392578125 0.41259765625 0.09765625 0.0986328125
0 0.23779296875 0.6533203125 0.1103515625 0.111328125
0 0.23388671875 0.76416015625 0.1103515625 0.1103515625
0 0.236328125 0.87158203125 0.09765625 0.0986328125
0 0.1455078125 0.91845703125 0.09765625 0.0986328125
0 0.04443359375 0.40625 0.0849609375 0.0859375
0 0.142578125 0.3564453125 0.0859375 0.0859375
0 0.154296875 0.4580078125 0.09765625 0.09765625
0 0.1474609375 0.57421875 0.0859375 0.0859375
0 0.05029296875 0.755859375 0.0849609375 0.0859375
0 0.1474609375 0.8251953125 0.0859375 0.0859375
0 0.05322265625 0.8544921875 0.0849609375 0.0859375
0 0.0537109375 0.29638671875 0.09765625 0.0986328125
0 0.05224609375 0.19140625 0.0849609375 0.0859375
0 0.056640625 0.07763671875 0.09765625 0.0986328125
0 0.150390625 0.24560546875 0.09765625 0.0986328125
0 0.1455078125 0.1494140625 0.09765625 0.09765625
0 0.2412109375 0.0771484375 0.0859375 0.0859375
0 0.2412109375 0.17041015625 0.09765625 0.0986328125
0 0.2392578125 0.30029296875 0.09765625 0.0986328125
0 0.34326171875 0.2265625 0.0849609375 0.0859375
0 0.345703125 0.1337890625 0.0859375 0.0859375
0 0.43115234375 0.3046875 0.0849609375 0.0859375
0 0.4326171875 0.0654296875 0.0859375 0.0859375
0 0.4248046875 0.19140625 0.0859375 0.0859375
0 0.5263671875 0.13037109375 0.09765625 0.0986328125
0 0.529296875 0.26708984375 0.09765625 0.0986328125
0 0.61962890625 0.296875 0.0849609375 0.0859375
0 0.61962890625 0.181640625 0.0849609375 0.0859375
0 0.62646484375 0.080078125 0.0849609375 0.0859375
0 0.71044921875 0.1279296875 0.0849609375 0.0859375
0 0.70751953125 0.2333984375 0.0849609375 0.0859375
0 0.7978515625 0.08154296875 0.09765625 0.0986328125
0 0.8125 0.20361328125 0.09765625 0.0986328125
0 0.80712890625 0.2998046875 0.1103515625 0.111328125
0 0.89501953125 0.1337890625 0.0849609375 0.0859375
0 0.9013671875 0.240234375 0.09765625 0.09765625