0 0.15283203125 0.56689453125 0.0732421875 0.0732421875
0 0.8857421875 0.23291015625 0.109375 0.1103515625
0 0.89453125 0.4609375 0.09765625 0.09765625
0 0.8955078125 0.5673828125 0.09765625 0.09765625
0 0.8955078125 0.6806640625 0.09765625 0.09765625
0 0.8916015625 0.7939453125 0.09765625 0.09765625
0 0.796875 0.18994140625 0.09765625 0.0986328125
0 0.7314453125 0.42431640625 0.048828125 0.0498046875
0 0.03466796875 0.61083984375 0.0615234375 0.0615234375
0 0.79638671875 0.28369140625 0.1103515625 0.1103515625
0 0.7998046875 0.6416015625 0.09765625 0.09765625
0 0.79736328125 0.73095703125 0.1103515625 0.1103515625
0 0.796875 0.85205078125 0.09765625 0.0986328125
0 0.88330078125 0.900390625 0.1103515625 0.111328125
0 0.7001953125 0.89501953125 0.09765625 0.0986328125
0 0.7041015625 0.775390625 0.0859375 0.0859375
0 0.7041015625 0.67626953125 0.109375 0.1103515625
0 0.6162109375 0.61279296875 0.09765625 0.0986328125
0 0.62890625 0.75732421875 0.109375 0.1103515625
0 0.6162109375 0.85302734375 0.109375 0.1103515625
0 0.5205078125 0.90673828125 0.109375 0.1103515625
0 0.5166015625 0.78857421875 0.109375 0.1103515625
0 0.51806640625 0.6904296875 0.0849609375 0.0859375
0 0.5224609375 0.224609375 0.0859375 0.0859375
0 0.5244140625 0.3212890625 0.09765625 0.09765625
0 0.4228515625 0.17919921875 0.109375 0.1103515625
0 0.515625 0.568359375 0.09765625 0.09765625
0 0.42236328125 0.5244140625 0.0849609375 0.0859375
0 0.4169921875 0.63232421875 0.09765625 0.0986328125
0 0.4169921875 0.7333984375 0.09765625 0.09765625
0 0.4169921875 0.84912109375 0.109375 0.1103515625
0 0.3203125 0.90478515625 0.109375 0.1103515625
0 0.3212890625 0.79052734375 0.09765625 0.0986328125
0 0.33203125 0.6748046875 0.109375 0.111328125
0 0.3232421875 0.57373046875 0.109375 0.1103515625
0 0.33349609375 0.44873046875 0.1103515625 0.1103515625
0 0.326171875 0.244140625 0.09765625 0.09765625
0 0.23828125 0.17919921875 0.109375 0.1103515625
0 0.22998046875 0.52001953125 0.1103515625 0.1103515625
0 0.240234375 0.6328125 0.0859375 0.0859375
0 0.14111328125 0.236328125 0.1103515625 0.111328125
0 0.1474609375 0.4453125 0.0859375 0.0859375
0 0.1484375 0.69140625 0.09765625 0.09765625
0 0.13037109375 0.79150390625 0.1103515625 0.1103515625
0 0.12744140625 0.87744140625 0.1103515625 0.1103515625
0 0.232421875 0.88671875 0.109375 0.111328125
0 0.2236328125 0.74267578125 0.09765625 0.0986328125
0 0.8935546875 0.125 0.109375 0.111328125
0 0.6171875 0.1611328125 0.0859375 0.0859375
0 0.52001953125 0.11767578125 0.1103515625 0.1103515625
0 0.61474609375 0.0712890625 0.0849609375 0.0859375
0 0.43359375 0.080078125 0.109375 0.111328125
0 0.1416015625 0.13818359375 0.09765625 0.0986328125
0 0.8154296875 0.07275390625 0.09765625 0.0986328125