0 0.46337890625 0.60986328125 0.0732421875 0.0732421875
0 0.37353515625 0.4638671875 0.0732421875 0.07421875
0 0.37255859375 0.56884765625 0.0732421875 0.0732421875
0 0.27685546875 0.52587890625 0.0732421875 0.0732421875
0 0.55712890625 0.546875 0.0849609375 0.0859375
0 0.46142578125 0.5146484375 0.0732421875 0.07421875
0 0.45654296875 0.3984375 0.0732421875 0.07421875
0 0.73876953125 0.09326171875 0.0732421875 0.0732421875
0 0.2734375 0.4208984375 0.0859375 0.0859375
0 0.36962890625 0.34375 0.0732421875 0.07421875
0 0.08740234375 0.15869140625 0.0732421875 0.0732421875
0 0.09912109375 0.27197265625 0.0732421875 0.0732421875
0 0.1806640625 0.2255859375 0.0859375 0.0859375
0 0.18701171875 0.34423828125 0.0732421875 0.0732421875
0 0.9375 0.94580078125 0.09765625 0.0986328125
0 0.744140625 0.9462890625 0.09765625 0.09765625
0 0.65087890625 0.904296875 0.0849609375 0.0859375
0 0.5537109375 0.9501953125 0.0859375 0.0859375
0 0.462890625 0.9013671875 0.0859375 0.0859375
0 0.93408203125 0.654296875 0.1220703125 0.123046875
0 0.9384765625 0.42529296875 0.09765625 0.0986328125
0 0.9375 0.32666015625 0.09765625 0.0986328125
0 0.84033203125 0.708984375 0.0732421875 0.07421875
0 0.8349609375 0.5966796875 0.09765625 0.09765625
0 0.82861328125 0.4833984375 0.1220703125 0.123046875
0 0.8330078125 0.37060546875 0.09765625 0.0986328125
0 0.8447265625 0.26806640625 0.09765625 0.0986328125
0 0.73974609375 0.6533203125 0.1220703125 0.123046875
0 0.74365234375 0.533203125 0.1220703125 0.123046875
0 0.74169921875 0.4248046875 0.0849609375 0.0859375
0 0.744140625 0.30419921875 0.09765625 0.0986328125
0 0.6494140625 0.7021484375 0.09765625 0.09765625
0 0.6455078125 0.5888671875 0.09765625 0.09765625
0 0.6455078125 0.484375 0.09765625 0.09765625
0 0.6435546875 0.3701171875 0.09765625 0.09765625
0 0.64404296875 0.263671875 0.1220703125 0.123046875
0 0.74560546875 0.19384765625 0.0732421875 0.0732421875
0 0.64404296875 0.1533203125 0.1220703125 0.123046875
0 0.55908203125 0.650390625 0.0732421875 0.07421875
0 0.5517578125 0.4287109375 0.0859375 0.0859375
0 0.5546875 0.3154296875 0.09765625 0.09765625
0 0.55419921875 0.205078125 0.1220703125 0.123046875
0 0.46484375 0.70751953125 0.060546875 0.0615234375
0 0.462890625 0.265625 0.09765625 0.09765625
0 0.376953125 0.67529296875 0.060546875 0.0615234375
0 0.36279296875 0.205078125 0.0849609375 0.0859375
0 0.28857421875 0.72314453125 0.0615234375 0.0615234375
0 0.28759765625 0.63623046875 0.0615234375 0.0615234375
0 0.26953125 0.2841796875 0.0859375 0.0859375
0 0.27001953125 0.16796875 0.0849609375 0.0859375
0 0.1826171875 0.65576171875 0.048828125 0.0498046875
0 0.18359375 0.55224609375 0.048828125 0.0498046875
0 0.18017578125 0.44287109375 0.0732421875 0.0732421875
0 0.1083984375 0.69287109375 0.060546875 0.0615234375
0 0.1044921875 0.59521484375 0.060546875 0.0615234375
0 0.1044921875 0.51025390625 0.060546875 0.0615234375
0 0.09521484375 0.40185546875 0.0615234375 0.0615234375
0 0.0859375 0.052734375 0.0859375 0.0859375
0 0.17919921875 0.10205078125 0.0732421875 0.0732421875
0 0.26806640625 0.072265625 0.0849609375 0.0859375
0 0.3623046875 0.09375 0.09765625 0.09765625
0 0.4560546875 0.150390625 0.0859375 0.0859375
0 0.552734375 0.1015625 0.09765625 0.09765625
0 0.8486328125 0.15380859375 0.09765625 0.0986328125
0 0.94384765625 0.09228515625 0.1103515625 0.1103515625