0 0.8974609375 0.36279296875 0.09765625 0.0986328125
0 0.7998046875 0.09228515625 0.09765625 0.0986328125
0 0.0498046875 0.0830078125 0.0859375 0.0859375
0 0.04736328125 0.5185546875 0.0849609375 0.0859375
0 0.146484375 0.14404296875 0.109375 0.1103515625
0 0.1484375 0.24365234375 0.109375 0.1103515625
0 0.138671875 0.35595703125 0.09765625 0.0986328125
0 0.14404296875 0.46826171875 0.1103515625 0.1103515625
0 0.13623046875 0.57470703125 0.1103515625 0.1103515625
0 0.22705078125 0.08740234375 0.1103515625 0.1103515625
0 0.2353515625 0.20361328125 0.109375 0.1103515625
0 0.236328125 0.31201171875 0.109375 0.1103515625
0 0.236328125 0.41455078125 0.09765625 0.0986328125
0 0.2412109375 0.53076171875 0.109375 0.1103515625
0 0.32763671875 0.14794921875 0.1103515625 0.1103515625
0 0.33154296875 0.25244140625 0.1103515625 0.1103515625
0 0.32861328125 0.36376953125 0.1103515625 0.1103515625
0 0.3271484375 0.47509765625 0.109375 0.1103515625
0 0.328125 0.58447265625 0.109375 0.1103515625
0 0.419921875 0.08203125 0.109375 0.111328125
0 0.423828125 0.1943359375 0.109375 0.111328125
0 0.421875 0.30419921875 0.09765625 0.0986328125
0 0.42919921875 0.41650390625 0.1103515625 0.1103515625
0 0.42138671875 0.52392578125 0.1103515625 0.1103515625
0 0.5166015625 0.1474609375 0.109375 0.111328125
0 0.513671875 0.2529296875 0.109375 0.111328125
0 0.515625 0.359375 0.09765625 0.09765625
0 0.5146484375 0.46826171875 0.109375 0.1103515625
0 0.5146484375 0.58837890625 0.09765625 0.0986328125
0 0.6123046875 0.09619140625 0.09765625 0.0986328125
0 0.60693359375 0.1943359375 0.1103515625 0.111328125
0 0.611328125 0.3046875 0.109375 0.111328125
0 0.6083984375 0.4169921875 0.109375 0.111328125
0 0.6103515625 0.53173828125 0.109375 0.1103515625
0 0.70849609375 0.3642578125 0.1103515625 0.111328125
0 0.71044921875 0.447265625 0.0732421875 0.07421875
0 0.7001953125 0.5869140625 0.09765625 0.09765625
0 0.7998046875 0.19873046875 0.109375 0.1103515625
0 0.7998046875 0.4140625 0.09765625 0.09765625
0 0.796875 0.5234375 0.09765625 0.09765625
0 0.88916015625 0.14892578125 0.1103515625 0.1103515625
0 0.8935546875 0.25048828125 0.109375 0.1103515625
0 0.8984375 0.47607421875 0.109375 0.1103515625
0 0.89599609375 0.580078125 0.1103515625 0.111328125
0 0.89453125 0.6943359375 0.09765625 0.09765625
0 0.89404296875 0.8017578125 0.0849609375 0.0859375
0 0.89501953125 0.92138671875 0.1103515625 0.1103515625
0 0.79638671875 0.6181640625 0.1103515625 0.111328125
0 0.806640625 0.73876953125 0.09765625 0.0986328125
0 0.796875 0.85888671875 0.060546875 0.0615234375
0 0.70703125 0.68896484375 0.09765625 0.0986328125
0 0.7109375 0.80517578125 0.09765625 0.0986328125
0 0.703125 0.91064453125 0.09765625 0.0986328125
0 0.609375 0.63525390625 0.09765625 0.0986328125
0 0.6103515625 0.74462890625 0.09765625 0.0986328125
0 0.61083984375 0.86083984375 0.0732421875 0.0732421875
0 0.52001953125 0.69482421875 0.1103515625 0.1103515625
0 0.5126953125 0.79248046875 0.09765625 0.0986328125
0 0.509765625 0.92236328125 0.09765625 0.0986328125
0 0.42333984375 0.64208984375 0.1103515625 0.1103515625
0 0.4248046875 0.75048828125 0.109375 0.1103515625
0 0.4248046875 0.86767578125 0.09765625 0.0986328125
0 0.330078125 0.69189453125 0.109375 0.1103515625
0 0.326171875 0.80126953125 0.109375 0.1103515625
0 0.328125 0.91064453125 0.109375 0.1103515625
0 0.23876953125 0.64111328125 0.1103515625 0.1103515625
0 0.22998046875 0.73779296875 0.1103515625 0.1103515625
0 0.2333984375 0.849609375 0.09765625 0.09765625
0 0.14111328125 0.69091796875 0.1103515625 0.1103515625
0 0.14306640625 0.8076171875 0.1103515625 0.111328125
0 0.1337890625 0.9169921875 0.09765625 0.09765625
0 0.0439453125 0.86376953125 0.060546875 0.0615234375