0 0.14306640625 0.1162109375 0.0732421875 0.07421875
0 0.24951171875 0.32421875 0.0732421875 0.07421875
0 0.9013671875 0.787109375 0.09765625 0.09765625
0 0.8955078125 0.89111328125 0.09765625 0.0986328125
0 0.80615234375 0.83935546875 0.1103515625 0.1103515625
0 0.8056640625 0.94677734375 0.09765625 0.0986328125
0 0.71044921875 0.78271484375 0.1103515625 0.1103515625
0 0.712890625 0.8857421875 0.109375 0.111328125
0 0.53759765625 0.7685546875 0.1103515625 0.111328125
0 0.529296875 0.86865234375 0.109375 0.1103515625
0 0.419921875 0.82666015625 0.109375 0.1103515625
0 0.3310546875 0.78369140625 0.09765625 0.0986328125
0 0.33056640625 0.87744140625 0.1103515625 0.1103515625
0 0.056640625 0.818359375 0.0859375 0.0859375
0 0.05859375 0.9150390625 0.09765625 0.09765625
0 0.90234375 0.68115234375 0.109375 0.1103515625
0 0.794921875 0.72412109375 0.109375 0.1103515625
0 0.80859375 0.392578125 0.09765625 0.09765625
0 0.904296875 0.11279296875 0.09765625 0.0986328125
0 0.90380859375 0.23388671875 0.1103515625 0.1103515625
0 0.9052734375 0.34716796875 0.109375 0.1103515625
0 0.8125 0.0712890625 0.09765625 0.09765625
0 0.8056640625 0.169921875 0.09765625 0.09765625
0 0.8134765625 0.283203125 0.109375 0.111328125
0 0.7177734375 0.111328125 0.109375 0.111328125
0 0.7177734375 0.20654296875 0.09765625 0.0986328125
0 0.7138671875 0.33642578125 0.109375 0.1103515625
0 0.7138671875 0.4638671875 0.09765625 0.09765625
0 0.7109375 0.6630859375 0.109375 0.111328125
0 0.626953125 0.51708984375 0.09765625 0.0986328125
0 0.62353515625 0.4052734375 0.1103515625 0.111328125
0 0.62451171875 0.28173828125 0.1103515625 0.1103515625
0 0.62109375 0.17138671875 0.109375 0.1103515625
0 0.625 0.05908203125 0.109375 0.1103515625
0 0.5361328125 0.119140625 0.09765625 0.09765625
0 0.5390625 0.22412109375 0.09765625 0.0986328125
0 0.54296875 0.31787109375 0.09765625 0.0986328125
0 0.5390625 0.45751953125 0.109375 0.1103515625
0 0.54296875 0.56884765625 0.109375 0.1103515625
0 0.52880859375 0.67578125 0.1103515625 0.111328125
0 0.427734375 0.71875 0.109375 0.111328125
0 0.42919921875 0.61328125 0.1103515625 0.111328125
0 0.42919921875 0.4970703125 0.0849609375 0.0859375
0 0.4345703125 0.27490234375 0.09765625 0.0986328125
0 0.4375 0.1748046875 0.109375 0.111328125
0 0.43115234375 0.06787109375 0.1103515625 0.1103515625
0 0.0693359375 0.04443359375 0.0859375 0.0869140625
0 0.06787109375 0.15625 0.0849609375 0.0859375
0 0.1376953125 0.20703125 0.0859375 0.0859375
0 0.06103515625 0.30078125 0.0849609375 0.0859375
0 0.14794921875 0.3564453125 0.0849609375 0.0859375
0 0.25244140625 0.4013671875 0.0849609375 0.0859375
0 0.1513671875 0.7548828125 0.0859375 0.0859375
0 0.05859375 0.6064453125 0.09765625 0.09765625
0 0.0625 0.5126953125 0.09765625 0.09765625
0 0.251953125 0.50244140625 0.09765625 0.0986328125
0 0.146484375 0.56201171875 0.09765625 0.0986328125
0 0.14892578125 0.6650390625 0.0849609375 0.0859375
0 0.0625 0.412109375 0.0859375 0.0859375
0 0.14404296875 0.44921875 0.0849609375 0.0859375
0 0.349609375 0.66650390625 0.09765625 0.0986328125