0 0.50244140625 0.66552734375 0.0732421875 0.0732421875
0 0.39453125 0.66455078125 0.0859375 0.0849609375
0 0.888671875 0.73974609375 0.0859375 0.0849609375
0 0.9326171875 0.82861328125 0.0859375 0.0849609375
0 0.88916015625 0.93701171875 0.0732421875 0.0732421875
0 0.76416015625 0.93505859375 0.0732421875 0.0732421875
0 0.6669921875 0.94287109375 0.07421875 0.0732421875
0 0.60400390625 0.0888671875 0.0615234375 0.060546875
0 0.40576171875 0.45703125 0.0615234375 0.060546875
0 0.4482421875 0.19091796875 0.07421875 0.0732421875
0 0.5498046875 0.94775390625 0.07421875 0.0732421875
0 0.39208984375 0.8369140625 0.0986328125 0.09765625
0 0.5087890625 0.83154296875 0.111328125 0.1103515625
0 0.61328125 0.82568359375 0.111328125 0.1103515625
0 0.71875 0.83056640625 0.07421875 0.0732421875
0 0.830078125 0.83251953125 0.07421875 0.0732421875
0 0.44189453125 0.7412109375 0.0986328125 0.09765625
0 0.55859375 0.7412109375 0.09765625 0.09765625
0 0.6728515625 0.74072265625 0.07421875 0.0732421875
0 0.7744140625 0.74560546875 0.07421875 0.0732421875
0 0.607421875 0.64111328125 0.07421875 0.0732421875
0 0.7216796875 0.646484375 0.09765625 0.09765625
0 0.8330078125 0.6435546875 0.09765625 0.09765625
0 0.44091796875 0.55517578125 0.0869140625 0.0849609375
0 0.55419921875 0.55126953125 0.1103515625 0.1103515625
0 0.67041015625 0.54638671875 0.1103515625 0.1103515625
0 0.77685546875 0.55224609375 0.1103515625 0.1103515625
0 0.892578125 0.552734375 0.111328125 0.109375
0 0.49755859375 0.44970703125 0.1220703125 0.1220703125
0 0.61279296875 0.447265625 0.0986328125 0.09765625
0 0.72509765625 0.45703125 0.0986328125 0.09765625
0 0.84326171875 0.45703125 0.0986328125 0.09765625
0 0.4541015625 0.3662109375 0.0859375 0.0859375
0 0.56005859375 0.361328125 0.0986328125 0.09765625
0 0.67333984375 0.369140625 0.0986328125 0.09765625
0 0.78125 0.365234375 0.0859375 0.0859375
0 0.89111328125 0.35546875 0.0986328125 0.09765625
0 0.5068359375 0.27783203125 0.0859375 0.0849609375
0 0.62890625 0.27587890625 0.0859375 0.0849609375
0 0.72802734375 0.271484375 0.0869140625 0.0859375
0 0.8369140625 0.271484375 0.0859375 0.0859375
0 0.9541015625 0.2724609375 0.0859375 0.0859375
0 0.572265625 0.18994140625 0.0859375 0.0849609375
0 0.6826171875 0.19189453125 0.0859375 0.0849609375
0 0.7822265625 0.19189453125 0.0859375 0.0849609375
0 0.8974609375 0.19775390625 0.0859375 0.0849609375
0 0.509765625 0.0849609375 0.048828125 0.048828125
0 0.71484375 0.0927734375 0.0859375 0.0859375
0 0.8310546875 0.09326171875 0.0859375 0.0849609375
0 0.92041015625 0.0986328125 0.0498046875 0.048828125