0 0.064453125 0.1064453125 0.109375 0.111328125
0 0.064453125 0.1845703125 0.09765625 0.09765625
0 0.0703125 0.26904296875 0.109375 0.1103515625
0 0.0712890625 0.39404296875 0.09765625 0.0986328125
0 0.0693359375 0.52294921875 0.09765625 0.0986328125
0 0.06884765625 0.6298828125 0.0849609375 0.0859375
0 0.06884765625 0.7451171875 0.0849609375 0.0859375
0 0.06591796875 0.849609375 0.0849609375 0.0859375
0 0.16943359375 0.79345703125 0.1103515625 0.1103515625
0 0.1640625 0.673828125 0.09765625 0.09765625
0 0.162109375 0.560546875 0.09765625 0.09765625
0 0.16455078125 0.4580078125 0.0849609375 0.0859375
0 0.166015625 0.3486328125 0.0859375 0.0859375
0 0.1728515625 0.2275390625 0.0859375 0.0859375
0 0.1689453125 0.1376953125 0.0859375 0.0859375
0 0.72607421875 0.9033203125 0.0732421875 0.07421875
0 0.7275390625 0.78369140625 0.060546875 0.0615234375
0 0.25341796875 0.83544921875 0.0966796875 0.0986328125
0 0.248046875 0.736328125 0.09765625 0.09765625
0 0.2587890625 0.619140625 0.0859375 0.0859375
0 0.2578125 0.5087890625 0.0859375 0.0859375
0 0.25390625 0.39404296875 0.09765625 0.0986328125
0 0.2578125 0.2783203125 0.09765625 0.09765625
0 0.2578125 0.18896484375 0.09765625 0.0986328125
0 0.25927734375 0.10302734375 0.1103515625 0.1103515625
0 0.3486328125 0.13916015625 0.09765625 0.0986328125
0 0.35595703125 0.23828125 0.1103515625 0.111328125
0 0.353515625 0.34326171875 0.109375 0.1103515625
0 0.353515625 0.45166015625 0.09765625 0.0986328125
0 0.34423828125 0.548828125 0.0849609375 0.0859375
0 0.3505859375 0.6611328125 0.0859375 0.0859375
0 0.3515625 0.7880859375 0.0859375 0.0859375
0 0.3515625 0.892578125 0.09765625 0.09765625
0 0.44189453125 0.84716796875 0.1103515625 0.1103515625
0 0.44482421875 0.7314453125 0.1103515625 0.111328125
0 0.4453125 0.62060546875 0.09765625 0.0986328125
0 0.44482421875 0.51806640625 0.1103515625 0.1103515625
0 0.4462890625 0.39990234375 0.109375 0.1103515625
0 0.44921875 0.29150390625 0.109375 0.1103515625
0 0.44287109375 0.18017578125 0.0615234375 0.0615234375
0 0.44677734375 0.08740234375 0.0849609375 0.0869140625
0 0.54296875 0.89697265625 0.09765625 0.0986328125
0 0.53759765625 0.78076171875 0.1103515625 0.1103515625
0 0.5302734375 0.67919921875 0.09765625 0.0986328125
0 0.54052734375 0.56103515625 0.0849609375 0.0869140625
0 0.53662109375 0.44921875 0.0849609375 0.0859375
0 0.541015625 0.34765625 0.0859375 0.0859375
0 0.54345703125 0.234375 0.0849609375 0.0859375
0 0.5361328125 0.12158203125 0.09765625 0.0986328125
0 0.63330078125 0.8447265625 0.1103515625 0.111328125
0 0.626953125 0.73681640625 0.09765625 0.0986328125
0 0.63525390625 0.49609375 0.0849609375 0.0859375
0 0.6298828125 0.3955078125 0.0859375 0.0859375
0 0.6337890625 0.3037109375 0.0859375 0.0859375
0 0.63427734375 0.189453125 0.0849609375 0.0859375
0 0.6396484375 0.07861328125 0.09765625 0.0986328125
0 0.7138671875 0.66015625 0.0859375 0.0859375
0 0.7216796875 0.57958984375 0.109375 0.1103515625
0 0.72412109375 0.4609375 0.1103515625 0.111328125
0 0.7333984375 0.34521484375 0.109375 0.1103515625
0 0.7255859375 0.23583984375 0.109375 0.1103515625
0 0.736328125 0.1279296875 0.109375 0.111328125
0 0.822265625 0.81494140625 0.09765625 0.0986328125
0 0.8193359375 0.7431640625 0.0859375 0.0859375
0 0.82470703125 0.62890625 0.1103515625 0.111328125
0 0.83154296875 0.50439453125 0.1103515625 0.1103515625
0 0.8291015625 0.39990234375 0.109375 0.1103515625
0 0.8251953125 0.2998046875 0.09765625 0.09765625
0 0.82421875 0.18505859375 0.09765625 0.0986328125
0 0.8291015625 0.0712890625 0.0859375 0.0859375
0 0.92578125 0.89990234375 0.09765625 0.0986328125
0 0.9189453125 0.78662109375 0.09765625 0.0986328125
0 0.921875 0.67333984375 0.0859375 0.0869140625
0 0.9189453125 0.56787109375 0.09765625 0.0986328125
0 0.9169921875 0.45361328125 0.09765625 0.0986328125
0 0.9208984375 0.34521484375 0.09765625 0.0986328125
0 0.91552734375 0.23876953125 0.0849609375 0.0869140625
0 0.9169921875 0.13232421875 0.109375 0.1103515625
0 0.16015625 0.90576171875 0.09765625 0.0986328125
0 0.2529296875 0.939453125 0.109375 0.111328125