0 0.267578125 0.12158203125 0.109375 0.1103515625
0 0.93359375 0.05810546875 0.0859375 0.0869140625
0 0.44775390625 0.2216796875 0.0732421875 0.07421875
0 0.83642578125 0.01416015625 0.0244140625 0.0244140625
0 0.74072265625 0.04833984375 0.0244140625 0.0244140625
0 0.73681640625 0.15771484375 0.0244140625 0.0244140625
0 0.73974609375 0.23974609375 0.0244140625 0.0244140625
0 0.83740234375 0.10107421875 0.0244140625 0.0244140625
0 0.83056640625 0.20849609375 0.0244140625 0.0244140625
0 0.9306640625 0.2392578125 0.037109375 0.037109375
0 0.927734375 0.15673828125 0.109375 0.1103515625
0 0.4541015625 0.1142578125 0.09765625 0.09765625
0 0.35302734375 0.06201171875 0.1103515625 0.1103515625
0 0.353515625 0.17138671875 0.09765625 0.0986328125
0 0.27001953125 0.22705078125 0.0732421875 0.0732421875
0 0.1669921875 0.06494140625 0.09765625 0.0986328125
0 0.1708984375 0.16943359375 0.09765625 0.0986328125
0 0.076171875 0.10888671875 0.09765625 0.0986328125
0 0.07861328125 0.22119140625 0.0732421875 0.0732421875
0 0.0849609375 0.39013671875 0.060546875 0.0615234375
0 0.0771484375 0.49658203125 0.09765625 0.0986328125
0 0.0771484375 0.60595703125 0.09765625 0.0986328125
0 0.07958984375 0.72265625 0.1220703125 0.123046875
0 0.07763671875 0.837890625 0.1220703125 0.123046875
0 0.17431640625 0.4443359375 0.0849609375 0.0859375
0 0.169921875 0.55224609375 0.09765625 0.0986328125
0 0.17333984375 0.66650390625 0.1220703125 0.1220703125
0 0.177734375 0.77392578125 0.09765625 0.0986328125
0 0.17236328125 0.884765625 0.1220703125 0.123046875
0 0.2666015625 0.39111328125 0.060546875 0.0615234375
0 0.26953125 0.50048828125 0.09765625 0.0986328125
0 0.2646484375 0.61279296875 0.09765625 0.0986328125
0 0.265625 0.72412109375 0.09765625 0.0986328125
0 0.26953125 0.82568359375 0.09765625 0.0986328125
0 0.3583984375 0.447265625 0.0859375 0.0859375
0 0.359375 0.55126953125 0.09765625 0.0986328125
0 0.361328125 0.66455078125 0.09765625 0.0986328125
0 0.3583984375 0.77783203125 0.09765625 0.0986328125
0 0.35888671875 0.89208984375 0.1220703125 0.1220703125
0 0.45654296875 0.3984375 0.0361328125 0.037109375
0 0.45703125 0.4970703125 0.09765625 0.09765625
0 0.4560546875 0.60595703125 0.109375 0.1103515625
0 0.45361328125 0.7265625 0.1220703125 0.123046875
0 0.458984375 0.83642578125 0.109375 0.1103515625
0 0.453125 0.94580078125 0.09765625 0.0986328125
0 0.55224609375 0.4560546875 0.0849609375 0.0859375
0 0.5498046875 0.5537109375 0.09765625 0.09765625
0 0.54833984375 0.669921875 0.1103515625 0.111328125
0 0.54443359375 0.7822265625 0.1220703125 0.123046875
0 0.546875 0.88427734375 0.109375 0.1103515625
0 0.65234375 0.40283203125 0.060546875 0.0615234375
0 0.64453125 0.5009765625 0.0859375 0.0859375
0 0.64599609375 0.6123046875 0.1103515625 0.111328125
0 0.63818359375 0.7255859375 0.1220703125 0.123046875
0 0.63818359375 0.83349609375 0.1103515625 0.1103515625
0 0.7412109375 0.451171875 0.0859375 0.0859375
0 0.7333984375 0.56103515625 0.09765625 0.0986328125
0 0.7431640625 0.67138671875 0.109375 0.1103515625
0 0.74072265625 0.783203125 0.1220703125 0.123046875
0 0.73974609375 0.89501953125 0.0615234375 0.0615234375
0 0.83837890625 0.40966796875 0.0615234375 0.0615234375
0 0.8349609375 0.50341796875 0.09765625 0.0986328125
0 0.83935546875 0.6181640625 0.1220703125 0.123046875
0 0.83203125 0.72705078125 0.109375 0.1103515625
0 0.83544921875 0.841796875 0.1220703125 0.123046875
0 0.9326171875 0.45263671875 0.09765625 0.0986328125
0 0.92822265625 0.56201171875 0.1103515625 0.1103515625
0 0.92041015625 0.666015625 0.1220703125 0.123046875
0 0.92919921875 0.78857421875 0.1103515625 0.1103515625
0 0.93017578125 0.8916015625 0.1220703125 0.123046875
0 0.07763671875 0.9375 0.1220703125 0.123046875