0 0.31201171875 0.2451171875 0.0732421875 0.07421875
0 0.69287109375 0.58349609375 0.0732421875 0.0732421875
0 0.78466796875 0.73974609375 0.0615234375 0.0615234375
0 0.9658203125 0.185546875 0.048828125 0.048828125
0 0.87109375 0.2470703125 0.048828125 0.048828125
0 0.78125 0.2021484375 0.048828125 0.048828125
0 0.7763671875 0.302734375 0.048828125 0.048828125
0 0.6865234375 0.255859375 0.037109375 0.037109375
0 0.67626953125 0.37158203125 0.0361328125 0.0361328125
0 0.50439453125 0.240234375 0.0361328125 0.037109375
0 0.4072265625 0.40771484375 0.048828125 0.0498046875
0 0.3115234375 0.44921875 0.048828125 0.048828125
0 0.306640625 0.359375 0.048828125 0.048828125
0 0.23046875 0.30322265625 0.060546875 0.0615234375
0 0.12841796875 0.33837890625 0.0361328125 0.0361328125
0 0.5107421875 0.34765625 0.0859375 0.0859375
0 0.40380859375 0.29736328125 0.0615234375 0.0615234375
0 0.58544921875 0.2958984375 0.0244140625 0.025390625
0 0.8740234375 0.353515625 0.09765625 0.09765625
0 0.86474609375 0.46533203125 0.1103515625 0.1103515625
0 0.875 0.57958984375 0.109375 0.1103515625
0 0.87744140625 0.69287109375 0.1103515625 0.1103515625
0 0.8720703125 0.7958984375 0.0859375 0.0859375
0 0.8759765625 0.91162109375 0.09765625 0.0986328125
0 0.791015625 0.88525390625 0.09765625 0.0986328125
0 0.77587890625 0.40673828125 0.1103515625 0.1103515625
0 0.78076171875 0.53564453125 0.1103515625 0.1103515625
0 0.7802734375 0.63427734375 0.09765625 0.0986328125
0 0.69140625 0.7109375 0.09765625 0.09765625
0 0.693359375 0.4912109375 0.09765625 0.09765625
0 0.6015625 0.42333984375 0.09765625 0.0986328125
0 0.6025390625 0.52734375 0.09765625 0.09765625
0 0.595703125 0.64453125 0.09765625 0.09765625
0 0.59814453125 0.7470703125 0.0849609375 0.0859375
0 0.599609375 0.85791015625 0.109375 0.1103515625
0 0.693359375 0.921875 0.09765625 0.09765625
0 0.69384765625 0.8056640625 0.0849609375 0.0859375
0 0.5068359375 0.9072265625 0.09765625 0.09765625
0 0.5048828125 0.78857421875 0.09765625 0.0986328125
0 0.50390625 0.6865234375 0.0859375 0.0859375
0 0.501953125 0.57666015625 0.09765625 0.0986328125
0 0.5029296875 0.4609375 0.109375 0.111328125
0 0.4111328125 0.5244140625 0.0859375 0.0859375
0 0.4111328125 0.61328125 0.09765625 0.09765625
0 0.41015625 0.72216796875 0.09765625 0.0986328125
0 0.412109375 0.83154296875 0.109375 0.1103515625
0 0.31005859375 0.89404296875 0.1103515625 0.1103515625
0 0.31005859375 0.78369140625 0.1103515625 0.1103515625
0 0.314453125 0.6689453125 0.09765625 0.09765625
0 0.310546875 0.5634765625 0.09765625 0.09765625
0 0.22412109375 0.1845703125 0.0849609375 0.0859375
0 0.1259765625 0.2275390625 0.0859375 0.0859375
0 0.2236328125 0.5126953125 0.09765625 0.09765625
0 0.23291015625 0.39453125 0.0849609375 0.0859375
0 0.21875 0.640625 0.0859375 0.0859375
0 0.2236328125 0.74169921875 0.09765625 0.0986328125
0 0.2236328125 0.83544921875 0.09765625 0.0986328125
0 0.11767578125 0.89404296875 0.1103515625 0.1103515625
0 0.1240234375 0.78466796875 0.109375 0.1103515625
0 0.123046875 0.6767578125 0.09765625 0.09765625
0 0.1318359375 0.56884765625 0.109375 0.1103515625
0 0.13232421875 0.4384765625 0.1103515625 0.111328125
0 0.958984375 0.29345703125 0.048828125 0.0498046875