0 0.83984375 0.22265625 0.0859375 0.0859375
0 0.0810546875 0.11572265625 0.109375 0.1103515625
0 0.0830078125 0.23095703125 0.09765625 0.0986328125
0 0.08056640625 0.33935546875 0.1103515625 0.1103515625
0 0.1826171875 0.06591796875 0.109375 0.1103515625
0 0.1787109375 0.16845703125 0.09765625 0.0986328125
0 0.181640625 0.28466796875 0.109375 0.1103515625
0 0.27783203125 0.1142578125 0.1103515625 0.111328125
0 0.2783203125 0.22412109375 0.09765625 0.0986328125
0 0.365234375 0.0654296875 0.109375 0.111328125
0 0.36767578125 0.169921875 0.1103515625 0.111328125
0 0.37548828125 0.2666015625 0.1103515625 0.111328125
0 0.4638671875 0.1142578125 0.09765625 0.09765625
0 0.4658203125 0.228515625 0.09765625 0.09765625
0 0.55810546875 0.06201171875 0.1103515625 0.1103515625
0 0.5576171875 0.16943359375 0.09765625 0.0986328125
0 0.65283203125 0.1181640625 0.0849609375 0.0859375
0 0.65283203125 0.2265625 0.0732421875 0.07421875
0 0.74462890625 0.06298828125 0.0732421875 0.0732421875
0 0.74658203125 0.17431640625 0.0732421875 0.0732421875
0 0.8388671875 0.11865234375 0.0859375 0.0869140625
0 0.93408203125 0.0625 0.0849609375 0.0859375
0 0.93505859375 0.169921875 0.0849609375 0.0859375
0 0.9384765625 0.28173828125 0.0859375 0.0869140625
0 0.7509765625 0.27587890625 0.09765625 0.0986328125
0 0.93359375 0.392578125 0.0859375 0.0859375
0 0.9296875 0.50439453125 0.09765625 0.0986328125
0 0.9326171875 0.6123046875 0.0859375 0.0859375
0 0.9326171875 0.71875 0.09765625 0.09765625
0 0.8369140625 0.33935546875 0.09765625 0.0986328125
0 0.8369140625 0.44677734375 0.09765625 0.0986328125
0 0.83935546875 0.5615234375 0.0849609375 0.0859375
0 0.84228515625 0.669921875 0.0849609375 0.0859375
0 0.8408203125 0.7744140625 0.09765625 0.09765625
0 0.7451171875 0.38818359375 0.09765625 0.0986328125
0 0.748046875 0.5009765625 0.09765625 0.09765625
0 0.74462890625 0.6201171875 0.0849609375 0.0859375
0 0.7431640625 0.72265625 0.09765625 0.09765625
0 0.6552734375 0.3330078125 0.09765625 0.09765625
0 0.65234375 0.453125 0.0859375 0.0859375
0 0.65478515625 0.5615234375 0.0732421875 0.07421875
0 0.65283203125 0.669921875 0.0732421875 0.07421875
0 0.64501953125 0.78173828125 0.0732421875 0.0732421875
0 0.5576171875 0.2822265625 0.109375 0.111328125
0 0.556640625 0.3935546875 0.09765625 0.09765625
0 0.560546875 0.5068359375 0.09765625 0.09765625
0 0.56103515625 0.6123046875 0.0849609375 0.0859375
0 0.5625 0.72119140625 0.09765625 0.0986328125
0 0.462890625 0.3359375 0.09765625 0.09765625
0 0.462890625 0.44677734375 0.09765625 0.0986328125
0 0.46533203125 0.5576171875 0.0849609375 0.0859375
0 0.4638671875 0.66943359375 0.09765625 0.0986328125
0 0.4638671875 0.78369140625 0.09765625 0.0986328125
0 0.36962890625 0.39501953125 0.1103515625 0.1103515625
0 0.37158203125 0.50244140625 0.1103515625 0.1103515625
0 0.3681640625 0.61328125 0.0859375 0.0859375
0 0.3701171875 0.72216796875 0.09765625 0.0986328125
0 0.271484375 0.33642578125 0.09765625 0.0986328125
0 0.2685546875 0.44580078125 0.09765625 0.0986328125
0 0.27734375 0.55908203125 0.09765625 0.0986328125
0 0.2783203125 0.66650390625 0.09765625 0.0986328125
0 0.275390625 0.77783203125 0.09765625 0.0986328125
0 0.1728515625 0.39794921875 0.109375 0.1103515625
0 0.171875 0.51025390625 0.109375 0.1103515625
0 0.17529296875 0.61279296875 0.1103515625 0.1103515625
0 0.17138671875 0.72021484375 0.1103515625 0.1103515625
0 0.08251953125 0.45068359375 0.1103515625 0.1103515625
0 0.07373046875 0.56103515625 0.1103515625 0.1103515625
0 0.07958984375 0.67529296875 0.1103515625 0.1103515625
0 0.0791015625 0.7841796875 0.109375 0.111328125
0 0.08154296875 0.88818359375 0.1103515625 0.1103515625
0 0.17626953125 0.83740234375 0.1103515625 0.1103515625
0 0.27734375 0.89013671875 0.109375 0.1103515625
0 0.3701171875 0.83056640625 0.109375 0.1103515625
0 0.46484375 0.884765625 0.09765625 0.09765625
0 0.55810546875 0.8359375 0.0732421875 0.07421875
0 0.560546875 0.943359375 0.09765625 0.09765625
0 0.64990234375 0.8876953125 0.0732421875 0.07421875
0 0.748046875 0.83056640625 0.09765625 0.0986328125
0 0.744140625 0.9443359375 0.0859375 0.0859375
0 0.8408203125 0.88232421875 0.09765625 0.0986328125
0 0.9345703125 0.83349609375 0.0859375 0.0869140625
0 0.9345703125 0.94091796875 0.09765625 0.0986328125