0 0.04248046875 0.1962890625 0.0732421875 0.07421875
0 0.33544921875 0.02294921875 0.0244140625 0.0244140625
0 0.33154296875 0.13232421875 0.0244140625 0.0244140625
0 0.33447265625 0.21435546875 0.0244140625 0.0244140625
0 0.43212890625 0.07568359375 0.0244140625 0.0244140625
0 0.42529296875 0.18310546875 0.0244140625 0.0244140625
0 0.525390625 0.2138671875 0.037109375 0.037109375
0 0.5224609375 0.13134765625 0.109375 0.1103515625
0 0.6318359375 0.0751953125 0.0859375 0.0859375
0 0.63232421875 0.18408203125 0.0732421875 0.0732421875
0 0.712890625 0.13427734375 0.09765625 0.0986328125
0 0.70361328125 0.24951171875 0.0615234375 0.0615234375
0 0.8046875 0.08056640625 0.09765625 0.0986328125
0 0.8095703125 0.18798828125 0.09765625 0.0986328125
0 0.9130859375 0.1376953125 0.09765625 0.09765625
0 0.05126953125 0.373046875 0.0361328125 0.037109375
0 0.0517578125 0.4716796875 0.09765625 0.09765625
0 0.14697265625 0.4306640625 0.0849609375 0.0859375
0 0.14453125 0.5283203125 0.09765625 0.09765625
0 0.14306640625 0.64453125 0.1103515625 0.111328125
0 0.13916015625 0.7568359375 0.1220703125 0.123046875
0 0.1416015625 0.85888671875 0.109375 0.1103515625
0 0.2470703125 0.37744140625 0.060546875 0.0615234375
0 0.2392578125 0.4755859375 0.0859375 0.0859375
0 0.24072265625 0.5869140625 0.1103515625 0.111328125
0 0.23291015625 0.7001953125 0.1220703125 0.123046875
0 0.23291015625 0.80810546875 0.1103515625 0.1103515625
0 0.3359375 0.42578125 0.0859375 0.0859375
0 0.328125 0.53564453125 0.09765625 0.0986328125
0 0.337890625 0.64599609375 0.109375 0.1103515625
0 0.33544921875 0.7578125 0.1220703125 0.123046875
0 0.33447265625 0.86962890625 0.0615234375 0.0615234375
0 0.23779296875 0.92236328125 0.1103515625 0.1103515625
0 0.43310546875 0.38427734375 0.0615234375 0.0615234375
0 0.4296875 0.47802734375 0.09765625 0.0986328125
0 0.43408203125 0.5927734375 0.1220703125 0.123046875
0 0.4267578125 0.70166015625 0.109375 0.1103515625
0 0.43017578125 0.81640625 0.1220703125 0.123046875
0 0.4326171875 0.9228515625 0.109375 0.111328125
0 0.52734375 0.42724609375 0.09765625 0.0986328125
0 0.52294921875 0.53662109375 0.1103515625 0.1103515625
0 0.51513671875 0.640625 0.1220703125 0.123046875
0 0.52392578125 0.76318359375 0.1103515625 0.1103515625
0 0.52490234375 0.8662109375 0.1220703125 0.123046875
0 0.6171875 0.39453125 0.048828125 0.048828125
0 0.6142578125 0.47998046875 0.09765625 0.0986328125
0 0.61376953125 0.59521484375 0.1220703125 0.1220703125
0 0.61767578125 0.701171875 0.1220703125 0.123046875
0 0.61669921875 0.81787109375 0.1103515625 0.1103515625
0 0.61279296875 0.9208984375 0.1220703125 0.123046875
0 0.70263671875 0.42724609375 0.0732421875 0.0732421875
0 0.70703125 0.53955078125 0.109375 0.1103515625
0 0.7080078125 0.64892578125 0.109375 0.1103515625
0 0.7080078125 0.7568359375 0.0859375 0.0859375
0 0.71337890625 0.87060546875 0.1103515625 0.1103515625
0 0.81298828125 0.4794921875 0.1220703125 0.123046875
0 0.80126953125 0.587890625 0.1220703125 0.123046875
0 0.80859375 0.70849609375 0.09765625 0.0986328125
0 0.8095703125 0.80712890625 0.09765625 0.0986328125
0 0.80615234375 0.9267578125 0.1220703125 0.123046875
0 0.90673828125 0.4248046875 0.0732421875 0.07421875
0 0.912109375 0.537109375 0.09765625 0.09765625
0 0.91845703125 0.650390625 0.1220703125 0.123046875
0 0.9140625 0.76318359375 0.09765625 0.0986328125
0 0.90234375 0.86572265625 0.09765625 0.0986328125