0 0.89404296875 0.72119140625 0.0732421875 0.0732421875
0 0.04345703125 0.123046875 0.0849609375 0.0859375
0 0.1376953125 0.29833984375 0.109375 0.1103515625
0 0.14404296875 0.1748046875 0.1103515625 0.111328125
0 0.1376953125 0.0693359375 0.09765625 0.09765625
0 0.23876953125 0.11767578125 0.1103515625 0.1103515625
0 0.23583984375 0.2216796875 0.1103515625 0.111328125
0 0.333984375 0.177734375 0.09765625 0.09765625
0 0.32373046875 0.072265625 0.0849609375 0.0859375
0 0.4248046875 0.111328125 0.09765625 0.09765625
0 0.421875 0.212890625 0.0859375 0.0859375
0 0.326171875 0.2958984375 0.09765625 0.09765625
0 0.5185546875 0.26513671875 0.09765625 0.0986328125
0 0.513671875 0.06298828125 0.09765625 0.0986328125
0 0.61474609375 0.1064453125 0.1103515625 0.111328125
0 0.60791015625 0.21533203125 0.1103515625 0.1103515625
0 0.7060546875 0.2666015625 0.09765625 0.09765625
0 0.7099609375 0.15576171875 0.09765625 0.0986328125
0 0.7919921875 0.10400390625 0.09765625 0.0986328125
0 0.796875 0.21044921875 0.09765625 0.0986328125
0 0.88720703125 0.2734375 0.0849609375 0.0859375
0 0.892578125 0.14453125 0.0859375 0.0859375
0 0.79345703125 0.7568359375 0.0849609375 0.0859375
0 0.1357421875 0.83740234375 0.09765625 0.0986328125
0 0.1318359375 0.73095703125 0.09765625 0.0986328125
0 0.228515625 0.78466796875 0.109375 0.1103515625
0 0.228515625 0.88818359375 0.09765625 0.0986328125
0 0.3232421875 0.72607421875 0.09765625 0.0986328125
0 0.328125 0.841796875 0.09765625 0.09765625
0 0.32177734375 0.9443359375 0.0849609375 0.0859375
0 0.4267578125 0.876953125 0.09765625 0.09765625
0 0.419921875 0.76904296875 0.09765625 0.0986328125
0 0.5087890625 0.7119140625 0.09765625 0.09765625
0 0.5146484375 0.81884765625 0.09765625 0.0986328125
0 0.5126953125 0.92626953125 0.09765625 0.0986328125
0 0.603515625 0.86962890625 0.109375 0.1103515625
0 0.60205078125 0.7587890625 0.1103515625 0.111328125
0 0.7001953125 0.7158203125 0.09765625 0.09765625
0 0.69140625 0.81884765625 0.109375 0.1103515625
0 0.7041015625 0.9228515625 0.109375 0.111328125
0 0.7919921875 0.85888671875 0.109375 0.1103515625
0 0.89013671875 0.8193359375 0.0849609375 0.0859375
0 0.888671875 0.9189453125 0.09765625 0.09765625
0 0.8876953125 0.38134765625 0.09765625 0.0986328125
0 0.8896484375 0.49169921875 0.09765625 0.0986328125
0 0.888671875 0.595703125 0.0859375 0.0859375
0 0.791015625 0.65380859375 0.109375 0.1103515625
0 0.7939453125 0.54931640625 0.09765625 0.0986328125
0 0.7939453125 0.431640625 0.0859375 0.0859375
0 0.79296875 0.3251953125 0.0859375 0.0859375
0 0.7021484375 0.37158203125 0.09765625 0.0986328125
0 0.69921875 0.47900390625 0.09765625 0.0986328125
0 0.705078125 0.5849609375 0.09765625 0.09765625
0 0.6123046875 0.63671875 0.109375 0.111328125
0 0.61083984375 0.5361328125 0.1103515625 0.111328125
0 0.60498046875 0.44580078125 0.1103515625 0.1103515625
0 0.61083984375 0.31982421875 0.1103515625 0.1103515625
0 0.5205078125 0.3720703125 0.09765625 0.09765625
0 0.5205078125 0.4833984375 0.09765625 0.09765625
0 0.513671875 0.59375 0.0859375 0.0859375
0 0.421875 0.65966796875 0.09765625 0.0986328125
0 0.41796875 0.556640625 0.0859375 0.0859375
0 0.42578125 0.435546875 0.09765625 0.09765625
0 0.41796875 0.3291015625 0.09765625 0.09765625
0 0.3291015625 0.400390625 0.09765625 0.09765625
0 0.3232421875 0.49658203125 0.09765625 0.0986328125
0 0.3212890625 0.61962890625 0.09765625 0.0986328125
0 0.234375 0.67626953125 0.109375 0.1103515625
0 0.22802734375 0.56298828125 0.1103515625 0.1103515625
0 0.24072265625 0.44970703125 0.1103515625 0.1103515625
0 0.23193359375 0.33837890625 0.1103515625 0.1103515625
0 0.1455078125 0.40478515625 0.09765625 0.0986328125
0 0.130859375 0.51611328125 0.109375 0.1103515625
0 0.1328125 0.6220703125 0.0859375 0.0859375