0 0.62939453125 0.81005859375 0.0732421875 0.0732421875
0 0.53076171875 0.64111328125 0.0615234375 0.0615234375
0 0.62548828125 0.68701171875 0.0615234375 0.0615234375
0 0.71875 0.6484375 0.060546875 0.060546875
0 0.35205078125 0.64306640625 0.0615234375 0.0615234375
0 0.064453125 0.70263671875 0.09765625 0.0986328125
0 0.064453125 0.80859375 0.09765625 0.09765625
0 0.0673828125 0.9169921875 0.09765625 0.09765625
0 0.16015625 0.65478515625 0.109375 0.1103515625
0 0.1630859375 0.76025390625 0.09765625 0.0986328125
0 0.1650390625 0.86376953125 0.09765625 0.0986328125
0 0.25390625 0.69970703125 0.09765625 0.0986328125
0 0.255859375 0.80322265625 0.09765625 0.0986328125
0 0.2578125 0.91845703125 0.109375 0.1103515625
0 0.34765625 0.75634765625 0.09765625 0.0986328125
0 0.3505859375 0.86181640625 0.09765625 0.0986328125
0 0.4423828125 0.69580078125 0.09765625 0.0986328125
0 0.4443359375 0.81103515625 0.0859375 0.0869140625
0 0.44091796875 0.921875 0.0849609375 0.0859375
0 0.5361328125 0.7548828125 0.0859375 0.0859375
0 0.533203125 0.865234375 0.0859375 0.0859375
0 0.6328125 0.9296875 0.0859375 0.0859375
0 0.7275390625 0.751953125 0.09765625 0.09765625
0 0.72607421875 0.8603515625 0.0849609375 0.0859375
0 0.81884765625 0.6943359375 0.0732421875 0.07421875
0 0.912109375 0.748046875 0.0859375 0.0859375
0 0.91748046875 0.8603515625 0.0732421875 0.07421875
0 0.82421875 0.8046875 0.09765625 0.09765625
0 0.82421875 0.916015625 0.09765625 0.09765625