0 0.59033203125 0.92626953125 0.0732421875 0.0732421875
0 0.509765625 0.73779296875 0.0859375 0.0849609375
0 0.6142578125 0.73291015625 0.0859375 0.0849609375
0 0.732421875 0.73291015625 0.0859375 0.0849609375
0 0.775390625 0.6513671875 0.0859375 0.0859375
0 0.7236328125 0.54443359375 0.0859375 0.0849609375
0 0.63232421875 0.5478515625 0.0869140625 0.0859375
0 0.673828125 0.64501953125 0.0859375 0.0849609375
0 0.576171875 0.64111328125 0.0859375 0.0849609375
0 0.70458984375 0.92138671875 0.0615234375 0.0615234375
0 0.56396484375 0.0751953125 0.0986328125 0.09765625
0 0.67431640625 0.0751953125 0.1103515625 0.109375
0 0.77587890625 0.07373046875 0.1103515625 0.1103515625
0 0.89013671875 0.076171875 0.0986328125 0.09765625
0 0.83447265625 0.16796875 0.0986328125 0.09765625
0 0.72900390625 0.173828125 0.0986328125 0.09765625
0 0.60693359375 0.1728515625 0.0986328125 0.09765625
0 0.5068359375 0.16943359375 0.0859375 0.0849609375
0 0.55615234375 0.263671875 0.0986328125 0.09765625
0 0.67138671875 0.26123046875 0.1103515625 0.1103515625
0 0.7783203125 0.2666015625 0.111328125 0.109375
0 0.88916015625 0.2705078125 0.0986328125 0.09765625
0 0.94189453125 0.359375 0.0986328125 0.09765625
0 0.82861328125 0.3671875 0.1103515625 0.109375
0 0.71728515625 0.3544921875 0.0986328125 0.09765625
0 0.60498046875 0.3583984375 0.0986328125 0.09765625
0 0.49951171875 0.359375 0.0986328125 0.09765625
0 0.5595703125 0.46484375 0.09765625 0.09765625
0 0.662109375 0.46533203125 0.0859375 0.0849609375
0 0.779296875 0.455078125 0.111328125 0.109375
0 0.869140625 0.455078125 0.111328125 0.109375
0 0.93408203125 0.5517578125 0.0986328125 0.09765625
0 0.84423828125 0.5498046875 0.0986328125 0.09765625
0 0.4970703125 0.548828125 0.09765625 0.09765625
0 0.89208984375 0.6455078125 0.0986328125 0.09765625
0 0.943359375 0.74462890625 0.0859375 0.0849609375
0 0.8662109375 0.7451171875 0.09765625 0.09765625
0 0.88818359375 0.841796875 0.0986328125 0.09765625
0 0.76953125 0.833984375 0.0859375 0.0859375
0 0.666015625 0.82861328125 0.0859375 0.0849609375
0 0.5361328125 0.8310546875 0.0859375 0.0859375
0 0.93994140625 0.9345703125 0.1103515625 0.109375
0 0.84033203125 0.93359375 0.1103515625 0.109375
0 0.0498046875 0.9248046875 0.09765625 0.09765625
0 0.09765625 0.8251953125 0.0859375 0.0859375
0 0.056640625 0.73095703125 0.0859375 0.0849609375
0 0.05810546875 0.3486328125 0.0986328125 0.09765625
0 0.1064453125 0.255859375 0.09765625 0.09765625
0 0.06396484375 0.158203125 0.0986328125 0.09765625
0 0.3876953125 0.9345703125 0.09765625 0.09765625
0 0.2841796875 0.92578125 0.09765625 0.09765625
0 0.16650390625 0.9189453125 0.0986328125 0.09765625
0 0.1943359375 0.82666015625 0.0859375 0.0849609375
0 0.4423828125 0.64599609375 0.0859375 0.0849609375
0 0.33447265625 0.63330078125 0.1103515625 0.1103515625
0 0.39599609375 0.5380859375 0.1103515625 0.109375
0 0.28076171875 0.5380859375 0.0986328125 0.09765625
0 0.46044921875 0.4638671875 0.0869140625 0.0859375
0 0.36181640625 0.46484375 0.0986328125 0.09765625
0 0.240234375 0.45947265625 0.0859375 0.0849609375
0 0.1875 0.357421875 0.09765625 0.09765625
0 0.29443359375 0.3515625 0.0986328125 0.09765625
0 0.38037109375 0.3515625 0.0986328125 0.09765625
0 0.44677734375 0.2578125 0.0986328125 0.09765625
0 0.33935546875 0.2568359375 0.1103515625 0.109375
0 0.2275390625 0.255859375 0.09765625 0.09765625
0 0.18359375 0.169921875 0.09765625 0.09765625
0 0.3984375 0.162109375 0.09765625 0.09765625
0 0.28515625 0.1669921875 0.09765625 0.09765625
0 0.4482421875 0.0751953125 0.09765625 0.09765625
0 0.333984375 0.0751953125 0.09765625 0.09765625
0 0.2236328125 0.0673828125 0.09765625 0.09765625
0 0.12255859375 0.06689453125 0.1103515625 0.1103515625