0 0.48583984375 0.1611328125 0.1103515625 0.109375
0 0.54931640625 0.8271484375 0.0869140625 0.0859375
0 0.3857421875 0.34130859375 0.07421875 0.0732421875
0 0.845703125 0.92236328125 0.0859375 0.0849609375
0 0.72021484375 0.9189453125 0.0986328125 0.09765625
0 0.61083984375 0.9267578125 0.0986328125 0.09765625
0 0.8779296875 0.82470703125 0.0859375 0.0849609375
0 0.7587890625 0.81787109375 0.0859375 0.0849609375
0 0.6552734375 0.82421875 0.0859375 0.0859375
0 0.93115234375 0.73974609375 0.0244140625 0.0244140625
0 0.8125 0.7333984375 0.037109375 0.037109375
0 0.70654296875 0.73583984375 0.0244140625 0.0244140625
0 0.59326171875 0.72998046875 0.0244140625 0.0244140625
0 0.78466796875 0.63818359375 0.0244140625 0.0244140625
0 0.67431640625 0.63818359375 0.0244140625 0.0244140625
0 0.55908203125 0.63427734375 0.0244140625 0.0244140625
0 0.90380859375 0.638671875 0.0986328125 0.09765625
0 0.44970703125 0.63037109375 0.0244140625 0.0244140625
0 0.36767578125 0.63330078125 0.0244140625 0.0244140625
0 0.50634765625 0.73095703125 0.0244140625 0.0244140625
0 0.39892578125 0.72412109375 0.0244140625 0.0244140625
0 0.3681640625 0.82421875 0.037109375 0.037109375
0 0.45068359375 0.8212890625 0.1103515625 0.109375
0 0.5068359375 0.9306640625 0.0859375 0.0859375
0 0.39794921875 0.93115234375 0.0732421875 0.0732421875
0 0.81884765625 0.34765625 0.0986328125 0.09765625
0 0.71533203125 0.3515625 0.1103515625 0.109375
0 0.6044921875 0.3427734375 0.09765625 0.09765625
0 0.4931640625 0.34765625 0.09765625 0.09765625
0 0.763671875 0.25 0.0859375 0.0859375
0 0.650390625 0.2509765625 0.09765625 0.09765625
0 0.54541015625 0.24658203125 0.1103515625 0.1103515625
0 0.43603515625 0.2470703125 0.0986328125 0.09765625
0 0.8271484375 0.16162109375 0.111328125 0.1103515625
0 0.7138671875 0.15966796875 0.111328125 0.1103515625
0 0.6015625 0.1591796875 0.09765625 0.09765625
0 0.38037109375 0.16357421875 0.0732421875 0.0732421875
0 0.875 0.06201171875 0.111328125 0.1103515625
0 0.771484375 0.0615234375 0.111328125 0.109375
0 0.64990234375 0.05859375 0.1103515625 0.109375
0 0.54248046875 0.060546875 0.0986328125 0.09765625
0 0.43798828125 0.064453125 0.0986328125 0.09765625
0 0.1630859375 0.06787109375 0.0859375 0.0849609375
0 0.05517578125 0.0634765625 0.0986328125 0.09765625
0 0.21630859375 0.16015625 0.0615234375 0.060546875
0 0.10693359375 0.1630859375 0.0986328125 0.09765625
0 0.16015625 0.251953125 0.0859375 0.0859375
0 0.05615234375 0.2529296875 0.0986328125 0.09765625
0 0.208984375 0.35009765625 0.037109375 0.0361328125
0 0.1103515625 0.3505859375 0.09765625 0.09765625
0 0.1513671875 0.44580078125 0.0859375 0.0849609375
0 0.0537109375 0.443359375 0.09765625 0.09765625
0 0.20458984375 0.5458984375 0.0615234375 0.060546875
0 0.1064453125 0.5380859375 0.0859375 0.0859375
0 0.15625 0.634765625 0.0859375 0.0859375
0 0.19775390625 0.73193359375 0.0615234375 0.0615234375
0 0.10400390625 0.728515625 0.0986328125 0.09765625
0 0.15478515625 0.826171875 0.0986328125 0.09765625
0 0.1875 0.916015625 0.048828125 0.048828125
0 0.10205078125 0.9130859375 0.0986328125 0.09765625