0 0.35791015625 0.12841796875 0.0732421875 0.0732421875
0 0.44580078125 0.1962890625 0.0732421875 0.07421875
0 0.54931640625 0.1376953125 0.0732421875 0.07421875
0 0.6513671875 0.0703125 0.048828125 0.048828125
0 0.07470703125 0.08154296875 0.1103515625 0.1103515625
0 0.931640625 0.3515625 0.09765625 0.09765625
0 0.9287109375 0.13525390625 0.09765625 0.0986328125
0 0.927734375 0.24462890625 0.09765625 0.0986328125
0 0.8369140625 0.30322265625 0.109375 0.1103515625
0 0.4443359375 0.08935546875 0.09765625 0.0986328125
0 0.35595703125 0.2470703125 0.0849609375 0.0859375
0 0.54736328125 0.248046875 0.0849609375 0.0859375
0 0.828125 0.0830078125 0.0859375 0.0859375
0 0.8369140625 0.18603515625 0.09765625 0.0986328125
0 0.740234375 0.25244140625 0.09765625 0.0986328125
0 0.7373046875 0.36328125 0.0859375 0.0859375
0 0.640625 0.3056640625 0.09765625 0.09765625
0 0.54296875 0.36279296875 0.09765625 0.0986328125
0 0.72705078125 0.1279296875 0.0849609375 0.0859375
0 0.6455078125 0.185546875 0.0859375 0.0859375
0 0.27099609375 0.0830078125 0.0849609375 0.0859375
0 0.2646484375 0.189453125 0.09765625 0.09765625
0 0.26171875 0.30126953125 0.09765625 0.0986328125
0 0.166015625 0.3544921875 0.09765625 0.09765625
0 0.162109375 0.24169921875 0.09765625 0.0986328125
0 0.072265625 0.30517578125 0.09765625 0.0986328125
0 0.919921875 0.90771484375 0.09765625 0.0986328125
0 0.83203125 0.85400390625 0.09765625 0.0986328125
0 0.73046875 0.80224609375 0.109375 0.1103515625
0 0.7314453125 0.9150390625 0.109375 0.111328125
0 0.6279296875 0.8798828125 0.09765625 0.09765625
0 0.546875 0.90869140625 0.09765625 0.0986328125
0 0.447265625 0.85498046875 0.109375 0.1103515625
0 0.35546875 0.90673828125 0.109375 0.1103515625
0 0.25341796875 0.85595703125 0.1103515625 0.1103515625
0 0.06494140625 0.85693359375 0.1103515625 0.1103515625
0 0.1640625 0.90283203125 0.109375 0.1103515625
0 0.9267578125 0.46533203125 0.109375 0.1103515625
0 0.9248046875 0.57080078125 0.09765625 0.0986328125
0 0.9267578125 0.69091796875 0.09765625 0.0986328125
0 0.9296875 0.802734375 0.09765625 0.09765625
0 0.8349609375 0.41552734375 0.09765625 0.0986328125
0 0.8330078125 0.53173828125 0.09765625 0.0986328125
0 0.8349609375 0.63671875 0.09765625 0.09765625
0 0.8291015625 0.740234375 0.09765625 0.09765625
0 0.7353515625 0.47119140625 0.09765625 0.0986328125
0 0.732421875 0.5673828125 0.109375 0.111328125
0 0.7294921875 0.6826171875 0.109375 0.111328125
0 0.634765625 0.74462890625 0.09765625 0.0986328125
0 0.6474609375 0.6279296875 0.09765625 0.09765625
0 0.6533203125 0.51953125 0.0859375 0.0859375
0 0.6435546875 0.4072265625 0.09765625 0.09765625
0 0.541015625 0.46484375 0.109375 0.111328125
0 0.541015625 0.580078125 0.09765625 0.09765625
0 0.53662109375 0.68115234375 0.1103515625 0.1103515625
0 0.5361328125 0.79345703125 0.09765625 0.0986328125
0 0.447265625 0.74365234375 0.09765625 0.0986328125
0 0.44580078125 0.63916015625 0.1103515625 0.1103515625
0 0.4462890625 0.52001953125 0.09765625 0.0986328125
0 0.44677734375 0.41015625 0.1103515625 0.111328125
0 0.4482421875 0.306640625 0.09765625 0.09765625
0 0.357421875 0.3603515625 0.09765625 0.09765625
0 0.34765625 0.45166015625 0.09765625 0.0986328125
0 0.3515625 0.58154296875 0.09765625 0.0986328125
0 0.353515625 0.68701171875 0.109375 0.1103515625
0 0.3466796875 0.80419921875 0.09765625 0.0986328125
0 0.2578125 0.76025390625 0.09765625 0.0986328125
0 0.259765625 0.63330078125 0.109375 0.1103515625
0 0.25390625 0.52587890625 0.109375 0.1103515625
0 0.2607421875 0.40869140625 0.109375 0.1103515625
0 0.1669921875 0.58544921875 0.09765625 0.0986328125
0 0.16357421875 0.68212890625 0.1103515625 0.1103515625
0 0.16015625 0.79443359375 0.09765625 0.0986328125
0 0.07421875 0.74365234375 0.109375 0.1103515625
0 0.07421875 0.63232421875 0.09765625 0.0986328125
0 0.07080078125 0.515625 0.0849609375 0.0859375
0 0.0771484375 0.41259765625 0.09765625 0.0986328125