0 0.08349609375 0.80810546875 0.0732421875 0.0732421875
0 0.9208984375 0.87744140625 0.09765625 0.0986328125
0 0.93408203125 0.416015625 0.1103515625 0.111328125
0 0.92578125 0.51611328125 0.109375 0.1103515625
0 0.92578125 0.66064453125 0.109375 0.1103515625
0 0.921875 0.75048828125 0.09765625 0.0986328125
0 0.81640625 0.47412109375 0.109375 0.1103515625
0 0.8251953125 0.7021484375 0.09765625 0.09765625
0 0.826171875 0.80859375 0.09765625 0.09765625
0 0.826171875 0.921875 0.09765625 0.09765625
0 0.7275390625 0.43115234375 0.09765625 0.0986328125
0 0.662109375 0.66552734375 0.048828125 0.0498046875
0 0.72705078125 0.52490234375 0.1103515625 0.1103515625
0 0.73046875 0.8828125 0.09765625 0.09765625
0 0.634765625 0.91748046875 0.109375 0.1103515625
0 0.546875 0.85400390625 0.09765625 0.0986328125
0 0.44873046875 0.931640625 0.0849609375 0.0859375
0 0.453125 0.4658203125 0.0859375 0.0859375
0 0.455078125 0.5625 0.09765625 0.09765625
0 0.353515625 0.42041015625 0.109375 0.1103515625
0 0.4462890625 0.8095703125 0.09765625 0.09765625
0 0.35302734375 0.765625 0.0849609375 0.0859375
0 0.34765625 0.87353515625 0.09765625 0.0986328125
0 0.2626953125 0.916015625 0.109375 0.111328125
0 0.25390625 0.81494140625 0.109375 0.1103515625
0 0.26416015625 0.68994140625 0.1103515625 0.1103515625
0 0.2568359375 0.4853515625 0.09765625 0.09765625
0 0.1689453125 0.42041015625 0.109375 0.1103515625
0 0.16064453125 0.76123046875 0.1103515625 0.1103515625
0 0.1708984375 0.8740234375 0.0859375 0.0859375
0 0.07177734375 0.4775390625 0.1103515625 0.111328125
0 0.078125 0.6865234375 0.0859375 0.0859375
0 0.0791015625 0.9326171875 0.09765625 0.09765625
0 0.935546875 0.10498046875 0.109375 0.1103515625
0 0.939453125 0.21630859375 0.109375 0.1103515625
0 0.92529296875 0.3232421875 0.1103515625 0.111328125
0 0.82421875 0.3662109375 0.109375 0.111328125
0 0.82568359375 0.2607421875 0.1103515625 0.111328125
0 0.82568359375 0.14453125 0.0849609375 0.0859375
0 0.64892578125 0.048828125 0.0849609375 0.0859375
0 0.5478515625 0.40234375 0.0859375 0.0859375
0 0.45068359375 0.35888671875 0.1103515625 0.1103515625
0 0.455078125 0.25390625 0.09765625 0.09765625
0 0.458984375 0.16015625 0.09765625 0.09765625
0 0.6484375 0.14990234375 0.09765625 0.0986328125
0 0.54296875 0.20947265625 0.09765625 0.0986328125
0 0.54541015625 0.3125 0.0849609375 0.0859375
0 0.458984375 0.0595703125 0.0859375 0.0859375
0 0.54052734375 0.0966796875 0.0849609375 0.0859375
0 0.35400390625 0.1015625 0.1103515625 0.111328125
0 0.35791015625 0.19677734375 0.1103515625 0.1103515625
0 0.3642578125 0.3212890625 0.109375 0.111328125
0 0.267578125 0.26123046875 0.109375 0.1103515625
0 0.267578125 0.15478515625 0.109375 0.1103515625
0 0.1689453125 0.10498046875 0.09765625 0.0986328125
0 0.16796875 0.2080078125 0.09765625 0.09765625
0 0.076171875 0.23046875 0.0859375 0.0859375
0 0.07373046875 0.123046875 0.0849609375 0.0859375
0 0.072265625 0.37939453125 0.09765625 0.0986328125
0 0.74609375 0.31396484375 0.09765625 0.0986328125