0 0.9501953125 0.66943359375 0.09765625 0.0986328125
0 0.9453125 0.5732421875 0.0859375 0.0859375
0 0.95458984375 0.462890625 0.0849609375 0.0859375
0 0.8642578125 0.3037109375 0.109375 0.111328125
0 0.8671875 0.4130859375 0.09765625 0.09765625
0 0.85546875 0.5224609375 0.09765625 0.09765625
0 0.8564453125 0.62646484375 0.09765625 0.0986328125
0 0.8583984375 0.73681640625 0.09765625 0.0986328125
0 0.8505859375 0.83740234375 0.09765625 0.0986328125
0 0.85595703125 0.94775390625 0.0849609375 0.0869140625
0 0.7607421875 0.89404296875 0.09765625 0.0986328125
0 0.7548828125 0.78271484375 0.09765625 0.0986328125
0 0.76171875 0.67822265625 0.09765625 0.0986328125
0 0.7685546875 0.57421875 0.09765625 0.09765625
0 0.765625 0.4609375 0.09765625 0.09765625
0 0.7685546875 0.3583984375 0.09765625 0.09765625
0 0.767578125 0.24755859375 0.09765625 0.0986328125
0 0.6728515625 0.30419921875 0.09765625 0.0986328125
0 0.666015625 0.412109375 0.109375 0.111328125
0 0.6708984375 0.51904296875 0.09765625 0.0986328125
0 0.66455078125 0.61767578125 0.1103515625 0.1103515625
0 0.6640625 0.7333984375 0.09765625 0.09765625
0 0.6630859375 0.84033203125 0.09765625 0.0986328125
0 0.5751953125 0.90380859375 0.09765625 0.0986328125
0 0.47314453125 0.94140625 0.1103515625 0.111328125
0 0.57421875 0.7607421875 0.09765625 0.09765625
0 0.5703125 0.67236328125 0.09765625 0.0986328125
0 0.57568359375 0.55615234375 0.1103515625 0.1103515625
0 0.58203125 0.455078125 0.109375 0.111328125
0 0.57958984375 0.34716796875 0.1103515625 0.1103515625
0 0.58349609375 0.236328125 0.1103515625 0.111328125
0 0.48388671875 0.298828125 0.1103515625 0.111328125
0 0.47998046875 0.40966796875 0.1103515625 0.1103515625
0 0.48388671875 0.5029296875 0.1103515625 0.111328125
0 0.47705078125 0.61865234375 0.1103515625 0.1103515625
0 0.3916015625 0.67822265625 0.109375 0.1103515625
0 0.38525390625 0.5615234375 0.1103515625 0.111328125
0 0.3857421875 0.45849609375 0.109375 0.1103515625
0 0.39208984375 0.34814453125 0.1103515625 0.1103515625
0 0.3896484375 0.25146484375 0.109375 0.1103515625
0 0.2978515625 0.2880859375 0.109375 0.111328125
0 0.2939453125 0.39501953125 0.09765625 0.0986328125
0 0.29296875 0.5029296875 0.09765625 0.09765625
0 0.29248046875 0.61572265625 0.1103515625 0.1103515625
0 0.2939453125 0.73291015625 0.09765625 0.0986328125
0 0.2900390625 0.84130859375 0.09765625 0.0986328125
0 0.38232421875 0.90478515625 0.1103515625 0.1103515625
0 0.3798828125 0.77880859375 0.109375 0.1103515625
0 0.27783203125 0.9384765625 0.0849609375 0.0859375
0 0.1923828125 0.8876953125 0.09765625 0.09765625
0 0.19921875 0.76708984375 0.09765625 0.0986328125
0 0.1982421875 0.66796875 0.09765625 0.09765625
0 0.193359375 0.56396484375 0.09765625 0.0986328125
0 0.1943359375 0.45458984375 0.109375 0.1103515625
0 0.1982421875 0.33740234375 0.09765625 0.0986328125
0 0.20361328125 0.23193359375 0.1103515625 0.1103515625
0 0.10400390625 0.29150390625 0.1103515625 0.1103515625
0 0.1064453125 0.40380859375 0.109375 0.1103515625
0 0.10888671875 0.50390625 0.1103515625 0.111328125
0 0.1025390625 0.61865234375 0.109375 0.1103515625
0 0.103515625 0.7275390625 0.109375 0.111328125
0 0.099609375 0.83056640625 0.109375 0.1103515625