0 0.708984375 0.05126953125 0.0859375 0.0869140625
0 0.22314453125 0.21484375 0.0732421875 0.07421875
0 0.89013671875 0.046875 0.0849609375 0.0859375
0 0.51611328125 0.04150390625 0.0244140625 0.0244140625
0 0.51220703125 0.15087890625 0.0244140625 0.0244140625
0 0.51513671875 0.23291015625 0.0244140625 0.0244140625
0 0.61279296875 0.09423828125 0.0244140625 0.0244140625
0 0.60595703125 0.20166015625 0.0244140625 0.0244140625
0 0.7060546875 0.232421875 0.037109375 0.037109375
0 0.703125 0.14990234375 0.109375 0.1103515625
0 0.8125 0.09375 0.0859375 0.0859375
0 0.81298828125 0.20263671875 0.0732421875 0.0732421875
0 0.8935546875 0.15283203125 0.09765625 0.0986328125
0 0.88427734375 0.26806640625 0.0615234375 0.0615234375
0 0.2294921875 0.107421875 0.09765625 0.09765625
0 0.12890625 0.16455078125 0.09765625 0.0986328125
0 0.04541015625 0.22021484375 0.0732421875 0.0732421875
0 0.0419921875 0.38427734375 0.060546875 0.0615234375
0 0.1337890625 0.4404296875 0.0859375 0.0859375
0 0.134765625 0.54443359375 0.09765625 0.0986328125
0 0.13671875 0.65771484375 0.09765625 0.0986328125
0 0.1337890625 0.77099609375 0.09765625 0.0986328125
0 0.13427734375 0.88525390625 0.1220703125 0.1220703125
0 0.23193359375 0.3916015625 0.0361328125 0.037109375
0 0.232421875 0.490234375 0.09765625 0.09765625
0 0.2314453125 0.59912109375 0.109375 0.1103515625
0 0.22900390625 0.7197265625 0.1220703125 0.123046875
0 0.234375 0.82958984375 0.109375 0.1103515625
0 0.228515625 0.93896484375 0.09765625 0.0986328125
0 0.32763671875 0.44921875 0.0849609375 0.0859375
0 0.3251953125 0.546875 0.09765625 0.09765625
0 0.32373046875 0.6630859375 0.1103515625 0.111328125
0 0.31982421875 0.775390625 0.1220703125 0.123046875
0 0.322265625 0.87744140625 0.109375 0.1103515625
0 0.427734375 0.39599609375 0.060546875 0.0615234375
0 0.419921875 0.494140625 0.0859375 0.0859375
0 0.42138671875 0.60546875 0.1103515625 0.111328125
0 0.41357421875 0.71875 0.1220703125 0.123046875
0 0.41357421875 0.82666015625 0.1103515625 0.1103515625
0 0.5166015625 0.4443359375 0.0859375 0.0859375
0 0.5087890625 0.55419921875 0.09765625 0.0986328125
0 0.5185546875 0.66455078125 0.109375 0.1103515625
0 0.51611328125 0.7763671875 0.1220703125 0.123046875
0 0.51513671875 0.88818359375 0.0615234375 0.0615234375
0 0.41845703125 0.94091796875 0.1103515625 0.1103515625
0 0.61376953125 0.40283203125 0.0615234375 0.0615234375
0 0.6103515625 0.49658203125 0.09765625 0.0986328125
0 0.61474609375 0.611328125 0.1220703125 0.123046875
0 0.607421875 0.72021484375 0.109375 0.1103515625
0 0.61083984375 0.8349609375 0.1220703125 0.123046875
0 0.61328125 0.94140625 0.109375 0.111328125
0 0.7080078125 0.44580078125 0.09765625 0.0986328125
0 0.70361328125 0.55517578125 0.1103515625 0.1103515625
0 0.69580078125 0.6591796875 0.1220703125 0.123046875
0 0.70458984375 0.78173828125 0.1103515625 0.1103515625
0 0.70556640625 0.884765625 0.1220703125 0.123046875
0 0.7978515625 0.4130859375 0.048828125 0.048828125
0 0.794921875 0.49853515625 0.09765625 0.0986328125
0 0.79443359375 0.61376953125 0.1220703125 0.1220703125
0 0.79833984375 0.7197265625 0.1220703125 0.123046875
0 0.79736328125 0.83642578125 0.1103515625 0.1103515625
0 0.88330078125 0.44580078125 0.0732421875 0.0732421875
0 0.8876953125 0.55810546875 0.109375 0.1103515625
0 0.888671875 0.66748046875 0.109375 0.1103515625
0 0.888671875 0.775390625 0.0859375 0.0859375
0 0.89404296875 0.88916015625 0.1103515625 0.1103515625