0 0.19873046875 0.36376953125 0.0732421875 0.0732421875
0 0.28857421875 0.509765625 0.0732421875 0.07421875
0 0.28955078125 0.40478515625 0.0732421875 0.0732421875
0 0.38525390625 0.44775390625 0.0732421875 0.0732421875
0 0.10498046875 0.4267578125 0.0849609375 0.0859375
0 0.20068359375 0.458984375 0.0732421875 0.07421875
0 0.20556640625 0.5751953125 0.0732421875 0.07421875
0 0.388671875 0.552734375 0.0859375 0.0859375
0 0.29248046875 0.6298828125 0.0732421875 0.07421875
0 0.76025390625 0.4912109375 0.0732421875 0.07421875
0 0.74462890625 0.3837890625 0.0732421875 0.07421875
0 0.57470703125 0.81494140625 0.0732421875 0.0732421875
0 0.56298828125 0.70166015625 0.0732421875 0.0732421875
0 0.75927734375 0.69287109375 0.0732421875 0.0732421875
0 0.86181640625 0.76318359375 0.0732421875 0.0732421875
0 0.86376953125 0.63818359375 0.0732421875 0.0732421875
0 0.4814453125 0.748046875 0.0859375 0.0859375
0 0.76025390625 0.57958984375 0.0732421875 0.0732421875
0 0.85595703125 0.541015625 0.0732421875 0.07421875
0 0.47509765625 0.62939453125 0.0732421875 0.0732421875
0 0.19921875 0.072265625 0.0859375 0.0859375
0 0.10302734375 0.3232421875 0.0732421875 0.07421875
0 0.1103515625 0.544921875 0.0859375 0.0859375
0 0.107421875 0.658203125 0.09765625 0.09765625
0 0.10791015625 0.7685546875 0.1220703125 0.123046875
0 0.197265625 0.26611328125 0.060546875 0.0615234375
0 0.19921875 0.7080078125 0.09765625 0.09765625
0 0.28515625 0.29833984375 0.060546875 0.0615234375
0 0.29931640625 0.7685546875 0.0849609375 0.0859375
0 0.37353515625 0.25048828125 0.0615234375 0.0615234375
0 0.37451171875 0.33740234375 0.0615234375 0.0615234375
0 0.392578125 0.689453125 0.0859375 0.0859375
0 0.39208984375 0.8056640625 0.0849609375 0.0859375
0 0.4794921875 0.31787109375 0.048828125 0.0498046875
0 0.478515625 0.42138671875 0.048828125 0.0498046875
0 0.48193359375 0.53076171875 0.0732421875 0.0732421875
0 0.5537109375 0.28076171875 0.060546875 0.0615234375
0 0.5576171875 0.37841796875 0.060546875 0.0615234375
0 0.5576171875 0.46337890625 0.060546875 0.0615234375
0 0.56689453125 0.57177734375 0.0615234375 0.0615234375
0 0.64208984375 0.33251953125 0.0615234375 0.0615234375
0 0.64990234375 0.43798828125 0.0732421875 0.0732421875
0 0.66357421875 0.52587890625 0.0732421875 0.0732421875
0 0.66162109375 0.63720703125 0.0732421875 0.0732421875
0 0.66455078125 0.75830078125 0.0732421875 0.0732421875
0 0.73193359375 0.27197265625 0.0615234375 0.0615234375
0 0.775390625 0.80712890625 0.0859375 0.0869140625
0 0.85107421875 0.423828125 0.0732421875 0.07421875
0 0.96142578125 0.93310546875 0.0732421875 0.0732421875
0 0.869140625 0.876953125 0.0859375 0.0859375
0 0.76904296875 0.93408203125 0.1103515625 0.1103515625
0 0.66845703125 0.87548828125 0.0849609375 0.0869140625
0 0.576171875 0.9208984375 0.0859375 0.0859375
0 0.48291015625 0.87158203125 0.0732421875 0.0732421875
0 0.39404296875 0.9013671875 0.0849609375 0.0859375
0 0.2998046875 0.8798828125 0.09765625 0.09765625
0 0.2060546875 0.8232421875 0.0859375 0.0859375
0 0.2001953125 0.931640625 0.109375 0.111328125
0 0.109375 0.8720703125 0.09765625 0.09765625