0 0.89013671875 0.29833984375 0.0732421875 0.0732421875
0 0.9326171875 0.20361328125 0.07421875 0.0732421875
0 0.8798828125 0.09765625 0.09765625 0.09765625
0 0.7734375 0.10595703125 0.123046875 0.1220703125
0 0.6640625 0.10595703125 0.111328125 0.1103515625
0 0.56201171875 0.10400390625 0.1103515625 0.1103515625
0 0.44677734375 0.09716796875 0.1103515625 0.1103515625
0 0.83740234375 0.193359375 0.1103515625 0.109375
0 0.724609375 0.1982421875 0.111328125 0.109375
0 0.6123046875 0.19775390625 0.123046875 0.1220703125
0 0.49755859375 0.19580078125 0.1103515625 0.1103515625
0 0.77978515625 0.29345703125 0.1103515625 0.1103515625
0 0.6689453125 0.29638671875 0.123046875 0.1220703125
0 0.556640625 0.29541015625 0.123046875 0.1220703125
0 0.4521484375 0.30078125 0.111328125 0.109375
0 0.94091796875 0.39111328125 0.0615234375 0.0615234375
0 0.83447265625 0.3896484375 0.0986328125 0.09765625
0 0.72216796875 0.388671875 0.0986328125 0.09765625
0 0.62890625 0.3955078125 0.09765625 0.09765625
0 0.501953125 0.38916015625 0.123046875 0.1220703125
0 0.89208984375 0.4892578125 0.0986328125 0.09765625
0 0.77392578125 0.4833984375 0.0986328125 0.09765625
0 0.677734375 0.48291015625 0.123046875 0.1220703125
0 0.5615234375 0.48193359375 0.123046875 0.1220703125
0 0.4482421875 0.48193359375 0.123046875 0.1220703125
0 0.94287109375 0.5859375 0.0615234375 0.060546875
0 0.83642578125 0.578125 0.0986328125 0.09765625
0 0.72705078125 0.578125 0.0986328125 0.09765625
0 0.6103515625 0.58056640625 0.123046875 0.1220703125
0 0.4951171875 0.57861328125 0.123046875 0.1220703125
0 0.888671875 0.67529296875 0.0859375 0.0849609375
0 0.78076171875 0.6708984375 0.0986328125 0.09765625
0 0.66650390625 0.67431640625 0.1220703125 0.1220703125
0 0.55908203125 0.6787109375 0.0986328125 0.09765625
0 0.4482421875 0.67333984375 0.123046875 0.1220703125
0 0.94189453125 0.767578125 0.0615234375 0.060546875
0 0.83251953125 0.7705078125 0.0986328125 0.09765625
0 0.72021484375 0.765625 0.0986328125 0.09765625
0 0.60888671875 0.7666015625 0.0986328125 0.09765625
0 0.50732421875 0.7705078125 0.0986328125 0.09765625
0 0.8857421875 0.859375 0.0859375 0.0859375
0 0.78173828125 0.8603515625 0.0986328125 0.09765625
0 0.66845703125 0.8623046875 0.0986328125 0.09765625
0 0.55517578125 0.859375 0.0986328125 0.09765625
0 0.44091796875 0.85986328125 0.1220703125 0.1220703125
0 0.9345703125 0.95751953125 0.037109375 0.0361328125
0 0.33740234375 0.8681640625 0.0986328125 0.09765625
0 0.22607421875 0.859375 0.0869140625 0.0859375
0 0.1171875 0.8564453125 0.0859375 0.0859375
0 0.39306640625 0.76904296875 0.1220703125 0.1220703125
0 0.28271484375 0.76904296875 0.1220703125 0.1220703125
0 0.17333984375 0.767578125 0.0986328125 0.09765625
0 0.06298828125 0.767578125 0.1103515625 0.109375
0 0.3369140625 0.66943359375 0.123046875 0.1220703125
0 0.23095703125 0.6728515625 0.0986328125 0.09765625
0 0.12646484375 0.67041015625 0.1103515625 0.1103515625
0 0.3955078125 0.57861328125 0.123046875 0.1220703125
0 0.28662109375 0.583984375 0.0986328125 0.09765625
0 0.1748046875 0.57861328125 0.0859375 0.0849609375
0 0.0751953125 0.578125 0.111328125 0.109375
0 0.33984375 0.48388671875 0.123046875 0.1220703125
0 0.2177734375 0.482421875 0.111328125 0.109375
0 0.11328125 0.4833984375 0.111328125 0.109375
0 0.4033203125 0.39453125 0.09765625 0.09765625
0 0.28515625 0.3857421875 0.09765625 0.09765625
0 0.185546875 0.39794921875 0.111328125 0.1103515625
0 0.064453125 0.39892578125 0.123046875 0.1220703125
0 0.337890625 0.294921875 0.09765625 0.09765625
0 0.22998046875 0.30322265625 0.1103515625 0.1103515625
0 0.3857421875 0.19580078125 0.111328125 0.1103515625
0 0.27978515625 0.19580078125 0.1103515625 0.1103515625
0 0.18115234375 0.19970703125 0.1103515625 0.1103515625
0 0.07666015625 0.19677734375 0.0732421875 0.0732421875
0 0.33837890625 0.1025390625 0.1103515625 0.109375
0 0.22705078125 0.1015625 0.1103515625 0.109375