0 0.76708984375 0.26171875 0.1103515625 0.109375
0 0.83056640625 0.927734375 0.0869140625 0.0859375
0 0.6669921875 0.44189453125 0.07421875 0.0732421875
0 0.9365234375 0.9248046875 0.0859375 0.0859375
0 0.87451171875 0.83056640625 0.0244140625 0.0244140625
0 0.95556640625 0.73876953125 0.0244140625 0.0244140625
0 0.84033203125 0.73486328125 0.0244140625 0.0244140625
0 0.73095703125 0.73095703125 0.0244140625 0.0244140625
0 0.64892578125 0.73388671875 0.0244140625 0.0244140625
0 0.78759765625 0.83154296875 0.0244140625 0.0244140625
0 0.68017578125 0.82470703125 0.0244140625 0.0244140625
0 0.6494140625 0.9248046875 0.037109375 0.037109375
0 0.73193359375 0.921875 0.1103515625 0.109375
0 0.8857421875 0.443359375 0.09765625 0.09765625
0 0.7744140625 0.4482421875 0.09765625 0.09765625
0 0.931640625 0.3515625 0.09765625 0.09765625
0 0.82666015625 0.34716796875 0.1103515625 0.1103515625
0 0.71728515625 0.34765625 0.0986328125 0.09765625
0 0.8828125 0.259765625 0.09765625 0.09765625
0 0.66162109375 0.26416015625 0.0732421875 0.0732421875
0 0.93115234375 0.1591796875 0.1103515625 0.109375
0 0.82373046875 0.1611328125 0.0986328125 0.09765625
0 0.71923828125 0.1650390625 0.0986328125 0.09765625
0 0.88623046875 0.0703125 0.0986328125 0.09765625
0 0.77978515625 0.0703125 0.0986328125 0.09765625
0 0.66748046875 0.07275390625 0.0732421875 0.0732421875
0 0.49853515625 0.0791015625 0.0615234375 0.060546875
0 0.39208984375 0.0712890625 0.0986328125 0.09765625
0 0.28271484375 0.0712890625 0.0986328125 0.09765625
0 0.166015625 0.07373046875 0.123046875 0.1220703125
0 0.4443359375 0.16845703125 0.0859375 0.0849609375
0 0.33642578125 0.1640625 0.0986328125 0.09765625
0 0.22216796875 0.16748046875 0.1220703125 0.1220703125
0 0.11474609375 0.171875 0.0986328125 0.09765625
0 0.49755859375 0.2607421875 0.0615234375 0.060546875
0 0.38818359375 0.263671875 0.0986328125 0.09765625
0 0.27587890625 0.2587890625 0.0986328125 0.09765625
0 0.16455078125 0.259765625 0.0986328125 0.09765625
0 0.06298828125 0.263671875 0.0986328125 0.09765625
0 0.44140625 0.3525390625 0.0859375 0.0859375
0 0.33740234375 0.353515625 0.0986328125 0.09765625
0 0.22412109375 0.35546875 0.0986328125 0.09765625
0 0.11083984375 0.3525390625 0.0986328125 0.09765625
0 0.490234375 0.45068359375 0.037109375 0.0361328125
0 0.3916015625 0.451171875 0.09765625 0.09765625
0 0.28271484375 0.4501953125 0.1103515625 0.109375
0 0.162109375 0.44775390625 0.123046875 0.1220703125
0 0.4326171875 0.54638671875 0.0859375 0.0849609375
0 0.3349609375 0.5439453125 0.09765625 0.09765625
0 0.21875 0.54248046875 0.111328125 0.1103515625
0 0.1064453125 0.53857421875 0.123046875 0.1220703125
0 0.48583984375 0.646484375 0.0615234375 0.060546875
0 0.3876953125 0.638671875 0.0859375 0.0859375
0 0.2763671875 0.64013671875 0.111328125 0.1103515625
0 0.1630859375 0.63232421875 0.123046875 0.1220703125
0 0.4375 0.7353515625 0.0859375 0.0859375
0 0.32763671875 0.7275390625 0.0986328125 0.09765625
0 0.21728515625 0.7373046875 0.1103515625 0.109375
0 0.10546875 0.73486328125 0.123046875 0.1220703125
0 0.47900390625 0.83251953125 0.0615234375 0.0615234375
0 0.38525390625 0.8291015625 0.0986328125 0.09765625
0 0.2705078125 0.83349609375 0.123046875 0.1220703125
0 0.16162109375 0.826171875 0.1103515625 0.109375
0 0.43603515625 0.9267578125 0.0986328125 0.09765625
0 0.32666015625 0.92236328125 0.1103515625 0.1103515625
0 0.22265625 0.91455078125 0.123046875 0.1220703125
0 0.10009765625 0.92333984375 0.1103515625 0.1103515625