0 0.75390625 0.85888671875 0.109375 0.1103515625
0 0.087890625 0.92236328125 0.0859375 0.0869140625
0 0.57373046875 0.7587890625 0.0732421875 0.07421875
0 0.18505859375 0.96630859375 0.0244140625 0.0244140625
0 0.28076171875 0.93212890625 0.0244140625 0.0244140625
0 0.28466796875 0.82275390625 0.0244140625 0.0244140625
0 0.28173828125 0.74072265625 0.0244140625 0.0244140625
0 0.18408203125 0.87939453125 0.0244140625 0.0244140625
0 0.19091796875 0.77197265625 0.0244140625 0.0244140625
0 0.0908203125 0.7412109375 0.037109375 0.037109375
0 0.09375 0.82373046875 0.109375 0.1103515625
0 0.5673828125 0.8662109375 0.09765625 0.09765625
0 0.66845703125 0.91845703125 0.1103515625 0.1103515625
0 0.66796875 0.80908203125 0.09765625 0.0986328125
0 0.75146484375 0.75341796875 0.0732421875 0.0732421875
0 0.8544921875 0.91552734375 0.09765625 0.0986328125
0 0.8505859375 0.81103515625 0.09765625 0.0986328125
0 0.9453125 0.87158203125 0.09765625 0.0986328125
0 0.94287109375 0.75927734375 0.0732421875 0.0732421875
0 0.9365234375 0.59033203125 0.060546875 0.0615234375
0 0.9443359375 0.48388671875 0.09765625 0.0986328125
0 0.9443359375 0.37451171875 0.09765625 0.0986328125
0 0.84716796875 0.5361328125 0.0849609375 0.0859375
0 0.8515625 0.42822265625 0.09765625 0.0986328125
0 0.84814453125 0.31396484375 0.1220703125 0.1220703125
0 0.84375 0.20654296875 0.09765625 0.0986328125
0 0.84912109375 0.095703125 0.1220703125 0.123046875
0 0.7548828125 0.58935546875 0.060546875 0.0615234375
0 0.751953125 0.47998046875 0.09765625 0.0986328125
0 0.7568359375 0.36767578125 0.09765625 0.0986328125
0 0.755859375 0.25634765625 0.09765625 0.0986328125
0 0.751953125 0.15478515625 0.09765625 0.0986328125
0 0.6630859375 0.533203125 0.0859375 0.0859375
0 0.662109375 0.42919921875 0.09765625 0.0986328125
0 0.66015625 0.31591796875 0.09765625 0.0986328125
0 0.6630859375 0.20263671875 0.09765625 0.0986328125
0 0.66259765625 0.08837890625 0.1220703125 0.1220703125
0 0.56494140625 0.58203125 0.0361328125 0.037109375
0 0.564453125 0.4833984375 0.09765625 0.09765625
0 0.5654296875 0.37451171875 0.109375 0.1103515625
0 0.56787109375 0.25390625 0.1220703125 0.123046875
0 0.5625 0.14404296875 0.109375 0.1103515625
0 0.46923828125 0.5244140625 0.0849609375 0.0859375
0 0.4716796875 0.4267578125 0.09765625 0.09765625
0 0.47314453125 0.310546875 0.1103515625 0.111328125
0 0.47705078125 0.1982421875 0.1220703125 0.123046875
0 0.474609375 0.09619140625 0.109375 0.1103515625
0 0.369140625 0.57763671875 0.060546875 0.0615234375
0 0.376953125 0.4794921875 0.0859375 0.0859375
0 0.37548828125 0.3681640625 0.1103515625 0.111328125
0 0.38330078125 0.2548828125 0.1220703125 0.123046875
0 0.38330078125 0.14697265625 0.1103515625 0.1103515625
0 0.2802734375 0.529296875 0.0859375 0.0859375
0 0.2880859375 0.41943359375 0.09765625 0.0986328125
0 0.2783203125 0.30908203125 0.109375 0.1103515625
0 0.28076171875 0.197265625 0.1220703125 0.123046875
0 0.28173828125 0.08544921875 0.0615234375 0.0615234375
0 0.18310546875 0.57080078125 0.0615234375 0.0615234375
0 0.1865234375 0.47705078125 0.09765625 0.0986328125
0 0.18212890625 0.3623046875 0.1220703125 0.123046875
0 0.189453125 0.25341796875 0.109375 0.1103515625
0 0.18603515625 0.138671875 0.1220703125 0.123046875
0 0.0888671875 0.52783203125 0.09765625 0.0986328125
0 0.09326171875 0.41845703125 0.1103515625 0.1103515625
0 0.10107421875 0.314453125 0.1220703125 0.123046875
0 0.09228515625 0.19189453125 0.1103515625 0.1103515625
0 0.09130859375 0.0888671875 0.1220703125 0.123046875