0 0.15576171875 0.07275390625 0.1103515625 0.1103515625
0 0.3427734375 0.0732421875 0.109375 0.111328125
0 0.4453125 0.1318359375 0.0859375 0.0859375
0 0.53271484375 0.0771484375 0.0849609375 0.0859375
0 0.5400390625 0.1845703125 0.09765625 0.09765625
0 0.53515625 0.2890625 0.09765625 0.09765625
0 0.5302734375 0.40576171875 0.09765625 0.0986328125
0 0.63232421875 0.130859375 0.0849609375 0.0859375
0 0.63134765625 0.34765625 0.0732421875 0.07421875
0 0.7236328125 0.07470703125 0.09765625 0.0986328125
0 0.71875 0.18994140625 0.09765625 0.0986328125
0 0.728515625 0.30078125 0.09765625 0.09765625
0 0.73046875 0.4111328125 0.09765625 0.09765625
0 0.82177734375 0.13427734375 0.1103515625 0.1103515625
0 0.81640625 0.24072265625 0.109375 0.1103515625
0 0.8154296875 0.35888671875 0.109375 0.1103515625
0 0.81640625 0.466796875 0.109375 0.111328125
0 0.91259765625 0.08056640625 0.1103515625 0.1103515625
0 0.90673828125 0.18896484375 0.1103515625 0.1103515625
0 0.91455078125 0.30126953125 0.1103515625 0.1103515625
0 0.916015625 0.40966796875 0.109375 0.1103515625
0 0.9052734375 0.52197265625 0.109375 0.1103515625
0 0.908203125 0.6328125 0.109375 0.111328125
0 0.912109375 0.7333984375 0.109375 0.111328125
0 0.9052734375 0.85302734375 0.09765625 0.0986328125
0 0.8193359375 0.5703125 0.109375 0.111328125
0 0.81982421875 0.677734375 0.0849609375 0.0859375
0 0.81640625 0.80322265625 0.09765625 0.0986328125
0 0.82421875 0.91259765625 0.09765625 0.0986328125
0 0.71923828125 0.537109375 0.1103515625 0.111328125
0 0.72216796875 0.6455078125 0.0849609375 0.0859375
0 0.71533203125 0.7646484375 0.0849609375 0.0859375
0 0.7216796875 0.8681640625 0.0859375 0.0859375
0 0.63037109375 0.478515625 0.0849609375 0.0859375
0 0.63720703125 0.59228515625 0.0244140625 0.0244140625
0 0.630859375 0.7109375 0.037109375 0.037109375
0 0.63330078125 0.81689453125 0.0244140625 0.0244140625
0 0.62744140625 0.93017578125 0.0244140625 0.0244140625
0 0.53564453125 0.73876953125 0.0244140625 0.0244140625
0 0.53564453125 0.84912109375 0.0244140625 0.0244140625
0 0.53173828125 0.96435546875 0.0244140625 0.0244140625
0 0.5380859375 0.51416015625 0.09765625 0.0986328125
0 0.5361328125 0.61962890625 0.09765625 0.0986328125
0 0.2451171875 0.70458984375 0.09765625 0.0986328125
0 0.2490234375 0.80810546875 0.109375 0.1103515625
0 0.240234375 0.9189453125 0.09765625 0.09765625
0 0.1474609375 0.759765625 0.0859375 0.0859375
0 0.1484375 0.873046875 0.09765625 0.09765625
0 0.05908203125 0.6962890625 0.1103515625 0.111328125
0 0.05712890625 0.8095703125 0.1103515625 0.111328125
0 0.056640625 0.921875 0.09765625 0.09765625