0 0.703125 0.70751953125 0.109375 0.1103515625
0 0.1337890625 0.91943359375 0.109375 0.1103515625
0 0.13037109375 0.81689453125 0.1103515625 0.1103515625
0 0.13427734375 0.70947265625 0.1103515625 0.1103515625
0 0.23193359375 0.86865234375 0.1103515625 0.1103515625
0 0.22607421875 0.75439453125 0.1103515625 0.1103515625
0 0.2265625 0.6455078125 0.109375 0.111328125
0 0.3125 0.9287109375 0.0859375 0.0859375
0 0.3232421875 0.8154296875 0.09765625 0.09765625
0 0.3193359375 0.69921875 0.09765625 0.09765625
0 0.4150390625 0.8740234375 0.109375 0.111328125
0 0.4130859375 0.759765625 0.109375 0.111328125
0 0.41845703125 0.66015625 0.1103515625 0.111328125
0 0.51318359375 0.9228515625 0.1103515625 0.111328125
0 0.51611328125 0.8154296875 0.1103515625 0.111328125
0 0.51123046875 0.70849609375 0.1103515625 0.1103515625
0 0.60693359375 0.86474609375 0.1103515625 0.1103515625
0 0.6025390625 0.76025390625 0.109375 0.1103515625
0 0.7021484375 0.92138671875 0.09765625 0.0986328125
0 0.705078125 0.81494140625 0.109375 0.1103515625
0 0.802734375 0.86767578125 0.109375 0.1103515625
0 0.798828125 0.76318359375 0.109375 0.1103515625
0 0.7958984375 0.64990234375 0.048828125 0.0498046875
0 0.7041015625 0.59521484375 0.048828125 0.0498046875
0 0.609375 0.6572265625 0.048828125 0.048828125
0 0.89208984375 0.91943359375 0.1103515625 0.1103515625
0 0.89208984375 0.80908203125 0.1103515625 0.1103515625
0 0.88916015625 0.69677734375 0.1103515625 0.1103515625
0 0.89013671875 0.5908203125 0.0849609375 0.0859375
0 0.88916015625 0.48876953125 0.1103515625 0.1103515625
0 0.798828125 0.53759765625 0.109375 0.1103515625
0 0.7021484375 0.48828125 0.109375 0.111328125
0 0.599609375 0.4296875 0.0859375 0.0859375
0 0.60595703125 0.5419921875 0.0849609375 0.0859375
0 0.50927734375 0.5908203125 0.0849609375 0.0859375
0 0.51220703125 0.484375 0.0849609375 0.0859375
0 0.5048828125 0.376953125 0.09765625 0.09765625
0 0.509765625 0.2724609375 0.09765625 0.09765625
0 0.5146484375 0.15576171875 0.09765625 0.0986328125
0 0.41552734375 0.54248046875 0.0732421875 0.0732421875
0 0.41259765625 0.4306640625 0.0849609375 0.0859375
0 0.41357421875 0.2138671875 0.0732421875 0.07421875
0 0.3271484375 0.59619140625 0.09765625 0.0986328125
0 0.3212890625 0.48681640625 0.09765625 0.0986328125
0 0.326171875 0.37158203125 0.09765625 0.0986328125
0 0.31640625 0.2607421875 0.09765625 0.09765625
0 0.314453125 0.150390625 0.09765625 0.09765625
0 0.22412109375 0.54150390625 0.1103515625 0.1103515625
0 0.22314453125 0.42724609375 0.1103515625 0.1103515625
0 0.228515625 0.32080078125 0.109375 0.1103515625
0 0.2294921875 0.20263671875 0.109375 0.1103515625
0 0.228515625 0.0947265625 0.109375 0.111328125
0 0.12939453125 0.59228515625 0.1103515625 0.1103515625
0 0.13232421875 0.48095703125 0.1103515625 0.1103515625
0 0.13818359375 0.37255859375 0.1103515625 0.1103515625
0 0.13037109375 0.26025390625 0.1103515625 0.1103515625
0 0.12890625 0.15185546875 0.109375 0.1103515625
0 0.41455078125 0.0830078125 0.0849609375 0.0859375