0 0.068359375 0.29931640625 0.109375 0.1103515625
0 0.92236328125 0.78759765625 0.0615234375 0.0615234375
0 0.74365234375 0.78955078125 0.0615234375 0.0615234375
0 0.06591796875 0.08935546875 0.1103515625 0.1103515625
0 0.06640625 0.40478515625 0.09765625 0.0986328125
0 0.068359375 0.515625 0.09765625 0.09765625
0 0.0673828125 0.630859375 0.0859375 0.0859375
0 0.06787109375 0.73583984375 0.0615234375 0.0615234375
0 0.068359375 0.85009765625 0.09765625 0.0986328125
0 0.16015625 0.7890625 0.0859375 0.0859375
0 0.17529296875 0.90625 0.0849609375 0.0859375
0 0.2568359375 0.8486328125 0.09765625 0.09765625
0 0.36181640625 0.90234375 0.1103515625 0.111328125
0 0.35595703125 0.7919921875 0.0849609375 0.0859375
0 0.4560546875 0.84912109375 0.09765625 0.0986328125
0 0.5517578125 0.80126953125 0.109375 0.1103515625
0 0.5546875 0.90673828125 0.09765625 0.0986328125
0 0.6455078125 0.84619140625 0.09765625 0.0986328125
0 0.6474609375 0.94970703125 0.09765625 0.0986328125
0 0.7392578125 0.90283203125 0.09765625 0.0986328125
0 0.833984375 0.84228515625 0.09765625 0.0986328125
0 0.927734375 0.9013671875 0.0859375 0.0859375