0 0.20458984375 0.9423828125 0.0732421875 0.07421875
0 0.39697265625 0.21826171875 0.0732421875 0.0732421875
0 0.30712890625 0.072265625 0.0732421875 0.07421875
0 0.30615234375 0.17724609375 0.0732421875 0.0732421875
0 0.21044921875 0.13427734375 0.0732421875 0.0732421875
0 0.49072265625 0.1552734375 0.0849609375 0.0859375
0 0.39501953125 0.123046875 0.0732421875 0.07421875
0 0.10546875 0.8876953125 0.0859375 0.0859375
0 0.111328125 0.7802734375 0.0859375 0.0859375
0 0.19921875 0.83447265625 0.09765625 0.0986328125
0 0.29931640625 0.8916015625 0.0849609375 0.0859375
0 0.2978515625 0.77587890625 0.09765625 0.0986328125
0 0.392578125 0.94970703125 0.09765625 0.0986328125
0 0.3935546875 0.83544921875 0.09765625 0.0986328125
0 0.3955078125 0.72216796875 0.09765625 0.0986328125
0 0.4853515625 0.88720703125 0.09765625 0.0986328125
0 0.4892578125 0.7724609375 0.0859375 0.0859375
0 0.58203125 0.94287109375 0.09765625 0.0986328125
0 0.580078125 0.83544921875 0.09765625 0.0986328125
0 0.58154296875 0.71484375 0.0849609375 0.0859375
0 0.669921875 0.89013671875 0.09765625 0.0986328125
0 0.6806640625 0.78125 0.09765625 0.09765625
0 0.77685546875 0.94091796875 0.1103515625 0.1103515625
0 0.77392578125 0.8232421875 0.1103515625 0.111328125
0 0.7763671875 0.7158203125 0.0859375 0.0859375
0 0.869140625 0.8857421875 0.09765625 0.09765625
0 0.8759765625 0.767578125 0.09765625 0.09765625
0 0.8759765625 0.66162109375 0.09765625 0.0986328125
0 0.87109375 0.55419921875 0.09765625 0.0986328125
0 0.767578125 0.6044921875 0.09765625 0.09765625
0 0.67626953125 0.666015625 0.0849609375 0.0859375
0 0.677734375 0.5546875 0.09765625 0.09765625
0 0.578125 0.607421875 0.09765625 0.09765625
0 0.58447265625 0.5126953125 0.0849609375 0.0859375
0 0.4892578125 0.662109375 0.0859375 0.0859375
0 0.4873046875 0.55859375 0.0859375 0.0859375
0 0.3935546875 0.6171875 0.0859375 0.0859375
0 0.396484375 0.509765625 0.0859375 0.0859375
0 0.29248046875 0.6689453125 0.0849609375 0.0859375
0 0.30078125 0.56787109375 0.09765625 0.0986328125
0 0.201171875 0.71630859375 0.09765625 0.0986328125
0 0.203125 0.61474609375 0.09765625 0.0986328125
0 0.111328125 0.671875 0.0859375 0.0859375
0 0.1064453125 0.56201171875 0.09765625 0.0986328125
0 0.86767578125 0.2626953125 0.1220703125 0.123046875
0 0.87939453125 0.154296875 0.1220703125 0.123046875
0 0.77392578125 0.3173828125 0.0732421875 0.07421875
0 0.7685546875 0.205078125 0.09765625 0.09765625
0 0.76220703125 0.091796875 0.1220703125 0.123046875
0 0.67333984375 0.26171875 0.1220703125 0.123046875
0 0.67724609375 0.1416015625 0.1220703125 0.123046875
0 0.5830078125 0.310546875 0.09765625 0.09765625
0 0.5791015625 0.197265625 0.09765625 0.09765625
0 0.5791015625 0.0927734375 0.09765625 0.09765625
0 0.49267578125 0.2587890625 0.0732421875 0.07421875
0 0.3984375 0.31591796875 0.060546875 0.0615234375
0 0.310546875 0.28369140625 0.060546875 0.0615234375
0 0.22216796875 0.33154296875 0.0615234375 0.0615234375
0 0.22119140625 0.24462890625 0.0615234375 0.0615234375
0 0.1162109375 0.26416015625 0.048828125 0.0498046875
0 0.1171875 0.16064453125 0.048828125 0.0498046875
0 0.11376953125 0.05126953125 0.0732421875 0.0732421875
0 0.0419921875 0.30126953125 0.060546875 0.0615234375
0 0.0380859375 0.20361328125 0.060546875 0.0615234375
0 0.0380859375 0.11865234375 0.060546875 0.0615234375