0 0.21533203125 0.13232421875 0.0732421875 0.0732421875
0 0.4970703125 0.72998046875 0.0859375 0.0869140625
0 0.11474609375 0.06982421875 0.0732421875 0.0732421875
0 0.12060546875 0.19677734375 0.0732421875 0.0732421875
0 0.12109375 0.29638671875 0.109375 0.1103515625
0 0.123046875 0.40869140625 0.109375 0.1103515625
0 0.21533203125 0.2431640625 0.0849609375 0.0859375
0 0.21337890625 0.35498046875 0.1103515625 0.1103515625
0 0.21142578125 0.4677734375 0.1220703125 0.123046875
0 0.31396484375 0.072265625 0.1220703125 0.123046875
0 0.31640625 0.18505859375 0.109375 0.1103515625
0 0.3037109375 0.29833984375 0.109375 0.1103515625
0 0.30712890625 0.40771484375 0.1103515625 0.1103515625
0 0.40673828125 0.140625 0.1220703125 0.123046875
0 0.4130859375 0.23681640625 0.109375 0.1103515625
0 0.41796875 0.35302734375 0.109375 0.1103515625
0 0.4111328125 0.46044921875 0.109375 0.1103515625
0 0.50146484375 0.0751953125 0.1220703125 0.123046875
0 0.513671875 0.2890625 0.0859375 0.0859375
0 0.4970703125 0.40673828125 0.109375 0.1103515625
0 0.60205078125 0.1328125 0.1220703125 0.123046875
0 0.60205078125 0.2421875 0.1103515625 0.111328125
0 0.60009765625 0.34423828125 0.1103515625 0.1103515625
0 0.59326171875 0.45947265625 0.1103515625 0.1103515625
0 0.689453125 0.06884765625 0.109375 0.1103515625
0 0.6943359375 0.181640625 0.109375 0.111328125
0 0.69384765625 0.2939453125 0.1220703125 0.123046875
0 0.69189453125 0.40869140625 0.1103515625 0.1103515625
0 0.78955078125 0.12646484375 0.1103515625 0.1103515625
0 0.79248046875 0.2373046875 0.1220703125 0.123046875
0 0.79150390625 0.349609375 0.1220703125 0.123046875
0 0.796875 0.4541015625 0.109375 0.111328125
0 0.8857421875 0.07177734375 0.09765625 0.0986328125
0 0.884765625 0.18408203125 0.09765625 0.0986328125
0 0.8916015625 0.27734375 0.09765625 0.09765625
0 0.88525390625 0.404296875 0.1220703125 0.123046875
0 0.890625 0.5029296875 0.09765625 0.09765625
0 0.8818359375 0.62109375 0.09765625 0.09765625
0 0.89404296875 0.720703125 0.1103515625 0.111328125
0 0.89501953125 0.841796875 0.1220703125 0.123046875
0 0.89306640625 0.94189453125 0.1103515625 0.1103515625
0 0.791015625 0.568359375 0.09765625 0.09765625
0 0.79931640625 0.67626953125 0.1103515625 0.1103515625
0 0.79248046875 0.88623046875 0.1103515625 0.1103515625
0 0.69189453125 0.5205078125 0.1103515625 0.111328125
0 0.69189453125 0.62646484375 0.1103515625 0.1103515625
0 0.69580078125 0.72509765625 0.1103515625 0.1103515625
0 0.69287109375 0.82958984375 0.0732421875 0.0732421875
0 0.69384765625 0.92626953125 0.0732421875 0.0732421875
0 0.5986328125 0.56787109375 0.109375 0.1103515625
0 0.59765625 0.67919921875 0.109375 0.1103515625
0 0.5009765625 0.52001953125 0.109375 0.1103515625
0 0.50390625 0.6328125 0.0859375 0.0859375
0 0.40673828125 0.56396484375 0.1103515625 0.1103515625
0 0.40283203125 0.67431640625 0.1103515625 0.1103515625
0 0.4072265625 0.78564453125 0.09765625 0.0986328125
0 0.30322265625 0.51708984375 0.1103515625 0.1103515625
0 0.314453125 0.74658203125 0.09765625 0.0986328125
0 0.3056640625 0.8427734375 0.09765625 0.09765625
0 0.2099609375 0.56884765625 0.109375 0.1103515625
0 0.20947265625 0.6845703125 0.1220703125 0.123046875
0 0.21435546875 0.7841796875 0.1220703125 0.123046875
0 0.12109375 0.52197265625 0.109375 0.1103515625
0 0.11572265625 0.6259765625 0.1220703125 0.123046875
0 0.11279296875 0.732421875 0.1220703125 0.123046875
0 0.10986328125 0.8466796875 0.1220703125 0.123046875