0 0.209375 0.0953125 0.1609375 0.1703125
0 0.15234375 0.240625 0.1640625 0.159375
0 0.11640625 0.390625 0.16875 0.1546875
0 0.27265625 0.36171875 0.134375 0.15
0 0.3734375 0.41328125 0.1109375 0.1375
0 0.1765625 0.49296875 0.128125 0.11875
0 0.109375 0.54921875 0.1078125 0.134375
0 0.12265625 0.740625 0.165625 0.196875
0 0.2140625 0.8765625 0.1515625 0.1734375
0 0.23046875 0.61328125 0.1703125 0.1859375
0 0.33203125 0.540625 0.1515625 0.128125
0 0.3765625 0.6546875 0.1609375 0.1375
0 0.27890625 0.7453125 0.165625 0.1390625
0 0.3125 0.828125 0.0796875 0.0921875
0 0.365625 0.89765625 0.15 0.159375
0 0.42578125 0.76953125 0.1515625 0.1828125
0 0.3921875 0.2171875 0.1765625 0.2125
0 0.475 0.103125 0.15 0.15
0 0.6203125 0.08671875 0.1375 0.1546875
0 0.5453125 0.21484375 0.125 0.15625
0 0.6734375 0.18046875 0.10625 0.1421875
0 0.75234375 0.18359375 0.1015625 0.1390625
0 0.7640625 0.0828125 0.1375 0.1390625
0 0.84609375 0.1875 0.11875 0.1546875
0 0.90859375 0.30078125 0.1375 0.15
0 0.6296875 0.34765625 0.178125 0.2046875
0 0.76171875 0.375 0.159375 0.2171875
0 0.47265625 0.4671875 0.134375 0.1328125
0 0.47578125 0.578125 0.1375 0.1453125
0 0.52421875 0.7046875 0.1640625 0.178125
0 0.48828125 0.9171875 0.15 0.146875
0 0.6 0.50703125 0.1375 0.1375
0 0.62734375 0.63125 0.1734375 0.1640625
0 0.75 0.55390625 0.128125 0.134375
0 0.6671875 0.765625 0.121875 0.1453125
0 0.7828125 0.6734375 0.1453125 0.165625
0 0.8859375 0.58984375 0.128125 0.125
0 0.91015625 0.7171875 0.1375 0.1640625
0 0.8265625 0.8078125 0.1328125 0.15625