0 0.19384765625 0.4619140625 0.0732421875 0.07421875
0 0.18994140625 0.67041015625 0.0615234375 0.0615234375
0 0.11279296875 0.92919921875 0.0615234375 0.0615234375
0 0.55517578125 0.78466796875 0.0615234375 0.0615234375
0 0.27685546875 0.9384765625 0.0849609375 0.0859375
0 0.84912109375 0.9541015625 0.0732421875 0.07421875
0 0.66064453125 0.94140625 0.0732421875 0.07421875
0 0.470703125 0.93701171875 0.09765625 0.0986328125
0 0.93798828125 0.58349609375 0.1103515625 0.1103515625
0 0.8642578125 0.74560546875 0.09765625 0.0986328125
0 0.8564453125 0.65283203125 0.109375 0.1103515625
0 0.86083984375 0.5380859375 0.1220703125 0.123046875
0 0.85986328125 0.4169921875 0.1220703125 0.123046875
0 0.85986328125 0.3056640625 0.1220703125 0.123046875
0 0.86083984375 0.1875 0.0732421875 0.07421875
0 0.7685546875 0.248046875 0.09765625 0.09765625
0 0.76513671875 0.376953125 0.1220703125 0.123046875
0 0.765625 0.47314453125 0.109375 0.1103515625
0 0.7646484375 0.58544921875 0.109375 0.1103515625
0 0.767578125 0.69775390625 0.109375 0.1103515625
0 0.66845703125 0.72900390625 0.1103515625 0.1103515625
0 0.67041015625 0.62841796875 0.1103515625 0.1103515625
0 0.67431640625 0.51904296875 0.1103515625 0.1103515625
0 0.6748046875 0.40576171875 0.109375 0.1103515625
0 0.6708984375 0.29541015625 0.109375 0.1103515625
0 0.673828125 0.1904296875 0.09765625 0.09765625
0 0.57568359375 0.24658203125 0.1103515625 0.1103515625
0 0.58203125 0.35693359375 0.09765625 0.0986328125
0 0.5732421875 0.47802734375 0.09765625 0.0986328125
0 0.57470703125 0.58349609375 0.1103515625 0.1103515625
0 0.57421875 0.69482421875 0.09765625 0.0986328125
0 0.48681640625 0.19775390625 0.1103515625 0.1103515625
0 0.47705078125 0.30029296875 0.1103515625 0.1103515625
0 0.47412109375 0.41552734375 0.1103515625 0.1103515625
0 0.482421875 0.51708984375 0.109375 0.1103515625
0 0.478515625 0.65966796875 0.109375 0.1103515625
0 0.474609375 0.7568359375 0.0859375 0.0859375
0 0.3876953125 0.25048828125 0.109375 0.1103515625
0 0.3857421875 0.35693359375 0.109375 0.1103515625
0 0.3837890625 0.47314453125 0.109375 0.1103515625
0 0.3798828125 0.58544921875 0.109375 0.1103515625
0 0.38916015625 0.68310546875 0.1103515625 0.1103515625
0 0.2919921875 0.30517578125 0.09765625 0.0986328125
0 0.2841796875 0.41162109375 0.109375 0.1103515625
0 0.28173828125 0.51904296875 0.1103515625 0.1103515625
0 0.28369140625 0.640625 0.0849609375 0.0859375
0 0.28564453125 0.748046875 0.0732421875 0.07421875
0 0.19677734375 0.2470703125 0.0849609375 0.0859375
0 0.18701171875 0.36279296875 0.1103515625 0.1103515625
0 0.19580078125 0.57421875 0.0732421875 0.07421875
0 0.19873046875 0.751953125 0.0732421875 0.07421875
0 0.10693359375 0.19482421875 0.1103515625 0.1103515625
0 0.09326171875 0.29345703125 0.1103515625 0.1103515625
0 0.09423828125 0.396484375 0.0732421875 0.07421875
0 0.0947265625 0.4970703125 0.0859375 0.0859375
0 0.1025390625 0.5888671875 0.0859375 0.0859375
0 0.10546875 0.70751953125 0.09765625 0.0986328125
0 0.86376953125 0.0771484375 0.1220703125 0.123046875
0 0.7607421875 0.140625 0.109375 0.111328125
0 0.66796875 0.0927734375 0.109375 0.111328125
0 0.57080078125 0.12646484375 0.1103515625 0.1103515625
0 0.48681640625 0.08642578125 0.1103515625 0.1103515625
0 0.38720703125 0.13623046875 0.1220703125 0.1220703125
0 0.2890625 0.08056640625 0.109375 0.1103515625
0 0.2880859375 0.18994140625 0.109375 0.1103515625
0 0.20166015625 0.14794921875 0.1103515625 0.1103515625
0 0.1083984375 0.08837890625 0.09765625 0.0986328125