0 0.93359375 0.4052734375 0.048828125 0.048828125
0 0.15771484375 0.40966796875 0.0615234375 0.0615234375
0 0.27099609375 0.39892578125 0.0615234375 0.0615234375
0 0.04248046875 0.2041015625 0.0615234375 0.060546875
0 0.20068359375 0.12060546875 0.0615234375 0.0615234375
0 0.14013671875 0.203125 0.0615234375 0.060546875
0 0.095703125 0.10986328125 0.060546875 0.0615234375
0 0.87890625 0.5048828125 0.048828125 0.048828125
0 0.76025390625 0.5048828125 0.0615234375 0.060546875
0 0.42822265625 0.50537109375 0.0615234375 0.0615234375
0 0.71044921875 0.5986328125 0.0498046875 0.048828125
0 0.66552734375 0.50390625 0.0615234375 0.060546875
0 0.31982421875 0.505859375 0.0615234375 0.060546875
0 0.08740234375 0.49462890625 0.0615234375 0.0615234375
0 0.54638671875 0.51513671875 0.0732421875 0.0732421875
0 0.27001953125 0.58984375 0.0615234375 0.060546875
0 0.16162109375 0.58984375 0.0498046875 0.048828125
0 0.06689453125 0.5888671875 0.0498046875 0.048828125
0 0.19873046875 0.5068359375 0.0498046875 0.048828125
0 0.208984375 0.30859375 0.037109375 0.037109375
0 0.103515625 0.2978515625 0.048828125 0.048828125
0 0.3095703125 0.89697265625 0.123046875 0.1220703125
0 0.2099609375 0.88623046875 0.111328125 0.1103515625
0 0.10400390625 0.88427734375 0.1103515625 0.1103515625
0 0.263671875 0.79833984375 0.111328125 0.1103515625
0 0.16064453125 0.79931640625 0.1103515625 0.1103515625
0 0.2265625 0.69921875 0.0859375 0.0859375
0 0.1201171875 0.69970703125 0.123046875 0.1220703125
0 0.87353515625 0.69970703125 0.1103515625 0.1103515625
0 0.77392578125 0.70068359375 0.1103515625 0.1103515625
0 0.66162109375 0.70068359375 0.1103515625 0.1103515625
0 0.71435546875 0.8017578125 0.0986328125 0.09765625
0 0.82568359375 0.7978515625 0.0986328125 0.09765625
0 0.93408203125 0.7919921875 0.1103515625 0.109375
0 0.87744140625 0.89453125 0.1103515625 0.109375
0 0.77294921875 0.890625 0.1103515625 0.109375
0 0.66162109375 0.896484375 0.0986328125 0.09765625
0 0.53271484375 0.8935546875 0.0986328125 0.09765625
0 0.4423828125 0.89453125 0.09765625 0.09765625
0 0.59423828125 0.79052734375 0.1103515625 0.1103515625
0 0.4873046875 0.80078125 0.09765625 0.09765625
0 0.3759765625 0.79638671875 0.111328125 0.1103515625
0 0.33447265625 0.6953125 0.0986328125 0.09765625
0 0.423828125 0.6953125 0.111328125 0.109375
0 0.5400390625 0.70263671875 0.111328125 0.1103515625
0 0.828125 0.416015625 0.037109375 0.037109375
0 0.83544921875 0.03369140625 0.0244140625 0.0244140625
0 0.8193359375 0.5947265625 0.037109375 0.037109375
0 0.58935546875 0.5947265625 0.0498046875 0.048828125
0 0.484375 0.5986328125 0.048828125 0.048828125
0 0.37939453125 0.59326171875 0.0615234375 0.0615234375
0 0.9423828125 0.6015625 0.048828125 0.048828125
0 0.431640625 0.1318359375 0.048828125 0.048828125
0 0.267578125 0.2080078125 0.037109375 0.037109375
0 0.31884765625 0.12353515625 0.0244140625 0.0244140625
0 0.50390625 0.02197265625 0.025390625 0.0244140625
0 0.611328125 0.0263671875 0.037109375 0.037109375