0 0.08984375 0.95751953125 0.048828125 0.0498046875
0 0.19287109375 0.77294921875 0.0732421875 0.0732421875
0 0.19482421875 0.88427734375 0.0732421875 0.0732421875
0 0.19287109375 0.53662109375 0.0615234375 0.0615234375
0 0.09375 0.83935546875 0.060546875 0.0615234375
0 0.1982421875 0.31591796875 0.048828125 0.0498046875
0 0.193359375 0.66064453125 0.060546875 0.0615234375
0 0.10693359375 0.701171875 0.0361328125 0.037109375
0 0.1982421875 0.20361328125 0.060546875 0.0615234375
0 0.2021484375 0.08935546875 0.060546875 0.0615234375
0 0.27734375 0.1689453125 0.048828125 0.048828125
0 0.8828125 0.0654296875 0.048828125 0.048828125
0 0.95703125 0.1279296875 0.048828125 0.048828125
0 0.28271484375 0.05810546875 0.0732421875 0.0732421875
0 0.39111328125 0.10302734375 0.0615234375 0.0615234375
0 0.96142578125 0.90380859375 0.0615234375 0.0615234375
0 0.95068359375 0.79052734375 0.0615234375 0.0615234375
0 0.67236328125 0.86083984375 0.0615234375 0.0615234375
0 0.26708984375 0.96044921875 0.0615234375 0.0615234375
0 0.48095703125 0.935546875 0.0732421875 0.07421875
0 0.2744140625 0.61865234375 0.060546875 0.0615234375
0 0.7548828125 0.92138671875 0.060546875 0.0615234375
0 0.57177734375 0.7919921875 0.0732421875 0.07421875
0 0.3818359375 0.89208984375 0.060546875 0.0615234375
0 0.66162109375 0.9658203125 0.0615234375 0.060546875
0 0.482421875 0.83544921875 0.060546875 0.0615234375
0 0.3818359375 0.56396484375 0.060546875 0.0615234375
0 0.4990234375 0.59619140625 0.060546875 0.0615234375
0 0.3798828125 0.68115234375 0.060546875 0.0615234375
0 0.3837890625 0.78955078125 0.060546875 0.0615234375
0 0.57958984375 0.8916015625 0.0732421875 0.07421875
0 0.2734375 0.38427734375 0.048828125 0.0498046875
0 0.2763671875 0.74462890625 0.060546875 0.0615234375
0 0.8603515625 0.8525390625 0.037109375 0.037109375
0 0.849609375 0.9580078125 0.048828125 0.048828125
0 0.4892578125 0.724609375 0.048828125 0.048828125
0 0.27783203125 0.8466796875 0.0361328125 0.037109375
0 0.9677734375 0.2333984375 0.037109375 0.037109375
0 0.58544921875 0.22607421875 0.0244140625 0.0244140625
0 0.58251953125 0.02197265625 0.0244140625 0.0244140625
0 0.384765625 0.21875 0.037109375 0.037109375
0 0.50830078125 0.193359375 0.0361328125 0.037109375
0 0.68359375 0.6298828125 0.048828125 0.048828125
0 0.759765625 0.7939453125 0.037109375 0.037109375
0 0.67529296875 0.74267578125 0.0244140625 0.0244140625
0 0.572265625 0.68115234375 0.048828125 0.0498046875
0 0.57373046875 0.5576171875 0.0244140625 0.025390625
0 0.578125 0.4501953125 0.037109375 0.037109375
0 0.50390625 0.4033203125 0.037109375 0.037109375
0 0.498046875 0.49951171875 0.060546875 0.0615234375
0 0.38671875 0.337890625 0.037109375 0.037109375
0 0.3857421875 0.455078125 0.037109375 0.037109375
0 0.2744140625 0.5234375 0.048828125 0.048828125
0 0.19677734375 0.439453125 0.0361328125 0.037109375
0 0.2783203125 0.2802734375 0.048828125 0.048828125
0 0.5 0.296875 0.037109375 0.037109375
0 0.1083984375 0.2607421875 0.037109375 0.037109375
0 0.10205078125 0.59130859375 0.0361328125 0.0361328125