0 0.18603515625 0.107421875 0.1220703125 0.123046875
0 0.38720703125 0.107421875 0.1220703125 0.123046875
0 0.93798828125 0.43408203125 0.1220703125 0.1220703125
0 0.943359375 0.21142578125 0.109375 0.1103515625
0 0.84765625 0.16748046875 0.109375 0.1103515625
0 0.841796875 0.26904296875 0.09765625 0.0986328125
0 0.84912109375 0.3828125 0.1220703125 0.123046875
0 0.84814453125 0.501953125 0.1220703125 0.123046875
0 0.84814453125 0.611328125 0.1220703125 0.123046875
0 0.73828125 0.54638671875 0.109375 0.1103515625
0 0.75390625 0.44287109375 0.109375 0.1103515625
0 0.748046875 0.33349609375 0.09765625 0.0986328125
0 0.74658203125 0.22412109375 0.1103515625 0.1103515625
0 0.75146484375 0.10498046875 0.1220703125 0.1220703125
0 0.65966796875 0.1640625 0.1220703125 0.123046875
0 0.6533203125 0.28173828125 0.109375 0.1103515625
0 0.6552734375 0.38232421875 0.09765625 0.0986328125
0 0.64794921875 0.4931640625 0.1220703125 0.123046875
0 0.65576171875 0.6015625 0.1220703125 0.123046875
0 0.55419921875 0.5380859375 0.1220703125 0.123046875
0 0.5595703125 0.421875 0.09765625 0.09765625
0 0.55810546875 0.3134765625 0.1220703125 0.123046875
0 0.55419921875 0.208984375 0.1220703125 0.123046875
0 0.56103515625 0.103515625 0.1220703125 0.123046875
0 0.46826171875 0.16015625 0.1220703125 0.123046875
0 0.46435546875 0.2607421875 0.1220703125 0.123046875
0 0.46435546875 0.376953125 0.1220703125 0.123046875
0 0.46240234375 0.494140625 0.1220703125 0.123046875
0 0.45263671875 0.6064453125 0.1220703125 0.123046875
0 0.37255859375 0.2109375 0.1103515625 0.111328125
0 0.37255859375 0.31640625 0.1103515625 0.111328125
0 0.3662109375 0.43505859375 0.109375 0.1103515625
0 0.365234375 0.54833984375 0.109375 0.1103515625
0 0.2744140625 0.60009765625 0.109375 0.1103515625
0 0.2744140625 0.47900390625 0.109375 0.1103515625
0 0.28125 0.37939453125 0.109375 0.1103515625
0 0.27734375 0.26953125 0.109375 0.111328125
0 0.28125 0.1611328125 0.109375 0.111328125
0 0.17578125 0.21728515625 0.109375 0.1103515625
0 0.1748046875 0.31591796875 0.109375 0.1103515625
0 0.17236328125 0.43896484375 0.1103515625 0.1103515625
0 0.16650390625 0.54248046875 0.1103515625 0.1103515625
0 0.08056640625 0.60205078125 0.1103515625 0.1103515625
0 0.07080078125 0.48876953125 0.1103515625 0.1103515625
0 0.08056640625 0.37548828125 0.1103515625 0.1103515625
0 0.08544921875 0.26025390625 0.1103515625 0.1103515625
0 0.08251953125 0.15234375 0.1220703125 0.123046875
0 0.373046875 0.65478515625 0.109375 0.1103515625
0 0.17626953125 0.65087890625 0.1103515625 0.1103515625
0 0.078125 0.71533203125 0.109375 0.1103515625
0 0.28173828125 0.71923828125 0.1103515625 0.1103515625
0 0.07421875 0.81982421875 0.109375 0.1103515625
0 0.076171875 0.93212890625 0.09765625 0.0986328125
0 0.17138671875 0.76318359375 0.1103515625 0.1103515625
0 0.17138671875 0.87353515625 0.1103515625 0.1103515625
0 0.26708984375 0.81298828125 0.1103515625 0.1103515625
0 0.259765625 0.93212890625 0.09765625 0.0986328125
0 0.3583984375 0.765625 0.109375 0.111328125
0 0.3603515625 0.87548828125 0.109375 0.1103515625
0 0.46826171875 0.7119140625 0.1220703125 0.123046875
0 0.46630859375 0.8037109375 0.1220703125 0.123046875
0 0.46142578125 0.935546875 0.1220703125 0.123046875
0 0.55615234375 0.65234375 0.1220703125 0.123046875
0 0.56005859375 0.7490234375 0.1220703125 0.123046875
0 0.55615234375 0.8671875 0.1220703125 0.123046875
0 0.65185546875 0.9267578125 0.1103515625 0.111328125
0 0.64599609375 0.7060546875 0.1220703125 0.123046875
0 0.73779296875 0.7861328125 0.1220703125 0.123046875
0 0.74072265625 0.666015625 0.1220703125 0.123046875
0 0.65478515625 0.81689453125 0.1103515625 0.1103515625
0 0.7421875 0.88525390625 0.109375 0.1103515625
0 0.84521484375 0.73291015625 0.1220703125 0.1220703125
0 0.84521484375 0.8251953125 0.1220703125 0.123046875
0 0.84423828125 0.9306640625 0.1220703125 0.123046875
0 0.93212890625 0.88134765625 0.1103515625 0.1103515625
0 0.93310546875 0.77001953125 0.1103515625 0.1103515625