0 0.775390625 0.9384765625 0.109375 0.111328125
0 0.58349609375 0.93798828125 0.1103515625 0.1103515625
0 0.3974609375 0.93994140625 0.109375 0.1103515625
0 0.19873046875 0.94140625 0.0849609375 0.0859375
0 0.11376953125 0.43701171875 0.1103515625 0.1103515625
0 0.11328125 0.54833984375 0.109375 0.1103515625
0 0.111328125 0.66259765625 0.109375 0.1103515625
0 0.111328125 0.76806640625 0.109375 0.1103515625
0 0.107421875 0.88330078125 0.109375 0.1103515625
0 0.19970703125 0.8310546875 0.0849609375 0.0859375
0 0.20654296875 0.72119140625 0.1103515625 0.1103515625
0 0.2060546875 0.60986328125 0.09765625 0.0986328125
0 0.20556640625 0.49755859375 0.1103515625 0.1103515625
0 0.298828125 0.43994140625 0.109375 0.1103515625
0 0.298828125 0.55224609375 0.09765625 0.0986328125
0 0.2958984375 0.66357421875 0.09765625 0.0986328125
0 0.2919921875 0.76708984375 0.09765625 0.0986328125
0 0.2939453125 0.88525390625 0.09765625 0.0986328125
0 0.38671875 0.82568359375 0.09765625 0.0986328125
0 0.390625 0.71435546875 0.109375 0.1103515625
0 0.39453125 0.61669921875 0.109375 0.1103515625
0 0.3896484375 0.49462890625 0.109375 0.1103515625
0 0.49560546875 0.44921875 0.1103515625 0.111328125
0 0.4931640625 0.55859375 0.09765625 0.09765625
0 0.4912109375 0.66064453125 0.109375 0.1103515625
0 0.486328125 0.76025390625 0.109375 0.1103515625
0 0.4873046875 0.89111328125 0.109375 0.1103515625
0 0.58056640625 0.82568359375 0.1103515625 0.1103515625
0 0.5849609375 0.716796875 0.09765625 0.09765625
0 0.58251953125 0.6025390625 0.1103515625 0.111328125
0 0.5830078125 0.5 0.09765625 0.09765625
0 0.67919921875 0.4423828125 0.0732421875 0.07421875
0 0.67578125 0.548828125 0.0859375 0.0859375
0 0.673828125 0.6513671875 0.0859375 0.0859375
0 0.66650390625 0.7685546875 0.0849609375 0.0859375
0 0.6796875 0.87939453125 0.09765625 0.0986328125
0 0.771484375 0.8349609375 0.109375 0.111328125
0 0.7705078125 0.7197265625 0.109375 0.111328125
0 0.7734375 0.60791015625 0.109375 0.1103515625
0 0.7705078125 0.50244140625 0.09765625 0.0986328125
0 0.8603515625 0.89453125 0.109375 0.111328125
0 0.8623046875 0.7724609375 0.109375 0.111328125
0 0.86328125 0.67431640625 0.09765625 0.0986328125
0 0.85693359375 0.5546875 0.1220703125 0.123046875
0 0.86083984375 0.45556640625 0.1103515625 0.1103515625
0 0.9599609375 0.7275390625 0.048828125 0.048828125
0 0.86376953125 0.3388671875 0.1220703125 0.123046875
0 0.86767578125 0.2265625 0.1220703125 0.123046875
0 0.865234375 0.12158203125 0.109375 0.1103515625
0 0.77490234375 0.06103515625 0.1103515625 0.1103515625
0 0.77783203125 0.16259765625 0.1103515625 0.1103515625
0 0.77099609375 0.2802734375 0.1103515625 0.111328125
0 0.77392578125 0.384765625 0.1103515625 0.111328125
0 0.681640625 0.337890625 0.109375 0.111328125
0 0.6796875 0.2265625 0.109375 0.111328125
0 0.6865234375 0.1181640625 0.09765625 0.09765625
0 0.57861328125 0.171875 0.1220703125 0.123046875
0 0.57958984375 0.287109375 0.0732421875 0.07421875
0 0.587890625 0.38134765625 0.09765625 0.0986328125
0 0.49462890625 0.3212890625 0.1220703125 0.123046875
0 0.49462890625 0.22509765625 0.1103515625 0.1103515625
0 0.498046875 0.1220703125 0.09765625 0.09765625
0 0.39990234375 0.16943359375 0.1103515625 0.1103515625
0 0.39501953125 0.27099609375 0.1103515625 0.1103515625
0 0.39453125 0.39208984375 0.109375 0.1103515625
0 0.3017578125 0.33349609375 0.109375 0.1103515625
0 0.3056640625 0.22705078125 0.109375 0.1103515625
0 0.3017578125 0.13134765625 0.09765625 0.0986328125
0 0.208984375 0.16552734375 0.109375 0.1103515625
0 0.2158203125 0.28466796875 0.09765625 0.0986328125
0 0.2060546875 0.39111328125 0.09765625 0.0986328125
0 0.1083984375 0.33447265625 0.09765625 0.0986328125
0 0.1162109375 0.22021484375 0.09765625 0.0986328125
0 0.11328125 0.11376953125 0.09765625 0.0986328125