0 0.892578125 0.35400390625 0.060546875 0.0615234375
0 0.5341796875 0.3623046875 0.048828125 0.048828125
0 0.61328125 0.427734375 0.048828125 0.048828125
0 0.79638671875 0.41162109375 0.0615234375 0.0615234375
0 0.6162109375 0.30322265625 0.060546875 0.0615234375
0 0.541015625 0.1513671875 0.048828125 0.048828125
0 0.5400390625 0.0576171875 0.048828125 0.048828125
0 0.5361328125 0.26708984375 0.060546875 0.0615234375
0 0.8095703125 0.11572265625 0.060546875 0.0615234375
0 0.61328125 0.21533203125 0.060546875 0.0615234375
0 0.8857421875 0.255859375 0.048828125 0.048828125
0 0.60546875 0.1123046875 0.048828125 0.048828125
0 0.80517578125 0.203125 0.0732421875 0.07421875
0 0.421875 0.39599609375 0.048828125 0.0498046875
0 0.42578125 0.29931640625 0.048828125 0.0498046875
0 0.326171875 0.23779296875 0.048828125 0.0498046875
0 0.33251953125 0.33642578125 0.0615234375 0.0615234375
0 0.3310546875 0.1298828125 0.048828125 0.048828125
0 0.22265625 0.22314453125 0.048828125 0.0498046875
0 0.2333984375 0.30419921875 0.048828125 0.0498046875
0 0.2333984375 0.39990234375 0.048828125 0.0498046875
0 0.126953125 0.4384765625 0.048828125 0.048828125
0 0.3310546875 0.43798828125 0.048828125 0.0498046875
0 0.4248046875 0.11279296875 0.060546875 0.0615234375
0 0.333984375 0.02978515625 0.048828125 0.0498046875
0 0.89111328125 0.58447265625 0.0615234375 0.0615234375
0 0.79248046875 0.51806640625 0.0615234375 0.0615234375
0 0.8974609375 0.48828125 0.060546875 0.060546875
0 0.89013671875 0.67919921875 0.0615234375 0.0615234375
0 0.96240234375 0.6416015625 0.0732421875 0.07421875
0 0.962890625 0.515625 0.060546875 0.060546875
0 0.9697265625 0.3017578125 0.048828125 0.048828125
0 0.9794921875 0.4140625 0.037109375 0.037109375
0 0.89453125 0.1630859375 0.037109375 0.037109375
0 0.8046875 0.310546875 0.048828125 0.048828125
0 0.7216796875 0.3662109375 0.048828125 0.048828125
0 0.716796875 0.46435546875 0.060546875 0.0615234375
0 0.7294921875 0.154296875 0.048828125 0.048828125
0 0.52783203125 0.46728515625 0.0244140625 0.0244140625
0 0.42529296875 0.2109375 0.0361328125 0.037109375
0 0.2353515625 0.498046875 0.048828125 0.048828125
0 0.1298828125 0.3369140625 0.048828125 0.048828125
0 0.041015625 0.3916015625 0.048828125 0.048828125
0 0.8974609375 0.0693359375 0.048828125 0.048828125
0 0.9736328125 0.1005859375 0.037109375 0.037109375
0 0.72607421875 0.02001953125 0.0244140625 0.0244140625
0 0.73291015625 0.24951171875 0.0244140625 0.0244140625
0 0.43505859375 0.50048828125 0.0244140625 0.0244140625