0 0.38818359375 0.333984375 0.0732421875 0.07421875
0 0.8583984375 0.27587890625 0.060546875 0.0615234375
0 0.39208984375 0.12548828125 0.0615234375 0.0615234375
0 0.6669921875 0.03857421875 0.048828125 0.0498046875
0 0.5673828125 0.2265625 0.048828125 0.048828125
0 0.87939453125 0.09912109375 0.0732421875 0.0732421875
0 0.8583984375 0.20556640625 0.048828125 0.0498046875
0 0.56396484375 0.10791015625 0.0615234375 0.0615234375
0 0.7568359375 0.20849609375 0.060546875 0.0615234375
0 0.66650390625 0.15185546875 0.0615234375 0.0615234375
0 0.76611328125 0.11669921875 0.0732421875 0.0732421875
0 0.09521484375 0.59814453125 0.1103515625 0.1103515625
0 0.10498046875 0.49560546875 0.1103515625 0.1103515625
0 0.10791015625 0.38037109375 0.1103515625 0.1103515625
0 0.099609375 0.27880859375 0.109375 0.1103515625
0 0.103515625 0.13623046875 0.109375 0.1103515625
0 0.1943359375 0.54541015625 0.109375 0.1103515625
0 0.1962890625 0.43896484375 0.109375 0.1103515625
0 0.1982421875 0.32275390625 0.109375 0.1103515625
0 0.2021484375 0.21044921875 0.109375 0.1103515625
0 0.19287109375 0.11279296875 0.1103515625 0.1103515625
0 0.2900390625 0.49072265625 0.09765625 0.0986328125
0 0.2978515625 0.38427734375 0.109375 0.1103515625
0 0.30029296875 0.27685546875 0.1103515625 0.1103515625
0 0.29833984375 0.1552734375 0.0849609375 0.0859375
0 0.29638671875 0.0478515625 0.0732421875 0.07421875
0 0.38525390625 0.548828125 0.0849609375 0.0859375
0 0.39501953125 0.43310546875 0.1103515625 0.1103515625
0 0.38623046875 0.2216796875 0.0732421875 0.07421875
0 0.38330078125 0.0439453125 0.0732421875 0.07421875
0 0.47509765625 0.60107421875 0.1103515625 0.1103515625
0 0.48876953125 0.50244140625 0.1103515625 0.1103515625
0 0.48779296875 0.3994140625 0.0732421875 0.07421875
0 0.4873046875 0.298828125 0.0859375 0.0859375
0 0.4794921875 0.20703125 0.0859375 0.0859375
0 0.4765625 0.08837890625 0.09765625 0.0986328125
0 0.5654296875 0.3193359375 0.037109375 0.037109375
0 0.65869140625 0.2587890625 0.0361328125 0.037109375
0 0.771484375 0.02978515625 0.048828125 0.0498046875
0 0.9580078125 0.54833984375 0.060546875 0.0615234375
0 0.9580078125 0.43994140625 0.048828125 0.0498046875
0 0.958984375 0.34521484375 0.048828125 0.0498046875
0 0.96875 0.21923828125 0.048828125 0.0498046875
0 0.96484375 0.1064453125 0.048828125 0.048828125
0 0.5625 0.54345703125 0.109375 0.1103515625
0 0.5732421875 0.443359375 0.109375 0.111328125
0 0.65087890625 0.587890625 0.1220703125 0.123046875
0 0.66162109375 0.48828125 0.1103515625 0.111328125
0 0.66357421875 0.38232421875 0.1103515625 0.1103515625
0 0.74951171875 0.5419921875 0.1103515625 0.111328125
0 0.74853515625 0.43896484375 0.1103515625 0.1103515625
0 0.75732421875 0.32666015625 0.1103515625 0.1103515625
0 0.8486328125 0.5048828125 0.0859375 0.0859375
0 0.84814453125 0.3984375 0.1220703125 0.123046875
0 0.10009765625 0.9287109375 0.1103515625 0.111328125
0 0.09521484375 0.70947265625 0.1103515625 0.1103515625
0 0.09326171875 0.82568359375 0.1103515625 0.1103515625
0 0.19482421875 0.8759765625 0.1220703125 0.123046875
0 0.18896484375 0.759765625 0.1220703125 0.123046875
0 0.19482421875 0.65966796875 0.1220703125 0.1220703125
0 0.283203125 0.93017578125 0.109375 0.1103515625
0 0.29296875 0.82373046875 0.109375 0.1103515625
0 0.29296875 0.71533203125 0.109375 0.1103515625
0 0.2939453125 0.60595703125 0.109375 0.1103515625
0 0.84716796875 0.93994140625 0.1103515625 0.1103515625
0 0.6513671875 0.93994140625 0.09765625 0.0986328125
0 0.37744140625 0.87548828125 0.1103515625 0.1103515625
0 0.37255859375 0.77490234375 0.0849609375 0.0869140625
0 0.38037109375 0.64794921875 0.1103515625 0.1103515625
0 0.47314453125 0.92138671875 0.1103515625 0.1103515625
0 0.47705078125 0.81884765625 0.1103515625 0.1103515625
0 0.4736328125 0.70751953125 0.09765625 0.0986328125
0 0.5634765625 0.87744140625 0.109375 0.1103515625
0 0.564453125 0.76123046875 0.09765625 0.0986328125
0 0.5673828125 0.65087890625 0.109375 0.1103515625
0 0.654296875 0.81103515625 0.09765625 0.0986328125
0 0.6533203125 0.720703125 0.09765625 0.09765625
0 0.75732421875 0.87255859375 0.1103515625 0.1103515625
0 0.7470703125 0.765625 0.09765625 0.09765625
0 0.75146484375 0.654296875 0.1103515625 0.111328125
0 0.8525390625 0.61279296875 0.09765625 0.0986328125
0 0.8525390625 0.7021484375 0.109375 0.111328125
0 0.84521484375 0.818359375 0.1103515625 0.111328125
0 0.953125 0.86767578125 0.048828125 0.0498046875
0 0.94921875 0.7626953125 0.048828125 0.048828125
0 0.95458984375 0.65771484375 0.0615234375 0.0615234375