0 0.5732421875 0.61962890625 0.060546875 0.0615234375
0 0.65478515625 0.6884765625 0.0849609375 0.0859375
0 0.580078125 0.8369140625 0.048828125 0.048828125
0 0.654296875 0.8994140625 0.048828125 0.048828125
0 0.57958984375 0.72705078125 0.0615234375 0.0615234375
0 0.572265625 0.390625 0.048828125 0.048828125
0 0.396484375 0.4072265625 0.048828125 0.048828125
0 0.287109375 0.353515625 0.048828125 0.048828125
0 0.39453125 0.52197265625 0.048828125 0.0498046875
0 0.08251953125 0.654296875 0.0732421875 0.07421875
0 0.1962890625 0.3955078125 0.048828125 0.048828125
0 0.20263671875 0.51513671875 0.0615234375 0.0615234375
0 0.2822265625 0.56640625 0.048828125 0.048828125
0 0.47705078125 0.68701171875 0.0615234375 0.0615234375
0 0.087890625 0.54248046875 0.060546875 0.0615234375
0 0.08837890625 0.87451171875 0.0615234375 0.0615234375
0 0.4765625 0.57470703125 0.048828125 0.0498046875
0 0.09033203125 0.4541015625 0.0615234375 0.060546875
0 0.095703125 0.33544921875 0.060546875 0.0615234375
0 0.5673828125 0.17822265625 0.048828125 0.0498046875
0 0.09326171875 0.12353515625 0.0615234375 0.0615234375
0 0.1923828125 0.06884765625 0.048828125 0.0498046875
0 0.39453125 0.19091796875 0.048828125 0.0498046875
0 0.47705078125 0.12841796875 0.0615234375 0.0615234375
0 0.2890625 0.236328125 0.048828125 0.048828125
0 0.75390625 0.9541015625 0.048828125 0.048828125
0 0.7548828125 0.84765625 0.048828125 0.048828125
0 0.6640625 0.12158203125 0.109375 0.1103515625
0 0.7578125 0.16455078125 0.09765625 0.0986328125
0 0.8544921875 0.1142578125 0.09765625 0.09765625
0 0.6728515625 0.22509765625 0.109375 0.1103515625
0 0.66943359375 0.34375 0.0849609375 0.0859375
0 0.763671875 0.28955078125 0.09765625 0.0986328125
0 0.85107421875 0.22705078125 0.1103515625 0.1103515625
0 0.85009765625 0.34130859375 0.1103515625 0.1103515625
0 0.5673828125 0.0537109375 0.048828125 0.048828125
0 0.85205078125 0.4482421875 0.1220703125 0.123046875
0 0.8525390625 0.568359375 0.109375 0.111328125
0 0.7626953125 0.623046875 0.109375 0.111328125
0 0.7587890625 0.509765625 0.109375 0.111328125
0 0.76171875 0.3955078125 0.109375 0.111328125
0 0.6708984375 0.451171875 0.09765625 0.09765625
0 0.6591796875 0.57421875 0.09765625 0.09765625
0 0.75244140625 0.71484375 0.0849609375 0.0859375
0 0.84716796875 0.67724609375 0.1103515625 0.1103515625
0 0.40478515625 0.05712890625 0.0244140625 0.0244140625
0 0.291015625 0.12890625 0.037109375 0.037109375
0 0.48046875 0.2392578125 0.048828125 0.048828125
0 0.56689453125 0.28076171875 0.0244140625 0.0244140625
0 0.5615234375 0.5068359375 0.048828125 0.048828125
0 0.4775390625 0.4765625 0.037109375 0.037109375
0 0.4794921875 0.3505859375 0.048828125 0.048828125
0 0.39404296875 0.29443359375 0.0244140625 0.0244140625
0 0.216796875 0.63232421875 0.048828125 0.0498046875
0 0.19775390625 0.28759765625 0.0244140625 0.0244140625
0 0.19775390625 0.17431640625 0.0244140625 0.0244140625
0 0.09521484375 0.22705078125 0.0244140625 0.0244140625
0 0.6650390625 0.77783203125 0.060546875 0.0615234375
0 0.27734375 0.66650390625 0.048828125 0.0498046875
0 0.27978515625 0.79345703125 0.0244140625 0.0244140625
0 0.20556640625 0.96484375 0.0361328125 0.037109375
0 0.08544921875 0.74169921875 0.0244140625 0.0244140625
0 0.849609375 0.7900390625 0.048828125 0.048828125
0 0.8505859375 0.890625 0.048828125 0.048828125