0 0.06201171875 0.1806640625 0.0732421875 0.07421875
0 0.431640625 0.16162109375 0.048828125 0.0498046875
0 0.345703125 0.17431640625 0.060546875 0.0615234375
0 0.50439453125 0.88037109375 0.0615234375 0.0615234375
0 0.5966796875 0.958984375 0.048828125 0.048828125
0 0.6015625 0.84033203125 0.048828125 0.0498046875
0 0.34375 0.86279296875 0.060546875 0.0615234375
0 0.064453125 0.9365234375 0.048828125 0.048828125
0 0.24755859375 0.92041015625 0.0615234375 0.0615234375
0 0.6943359375 0.89013671875 0.048828125 0.0498046875
0 0.0673828125 0.81201171875 0.060546875 0.0615234375
0 0.70458984375 0.65576171875 0.0732421875 0.0732421875
0 0.70654296875 0.76708984375 0.0732421875 0.0732421875
0 0.70458984375 0.41943359375 0.0615234375 0.0615234375
0 0.60546875 0.72216796875 0.060546875 0.0615234375
0 0.7099609375 0.19873046875 0.048828125 0.0498046875
0 0.705078125 0.54345703125 0.060546875 0.0615234375
0 0.61865234375 0.583984375 0.0361328125 0.037109375
0 0.2607421875 0.62451171875 0.060546875 0.0615234375
0 0.3466796875 0.38232421875 0.060546875 0.0615234375
0 0.431640625 0.28564453125 0.060546875 0.0615234375
0 0.349609375 0.26904296875 0.060546875 0.0615234375
0 0.1767578125 0.4423828125 0.048828125 0.048828125
0 0.0654296875 0.5078125 0.037109375 0.037109375
0 0.17578125 0.3486328125 0.048828125 0.048828125
0 0.353515625 0.4765625 0.048828125 0.048828125
0 0.265625 0.513671875 0.060546875 0.060546875
0 0.52001953125 0.22802734375 0.0615234375 0.0615234375
0 0.06591796875 0.3935546875 0.0732421875 0.07421875
0 0.26904296875 0.43701171875 0.0615234375 0.0615234375
0 0.064453125 0.72412109375 0.060546875 0.0615234375
0 0.421875 0.5078125 0.048828125 0.048828125
0 0.3369140625 0.7646484375 0.048828125 0.048828125
0 0.056640625 0.62109375 0.048828125 0.048828125
0 0.25634765625 0.7119140625 0.0732421875 0.07421875
0 0.06591796875 0.2919921875 0.0732421875 0.07421875
0 0.7099609375 0.08642578125 0.060546875 0.0615234375
0 0.7890625 0.0517578125 0.048828125 0.048828125
0 0.77880859375 0.84326171875 0.0615234375 0.0615234375
0 0.7861328125 0.50146484375 0.060546875 0.0615234375
0 0.888671875 0.8837890625 0.048828125 0.048828125
0 0.8935546875 0.77490234375 0.060546875 0.0615234375
0 0.8935546875 0.44677734375 0.060546875 0.0615234375
0 0.8916015625 0.56396484375 0.060546875 0.0615234375
0 0.8955078125 0.67236328125 0.060546875 0.0615234375
0 0.78515625 0.26708984375 0.048828125 0.0498046875
0 0.7880859375 0.62744140625 0.060546875 0.0615234375
0 0.78369140625 0.94775390625 0.0615234375 0.0615234375
0 0.18701171875 0.06982421875 0.0615234375 0.0615234375
0 0.0712890625 0.076171875 0.048828125 0.048828125
0 0.52685546875 0.10791015625 0.0615234375 0.0615234375
0 0.78955078125 0.7294921875 0.0361328125 0.037109375
0 0.50732421875 0.80078125 0.0361328125 0.037109375
0 0.521484375 0.67919921875 0.037109375 0.0361328125
0 0.4208984375 0.810546875 0.048828125 0.048828125
0 0.4306640625 0.9228515625 0.037109375 0.037109375
0 0.345703125 0.671875 0.037109375 0.037109375
0 0.255859375 0.8193359375 0.048828125 0.048828125
0 0.1728515625 0.875 0.048828125 0.048828125
0 0.1806640625 0.6630859375 0.048828125 0.048828125
0 0.896484375 0.1015625 0.037109375 0.037109375
0 0.8984375 0.220703125 0.037109375 0.037109375
0 0.8974609375 0.337890625 0.037109375 0.037109375
0 0.7861328125 0.40625 0.048828125 0.048828125
0 0.70849609375 0.322265625 0.0361328125 0.037109375
0 0.7900390625 0.1630859375 0.048828125 0.048828125
0 0.435546875 0.05810546875 0.048828125 0.0498046875
0 0.52099609375 0.32763671875 0.0361328125 0.0361328125
0 0.6201171875 0.1435546875 0.037109375 0.037109375
0 0.349609375 0.05615234375 0.048828125 0.0498046875
0 0.4208984375 0.3896484375 0.037109375 0.037109375
0 0.26953125 0.03369140625 0.048828125 0.0498046875
0 0.26416015625 0.13720703125 0.0615234375 0.0615234375
0 0.267578125 0.2177734375 0.048828125 0.048828125
0 0.26953125 0.2998046875 0.048828125 0.048828125
0 0.177734375 0.2373046875 0.048828125 0.048828125
0 0.1826171875 0.14453125 0.048828125 0.048828125
0 0.61376953125 0.47412109375 0.0361328125 0.0361328125
0 0.5166015625 0.568359375 0.037109375 0.037109375
0 0.3486328125 0.578125 0.048828125 0.048828125
0 0.4248046875 0.609375 0.037109375 0.037109375
0 0.17724609375 0.52880859375 0.0244140625 0.0244140625
0 0.18408203125 0.75830078125 0.0244140625 0.0244140625