0 0.2197265625 0.05419921875 0.09765625 0.0986328125
0 0.21337890625 0.14599609375 0.1103515625 0.1103515625
0 0.13427734375 0.07080078125 0.0732421875 0.0732421875
0 0.30322265625 0.099609375 0.1220703125 0.123046875
0 0.40869140625 0.1591796875 0.1220703125 0.123046875
0 0.50341796875 0.10546875 0.1220703125 0.123046875
0 0.60986328125 0.1591796875 0.1220703125 0.123046875
0 0.69287109375 0.10302734375 0.1103515625 0.1103515625
0 0.88720703125 0.107421875 0.1220703125 0.123046875
0 0.1259765625 0.2939453125 0.037109375 0.037109375
0 0.88232421875 0.2158203125 0.1220703125 0.123046875
0 0.8759765625 0.33349609375 0.109375 0.1103515625
0 0.8779296875 0.43408203125 0.09765625 0.0986328125
0 0.87060546875 0.544921875 0.1220703125 0.123046875
0 0.87841796875 0.6533203125 0.1220703125 0.123046875
0 0.77685546875 0.58984375 0.1220703125 0.123046875
0 0.7822265625 0.4736328125 0.09765625 0.09765625
0 0.78076171875 0.365234375 0.1220703125 0.123046875
0 0.77685546875 0.2607421875 0.1220703125 0.123046875
0 0.78369140625 0.1552734375 0.1220703125 0.123046875
0 0.69091796875 0.2119140625 0.1220703125 0.123046875
0 0.68701171875 0.3125 0.1220703125 0.123046875
0 0.68701171875 0.4287109375 0.1220703125 0.123046875
0 0.68505859375 0.5458984375 0.1220703125 0.123046875
0 0.67529296875 0.658203125 0.1220703125 0.123046875
0 0.59521484375 0.2626953125 0.1103515625 0.111328125
0 0.59521484375 0.3681640625 0.1103515625 0.111328125
0 0.5888671875 0.48681640625 0.109375 0.1103515625
0 0.587890625 0.60009765625 0.109375 0.1103515625
0 0.4970703125 0.65185546875 0.109375 0.1103515625
0 0.4970703125 0.53076171875 0.109375 0.1103515625
0 0.50390625 0.43115234375 0.109375 0.1103515625
0 0.5 0.3212890625 0.109375 0.111328125
0 0.50390625 0.212890625 0.109375 0.111328125
0 0.3984375 0.26904296875 0.109375 0.1103515625
0 0.3974609375 0.36767578125 0.109375 0.1103515625
0 0.39501953125 0.49072265625 0.1103515625 0.1103515625
0 0.38916015625 0.59423828125 0.1103515625 0.1103515625
0 0.30322265625 0.65380859375 0.1103515625 0.1103515625
0 0.29345703125 0.54052734375 0.1103515625 0.1103515625
0 0.30322265625 0.42724609375 0.1103515625 0.1103515625
0 0.30810546875 0.31201171875 0.1103515625 0.1103515625
0 0.30517578125 0.2041015625 0.1220703125 0.123046875
0 0.2294921875 0.25244140625 0.109375 0.1103515625
0 0.216796875 0.37255859375 0.09765625 0.0986328125
0 0.20849609375 0.49169921875 0.0732421875 0.0732421875
0 0.208984375 0.59814453125 0.09765625 0.0986328125
0 0.115234375 0.6591796875 0.09765625 0.09765625
0 0.03564453125 0.6064453125 0.0361328125 0.037109375
0 0.1181640625 0.4169921875 0.0859375 0.0859375
0 0.1162109375 0.5419921875 0.0859375 0.0859375
0 0.1279296875 0.1982421875 0.0859375 0.0859375
0 0.595703125 0.70654296875 0.109375 0.1103515625
0 0.39892578125 0.70263671875 0.1103515625 0.1103515625
0 0.30078125 0.76708984375 0.109375 0.1103515625
0 0.19677734375 0.7158203125 0.1220703125 0.123046875
0 0.10888671875 0.7783203125 0.0732421875 0.07421875
0 0.2041015625 0.81689453125 0.109375 0.1103515625
0 0.50439453125 0.77099609375 0.1103515625 0.1103515625
0 0.20361328125 0.916015625 0.0849609375 0.0859375
0 0.296875 0.87158203125 0.109375 0.1103515625
0 0.39404296875 0.81494140625 0.1103515625 0.1103515625
0 0.39404296875 0.92529296875 0.1103515625 0.1103515625
0 0.48974609375 0.86474609375 0.1103515625 0.1103515625
0 0.5810546875 0.8173828125 0.109375 0.111328125
0 0.5830078125 0.92724609375 0.109375 0.1103515625
0 0.69091796875 0.763671875 0.1220703125 0.123046875
0 0.68896484375 0.85546875 0.1220703125 0.123046875
0 0.77880859375 0.7041015625 0.1220703125 0.123046875
0 0.78271484375 0.80078125 0.1220703125 0.123046875
0 0.77880859375 0.9189453125 0.1220703125 0.123046875
0 0.86865234375 0.7578125 0.1220703125 0.123046875
0 0.87744140625 0.86865234375 0.1103515625 0.1103515625