0 0.65087890625 0.865234375 0.0732421875 0.07421875
0 0.65478515625 0.42529296875 0.0615234375 0.0615234375
0 0.9287109375 0.4833984375 0.0859375 0.0859375
0 0.93310546875 0.0537109375 0.0732421875 0.07421875
0 0.08447265625 0.84130859375 0.1103515625 0.1103515625
0 0.08984375 0.74072265625 0.09765625 0.0986328125
0 0.08203125 0.62548828125 0.109375 0.1103515625
0 0.09521484375 0.5068359375 0.1220703125 0.123046875
0 0.1005859375 0.4052734375 0.09765625 0.09765625
0 0.0927734375 0.306640625 0.09765625 0.09765625
0 0.1875 0.240234375 0.09765625 0.09765625
0 0.1865234375 0.365234375 0.09765625 0.09765625
0 0.1865234375 0.46923828125 0.09765625 0.0986328125
0 0.18310546875 0.57080078125 0.1103515625 0.1103515625
0 0.18017578125 0.68408203125 0.1103515625 0.1103515625
0 0.1865234375 0.78759765625 0.109375 0.1103515625
0 0.17333984375 0.8974609375 0.1220703125 0.123046875
0 0.27001953125 0.95703125 0.0732421875 0.07421875
0 0.27197265625 0.8427734375 0.0732421875 0.07421875
0 0.2705078125 0.74658203125 0.09765625 0.0986328125
0 0.27978515625 0.63818359375 0.1103515625 0.1103515625
0 0.28125 0.52490234375 0.109375 0.1103515625
0 0.27734375 0.4130859375 0.0859375 0.0859375
0 0.28515625 0.29345703125 0.09765625 0.0986328125
0 0.3759765625 0.24853515625 0.109375 0.1103515625
0 0.38232421875 0.3486328125 0.1220703125 0.123046875
0 0.36865234375 0.47607421875 0.0732421875 0.0732421875
0 0.36376953125 0.57763671875 0.1103515625 0.1103515625
0 0.36083984375 0.701171875 0.1220703125 0.123046875
0 0.3623046875 0.80517578125 0.109375 0.1103515625
0 0.361328125 0.89990234375 0.09765625 0.0986328125
0 0.45556640625 0.86376953125 0.1220703125 0.1220703125
0 0.46044921875 0.75927734375 0.1103515625 0.1103515625
0 0.47119140625 0.646484375 0.1103515625 0.111328125
0 0.4697265625 0.52685546875 0.109375 0.1103515625
0 0.46728515625 0.41845703125 0.1103515625 0.1103515625
0 0.46728515625 0.3095703125 0.1103515625 0.111328125
0 0.56201171875 0.2626953125 0.1103515625 0.111328125
0 0.5615234375 0.3642578125 0.0859375 0.0859375
0 0.55810546875 0.4658203125 0.0732421875 0.07421875
0 0.55517578125 0.5830078125 0.0849609375 0.0859375
0 0.55615234375 0.7060546875 0.0849609375 0.0859375
0 0.5576171875 0.8076171875 0.0859375 0.0859375
0 0.54443359375 0.90771484375 0.1103515625 0.1103515625
0 0.6455078125 0.7548828125 0.0859375 0.0859375
0 0.650390625 0.6416015625 0.09765625 0.09765625
0 0.65185546875 0.529296875 0.0849609375 0.0859375
0 0.65478515625 0.30712890625 0.1103515625 0.1103515625
0 0.75048828125 0.25927734375 0.1103515625 0.1103515625
0 0.748046875 0.37255859375 0.109375 0.1103515625
0 0.74658203125 0.48779296875 0.1103515625 0.1103515625
0 0.7373046875 0.60400390625 0.09765625 0.0986328125
0 0.7294921875 0.70263671875 0.109375 0.1103515625
0 0.734375 0.78759765625 0.109375 0.1103515625
0 0.72900390625 0.912109375 0.1103515625 0.111328125
0 0.82373046875 0.85107421875 0.1103515625 0.1103515625
0 0.83251953125 0.75244140625 0.1103515625 0.1103515625
0 0.83544921875 0.63525390625 0.1103515625 0.1103515625
0 0.841796875 0.5361328125 0.0859375 0.0859375
0 0.828125 0.421875 0.109375 0.111328125
0 0.8310546875 0.328125 0.09765625 0.09765625
0 0.935546875 0.27490234375 0.0859375 0.0869140625
0 0.9365234375 0.3740234375 0.0859375 0.0859375
0 0.93505859375 0.57666015625 0.1103515625 0.1103515625
0 0.92822265625 0.7041015625 0.1103515625 0.111328125
0 0.9130859375 0.81494140625 0.09765625 0.0986328125
0 0.91796875 0.9150390625 0.09765625 0.09765625
0 0.93505859375 0.1552734375 0.0732421875 0.07421875
0 0.84130859375 0.1953125 0.0849609375 0.0859375
0 0.83740234375 0.0927734375 0.1220703125 0.123046875
0 0.755859375 0.14697265625 0.109375 0.1103515625
0 0.65673828125 0.09375 0.0732421875 0.07421875
0 0.5556640625 0.14306640625 0.109375 0.1103515625
0 0.56201171875 0.05712890625 0.0732421875 0.0732421875
0 0.4716796875 0.1962890625 0.109375 0.111328125
0 0.46533203125 0.0869140625 0.1220703125 0.123046875
0 0.37939453125 0.146484375 0.1220703125 0.123046875
0 0.29052734375 0.20556640625 0.1103515625 0.1103515625
0 0.29296875 0.07763671875 0.09765625 0.0986328125
0 0.189453125 0.138671875 0.09765625 0.09765625
0 0.099609375 0.197265625 0.09765625 0.09765625
0 0.09814453125 0.080078125 0.1103515625 0.111328125
0 0.658203125 0.203125 0.109375 0.111328125