0 0.1494140625 0.55712890625 0.060546875 0.0615234375
0 0.0517578125 0.63427734375 0.060546875 0.0615234375
0 0.05029296875 0.736328125 0.0732421875 0.07421875
0 0.43359375 0.361328125 0.048828125 0.048828125
0 0.33544921875 0.45068359375 0.0615234375 0.0615234375
0 0.24365234375 0.40576171875 0.0615234375 0.0615234375
0 0.60205078125 0.87841796875 0.0615234375 0.0615234375
0 0.52734375 0.68505859375 0.060546875 0.0615234375
0 0.435546875 0.81103515625 0.048828125 0.0498046875
0 0.619140625 0.78369140625 0.060546875 0.0615234375
0 0.89404296875 0.53173828125 0.0615234375 0.0615234375
0 0.802734375 0.396484375 0.037109375 0.037109375
0 0.53271484375 0.3515625 0.0361328125 0.037109375
0 0.33740234375 0.68115234375 0.0615234375 0.0615234375
0 0.892578125 0.43212890625 0.048828125 0.0498046875
0 0.6142578125 0.326171875 0.037109375 0.037109375
0 0.525390625 0.45703125 0.048828125 0.048828125
0 0.43359375 0.69580078125 0.048828125 0.0498046875
0 0.89013671875 0.65869140625 0.0615234375 0.0615234375
0 0.88671875 0.7509765625 0.048828125 0.048828125
0 0.2578125 0.61962890625 0.048828125 0.0498046875
0 0.89501953125 0.33642578125 0.0615234375 0.0615234375
0 0.71435546875 0.21728515625 0.0732421875 0.0732421875
0 0.79345703125 0.04248046875 0.0615234375 0.0615234375
0 0.7158203125 0.12451171875 0.048828125 0.0498046875
0 0.61767578125 0.22607421875 0.1220703125 0.1220703125
0 0.5185546875 0.23779296875 0.09765625 0.0986328125
0 0.51513671875 0.13525390625 0.1103515625 0.1103515625
0 0.42626953125 0.1474609375 0.1220703125 0.123046875
0 0.42578125 0.28173828125 0.109375 0.1103515625
0 0.33642578125 0.1142578125 0.1220703125 0.123046875
0 0.3369140625 0.23193359375 0.09765625 0.0986328125
0 0.24169921875 0.2998046875 0.1103515625 0.111328125
0 0.240234375 0.07177734375 0.09765625 0.0986328125
0 0.232421875 0.177734375 0.09765625 0.09765625
0 0.1474609375 0.1181640625 0.09765625 0.09765625
0 0.14453125 0.2314453125 0.109375 0.111328125
0 0.150390625 0.3271484375 0.0859375 0.0859375
0 0.056640625 0.1533203125 0.109375 0.111328125
0 0.79345703125 0.16357421875 0.0361328125 0.0361328125
0 0.900390625 0.1201171875 0.037109375 0.037109375
0 0.8994140625 0.23095703125 0.048828125 0.0498046875
0 0.79736328125 0.27099609375 0.0361328125 0.0361328125
0 0.7958984375 0.4951171875 0.037109375 0.037109375
0 0.7939453125 0.611328125 0.037109375 0.037109375
0 0.7958984375 0.7158203125 0.037109375 0.037109375
0 0.7919921875 0.8134765625 0.037109375 0.037109375
0 0.716796875 0.4365234375 0.048828125 0.048828125
0 0.60791015625 0.447265625 0.0361328125 0.037109375
0 0.61962890625 0.5732421875 0.0361328125 0.037109375
0 0.619140625 0.65625 0.048828125 0.048828125
0 0.712890625 0.54931640625 0.060546875 0.0615234375
0 0.5244140625 0.56640625 0.037109375 0.037109375
0 0.4267578125 0.6171875 0.048828125 0.048828125
0 0.4296875 0.5126953125 0.037109375 0.037109375
0 0.3369140625 0.3564453125 0.048828125 0.048828125
0 0.33203125 0.56396484375 0.048828125 0.0498046875
0 0.2587890625 0.71142578125 0.048828125 0.0498046875
0 0.25439453125 0.52001953125 0.0615234375 0.0615234375
0 0.140625 0.44482421875 0.048828125 0.0498046875
0 0.0556640625 0.50732421875 0.060546875 0.0615234375
0 0.05419921875 0.83203125 0.0244140625 0.025390625
0 0.1552734375 0.7763671875 0.048828125 0.048828125
0 0.1494140625 0.65869140625 0.048828125 0.0498046875
0 0.3330078125 0.78271484375 0.048828125 0.0498046875
0 0.5263671875 0.78271484375 0.048828125 0.0498046875
0 0.70068359375 0.8642578125 0.0361328125 0.037109375
0 0.5302734375 0.96826171875 0.048828125 0.0498046875
0 0.4404296875 0.91162109375 0.048828125 0.0498046875
0 0.328125 0.896484375 0.048828125 0.048828125
0 0.25439453125 0.93994140625 0.0244140625 0.0244140625
0 0.14501953125 0.86865234375 0.0244140625 0.0244140625