0 0.0751953125 0.38525390625 0.07421875 0.0732421875
0 0.51513671875 0.38916015625 0.0615234375 0.0615234375
0 0.45703125 0.6630859375 0.0859375 0.0859375
0 0.88671875 0.66748046875 0.07421875 0.0732421875
0 0.69189453125 0.1103515625 0.1103515625 0.109375
0 0.591796875 0.11669921875 0.123046875 0.1220703125
0 0.46435546875 0.10302734375 0.0732421875 0.0732421875
0 0.36279296875 0.09814453125 0.1103515625 0.1103515625
0 0.2392578125 0.09521484375 0.123046875 0.1220703125
0 0.13525390625 0.0966796875 0.1103515625 0.109375
0 0.07666015625 0.18994140625 0.1220703125 0.1220703125
0 0.18115234375 0.19482421875 0.1103515625 0.1103515625
0 0.2939453125 0.20556640625 0.111328125 0.1103515625
0 0.41357421875 0.2041015625 0.1103515625 0.109375
0 0.52197265625 0.20166015625 0.1103515625 0.1103515625
0 0.630859375 0.20166015625 0.111328125 0.1103515625
0 0.677734375 0.29638671875 0.111328125 0.1103515625
0 0.576171875 0.2958984375 0.0859375 0.0859375
0 0.474609375 0.29248046875 0.07421875 0.0732421875
0 0.357421875 0.28955078125 0.0859375 0.0849609375
0 0.234375 0.29052734375 0.0859375 0.0849609375
0 0.1328125 0.2919921875 0.0859375 0.0859375
0 0.185546875 0.3798828125 0.0859375 0.0859375
0 0.298828125 0.384765625 0.09765625 0.09765625
0 0.4111328125 0.38623046875 0.0859375 0.0849609375
0 0.63330078125 0.38916015625 0.1103515625 0.1103515625
0 0.68115234375 0.48486328125 0.1103515625 0.1103515625
0 0.56787109375 0.482421875 0.1103515625 0.109375
0 0.45263671875 0.48095703125 0.1103515625 0.1103515625
0 0.33642578125 0.4716796875 0.0986328125 0.09765625
0 0.23779296875 0.4638671875 0.1103515625 0.109375
0 0.15283203125 0.46875 0.1103515625 0.109375
0 0.08935546875 0.55810546875 0.1103515625 0.1103515625
0 0.18798828125 0.56689453125 0.1103515625 0.1103515625
0 0.30517578125 0.56982421875 0.1103515625 0.1103515625
0 0.404296875 0.576171875 0.0859375 0.0859375
0 0.5185546875 0.5625 0.111328125 0.109375
0 0.6123046875 0.5654296875 0.09765625 0.09765625
0 0.66552734375 0.669921875 0.0869140625 0.0859375
0 0.56640625 0.6708984375 0.0859375 0.0859375
0 0.36376953125 0.66943359375 0.1103515625 0.1103515625
0 0.236328125 0.66259765625 0.111328125 0.1103515625
0 0.12548828125 0.6474609375 0.0986328125 0.09765625
0 0.080078125 0.759765625 0.0859375 0.0859375
0 0.177734375 0.748046875 0.09765625 0.09765625
0 0.29052734375 0.7509765625 0.1103515625 0.109375
0 0.3974609375 0.755859375 0.111328125 0.109375
0 0.5107421875 0.7587890625 0.111328125 0.109375
0 0.640625 0.75634765625 0.0859375 0.0849609375
0 0.66796875 0.849609375 0.09765625 0.09765625
0 0.5625 0.85546875 0.0859375 0.0859375
0 0.45361328125 0.8583984375 0.0986328125 0.09765625
0 0.3427734375 0.8544921875 0.09765625 0.09765625
0 0.2333984375 0.84765625 0.111328125 0.109375
0 0.1318359375 0.849609375 0.09765625 0.09765625
0 0.78515625 0.86328125 0.048828125 0.048828125
0 0.89306640625 0.84814453125 0.0732421875 0.0732421875
0 0.7236328125 0.7578125 0.0859375 0.0859375
0 0.8447265625 0.76806640625 0.07421875 0.0732421875
0 0.9501953125 0.76171875 0.09765625 0.09765625
0 0.78515625 0.66943359375 0.07421875 0.0732421875
0 0.7451171875 0.57568359375 0.0859375 0.0849609375
0 0.84765625 0.57177734375 0.123046875 0.1220703125
0 0.9306640625 0.57275390625 0.123046875 0.1220703125
0 0.79345703125 0.490234375 0.1103515625 0.109375
0 0.9130859375 0.48681640625 0.123046875 0.1220703125
0 0.8466796875 0.39111328125 0.07421875 0.0732421875
0 0.79736328125 0.2900390625 0.1103515625 0.109375
0 0.88330078125 0.29638671875 0.0732421875 0.0732421875
0 0.744140625 0.2060546875 0.111328125 0.109375
0 0.853515625 0.19970703125 0.123046875 0.1220703125
0 0.90673828125 0.11962890625 0.1220703125 0.1220703125
0 0.7939453125 0.11376953125 0.123046875 0.1220703125
0 0.7373046875 0.392578125 0.111328125 0.109375