0 0.46337890625 0.3876953125 0.0732421875 0.07421875
0 0.8330078125 0.36865234375 0.048828125 0.0498046875
0 0.7470703125 0.38134765625 0.060546875 0.0615234375
0 0.3935546875 0.8671875 0.048828125 0.048828125
0 0.396484375 0.666015625 0.048828125 0.048828125
0 0.392578125 0.7734375 0.048828125 0.048828125
0 0.662109375 0.83154296875 0.060546875 0.0615234375
0 0.748046875 0.58935546875 0.060546875 0.0615234375
0 0.8330078125 0.49267578125 0.060546875 0.0615234375
0 0.7509765625 0.47607421875 0.060546875 0.0615234375
0 0.39208984375 0.55029296875 0.0615234375 0.0615234375
0 0.578125 0.6494140625 0.048828125 0.048828125
0 0.466796875 0.71484375 0.037109375 0.037109375
0 0.5771484375 0.5556640625 0.048828125 0.048828125
0 0.7548828125 0.68359375 0.048828125 0.048828125
0 0.6669921875 0.720703125 0.060546875 0.060546875
0 0.92138671875 0.43505859375 0.0615234375 0.0615234375
0 0.46728515625 0.6005859375 0.0732421875 0.07421875
0 0.67041015625 0.64404296875 0.0615234375 0.0615234375
0 0.4658203125 0.93115234375 0.060546875 0.0615234375
0 0.8232421875 0.71484375 0.048828125 0.048828125
0 0.73828125 0.9716796875 0.048828125 0.048828125
0 0.4580078125 0.828125 0.048828125 0.048828125
0 0.65771484375 0.9189453125 0.0732421875 0.07421875
0 0.46728515625 0.4990234375 0.0732421875 0.07421875
0 0.1787109375 0.95361328125 0.048828125 0.0498046875
0 0.189453125 0.64697265625 0.048828125 0.0498046875
0 0.27978515625 0.59521484375 0.0615234375 0.0615234375
0 0.078125 0.68994140625 0.060546875 0.0615234375
0 0.18359375 0.845703125 0.048828125 0.048828125
0 0.0751953125 0.93896484375 0.048828125 0.0498046875
0 0.27734375 0.82861328125 0.060546875 0.0615234375
0 0.1865234375 0.74560546875 0.048828125 0.0498046875
0 0.08203125 0.60986328125 0.060546875 0.0615234375
0 0.1865234375 0.548828125 0.037109375 0.037109375
0 0.275390625 0.71044921875 0.048828125 0.0498046875
0 0.08203125 0.48779296875 0.048828125 0.0498046875
0 0.28857421875 0.4931640625 0.0361328125 0.037109375
0 0.58837890625 0.27685546875 0.0615234375 0.0615234375
0 0.74267578125 0.15087890625 0.0615234375 0.0615234375
0 0.47265625 0.283203125 0.048828125 0.048828125
0 0.576171875 0.08349609375 0.048828125 0.0498046875
0 0.759765625 0.05615234375 0.060546875 0.0615234375
0 0.92822265625 0.31494140625 0.0615234375 0.0615234375
0 0.9228515625 0.88623046875 0.037109375 0.0361328125
0 0.7470703125 0.87890625 0.037109375 0.037109375
0 0.58203125 0.8701171875 0.048828125 0.048828125
0 0.27783203125 0.9267578125 0.0361328125 0.037109375
0 0.9326171875 0.0859375 0.037109375 0.037109375
0 0.19482421875 0.1044921875 0.0244140625 0.025390625
0 0.2958984375 0.048828125 0.048828125 0.048828125
0 0.4736328125 0.05517578125 0.048828125 0.0498046875
0 0.6669921875 0.05517578125 0.048828125 0.0498046875
0 0.84130859375 0.13671875 0.0361328125 0.037109375
0 0.8369140625 0.26513671875 0.048828125 0.0498046875
0 0.92236328125 0.53466796875 0.0361328125 0.0361328125
0 0.7509765625 0.26318359375 0.048828125 0.0498046875
0 0.822265625 0.5966796875 0.037109375 0.037109375
0 0.6708984375 0.24072265625 0.048828125 0.0498046875
0 0.66552734375 0.34423828125 0.0615234375 0.0615234375
0 0.6689453125 0.4248046875 0.048828125 0.048828125
0 0.6708984375 0.5068359375 0.048828125 0.048828125
0 0.5791015625 0.4443359375 0.048828125 0.048828125
0 0.583984375 0.3515625 0.048828125 0.048828125
0 0.5810546875 0.18408203125 0.048828125 0.0498046875
0 0.46875 0.1689453125 0.048828125 0.048828125
0 0.39501953125 0.21240234375 0.0244140625 0.0244140625
0 0.39990234375 0.33740234375 0.0244140625 0.0244140625
0 0.40185546875 0.4521484375 0.0244140625 0.025390625
0 0.28564453125 0.37939453125 0.0244140625 0.0244140625
0 0.28564453125 0.14111328125 0.0244140625 0.0244140625
0 0.91796875 0.775390625 0.037109375 0.037109375
0 0.75 0.78515625 0.048828125 0.048828125
0 0.826171875 0.81640625 0.037109375 0.037109375
0 0.57861328125 0.73583984375 0.0244140625 0.0244140625
0 0.58544921875 0.96533203125 0.0244140625 0.0244140625
0 0.08984375 0.0546875 0.048828125 0.048828125
0 0.0927734375 0.166015625 0.048828125 0.048828125
0 0.19384765625 0.32568359375 0.0244140625 0.0244140625
0 0.07763671875 0.4130859375 0.0361328125 0.037109375