0 0.20849609375 0.78173828125 0.0615234375 0.0615234375
0 0.2138671875 0.56103515625 0.048828125 0.0498046875
0 0.208984375 0.90576171875 0.060546875 0.0615234375
0 0.12255859375 0.9462890625 0.0361328125 0.037109375
0 0.21728515625 0.11962890625 0.0615234375 0.0615234375
0 0.22021484375 0.23388671875 0.0615234375 0.0615234375
0 0.2138671875 0.44873046875 0.060546875 0.0615234375
0 0.2177734375 0.33447265625 0.060546875 0.0615234375
0 0.29296875 0.4140625 0.048828125 0.048828125
0 0.8916015625 0.09326171875 0.060546875 0.0615234375
0 0.8984375 0.310546875 0.048828125 0.048828125
0 0.97265625 0.373046875 0.048828125 0.048828125
0 0.89794921875 0.20068359375 0.0615234375 0.0615234375
0 0.30126953125 0.07470703125 0.0478515625 0.0498046875
0 0.40087890625 0.1279296875 0.0732421875 0.07421875
0 0.6005859375 0.0400390625 0.048828125 0.048828125
0 0.79541015625 0.16064453125 0.0615234375 0.0615234375
0 0.29833984375 0.30322265625 0.0732421875 0.0732421875
0 0.40673828125 0.34814453125 0.0615234375 0.0615234375
0 0.794921875 0.04833984375 0.048828125 0.0498046875
0 0.2900390625 0.86376953125 0.060546875 0.0615234375
0 0.3974609375 0.80908203125 0.060546875 0.0615234375
0 0.5146484375 0.84130859375 0.060546875 0.0615234375
0 0.3955078125 0.92626953125 0.060546875 0.0615234375
0 0.2890625 0.62939453125 0.048828125 0.0498046875
0 0.13330078125 0.08642578125 0.0615234375 0.0615234375
0 0.1298828125 0.1787109375 0.048828125 0.048828125
0 0.5048828125 0.9697265625 0.048828125 0.048828125
0 0.53515625 0.10595703125 0.048828125 0.0498046875
0 0.30126953125 0.181640625 0.0849609375 0.0859375
0 0.595703125 0.14013671875 0.048828125 0.0498046875
0 0.60107421875 0.47119140625 0.0244140625 0.0244140625
0 0.59814453125 0.26708984375 0.0244140625 0.0244140625
0 0.400390625 0.4638671875 0.037109375 0.037109375
0 0.52392578125 0.4384765625 0.0361328125 0.037109375
0 0.40380859375 0.21533203125 0.0244140625 0.0244140625
0 0.69921875 0.875 0.048828125 0.048828125
0 0.587890625 0.92626953125 0.048828125 0.0498046875
0 0.58935546875 0.802734375 0.0244140625 0.025390625
0 0.59375 0.6953125 0.037109375 0.037109375
0 0.51953125 0.6484375 0.037109375 0.037109375
0 0.513671875 0.74462890625 0.060546875 0.0615234375
0 0.40234375 0.5830078125 0.037109375 0.037109375
0 0.4013671875 0.7001953125 0.037109375 0.037109375
0 0.2900390625 0.7685546875 0.048828125 0.048828125
0 0.21240234375 0.6845703125 0.0361328125 0.037109375
0 0.2939453125 0.525390625 0.048828125 0.048828125
0 0.515625 0.5419921875 0.037109375 0.037109375
0 0.037109375 0.0390625 0.037109375 0.037109375
0 0.0390625 0.1435546875 0.037109375 0.037109375
0 0.03515625 0.2412109375 0.037109375 0.037109375
0 0.02490234375 0.68994140625 0.0361328125 0.0361328125
0 0.1240234375 0.505859375 0.037109375 0.037109375
0 0.11767578125 0.83642578125 0.0361328125 0.0361328125
0 0.0205078125 0.9306640625 0.037109375 0.037109375