0 0.94970703125 0.07421875 0.0849609375 0.0859375
0 0.078125 0.90869140625 0.09765625 0.0986328125
0 0.0849609375 0.80029296875 0.09765625 0.0986328125
0 0.0810546875 0.69580078125 0.09765625 0.0986328125
0 0.0830078125 0.58154296875 0.09765625 0.0986328125
0 0.08740234375 0.46923828125 0.1103515625 0.1103515625
0 0.1748046875 0.85693359375 0.09765625 0.0986328125
0 0.18115234375 0.75146484375 0.1103515625 0.1103515625
0 0.185546875 0.63330078125 0.109375 0.1103515625
0 0.1787109375 0.51806640625 0.109375 0.1103515625
0 0.26953125 0.91259765625 0.09765625 0.0986328125
0 0.2705078125 0.80224609375 0.109375 0.1103515625
0 0.26953125 0.69482421875 0.109375 0.1103515625
0 0.271484375 0.58154296875 0.109375 0.1103515625
0 0.361328125 0.86376953125 0.09765625 0.0986328125
0 0.35888671875 0.75537109375 0.1103515625 0.1103515625
0 0.36181640625 0.63134765625 0.1103515625 0.1103515625
0 0.36767578125 0.52099609375 0.1103515625 0.1103515625
0 0.44921875 0.90087890625 0.09765625 0.0986328125
0 0.4609375 0.80517578125 0.09765625 0.0986328125
0 0.46484375 0.68701171875 0.09765625 0.0986328125
0 0.55517578125 0.8408203125 0.1220703125 0.123046875
0 0.556640625 0.75341796875 0.09765625 0.0986328125
0 0.55859375 0.6416015625 0.09765625 0.09765625
0 0.560546875 0.53515625 0.09765625 0.09765625
0 0.5751953125 0.4150390625 0.09765625 0.09765625
0 0.46630859375 0.58544921875 0.1103515625 0.1103515625
0 0.4658203125 0.4658203125 0.109375 0.111328125
0 0.36865234375 0.41552734375 0.1103515625 0.1103515625
0 0.27685546875 0.47119140625 0.1103515625 0.1103515625
0 0.17578125 0.40771484375 0.109375 0.1103515625
0 0.65869140625 0.7890625 0.1220703125 0.123046875
0 0.74365234375 0.7568359375 0.1103515625 0.111328125
0 0.83740234375 0.7060546875 0.1220703125 0.123046875
0 0.9404296875 0.64111328125 0.109375 0.1103515625
0 0.8466796875 0.59814453125 0.09765625 0.0986328125
0 0.75 0.6484375 0.09765625 0.09765625
0 0.931640625 0.53759765625 0.109375 0.1103515625
0 0.93505859375 0.4189453125 0.0849609375 0.0859375
0 0.8408203125 0.47314453125 0.09765625 0.0986328125
0 0.75341796875 0.53564453125 0.1103515625 0.1103515625
0 0.75439453125 0.42138671875 0.1103515625 0.1103515625
0 0.65185546875 0.478515625 0.1220703125 0.123046875
0 0.64990234375 0.5859375 0.1220703125 0.123046875
0 0.18359375 0.29345703125 0.109375 0.1103515625
0 0.08984375 0.23388671875 0.109375 0.1103515625
0 0.0810546875 0.3642578125 0.109375 0.111328125
0 0.0859375 0.13427734375 0.109375 0.1103515625
0 0.17431640625 0.18408203125 0.1103515625 0.1103515625
0 0.27880859375 0.13916015625 0.1103515625 0.1103515625
0 0.27734375 0.25048828125 0.09765625 0.0986328125
0 0.27294921875 0.35888671875 0.1103515625 0.1103515625
0 0.37451171875 0.31494140625 0.1103515625 0.1103515625
0 0.3662109375 0.20849609375 0.109375 0.1103515625
0 0.46826171875 0.2431640625 0.1220703125 0.123046875
0 0.4580078125 0.35595703125 0.109375 0.1103515625
0 0.45849609375 0.1357421875 0.1220703125 0.123046875
0 0.5634765625 0.18408203125 0.09765625 0.0986328125
0 0.560546875 0.30322265625 0.109375 0.1103515625
0 0.75244140625 0.314453125 0.1220703125 0.123046875
0 0.6494140625 0.24267578125 0.09765625 0.0986328125
0 0.64794921875 0.365234375 0.1220703125 0.123046875
0 0.64599609375 0.1396484375 0.1103515625 0.111328125
0 0.751953125 0.1943359375 0.109375 0.111328125
0 0.841796875 0.1396484375 0.109375 0.111328125
0 0.845703125 0.2529296875 0.109375 0.111328125
0 0.8427734375 0.3671875 0.109375 0.111328125
0 0.93359375 0.3115234375 0.09765625 0.09765625
0 0.9453125 0.1884765625 0.09765625 0.09765625
0 0.85205078125 0.0478515625 0.0849609375 0.0859375
0 0.75732421875 0.08544921875 0.1103515625 0.1103515625
0 0.56982421875 0.08544921875 0.1103515625 0.1103515625
0 0.375 0.0849609375 0.109375 0.111328125
0 0.18310546875 0.0859375 0.1103515625 0.111328125