0 0.5673828125 0.2158203125 0.048828125 0.048828125
0 0.67236328125 0.22119140625 0.0615234375 0.0615234375
0 0.47021484375 0.21630859375 0.0615234375 0.0615234375
0 0.35693359375 0.2177734375 0.0615234375 0.060546875
0 0.78662109375 0.21826171875 0.0615234375 0.0615234375
0 0.88720703125 0.220703125 0.0615234375 0.060546875
0 0.966796875 0.1455078125 0.048828125 0.048828125
0 0.3037109375 0.1259765625 0.048828125 0.048828125
0 0.62744140625 0.13720703125 0.0498046875 0.0478515625
0 0.6806640625 0.03759765625 0.07421875 0.0732421875
0 0.41552734375 0.1298828125 0.0615234375 0.060546875
0 0.56884765625 0.0322265625 0.0615234375 0.060546875
0 0.85595703125 0.14013671875 0.0732421875 0.0732421875
0 0.90087890625 0.03173828125 0.0615234375 0.0615234375
0 0.341796875 0.76171875 0.048828125 0.048828125
0 0.43115234375 0.85986328125 0.0615234375 0.0615234375
0 0.38623046875 0.95166015625 0.0615234375 0.0615234375
0 0.85888671875 0.59326171875 0.0615234375 0.0615234375
0 0.66552734375 0.66796875 0.0615234375 0.060546875
0 0.79150390625 0.759765625 0.0498046875 0.048828125
0 0.76416015625 0.576171875 0.0615234375 0.060546875
0 0.51220703125 0.30126953125 0.0615234375 0.0615234375
0 0.376953125 0.392578125 0.037109375 0.037109375
0 0.33203125 0.66259765625 0.037109375 0.0361328125
0 0.66162109375 0.85791015625 0.0615234375 0.0615234375
0 0.41259765625 0.302734375 0.0498046875 0.048828125
0 0.306640625 0.5810546875 0.037109375 0.037109375
0 0.4375 0.669921875 0.048828125 0.048828125
0 0.67626953125 0.76171875 0.0498046875 0.048828125
0 0.63916015625 0.30517578125 0.0615234375 0.0615234375
0 0.7314453125 0.30859375 0.048828125 0.048828125
0 0.60009765625 0.9375 0.0498046875 0.048828125
0 0.31689453125 0.30029296875 0.0615234375 0.0615234375
0 0.19775390625 0.48095703125 0.0732421875 0.0732421875
0 0.2607421875 0.21923828125 0.07421875 0.0732421875
0 0.10498046875 0.4794921875 0.0498046875 0.048828125
0 0.06591796875 0.216796875 0.0615234375 0.060546875
0 0.1591796875 0.2158203125 0.048828125 0.048828125
0 0.1015625 0.1240234375 0.048828125 0.048828125
0 0.20361328125 0.12548828125 0.0615234375 0.0615234375
0 0.20654296875 0.57763671875 0.1220703125 0.1220703125
0 0.21826171875 0.6767578125 0.0986328125 0.09765625
0 0.11572265625 0.68017578125 0.1103515625 0.1103515625
0 0.1279296875 0.76904296875 0.123046875 0.1220703125
0 0.26220703125 0.76953125 0.1103515625 0.109375
0 0.0947265625 0.85888671875 0.123046875 0.1220703125
0 0.21240234375 0.8583984375 0.0986328125 0.09765625
0 0.25341796875 0.02490234375 0.0244140625 0.0244140625
0 0.5322265625 0.13330078125 0.037109375 0.0361328125
0 0.734375 0.13720703125 0.0859375 0.0849609375
0 0.76806640625 0.03466796875 0.0244140625 0.0244140625
0 0.14404296875 0.40185546875 0.0361328125 0.0361328125
0 0.1005859375 0.294921875 0.037109375 0.037109375
0 0.21142578125 0.2958984375 0.0498046875 0.048828125
0 0.25146484375 0.39794921875 0.0361328125 0.0361328125
0 0.4755859375 0.3994140625 0.037109375 0.037109375
0 0.591796875 0.4013671875 0.037109375 0.037109375
0 0.6962890625 0.3994140625 0.037109375 0.037109375
0 0.7939453125 0.4033203125 0.037109375 0.037109375
0 0.4169921875 0.478515625 0.048828125 0.048828125
0 0.427734375 0.58740234375 0.037109375 0.0361328125
0 0.5537109375 0.57568359375 0.037109375 0.0361328125
0 0.63671875 0.576171875 0.048828125 0.048828125
0 0.52978515625 0.482421875 0.0615234375 0.060546875
0 0.546875 0.6708984375 0.037109375 0.037109375
0 0.59765625 0.7685546875 0.048828125 0.048828125
0 0.4931640625 0.765625 0.037109375 0.037109375
0 0.3369140625 0.8583984375 0.048828125 0.048828125
0 0.54443359375 0.86328125 0.0498046875 0.048828125
0 0.69189453125 0.9365234375 0.0498046875 0.048828125
0 0.50048828125 0.94091796875 0.0615234375 0.0615234375
0 0.76318359375 0.8623046875 0.0498046875 0.048828125
0 0.76318359375 0.6689453125 0.0498046875 0.048828125
0 0.8447265625 0.49462890625 0.037109375 0.0361328125
0 0.97314453125 0.4990234375 0.0498046875 0.048828125
0 0.97119140625 0.5849609375 0.0498046875 0.048828125
0 0.94873046875 0.6650390625 0.0498046875 0.048828125
0 0.89208984375 0.7548828125 0.0498046875 0.048828125
0 0.876953125 0.8671875 0.048828125 0.048828125
0 0.92041015625 0.94091796875 0.0244140625 0.0244140625