0 0.0712890625 0.8115234375 0.048828125 0.048828125
0 0.17578125 0.806640625 0.048828125 0.048828125
0 0.0771484375 0.6787109375 0.048828125 0.048828125
0 0.171875 0.8896484375 0.048828125 0.048828125
0 0.255859375 0.888671875 0.048828125 0.048828125
0 0.546875 0.24951171875 0.048828125 0.0498046875
0 0.9580078125 0.90380859375 0.048828125 0.0498046875
0 0.8583984375 0.84228515625 0.048828125 0.0498046875
0 0.869140625 0.53564453125 0.048828125 0.0498046875
0 0.86474609375 0.94091796875 0.0615234375 0.0615234375
0 0.95947265625 0.48388671875 0.0615234375 0.0615234375
0 0.7578125 0.57861328125 0.060546875 0.0615234375
0 0.86328125 0.734375 0.048828125 0.048828125
0 0.7548828125 0.82763671875 0.048828125 0.0498046875
0 0.765625 0.90869140625 0.048828125 0.0498046875
0 0.95703125 0.71728515625 0.060546875 0.0615234375
0 0.8662109375 0.63427734375 0.048828125 0.0498046875
0 0.76171875 0.49853515625 0.060546875 0.0615234375
0 0.8662109375 0.4375 0.037109375 0.037109375
0 0.955078125 0.59912109375 0.048828125 0.0498046875
0 0.76171875 0.37646484375 0.048828125 0.0498046875
0 0.96826171875 0.3818359375 0.0361328125 0.037109375
0 0.95751953125 0.8154296875 0.0361328125 0.037109375
0 0.662109375 0.94140625 0.048828125 0.048828125
0 0.177734375 0.7099609375 0.037109375 0.037109375
0 0.068359375 0.9130859375 0.048828125 0.048828125
0 0.96533203125 0.26806640625 0.0244140625 0.0244140625
0 0.96533203125 0.02978515625 0.0244140625 0.0244140625
0 0.3720703125 0.3125 0.048828125 0.048828125
0 0.3701171875 0.4189453125 0.048828125 0.048828125
0 0.36328125 0.515625 0.037109375 0.037109375
0 0.3642578125 0.6044921875 0.037109375 0.037109375
0 0.45703125 0.353515625 0.048828125 0.048828125
0 0.458984375 0.46728515625 0.060546875 0.0615234375
0 0.44921875 0.587890625 0.037109375 0.037109375
0 0.52392578125 0.48486328125 0.0615234375 0.0615234375
0 0.515625 0.583984375 0.048828125 0.048828125
0 0.66259765625 0.41943359375 0.0244140625 0.0244140625
0 0.66259765625 0.5263671875 0.0361328125 0.037109375
0 0.083984375 0.5654296875 0.037109375 0.037109375
0 0.14599609375 0.5283203125 0.0361328125 0.037109375
0 0.09375 0.455078125 0.037109375 0.037109375
0 0.099609375 0.3330078125 0.037109375 0.037109375
0 0.7724609375 0.0546875 0.048828125 0.048828125
0 0.6669921875 0.30712890625 0.037109375 0.0361328125
0 0.671875 0.1904296875 0.048828125 0.048828125
0 0.671875 0.0859375 0.048828125 0.048828125
0 0.5546875 0.04296875 0.048828125 0.048828125
0 0.5439453125 0.15576171875 0.037109375 0.0361328125
0 0.46826171875 0.12939453125 0.0244140625 0.0244140625
0 0.4619140625 0.24365234375 0.048828125 0.0498046875
0 0.38232421875 0.06982421875 0.0244140625 0.0244140625
0 0.37646484375 0.17919921875 0.0244140625 0.0244140625
0 0.3056640625 0.1201171875 0.037109375 0.037109375
0 0.3076171875 0.22265625 0.048828125 0.048828125
0 0.30517578125 0.3525390625 0.0361328125 0.037109375
0 0.3095703125 0.4677734375 0.048828125 0.048828125
0 0.87353515625 0.21435546875 0.0244140625 0.0244140625
0 0.75732421875 0.3017578125 0.0361328125 0.037109375