0 0.6064453125 0.73876953125 0.060546875 0.0615234375
0 0.52490234375 0.669921875 0.0849609375 0.0859375
0 0.599609375 0.521484375 0.048828125 0.048828125
0 0.525390625 0.458984375 0.048828125 0.048828125
0 0.60009765625 0.63134765625 0.0615234375 0.0615234375
0 0.607421875 0.9677734375 0.048828125 0.048828125
0 0.783203125 0.951171875 0.048828125 0.048828125
0 0.78515625 0.83642578125 0.048828125 0.0498046875
0 0.8974609375 0.7919921875 0.048828125 0.048828125
0 0.70263671875 0.67138671875 0.0615234375 0.0615234375
0 0.703125 0.78369140625 0.048828125 0.0498046875
0 0.42578125 0.404296875 0.048828125 0.048828125
0 0.42578125 0.28564453125 0.060546875 0.0615234375
0 0.4248046875 0.5107421875 0.048828125 0.048828125
0 0.33203125 0.23583984375 0.048828125 0.0498046875
0 0.4267578125 0.19091796875 0.060546875 0.0615234375
0 0.41552734375 0.07177734375 0.0732421875 0.0732421875
0 0.138671875 0.77978515625 0.09765625 0.0986328125
0 0.1357421875 0.89892578125 0.109375 0.1103515625
0 0.32763671875 0.91015625 0.1220703125 0.123046875
0 0.224609375 0.83837890625 0.09765625 0.0986328125
0 0.22119140625 0.7353515625 0.1103515625 0.111328125
0 0.3271484375 0.7900390625 0.109375 0.111328125
0 0.4169921875 0.7353515625 0.109375 0.111328125
0 0.4208984375 0.8486328125 0.109375 0.111328125
0 0.5087890625 0.9072265625 0.09765625 0.09765625
0 0.5205078125 0.7841796875 0.09765625 0.09765625
0 0.42724609375 0.6435546875 0.0849609375 0.0859375
0 0.33251953125 0.68115234375 0.1103515625 0.1103515625
0 0.2333984375 0.61669921875 0.109375 0.1103515625
0 0.2333984375 0.50732421875 0.109375 0.1103515625
0 0.23095703125 0.39892578125 0.1103515625 0.1103515625
0 0.22998046875 0.29931640625 0.1103515625 0.1103515625
0 0.22998046875 0.18701171875 0.1103515625 0.1103515625
0 0.12890625 0.23974609375 0.09765625 0.0986328125
0 0.1328125 0.35107421875 0.09765625 0.0986328125
0 0.138671875 0.45947265625 0.109375 0.1103515625
0 0.1318359375 0.57177734375 0.109375 0.1103515625
0 0.14501953125 0.68115234375 0.1103515625 0.1103515625
0 0.14013671875 0.11962890625 0.1103515625 0.1103515625
0 0.22802734375 0.0654296875 0.1103515625 0.111328125
0 0.6181640625 0.8515625 0.048828125 0.048828125
0 0.7021484375 0.8818359375 0.037109375 0.037109375
0 0.962890625 0.72607421875 0.048828125 0.0498046875
0 0.5146484375 0.58056640625 0.060546875 0.0615234375
0 0.5146484375 0.353515625 0.037109375 0.037109375
0 0.90234375 0.69189453125 0.048828125 0.0498046875
0 0.89697265625 0.36083984375 0.0244140625 0.0244140625
0 0.89990234375 0.56494140625 0.0244140625 0.0244140625
0 0.97412109375 0.3935546875 0.0361328125 0.037109375
0 0.3359375 0.3447265625 0.037109375 0.037109375
0 0.3359375 0.11474609375 0.048828125 0.0498046875
0 0.330078125 0.568359375 0.048828125 0.048828125
0 0.3291015625 0.4677734375 0.048828125 0.048828125
0 0.90869140625 0.029296875 0.0244140625 0.025390625
0 0.904296875 0.13671875 0.037109375 0.037109375
0 0.978515625 0.18359375 0.037109375 0.037109375