0 0.482421875 0.0595703125 0.048828125 0.048828125
0 0.658203125 0.04296875 0.048828125 0.048828125
0 0.767578125 0.0966796875 0.048828125 0.048828125
0 0.8583984375 0.0546875 0.048828125 0.048828125
0 0.958984375 0.11474609375 0.060546875 0.0615234375
0 0.4873046875 0.27197265625 0.048828125 0.0498046875
0 0.96142578125 0.32666015625 0.0615234375 0.0615234375
0 0.658203125 0.48681640625 0.060546875 0.0615234375
0 0.8623046875 0.38134765625 0.048828125 0.0498046875
0 0.66015625 0.25927734375 0.048828125 0.0498046875
0 0.76513671875 0.43017578125 0.0732421875 0.0732421875
0 0.57763671875 0.32177734375 0.0615234375 0.0615234375
0 0.8623046875 0.49560546875 0.060546875 0.0615234375
0 0.9619140625 0.43408203125 0.060546875 0.0615234375
0 0.5712890625 0.5400390625 0.048828125 0.048828125
0 0.765625 0.2138671875 0.048828125 0.048828125
0 0.85986328125 0.92822265625 0.1103515625 0.1103515625
0 0.85693359375 0.81103515625 0.1220703125 0.1220703125
0 0.859375 0.70166015625 0.09765625 0.0986328125
0 0.771484375 0.86962890625 0.09765625 0.0986328125
0 0.76953125 0.75537109375 0.09765625 0.0986328125
0 0.771484375 0.64501953125 0.09765625 0.0986328125
0 0.6708984375 0.92626953125 0.109375 0.1103515625
0 0.66357421875 0.8115234375 0.1220703125 0.123046875
0 0.65283203125 0.70556640625 0.1103515625 0.1103515625
0 0.56982421875 0.8662109375 0.1220703125 0.123046875
0 0.56982421875 0.75390625 0.1220703125 0.123046875
0 0.47509765625 0.9345703125 0.1220703125 0.123046875
0 0.48486328125 0.82421875 0.1220703125 0.123046875
0 0.478515625 0.70556640625 0.109375 0.1103515625
0 0.38720703125 0.65478515625 0.1103515625 0.1103515625
0 0.39111328125 0.7705078125 0.1103515625 0.111328125
0 0.37939453125 0.875 0.1103515625 0.111328125
0 0.2890625 0.91650390625 0.109375 0.1103515625
0 0.28857421875 0.80078125 0.1220703125 0.123046875
0 0.28076171875 0.7099609375 0.1103515625 0.111328125
0 0.18701171875 0.87109375 0.1220703125 0.123046875
0 0.19921875 0.76416015625 0.109375 0.1103515625
0 0.19091796875 0.66796875 0.1220703125 0.123046875
0 0.09912109375 0.92041015625 0.1103515625 0.1103515625
0 0.09423828125 0.7802734375 0.1220703125 0.123046875
0 0.09033203125 0.6787109375 0.1220703125 0.123046875
0 0.10888671875 0.4765625 0.1220703125 0.123046875
0 0.19384765625 0.4443359375 0.1103515625 0.111328125
0 0.28759765625 0.3935546875 0.1220703125 0.123046875
0 0.390625 0.32861328125 0.109375 0.1103515625
0 0.296875 0.28564453125 0.09765625 0.0986328125
0 0.2001953125 0.3359375 0.09765625 0.09765625
0 0.3818359375 0.22509765625 0.109375 0.1103515625
0 0.38525390625 0.1064453125 0.0849609375 0.0859375
0 0.291015625 0.16064453125 0.09765625 0.0986328125
0 0.20361328125 0.22314453125 0.1103515625 0.1103515625
0 0.20458984375 0.10888671875 0.1103515625 0.1103515625
0 0.10205078125 0.166015625 0.1220703125 0.123046875
0 0.10009765625 0.2734375 0.1220703125 0.123046875
0 0.4873046875 0.396484375 0.048828125 0.048828125
0 0.8642578125 0.56982421875 0.09765625 0.0986328125
0 0.95556640625 0.5439453125 0.0849609375 0.0859375
0 0.484375 0.6015625 0.048828125 0.048828125
0 0.48828125 0.4931640625 0.048828125 0.048828125
0 0.5693359375 0.43310546875 0.048828125 0.0498046875
0 0.64990234375 0.39306640625 0.0244140625 0.0244140625
0 0.6640625 0.5869140625 0.048828125 0.048828125
0 0.5634765625 0.654296875 0.048828125 0.048828125
0 0.765625 0.54052734375 0.037109375 0.0361328125
0 0.763671875 0.3212890625 0.037109375 0.037109375
0 0.57421875 0.2109375 0.048828125 0.048828125
0 0.48779296875 0.16943359375 0.0244140625 0.0244140625
0 0.5751953125 0.099609375 0.048828125 0.048828125
0 0.66064453125 0.15576171875 0.0244140625 0.0244140625
0 0.85693359375 0.16259765625 0.0244140625 0.0244140625
0 0.85693359375 0.27587890625 0.0244140625 0.0244140625
0 0.95947265625 0.22314453125 0.0244140625 0.0244140625