0 0.474609375 0.837890625 0.048828125 0.048828125
0 0.298828125 0.8544921875 0.048828125 0.048828125
0 0.189453125 0.80078125 0.048828125 0.048828125
0 0.296875 0.96923828125 0.048828125 0.0498046875
0 0.0986328125 0.8427734375 0.048828125 0.048828125
0 0.10498046875 0.96240234375 0.0615234375 0.0615234375
0 0.4697265625 0.62548828125 0.048828125 0.0498046875
0 0.298828125 0.41064453125 0.060546875 0.0615234375
0 0.0947265625 0.51611328125 0.048828125 0.0498046875
0 0.296875 0.63818359375 0.048828125 0.0498046875
0 0.19189453125 0.46728515625 0.0732421875 0.0732421875
0 0.37939453125 0.57568359375 0.0615234375 0.0615234375
0 0.0947265625 0.40185546875 0.060546875 0.0615234375
0 0.3857421875 0.357421875 0.048828125 0.048828125
0 0.19140625 0.68359375 0.048828125 0.048828125
0 0.10009765625 0.08642578125 0.1220703125 0.1220703125
0 0.09765625 0.19580078125 0.09765625 0.0986328125
0 0.1875 0.14208984375 0.09765625 0.0986328125
0 0.185546875 0.25244140625 0.09765625 0.0986328125
0 0.29345703125 0.0859375 0.1220703125 0.123046875
0 0.30419921875 0.19189453125 0.1103515625 0.1103515625
0 0.38720703125 0.1435546875 0.1220703125 0.123046875
0 0.47216796875 0.0732421875 0.1220703125 0.123046875
0 0.478515625 0.19189453125 0.109375 0.1103515625
0 0.56982421875 0.24267578125 0.1103515625 0.1103515625
0 0.56591796875 0.126953125 0.1103515625 0.111328125
0 0.66845703125 0.0966796875 0.1220703125 0.123046875
0 0.67626953125 0.1875 0.1103515625 0.111328125
0 0.7578125 0.13330078125 0.109375 0.1103515625
0 0.76611328125 0.2294921875 0.1220703125 0.123046875
0 0.86279296875 0.1171875 0.1220703125 0.123046875
0 0.86669921875 0.21875 0.1220703125 0.123046875
0 0.9501953125 0.45654296875 0.09765625 0.0986328125
0 0.9482421875 0.568359375 0.09765625 0.09765625
0 0.9462890625 0.6748046875 0.09765625 0.09765625
0 0.931640625 0.794921875 0.09765625 0.09765625
0 0.84814453125 0.4208984375 0.1220703125 0.123046875
0 0.76318359375 0.453125 0.1103515625 0.111328125
0 0.66943359375 0.50390625 0.1220703125 0.123046875
0 0.56640625 0.56884765625 0.109375 0.1103515625
0 0.66015625 0.61181640625 0.09765625 0.0986328125
0 0.7568359375 0.5615234375 0.09765625 0.09765625
0 0.5751953125 0.67236328125 0.109375 0.1103515625
0 0.57177734375 0.791015625 0.0849609375 0.0859375
0 0.666015625 0.73681640625 0.09765625 0.0986328125
0 0.75341796875 0.67431640625 0.1103515625 0.1103515625
0 0.75244140625 0.78857421875 0.1103515625 0.1103515625
0 0.85498046875 0.7314453125 0.1220703125 0.123046875
0 0.85693359375 0.6240234375 0.1220703125 0.123046875
0 0.4697265625 0.5009765625 0.048828125 0.048828125
0 0.0927734375 0.32763671875 0.09765625 0.0986328125
0 0.75439453125 0.8955078125 0.1220703125 0.123046875
0 0.85888671875 0.8447265625 0.1220703125 0.123046875
0 0.6640625 0.8427734375 0.109375 0.111328125
0 0.5732421875 0.8984375 0.09765625 0.09765625
0 0.47265625 0.2958984375 0.048828125 0.048828125
0 0.46875 0.404296875 0.048828125 0.048828125
0 0.3876953125 0.46435546875 0.048828125 0.0498046875
0 0.30712890625 0.50439453125 0.0244140625 0.0244140625
0 0.29296875 0.310546875 0.048828125 0.048828125
0 0.3935546875 0.2431640625 0.048828125 0.048828125
0 0.19140625 0.35693359375 0.037109375 0.0361328125
0 0.193359375 0.576171875 0.037109375 0.037109375
0 0.3828125 0.6865234375 0.048828125 0.048828125
0 0.46923828125 0.72802734375 0.0244140625 0.0244140625
0 0.4638671875 0.9541015625 0.048828125 0.048828125
0 0.3798828125 0.923828125 0.037109375 0.037109375
0 0.3818359375 0.7978515625 0.048828125 0.048828125
0 0.29638671875 0.74169921875 0.0244140625 0.0244140625
0 0.10009765625 0.73486328125 0.0244140625 0.0244140625
0 0.10009765625 0.62158203125 0.0244140625 0.0244140625