0 0.51806640625 0.9248046875 0.1103515625 0.111328125
0 0.61376953125 0.859375 0.1103515625 0.111328125
0 0.7109375 0.9326171875 0.109375 0.111328125
0 0.8056640625 0.8662109375 0.109375 0.111328125
0 0.89990234375 0.9306640625 0.1103515625 0.111328125
0 0.31396484375 0.9375 0.1220703125 0.123046875
0 0.42236328125 0.86181640625 0.1220703125 0.1220703125
0 0.21728515625 0.869140625 0.1220703125 0.123046875
0 0.90087890625 0.8291015625 0.1103515625 0.111328125
0 0.89990234375 0.6962890625 0.1220703125 0.123046875
0 0.8984375 0.59326171875 0.109375 0.1103515625
0 0.8984375 0.49462890625 0.109375 0.1103515625
0 0.8984375 0.37841796875 0.09765625 0.0986328125
0 0.80126953125 0.763671875 0.1103515625 0.111328125
0 0.80078125 0.65234375 0.09765625 0.09765625
0 0.80859375 0.54833984375 0.09765625 0.0986328125
0 0.810546875 0.42822265625 0.09765625 0.0986328125
0 0.7099609375 0.82177734375 0.109375 0.1103515625
0 0.708984375 0.708984375 0.109375 0.111328125
0 0.71044921875 0.6025390625 0.1103515625 0.111328125
0 0.71923828125 0.48388671875 0.1103515625 0.1103515625
0 0.71630859375 0.37353515625 0.1103515625 0.1103515625
0 0.6103515625 0.76806640625 0.109375 0.1103515625
0 0.611328125 0.65087890625 0.109375 0.1103515625
0 0.615234375 0.5498046875 0.109375 0.111328125
0 0.6171875 0.4296875 0.109375 0.111328125
0 0.61376953125 0.3232421875 0.1220703125 0.123046875
0 0.51318359375 0.80712890625 0.1103515625 0.1103515625
0 0.5185546875 0.70947265625 0.09765625 0.0986328125
0 0.5205078125 0.60498046875 0.09765625 0.0986328125
0 0.5224609375 0.4775390625 0.109375 0.111328125
0 0.5146484375 0.3818359375 0.09765625 0.09765625
0 0.421875 0.75634765625 0.09765625 0.0986328125
0 0.42626953125 0.65087890625 0.1103515625 0.1103515625
0 0.4208984375 0.53857421875 0.09765625 0.0986328125
0 0.4267578125 0.4267578125 0.09765625 0.09765625
0 0.4248046875 0.314453125 0.109375 0.111328125
0 0.318359375 0.82470703125 0.09765625 0.0986328125
0 0.3232421875 0.70263671875 0.09765625 0.0986328125
0 0.326171875 0.60888671875 0.109375 0.1103515625
0 0.33154296875 0.4951171875 0.1220703125 0.123046875
0 0.33544921875 0.380859375 0.1220703125 0.123046875
0 0.22119140625 0.4384765625 0.1220703125 0.123046875
0 0.220703125 0.57373046875 0.109375 0.1103515625
0 0.21337890625 0.67236328125 0.1220703125 0.1220703125
0 0.2197265625 0.77490234375 0.09765625 0.0986328125
0 0.22119140625 0.330078125 0.1220703125 0.123046875
0 0.33203125 0.2587890625 0.09765625 0.09765625
0 0.32421875 0.1533203125 0.09765625 0.09765625
0 0.427734375 0.0986328125 0.0859375 0.0859375
0 0.4228515625 0.2099609375 0.09765625 0.09765625
0 0.5234375 0.263671875 0.09765625 0.09765625
0 0.521484375 0.14404296875 0.09765625 0.0986328125
0 0.521484375 0.05224609375 0.09765625 0.0986328125
0 0.6181640625 0.10498046875 0.09765625 0.0986328125
0 0.61865234375 0.21142578125 0.1103515625 0.1103515625
0 0.7119140625 0.26513671875 0.09765625 0.0986328125
0 0.71875 0.17041015625 0.09765625 0.0986328125
0 0.80859375 0.10107421875 0.09765625 0.0986328125
0 0.7998046875 0.23291015625 0.09765625 0.0986328125
0 0.8125 0.31884765625 0.09765625 0.0986328125
0 0.90625 0.27880859375 0.09765625 0.0986328125
0 0.90625 0.14990234375 0.09765625 0.0986328125
0 0.90234375 0.05615234375 0.09765625 0.0986328125
0 0.13330078125 0.81640625 0.1103515625 0.111328125
0 0.12841796875 0.71630859375 0.1103515625 0.1103515625
0 0.12353515625 0.6044921875 0.1220703125 0.123046875
0 0.13720703125 0.48388671875 0.1103515625 0.1103515625
0 0.12841796875 0.37744140625 0.1220703125 0.1220703125
0 0.22412109375 0.2236328125 0.1220703125 0.123046875
0 0.22900390625 0.10986328125 0.1220703125 0.1220703125
0 0.1357421875 0.15478515625 0.09765625 0.0986328125
0 0.13525390625 0.2578125 0.1220703125 0.123046875