0 0.1083984375 0.96630859375 0.048828125 0.0498046875
0 0.12060546875 0.0888671875 0.1220703125 0.123046875
0 0.12451171875 0.185546875 0.1220703125 0.123046875
0 0.12060546875 0.3037109375 0.1220703125 0.123046875
0 0.11083984375 0.4140625 0.1220703125 0.123046875
0 0.1171875 0.53271484375 0.109375 0.1103515625
0 0.20849609375 0.58349609375 0.1103515625 0.1103515625
0 0.20458984375 0.4677734375 0.1103515625 0.111328125
0 0.21630859375 0.36328125 0.1103515625 0.111328125
0 0.21044921875 0.142578125 0.1220703125 0.123046875
0 0.30224609375 0.22265625 0.1220703125 0.123046875
0 0.30517578125 0.1025390625 0.1220703125 0.123046875
0 0.21923828125 0.25341796875 0.1103515625 0.1103515625
0 0.306640625 0.32177734375 0.109375 0.1103515625
0 0.30712890625 0.4375 0.1220703125 0.123046875
0 0.31494140625 0.5283203125 0.1103515625 0.111328125
0 0.40966796875 0.16943359375 0.1220703125 0.1220703125
0 0.40966796875 0.26171875 0.1220703125 0.123046875
0 0.40869140625 0.3671875 0.1220703125 0.123046875
0 0.396484375 0.47412109375 0.109375 0.1103515625
0 0.40478515625 0.5703125 0.1220703125 0.123046875
0 0.58642578125 0.154296875 0.1220703125 0.123046875
0 0.59130859375 0.26220703125 0.1220703125 0.1220703125
0 0.49658203125 0.31787109375 0.1103515625 0.1103515625
0 0.49755859375 0.20654296875 0.1103515625 0.1103515625
0 0.51025390625 0.09423828125 0.1103515625 0.1103515625
0 0.58056640625 0.37744140625 0.1220703125 0.1220703125
0 0.50146484375 0.4580078125 0.1220703125 0.123046875
0 0.50537109375 0.5595703125 0.1220703125 0.123046875
0 0.60009765625 0.45947265625 0.1103515625 0.1103515625
0 0.6884765625 0.42333984375 0.109375 0.1103515625
0 0.6953125 0.30126953125 0.109375 0.1103515625
0 0.6875 0.20068359375 0.109375 0.1103515625
0 0.6923828125 0.09326171875 0.109375 0.1103515625
0 0.79150390625 0.1396484375 0.1220703125 0.123046875
0 0.78759765625 0.251953125 0.1220703125 0.123046875
0 0.7900390625 0.35693359375 0.109375 0.1103515625
0 0.796875 0.45263671875 0.109375 0.1103515625
0 0.77880859375 0.58740234375 0.1220703125 0.1220703125
0 0.876953125 0.53759765625 0.109375 0.1103515625
0 0.88037109375 0.41748046875 0.1103515625 0.1103515625
0 0.87744140625 0.31591796875 0.1103515625 0.1103515625
0 0.88427734375 0.1982421875 0.1103515625 0.111328125
0 0.88134765625 0.09375 0.1103515625 0.111328125
0 0.8759765625 0.63818359375 0.09765625 0.0986328125
0 0.875 0.74853515625 0.109375 0.1103515625
0 0.8759765625 0.85595703125 0.109375 0.1103515625
0 0.7841796875 0.68701171875 0.09765625 0.0986328125
0 0.78662109375 0.79541015625 0.1103515625 0.1103515625
0 0.78369140625 0.91943359375 0.1103515625 0.1103515625
0 0.6962890625 0.64990234375 0.09765625 0.0986328125
0 0.6845703125 0.74560546875 0.09765625 0.0986328125
0 0.6806640625 0.86376953125 0.09765625 0.0986328125
0 0.59033203125 0.7099609375 0.1220703125 0.123046875
0 0.5888671875 0.79736328125 0.09765625 0.0986328125
0 0.5869140625 0.9091796875 0.09765625 0.09765625
0 0.48681640625 0.76171875 0.1220703125 0.123046875
0 0.40185546875 0.7939453125 0.1103515625 0.111328125
0 0.30810546875 0.8447265625 0.1220703125 0.123046875
0 0.205078125 0.90966796875 0.109375 0.1103515625
0 0.3955078125 0.90234375 0.09765625 0.09765625
0 0.1083984375 0.841796875 0.048828125 0.048828125
0 0.111328125 0.63671875 0.048828125 0.048828125
0 0.107421875 0.7451171875 0.048828125 0.048828125
0 0.0263671875 0.80517578125 0.048828125 0.0498046875
0 0.0322265625 0.583984375 0.048828125 0.048828125