0 0.38037109375 0.6337890625 0.0732421875 0.07421875
0 0.75 0.61474609375 0.048828125 0.0498046875
0 0.6640625 0.62744140625 0.060546875 0.0615234375
0 0.3134765625 0.912109375 0.048828125 0.048828125
0 0.6650390625 0.83544921875 0.060546875 0.0615234375
0 0.75 0.73876953125 0.060546875 0.0615234375
0 0.66796875 0.72216796875 0.060546875 0.0615234375
0 0.30908203125 0.79638671875 0.0615234375 0.0615234375
0 0.4951171875 0.8955078125 0.048828125 0.048828125
0 0.3837890625 0.9609375 0.037109375 0.037109375
0 0.494140625 0.8017578125 0.048828125 0.048828125
0 0.671875 0.9296875 0.048828125 0.048828125
0 0.583984375 0.966796875 0.060546875 0.060546875
0 0.83837890625 0.68115234375 0.0615234375 0.0615234375
0 0.38427734375 0.8466796875 0.0732421875 0.07421875
0 0.58740234375 0.89013671875 0.0615234375 0.0615234375
0 0.740234375 0.9609375 0.048828125 0.048828125
0 0.38427734375 0.7451171875 0.0732421875 0.07421875
0 0.20703125 0.07568359375 0.060546875 0.0615234375
0 0.109375 0.15283203125 0.060546875 0.0615234375
0 0.10791015625 0.2548828125 0.0732421875 0.07421875
0 0.1064453125 0.89306640625 0.048828125 0.0498046875
0 0.19677734375 0.84130859375 0.0615234375 0.0615234375
0 0.103515625 0.794921875 0.037109375 0.037109375
0 0.1923828125 0.95654296875 0.048828125 0.0498046875
0 0.20556640625 0.7392578125 0.0361328125 0.037109375
0 0.50537109375 0.52294921875 0.0615234375 0.0615234375
0 0.65966796875 0.39697265625 0.0615234375 0.0615234375
0 0.5849609375 0.20361328125 0.060546875 0.0615234375
0 0.3896484375 0.529296875 0.048828125 0.048828125
0 0.4931640625 0.32958984375 0.048828125 0.0498046875
0 0.6767578125 0.30224609375 0.060546875 0.0615234375
0 0.95166015625 0.05029296875 0.0615234375 0.0615234375
0 0.84521484375 0.56103515625 0.0615234375 0.0615234375
0 0.39501953125 0.19970703125 0.0615234375 0.0615234375
0 0.4912109375 0.21435546875 0.048828125 0.0498046875
0 0.94775390625 0.17724609375 0.0615234375 0.0615234375
0 0.9443359375 0.26953125 0.048828125 0.048828125
0 0.3154296875 0.13818359375 0.048828125 0.0498046875
0 0.8515625 0.1298828125 0.037109375 0.037109375
0 0.853515625 0.234375 0.037109375 0.037109375
0 0.849609375 0.33203125 0.037109375 0.037109375
0 0.67724609375 0.091796875 0.0361328125 0.037109375
0 0.6767578125 0.1748046875 0.048828125 0.048828125
0 0.7705078125 0.06787109375 0.060546875 0.0615234375
0 0.58203125 0.0849609375 0.037109375 0.037109375
0 0.484375 0.1357421875 0.048828125 0.048828125
0 0.4873046875 0.03125 0.037109375 0.037109375
0 0.3896484375 0.08251953125 0.048828125 0.0498046875
0 0.31640625 0.22998046875 0.048828125 0.0498046875
0 0.31201171875 0.03857421875 0.0615234375 0.0615234375
0 0.11181640625 0.3505859375 0.0244140625 0.025390625
0 0.212890625 0.294921875 0.048828125 0.048828125
0 0.20703125 0.17724609375 0.048828125 0.0498046875
0 0.390625 0.30126953125 0.048828125 0.0498046875
0 0.583984375 0.30126953125 0.048828125 0.0498046875
0 0.75830078125 0.3828125 0.0361328125 0.037109375
0 0.75390625 0.51123046875 0.048828125 0.0498046875
0 0.83935546875 0.78076171875 0.0361328125 0.0361328125
0 0.9384765625 0.5966796875 0.037109375 0.037109375
0 0.66796875 0.50927734375 0.048828125 0.0498046875
0 0.7392578125 0.8427734375 0.037109375 0.037109375
0 0.587890625 0.48681640625 0.048828125 0.0498046875
0 0.58251953125 0.59033203125 0.0615234375 0.0615234375
0 0.5859375 0.6708984375 0.048828125 0.048828125
0 0.587890625 0.7529296875 0.048828125 0.048828125
0 0.49609375 0.6904296875 0.048828125 0.048828125
0 0.5009765625 0.59765625 0.048828125 0.048828125
0 0.498046875 0.43017578125 0.048828125 0.0498046875
0 0.3857421875 0.4150390625 0.048828125 0.048828125
0 0.31201171875 0.45849609375 0.0244140625 0.0244140625
0 0.31689453125 0.58349609375 0.0244140625 0.0244140625
0 0.31884765625 0.6982421875 0.0244140625 0.025390625
0 0.20263671875 0.62548828125 0.0244140625 0.0244140625
0 0.20263671875 0.38720703125 0.0244140625 0.0244140625
0 0.93212890625 0.92724609375 0.0361328125 0.0361328125
0 0.49560546875 0.98193359375 0.0244140625 0.0244140625
0 0.01513671875 0.18994140625 0.0244140625 0.0244140625
0 0.11083984375 0.57177734375 0.0244140625 0.0244140625