0 0.263671875 0.0302734375 0.048828125 0.048828125
0 0.26806640625 0.80615234375 0.0615234375 0.0615234375
0 0.25732421875 0.69287109375 0.0615234375 0.0615234375
0 0.0625 0.92138671875 0.060546875 0.0615234375
0 0.0615234375 0.82373046875 0.060546875 0.0615234375
0 0.93359375 0.08935546875 0.09765625 0.0986328125
0 0.36328125 0.0849609375 0.048828125 0.048828125
0 0.36328125 0.20361328125 0.060546875 0.0615234375
0 0.36376953125 0.53564453125 0.0615234375 0.0615234375
0 0.45703125 0.25341796875 0.048828125 0.0498046875
0 0.3623046875 0.29833984375 0.060546875 0.0615234375
0 0.3642578125 0.64404296875 0.060546875 0.0615234375
0 0.35302734375 0.87646484375 0.0615234375 0.0615234375
0 0.37353515625 0.41748046875 0.0732421875 0.0732421875
0 0.5478515625 0.96630859375 0.060546875 0.0615234375
0 0.93115234375 0.64111328125 0.1103515625 0.1103515625
0 0.91748046875 0.73974609375 0.1103515625 0.1103515625
0 0.91845703125 0.8427734375 0.0732421875 0.07421875
0 0.9189453125 0.943359375 0.0859375 0.0859375
0 0.8408203125 0.9228515625 0.037109375 0.037109375
0 0.4482421875 0.69384765625 0.060546875 0.0615234375
0 0.4482421875 0.80224609375 0.048828125 0.0498046875
0 0.447265625 0.89697265625 0.048828125 0.0498046875
0 0.365234375 0.76513671875 0.048828125 0.0498046875
0 0.1669921875 0.7548828125 0.037109375 0.037109375
0 0.15625 0.8603515625 0.048828125 0.048828125
0 0.84375 0.69873046875 0.109375 0.1103515625
0 0.8330078125 0.798828125 0.109375 0.111328125
0 0.75537109375 0.654296875 0.1220703125 0.123046875
0 0.74462890625 0.75390625 0.1103515625 0.111328125
0 0.74267578125 0.85986328125 0.1103515625 0.1103515625
0 0.65673828125 0.7001953125 0.1103515625 0.111328125
0 0.65771484375 0.80322265625 0.1103515625 0.1103515625
0 0.64892578125 0.91552734375 0.1103515625 0.1103515625
0 0.5576171875 0.7373046875 0.0859375 0.0859375
0 0.55810546875 0.84375 0.1220703125 0.123046875
0 0.55810546875 0.09033203125 0.1103515625 0.1103515625
0 0.55908203125 0.18994140625 0.1103515625 0.1103515625
0 0.55908203125 0.30224609375 0.1103515625 0.1103515625
0 0.66015625 0.24951171875 0.09765625 0.0986328125
0 0.65625 0.13818359375 0.09765625 0.0986328125
0 0.7529296875 0.08642578125 0.109375 0.1103515625
0 0.7490234375 0.19091796875 0.109375 0.1103515625
0 0.7548828125 0.30224609375 0.09765625 0.0986328125
0 0.83544921875 0.25146484375 0.1103515625 0.1103515625
0 0.84326171875 0.14599609375 0.1103515625 0.1103515625
0 0.93701171875 0.20556640625 0.1103515625 0.1103515625
0 0.93310546875 0.32080078125 0.1103515625 0.1103515625
0 0.92919921875 0.42333984375 0.1103515625 0.1103515625
0 0.9326171875 0.53466796875 0.09765625 0.0986328125
0 0.8427734375 0.36474609375 0.109375 0.1103515625
0 0.841796875 0.48095703125 0.09765625 0.0986328125
0 0.8388671875 0.59130859375 0.109375 0.1103515625
0 0.751953125 0.43115234375 0.09765625 0.0986328125
0 0.7529296875 0.521484375 0.09765625 0.09765625
0 0.64892578125 0.36962890625 0.1103515625 0.1103515625
0 0.6591796875 0.4765625 0.09765625 0.09765625
0 0.65478515625 0.587890625 0.1103515625 0.111328125
0 0.5537109375 0.62939453125 0.09765625 0.0986328125
0 0.5537109375 0.5400390625 0.109375 0.111328125
0 0.56103515625 0.423828125 0.1103515625 0.111328125
0 0.2744140625 0.1357421875 0.037109375 0.037109375
0 0.453125 0.14453125 0.037109375 0.037109375
0 0.453125 0.37451171875 0.048828125 0.0498046875
0 0.45703125 0.4794921875 0.048828125 0.048828125
0 0.45166015625 0.58447265625 0.0615234375 0.0615234375
0 0.06640625 0.6962890625 0.037109375 0.037109375