0 0.20703125 0.43798828125 0.07421875 0.0732421875
0 0.18798828125 0.068359375 0.0498046875 0.048828125
0 0.20068359375 0.154296875 0.0615234375 0.060546875
0 0.88916015625 0.15625 0.0615234375 0.060546875
0 0.8974609375 0.5146484375 0.048828125 0.048828125
0 0.962890625 0.435546875 0.048828125 0.048828125
0 0.94677734375 0.25244140625 0.0615234375 0.0615234375
0 0.83837890625 0.4326171875 0.0615234375 0.060546875
0 0.6865234375 0.5078125 0.048828125 0.048828125
0 0.4853515625 0.5048828125 0.048828125 0.048828125
0 0.5927734375 0.5087890625 0.048828125 0.048828125
0 0.80224609375 0.5126953125 0.0615234375 0.060546875
0 0.65087890625 0.2392578125 0.0615234375 0.060546875
0 0.40869140625 0.1533203125 0.0615234375 0.060546875
0 0.31201171875 0.068359375 0.0615234375 0.060546875
0 0.29541015625 0.150390625 0.0615234375 0.060546875
0 0.36962890625 0.50927734375 0.0615234375 0.0615234375
0 0.46875 0.3232421875 0.048828125 0.048828125
0 0.5341796875 0.4345703125 0.037109375 0.037109375
0 0.375 0.32421875 0.048828125 0.048828125
0 0.5029296875 0.146484375 0.048828125 0.048828125
0 0.5400390625 0.234375 0.060546875 0.060546875
0 0.419921875 0.43408203125 0.07421875 0.0732421875
0 0.46337890625 0.23095703125 0.0615234375 0.0615234375
0 0.75048828125 0.435546875 0.0615234375 0.060546875
0 0.5341796875 0.078125 0.048828125 0.048828125
0 0.791015625 0.1630859375 0.048828125 0.048828125
0 0.6474609375 0.443359375 0.048828125 0.048828125
0 0.73828125 0.24365234375 0.07421875 0.0732421875
0 0.318359375 0.43408203125 0.07421875 0.0732421875
0 0.93115234375 0.626953125 0.0498046875 0.048828125
0 0.83447265625 0.623046875 0.0498046875 0.048828125
0 0.77294921875 0.72265625 0.0498046875 0.048828125
0 0.46630859375 0.7119140625 0.0498046875 0.048828125
0 0.87158203125 0.71630859375 0.0615234375 0.0615234375
0 0.41455078125 0.62158203125 0.0615234375 0.0615234375
0 0.50927734375 0.8232421875 0.0615234375 0.060546875
0 0.6650390625 0.7177734375 0.048828125 0.048828125
0 0.75830078125 0.826171875 0.0498046875 0.048828125
0 0.83935546875 0.8154296875 0.0498046875 0.048828125
0 0.93505859375 0.8154296875 0.0498046875 0.048828125
0 0.9736328125 0.921875 0.048828125 0.048828125
0 0.97314453125 0.7177734375 0.0498046875 0.048828125
0 0.64794921875 0.6240234375 0.0615234375 0.060546875
0 0.56494140625 0.71484375 0.0498046875 0.048828125
0 0.42919921875 0.8193359375 0.0615234375 0.060546875
0 0.3681640625 0.71484375 0.037109375 0.037109375
0 0.52978515625 0.6259765625 0.0498046875 0.048828125
0 0.30712890625 0.8193359375 0.0498046875 0.048828125
0 0.3125 0.61279296875 0.037109375 0.0361328125
0 0.09619140625 0.31298828125 0.0615234375 0.0615234375
0 0.1025390625 0.4287109375 0.048828125 0.048828125
0 0.8369140625 0.0791015625 0.048828125 0.048828125
0 0.94921875 0.0693359375 0.037109375 0.037109375
0 0.6982421875 0.154296875 0.037109375 0.037109375
0 0.845703125 0.244140625 0.048828125 0.048828125
0 0.9013671875 0.3271484375 0.048828125 0.048828125
0 0.689453125 0.3193359375 0.048828125 0.048828125
0 0.74609375 0.62353515625 0.037109375 0.0361328125
0 0.8720703125 0.9189453125 0.048828125 0.048828125
0 0.08447265625 0.064453125 0.0498046875 0.048828125
0 0.08251953125 0.150390625 0.0498046875 0.048828125
0 0.416015625 0.0791015625 0.037109375 0.037109375
0 0.06005859375 0.23046875 0.0498046875 0.048828125
0 0.16357421875 0.23583984375 0.0615234375 0.0615234375
0 0.244140625 0.232421875 0.048828125 0.048828125
0 0.326171875 0.23046875 0.048828125 0.048828125
0 0.263671875 0.322265625 0.048828125 0.048828125
0 0.1708984375 0.3173828125 0.048828125 0.048828125
0 0.03173828125 0.50634765625 0.0244140625 0.0244140625
0 0.15673828125 0.50146484375 0.0244140625 0.0244140625
0 0.271484375 0.49951171875 0.025390625 0.0244140625
0 0.19873046875 0.61572265625 0.0244140625 0.0244140625
0 0.6044921875 0.1513671875 0.048828125 0.048828125
0 0.6357421875 0.0751953125 0.037109375 0.037109375
0 0.55517578125 0.32275390625 0.0244140625 0.0244140625
0 0.78466796875 0.31591796875 0.0244140625 0.0244140625
0 0.35009765625 0.91845703125 0.0244140625 0.0244140625
0 0.45703125 0.91845703125 0.037109375 0.0361328125
0 0.23779296875 0.9140625 0.0361328125 0.037109375
0 0.12109375 0.9091796875 0.048828125 0.048828125
0 0.14501953125 0.70751953125 0.0244140625 0.0244140625
0 0.232421875 0.82373046875 0.037109375 0.0361328125