0 0.93505859375 0.8642578125 0.0849609375 0.0859375
0 0.4677734375 0.2373046875 0.0859375 0.0859375
0 0.62353515625 0.708984375 0.0849609375 0.0859375
0 0.27783203125 0.0390625 0.0732421875 0.07421875
0 0.0751953125 0.9130859375 0.09765625 0.09765625
0 0.07666015625 0.79296875 0.0849609375 0.0859375
0 0.0771484375 0.68896484375 0.09765625 0.0986328125
0 0.08203125 0.58154296875 0.09765625 0.0986328125
0 0.0849609375 0.48388671875 0.09765625 0.0986328125
0 0.07861328125 0.357421875 0.1220703125 0.123046875
0 0.09326171875 0.244140625 0.1220703125 0.123046875
0 0.18212890625 0.30810546875 0.1220703125 0.1220703125
0 0.17431640625 0.41748046875 0.1220703125 0.1220703125
0 0.17626953125 0.5283203125 0.1220703125 0.123046875
0 0.16845703125 0.849609375 0.1220703125 0.123046875
0 0.16748046875 0.740234375 0.1220703125 0.123046875
0 0.16357421875 0.6279296875 0.1220703125 0.123046875
0 0.25244140625 0.9130859375 0.1220703125 0.123046875
0 0.25732421875 0.791015625 0.1220703125 0.123046875
0 0.26416015625 0.6904296875 0.1220703125 0.123046875
0 0.26318359375 0.580078125 0.1220703125 0.123046875
0 0.26708984375 0.474609375 0.1220703125 0.123046875
0 0.27880859375 0.36181640625 0.1103515625 0.1103515625
0 0.27783203125 0.2421875 0.1220703125 0.123046875
0 0.36962890625 0.29931640625 0.0732421875 0.0732421875
0 0.361328125 0.43310546875 0.109375 0.1103515625
0 0.357421875 0.53759765625 0.109375 0.1103515625
0 0.357421875 0.63623046875 0.109375 0.1103515625
0 0.35302734375 0.7431640625 0.1220703125 0.123046875
0 0.35546875 0.85498046875 0.09765625 0.0986328125
0 0.4375 0.9189453125 0.0859375 0.0859375
0 0.44384765625 0.802734375 0.0849609375 0.0859375
0 0.4521484375 0.697265625 0.09765625 0.09765625
0 0.45703125 0.58056640625 0.09765625 0.0986328125
0 0.4580078125 0.47607421875 0.09765625 0.0986328125
0 0.55419921875 0.42822265625 0.0849609375 0.0869140625
0 0.5419921875 0.865234375 0.0859375 0.0859375
0 0.544921875 0.7548828125 0.0859375 0.0859375
0 0.552734375 0.634765625 0.0859375 0.0859375
0 0.6259765625 0.83154296875 0.09765625 0.0986328125
0 0.6298828125 0.92236328125 0.09765625 0.0986328125
0 0.73828125 0.904296875 0.0859375 0.0859375
0 0.93505859375 0.6650390625 0.1220703125 0.123046875
0 0.93896484375 0.54541015625 0.1103515625 0.1103515625
0 0.8408203125 0.59375 0.109375 0.111328125
0 0.84130859375 0.4931640625 0.1220703125 0.123046875
0 0.84228515625 0.38037109375 0.1220703125 0.1220703125
0 0.84521484375 0.267578125 0.1220703125 0.123046875
0 0.93603515625 0.2216796875 0.1220703125 0.123046875
0 0.75927734375 0.3232421875 0.1220703125 0.123046875
0 0.748046875 0.43896484375 0.09765625 0.0986328125
0 0.74658203125 0.54296875 0.0849609375 0.0859375
0 0.75146484375 0.6455078125 0.0849609375 0.0859375
0 0.75048828125 0.20703125 0.1220703125 0.123046875
0 0.65673828125 0.2607421875 0.1220703125 0.123046875
0 0.6474609375 0.36572265625 0.09765625 0.0986328125
0 0.55810546875 0.29833984375 0.1103515625 0.1103515625
0 0.9541015625 0.111328125 0.048828125 0.048828125
0 0.84912109375 0.056640625 0.0361328125 0.037109375
0 0.7587890625 0.09521484375 0.09765625 0.0986328125
0 0.65478515625 0.1484375 0.1220703125 0.123046875
0 0.55810546875 0.2041015625 0.1220703125 0.123046875
0 0.55712890625 0.08984375 0.1220703125 0.123046875
0 0.46435546875 0.1484375 0.1220703125 0.123046875
0 0.376953125 0.09375 0.09765625 0.09765625
0 0.17919921875 0.0830078125 0.1220703125 0.123046875
0 0.18212890625 0.1796875 0.1220703125 0.123046875
0 0.0947265625 0.1533203125 0.09765625 0.09765625
0 0.85205078125 0.1640625 0.1220703125 0.123046875
0 0.62939453125 0.4970703125 0.0732421875 0.07421875