0 0.669921875 0.8671875 0.048828125 0.048828125
0 0.494140625 0.8837890625 0.048828125 0.048828125
0 0.384765625 0.830078125 0.048828125 0.048828125
0 0.091796875 0.75390625 0.048828125 0.048828125
0 0.2939453125 0.8720703125 0.048828125 0.048828125
0 0.087890625 0.86572265625 0.060546875 0.0615234375
0 0.18798828125 0.9306640625 0.0615234375 0.060546875
0 0.193359375 0.81201171875 0.060546875 0.0615234375
0 0.6650390625 0.65478515625 0.048828125 0.0498046875
0 0.09375 0.5517578125 0.048828125 0.048828125
0 0.19091796875 0.60009765625 0.0615234375 0.0615234375
0 0.494140625 0.43994140625 0.060546875 0.0615234375
0 0.09228515625 0.65380859375 0.0615234375 0.0615234375
0 0.10205078125 0.44873046875 0.0615234375 0.0615234375
0 0.2900390625 0.54541015625 0.048828125 0.0498046875
0 0.4921875 0.66748046875 0.048828125 0.0498046875
0 0.38720703125 0.49658203125 0.0732421875 0.0732421875
0 0.57470703125 0.60498046875 0.0615234375 0.0615234375
0 0.2900390625 0.43115234375 0.060546875 0.0615234375
0 0.1904296875 0.49267578125 0.060546875 0.0615234375
0 0.5810546875 0.38671875 0.048828125 0.048828125
0 0.38671875 0.712890625 0.048828125 0.048828125
0 0.08837890625 0.1015625 0.1220703125 0.123046875
0 0.0966796875 0.22509765625 0.09765625 0.0986328125
0 0.197265625 0.05712890625 0.09765625 0.0986328125
0 0.197265625 0.17236328125 0.109375 0.1103515625
0 0.19091796875 0.27392578125 0.1103515625 0.1103515625
0 0.29541015625 0.11572265625 0.1220703125 0.1220703125
0 0.29296875 0.22509765625 0.09765625 0.0986328125
0 0.380859375 0.05712890625 0.09765625 0.0986328125
0 0.3828125 0.17138671875 0.09765625 0.0986328125
0 0.380859375 0.28173828125 0.09765625 0.0986328125
0 0.48876953125 0.115234375 0.1220703125 0.123046875
0 0.49951171875 0.22119140625 0.1103515625 0.1103515625
0 0.58251953125 0.1728515625 0.1220703125 0.123046875
0 0.66748046875 0.1025390625 0.1220703125 0.123046875
0 0.673828125 0.22119140625 0.109375 0.1103515625
0 0.76513671875 0.27197265625 0.1103515625 0.1103515625
0 0.76123046875 0.15625 0.1103515625 0.111328125
0 0.86376953125 0.1259765625 0.1220703125 0.123046875
0 0.87158203125 0.216796875 0.1103515625 0.111328125
0 0.86474609375 0.533203125 0.1220703125 0.123046875
0 0.76171875 0.59814453125 0.109375 0.1103515625
0 0.85546875 0.64111328125 0.09765625 0.0986328125
0 0.7705078125 0.70166015625 0.109375 0.1103515625
0 0.76708984375 0.8203125 0.0849609375 0.0859375
0 0.861328125 0.76611328125 0.09765625 0.0986328125
0 0.6650390625 0.5302734375 0.048828125 0.048828125
0 0.2880859375 0.35693359375 0.09765625 0.0986328125
0 0.19677734375 0.3828125 0.0849609375 0.0859375
0 0.859375 0.8720703125 0.109375 0.111328125
0 0.7685546875 0.927734375 0.09765625 0.09765625
0 0.66796875 0.3251953125 0.048828125 0.048828125
0 0.6640625 0.43359375 0.048828125 0.048828125
0 0.5830078125 0.49365234375 0.048828125 0.0498046875
0 0.50244140625 0.53369140625 0.0244140625 0.0244140625
0 0.48828125 0.33984375 0.048828125 0.048828125
0 0.5888671875 0.2724609375 0.048828125 0.048828125
0 0.38671875 0.38623046875 0.037109375 0.0361328125
0 0.388671875 0.60546875 0.037109375 0.037109375
0 0.578125 0.7158203125 0.048828125 0.048828125
0 0.1015625 0.32568359375 0.037109375 0.0361328125
0 0.66455078125 0.75732421875 0.0244140625 0.0244140625
0 0.5751953125 0.953125 0.037109375 0.037109375
0 0.5771484375 0.8271484375 0.048828125 0.048828125
0 0.49169921875 0.77099609375 0.0244140625 0.0244140625
0 0.29541015625 0.76416015625 0.0244140625 0.0244140625
0 0.29541015625 0.65087890625 0.0244140625 0.0244140625
0 0.19287109375 0.70361328125 0.0244140625 0.0244140625
0 0.02392578125 0.44677734375 0.0244140625 0.0244140625