0 0.1904296875 0.37451171875 0.048828125 0.0498046875
0 0.1044921875 0.38720703125 0.060546875 0.0615234375
0 0.46337890625 0.86865234375 0.0732421875 0.0732421875
0 0.46337890625 0.63232421875 0.0615234375 0.0615234375
0 0.3642578125 0.93505859375 0.060546875 0.0615234375
0 0.46875 0.41162109375 0.048828125 0.0498046875
0 0.4638671875 0.75634765625 0.060546875 0.0615234375
0 0.37744140625 0.796875 0.0361328125 0.037109375
0 0.10546875 0.59521484375 0.060546875 0.0615234375
0 0.1904296875 0.49853515625 0.060546875 0.0615234375
0 0.1083984375 0.48193359375 0.060546875 0.0615234375
0 0.1123046875 0.689453125 0.048828125 0.048828125
0 0.27880859375 0.44091796875 0.0615234375 0.0615234375
0 0.1806640625 0.720703125 0.048828125 0.048828125
0 0.47509765625 0.08447265625 0.0615234375 0.0615234375
0 0.46875 0.29931640625 0.060546875 0.0615234375
0 0.47265625 0.18505859375 0.060546875 0.0615234375
0 0.5478515625 0.2646484375 0.048828125 0.048828125
0 0.55322265625 0.15380859375 0.0732421875 0.0732421875
0 0.66162109375 0.19873046875 0.0615234375 0.0615234375
0 0.94287109375 0.95654296875 0.0615234375 0.0615234375
0 0.544921875 0.71435546875 0.060546875 0.0615234375
0 0.84228515625 0.8876953125 0.0732421875 0.07421875
0 0.7529296875 0.93115234375 0.060546875 0.0615234375
0 0.65234375 0.65966796875 0.060546875 0.0615234375
0 0.76953125 0.69189453125 0.060546875 0.0615234375
0 0.650390625 0.77685546875 0.060546875 0.0615234375
0 0.654296875 0.88525390625 0.060546875 0.0615234375
0 0.5439453125 0.47998046875 0.048828125 0.0498046875
0 0.546875 0.84033203125 0.060546875 0.0615234375
0 0.10009765625 0.15673828125 0.0615234375 0.0615234375
0 0.1171875 0.06201171875 0.060546875 0.0615234375
0 0.28564453125 0.32080078125 0.0615234375 0.0615234375
0 0.384765625 0.029296875 0.048828125 0.048828125
0 0.759765625 0.8203125 0.048828125 0.048828125
0 0.54833984375 0.9423828125 0.0361328125 0.037109375
0 0.2802734375 0.89208984375 0.037109375 0.0361328125
0 0.1044921875 0.884765625 0.037109375 0.037109375
0 0.85595703125 0.32177734375 0.0244140625 0.0244140625
0 0.85302734375 0.11767578125 0.0244140625 0.0244140625
0 0.6552734375 0.314453125 0.037109375 0.037109375
0 0.77880859375 0.2890625 0.0361328125 0.037109375
0 0.65869140625 0.06591796875 0.0244140625 0.0244140625
0 0.9541015625 0.7255859375 0.048828125 0.048828125
0 0.94580078125 0.83837890625 0.0244140625 0.0244140625
0 0.8427734375 0.77685546875 0.048828125 0.0498046875
0 0.84423828125 0.6533203125 0.0244140625 0.025390625
0 0.8486328125 0.5458984375 0.037109375 0.037109375
0 0.7744140625 0.4990234375 0.037109375 0.037109375
0 0.7685546875 0.59521484375 0.060546875 0.0615234375
0 0.6572265625 0.43359375 0.037109375 0.037109375
0 0.65625 0.55078125 0.037109375 0.037109375
0 0.544921875 0.619140625 0.048828125 0.048828125
0 0.46728515625 0.53515625 0.0361328125 0.037109375
0 0.548828125 0.3759765625 0.048828125 0.048828125
0 0.7705078125 0.392578125 0.037109375 0.037109375
0 0.2900390625 0.091796875 0.037109375 0.037109375
0 0.19873046875 0.142578125 0.0361328125 0.037109375
0 0.1943359375 0.27099609375 0.048828125 0.0498046875
0 0.27978515625 0.54052734375 0.0361328125 0.0361328125
0 0.37890625 0.3564453125 0.037109375 0.037109375
0 0.1083984375 0.26904296875 0.048828125 0.0498046875
0 0.1796875 0.6025390625 0.037109375 0.037109375
0 0.0283203125 0.24658203125 0.048828125 0.0498046875
0 0.0263671875 0.4306640625 0.048828125 0.048828125
0 0.0283203125 0.5126953125 0.048828125 0.048828125
0 0.37255859375 0.68701171875 0.0361328125 0.0361328125
0 0.275390625 0.78125 0.037109375 0.037109375
0 0.107421875 0.791015625 0.048828125 0.048828125
0 0.18359375 0.822265625 0.037109375 0.037109375