0 0.5966796875 0.96875 0.048828125 0.048828125
0 0.69580078125 0.958984375 0.0361328125 0.037109375
0 0.77734375 0.93359375 0.037109375 0.037109375
0 0.87744140625 0.82470703125 0.0732421875 0.0732421875
0 0.95654296875 0.64990234375 0.0615234375 0.0615234375
0 0.87890625 0.73193359375 0.048828125 0.0498046875
0 0.96630859375 0.55419921875 0.0615234375 0.0615234375
0 0.69482421875 0.0654296875 0.1220703125 0.123046875
0 0.87744140625 0.0673828125 0.1220703125 0.123046875
0 0.21728515625 0.11572265625 0.1103515625 0.1103515625
0 0.12158203125 0.07177734375 0.1103515625 0.1103515625
0 0.12841796875 0.16748046875 0.1103515625 0.1103515625
0 0.12158203125 0.2890625 0.1220703125 0.123046875
0 0.11767578125 0.3974609375 0.1220703125 0.123046875
0 0.1162109375 0.51513671875 0.109375 0.1103515625
0 0.22314453125 0.44140625 0.1220703125 0.123046875
0 0.21630859375 0.345703125 0.1220703125 0.123046875
0 0.21875 0.21337890625 0.09765625 0.0986328125
0 0.30712890625 0.07470703125 0.1220703125 0.1220703125
0 0.30615234375 0.1865234375 0.1220703125 0.123046875
0 0.30810546875 0.2880859375 0.1220703125 0.123046875
0 0.30419921875 0.392578125 0.1220703125 0.123046875
0 0.30029296875 0.5107421875 0.1220703125 0.123046875
0 0.39990234375 0.4619140625 0.1220703125 0.123046875
0 0.39990234375 0.34765625 0.1220703125 0.123046875
0 0.40576171875 0.23291015625 0.1220703125 0.1220703125
0 0.40576171875 0.12353515625 0.1220703125 0.1220703125
0 0.50732421875 0.1728515625 0.1220703125 0.123046875
0 0.50341796875 0.28271484375 0.1220703125 0.1220703125
0 0.50341796875 0.3935546875 0.1220703125 0.123046875
0 0.50244140625 0.5068359375 0.1220703125 0.123046875
0 0.59619140625 0.47412109375 0.1220703125 0.1220703125
0 0.6083984375 0.35595703125 0.09765625 0.0986328125
0 0.59814453125 0.2529296875 0.1220703125 0.123046875
0 0.60498046875 0.1240234375 0.1220703125 0.123046875
0 0.69189453125 0.185546875 0.1220703125 0.123046875
0 0.68603515625 0.2861328125 0.1220703125 0.123046875
0 0.69384765625 0.4052734375 0.1220703125 0.123046875
0 0.77880859375 0.455078125 0.1220703125 0.123046875
0 0.78662109375 0.34375 0.1220703125 0.123046875
0 0.78173828125 0.2255859375 0.1220703125 0.123046875
0 0.78515625 0.123046875 0.09765625 0.09765625
0 0.88134765625 0.1650390625 0.1220703125 0.123046875
0 0.87744140625 0.306640625 0.1220703125 0.123046875
0 0.8759765625 0.40673828125 0.09765625 0.0986328125
0 0.88818359375 0.521484375 0.1220703125 0.123046875
0 0.68505859375 0.49462890625 0.0849609375 0.0869140625
0 0.880859375 0.61962890625 0.109375 0.1103515625
0 0.787109375 0.55615234375 0.109375 0.1103515625
0 0.78662109375 0.65869140625 0.1103515625 0.1103515625
0 0.78076171875 0.83349609375 0.1220703125 0.1220703125
0 0.681640625 0.84521484375 0.09765625 0.0986328125
0 0.67822265625 0.74267578125 0.1103515625 0.1103515625
0 0.6875 0.61572265625 0.09765625 0.0986328125
0 0.5888671875 0.61474609375 0.09765625 0.0986328125
0 0.58935546875 0.7548828125 0.1220703125 0.123046875
0 0.5888671875 0.88916015625 0.109375 0.1103515625
0 0.5009765625 0.61767578125 0.09765625 0.0986328125
0 0.49951171875 0.7216796875 0.1220703125 0.123046875
0 0.5 0.83935546875 0.09765625 0.0986328125
0 0.40478515625 0.9072265625 0.1103515625 0.111328125
0 0.3916015625 0.56591796875 0.09765625 0.0986328125
0 0.4033203125 0.67919921875 0.09765625 0.0986328125
0 0.3955078125 0.78515625 0.09765625 0.09765625
0 0.3076171875 0.61376953125 0.09765625 0.0986328125
0 0.310546875 0.7255859375 0.09765625 0.09765625
0 0.3076171875 0.8388671875 0.109375 0.111328125
0 0.3134765625 0.9345703125 0.0859375 0.0859375
0 0.23095703125 0.619140625 0.1220703125 0.123046875
0 0.2197265625 0.7607421875 0.109375 0.111328125
0 0.21630859375 0.8828125 0.1220703125 0.123046875
0 0.115234375 0.6083984375 0.09765625 0.09765625
0 0.1240234375 0.7138671875 0.09765625 0.09765625
0 0.1181640625 0.84130859375 0.09765625 0.0986328125
0 0.12060546875 0.94384765625 0.1103515625 0.1103515625
0 0.95654296875 0.77099609375 0.0361328125 0.0361328125
0 0.96044921875 0.87841796875 0.0361328125 0.0361328125
0 0.5 0.9638671875 0.048828125 0.048828125