0 0.81103515625 0.76953125 0.0498046875 0.048828125
0 0.84033203125 0.95947265625 0.0615234375 0.0615234375
0 0.2646484375 0.7607421875 0.048828125 0.048828125
0 0.36962890625 0.76611328125 0.0615234375 0.0615234375
0 0.16748046875 0.76123046875 0.0615234375 0.0615234375
0 0.05419921875 0.7626953125 0.0615234375 0.060546875
0 0.48388671875 0.76318359375 0.0615234375 0.0615234375
0 0.69873046875 0.76953125 0.0615234375 0.060546875
0 0.58447265625 0.765625 0.0615234375 0.060546875
0 0.6640625 0.6904296875 0.048828125 0.048828125
0 0.34326171875 0.091796875 0.0615234375 0.060546875
0 0.560546875 0.0849609375 0.048828125 0.048828125
0 0.45068359375 0.08544921875 0.0615234375 0.0615234375
0 0.1142578125 0.0927734375 0.048828125 0.048828125
0 0.130859375 0.2685546875 0.048828125 0.048828125
0 0.0771484375 0.3779296875 0.048828125 0.048828125
0 0.32470703125 0.68212890625 0.0498046875 0.0478515625
0 0.24560546875 0.2705078125 0.0498046875 0.048828125
0 0.3779296875 0.58251953125 0.07421875 0.0732421875
0 0.119140625 0.46875 0.048828125 0.048828125
0 0.23876953125 0.46240234375 0.0615234375 0.0615234375
0 0.2900390625 0.3828125 0.048828125 0.048828125
0 0.11279296875 0.6748046875 0.0615234375 0.060546875
0 0.41064453125 0.18798828125 0.0615234375 0.0615234375
0 0.26611328125 0.5771484375 0.0615234375 0.060546875
0 0.55322265625 0.68505859375 0.0732421875 0.0732421875
0 0.59814453125 0.57666015625 0.0615234375 0.0615234375
0 0.29833984375 0.1884765625 0.0498046875 0.048828125
0 0.177734375 0.57470703125 0.060546875 0.0615234375
0 0.05908203125 0.5693359375 0.0615234375 0.060546875
0 0.87939453125 0.6943359375 0.0498046875 0.048828125
0 0.20947265625 0.84619140625 0.0615234375 0.0615234375
0 0.07421875 0.9375 0.037109375 0.037109375
0 0.72021484375 0.95263671875 0.0615234375 0.0615234375
0 0.10986328125 0.84765625 0.0498046875 0.048828125
0 0.33642578125 0.85009765625 0.0615234375 0.0615234375
0 0.4287109375 0.853515625 0.048828125 0.048828125
0 0.23046875 0.103515625 0.048828125 0.048828125
0 0.2001953125 0.1875 0.037109375 0.037109375
0 0.07421875 0.185546875 0.048828125 0.048828125
0 0.01806640625 0.27099609375 0.0244140625 0.0244140625
0 0.35595703125 0.4482421875 0.0498046875 0.048828125
0 0.2294921875 0.67822265625 0.037109375 0.0361328125
0 0.431640625 0.68212890625 0.0859375 0.0849609375
0 0.39013671875 0.3876953125 0.0498046875 0.048828125
0 0.72119140625 0.38232421875 0.0244140625 0.0244140625
0 0.51708984375 0.38525390625 0.0244140625 0.0244140625
0 0.7138671875 0.5830078125 0.037109375 0.037109375
0 0.6884765625 0.45947265625 0.037109375 0.0361328125
0 0.46533203125 0.57958984375 0.0244140625 0.0244140625
0 0.9453125 0.3896484375 0.037109375 0.037109375
0 0.8984375 0.4638671875 0.037109375 0.037109375
0 0.8330078125 0.5810546875 0.037109375 0.037109375
0 0.9501953125 0.58203125 0.037109375 0.037109375
0 0.9345703125 0.77099609375 0.037109375 0.0361328125
0 0.775390625 0.689453125 0.048828125 0.048828125
0 0.7919921875 0.4677734375 0.037109375 0.037109375
0 0.1728515625 0.9443359375 0.037109375 0.037109375
0 0.2890625 0.9462890625 0.037109375 0.037109375
0 0.3935546875 0.9443359375 0.037109375 0.037109375
0 0.4912109375 0.9482421875 0.037109375 0.037109375
0 0.93994140625 0.95849609375 0.0361328125 0.0361328125
0 0.755859375 0.859375 0.037109375 0.037109375