0 0.373046875 0.18017578125 0.060546875 0.0615234375
0 0.470703125 0.10302734375 0.060546875 0.0615234375
0 0.5673828125 0.1787109375 0.048828125 0.048828125
0 0.0888671875 0.3759765625 0.048828125 0.048828125
0 0.18701171875 0.28662109375 0.0615234375 0.0615234375
0 0.27880859375 0.33154296875 0.0615234375 0.0615234375
0 0.18505859375 0.05615234375 0.0615234375 0.0615234375
0 0.0888671875 0.04150390625 0.048828125 0.0498046875
0 0.2646484375 0.11767578125 0.048828125 0.0498046875
0 0.9423828125 0.83349609375 0.09765625 0.0986328125
0 0.84814453125 0.89453125 0.1220703125 0.123046875
0 0.76025390625 0.94287109375 0.1103515625 0.1103515625
0 0.75927734375 0.83203125 0.1220703125 0.123046875
0 0.65625 0.89404296875 0.109375 0.1103515625
0 0.5693359375 0.82958984375 0.109375 0.1103515625
0 0.46240234375 0.9033203125 0.1220703125 0.123046875
0 0.38525390625 0.833984375 0.1220703125 0.123046875
0 0.28564453125 0.8828125 0.1220703125 0.123046875
0 0.18310546875 0.837890625 0.1220703125 0.123046875
0 0.08935546875 0.87060546875 0.1220703125 0.1220703125
0 0.0966796875 0.72998046875 0.09765625 0.0986328125
0 0.09619140625 0.58984375 0.1220703125 0.123046875
0 0.0966796875 0.45556640625 0.109375 0.1103515625
0 0.1845703125 0.72705078125 0.09765625 0.0986328125
0 0.18603515625 0.623046875 0.1220703125 0.123046875
0 0.185546875 0.50537109375 0.09765625 0.0986328125
0 0.28076171875 0.4375 0.1103515625 0.111328125
0 0.2939453125 0.77880859375 0.09765625 0.0986328125
0 0.2822265625 0.66552734375 0.09765625 0.0986328125
0 0.2900390625 0.5595703125 0.09765625 0.09765625
0 0.3779296875 0.73095703125 0.09765625 0.0986328125
0 0.375 0.619140625 0.09765625 0.09765625
0 0.3779296875 0.505859375 0.109375 0.111328125
0 0.3720703125 0.41015625 0.0859375 0.0859375
0 0.45458984375 0.7255859375 0.1220703125 0.123046875
0 0.4658203125 0.583984375 0.109375 0.111328125
0 0.46923828125 0.4619140625 0.1220703125 0.123046875
0 0.46142578125 0.353515625 0.1220703125 0.123046875
0 0.5703125 0.736328125 0.09765625 0.09765625
0 0.5615234375 0.630859375 0.09765625 0.09765625
0 0.5673828125 0.50341796875 0.09765625 0.0986328125
0 0.56494140625 0.40087890625 0.1103515625 0.1103515625
0 0.65625 0.791015625 0.09765625 0.09765625
0 0.65771484375 0.65966796875 0.1103515625 0.1103515625
0 0.6611328125 0.55615234375 0.09765625 0.0986328125
0 0.666015625 0.44970703125 0.09765625 0.0986328125
0 0.6611328125 0.32958984375 0.0859375 0.0869140625
0 0.75830078125 0.72705078125 0.1103515625 0.1103515625
0 0.76123046875 0.61181640625 0.1103515625 0.1103515625
0 0.76123046875 0.50341796875 0.1220703125 0.1220703125
0 0.76123046875 0.38720703125 0.1220703125 0.1220703125
0 0.8544921875 0.78076171875 0.109375 0.1103515625
0 0.8583984375 0.68310546875 0.09765625 0.0986328125
0 0.84765625 0.56884765625 0.09765625 0.0986328125
0 0.8505859375 0.45263671875 0.09765625 0.0986328125
0 0.853515625 0.32763671875 0.09765625 0.0986328125
0 0.9462890625 0.50537109375 0.09765625 0.0986328125
0 0.66748046875 0.236328125 0.0849609375 0.0859375
0 0.66796875 0.12255859375 0.09765625 0.0986328125
0 0.7734375 0.080078125 0.0859375 0.0859375
0 0.76171875 0.169921875 0.0859375 0.0859375
0 0.7548828125 0.2802734375 0.0859375 0.0859375
0 0.845703125 0.22802734375 0.09765625 0.0986328125
0 0.095703125 0.1201171875 0.048828125 0.048828125
0 0.0927734375 0.224609375 0.037109375 0.037109375
0 0.185546875 0.380859375 0.048828125 0.048828125
0 0.1904296875 0.17333984375 0.048828125 0.0498046875
0 0.263671875 0.02587890625 0.048828125 0.0498046875
0 0.26806640625 0.21728515625 0.0615234375 0.0615234375
0 0.3818359375 0.29248046875 0.048828125 0.0498046875
0 0.466796875 0.22998046875 0.060546875 0.0615234375
0 0.373046875 0.07861328125 0.048828125 0.0498046875
0 0.56640625 0.2763671875 0.048828125 0.048828125
0 0.56494140625 0.06591796875 0.0244140625 0.0244140625
0 0.95849609375 0.2783203125 0.0361328125 0.037109375
0 0.8642578125 0.1181640625 0.048828125 0.048828125
0 0.95703125 0.1806640625 0.048828125 0.048828125
0 0.95654296875 0.0791015625 0.0361328125 0.037109375
0 0.9521484375 0.392578125 0.037109375 0.037109375