0 0.48876953125 0.8212890625 0.0615234375 0.060546875
0 0.5576171875 0.73974609375 0.0859375 0.0849609375
0 0.7060546875 0.814453125 0.048828125 0.048828125
0 0.7685546875 0.740234375 0.048828125 0.048828125
0 0.59619140625 0.81494140625 0.0615234375 0.0615234375
0 0.259765625 0.822265625 0.048828125 0.048828125
0 0.55615234375 0.91748046875 0.0615234375 0.0615234375
0 0.44384765625 0.91796875 0.0498046875 0.048828125
0 0.04736328125 0.8271484375 0.0498046875 0.048828125
0 0.82763671875 0.0703125 0.0986328125 0.09765625
0 0.8232421875 0.640625 0.048828125 0.048828125
0 0.94189453125 0.640625 0.0615234375 0.060546875
0 0.716796875 0.6396484375 0.048828125 0.048828125
0 0.11083984375 0.15771484375 0.1103515625 0.1103515625
0 0.0966796875 0.3505859375 0.09765625 0.09765625
0 0.216796875 0.365234375 0.09765625 0.09765625
0 0.166015625 0.255859375 0.111328125 0.109375
0 0.21630859375 0.15869140625 0.1103515625 0.1103515625
0 0.16064453125 0.06689453125 0.1103515625 0.1103515625
0 0.09423828125 0.7216796875 0.1103515625 0.109375
0 0.212890625 0.72509765625 0.0859375 0.0849609375
0 0.15869140625 0.630859375 0.0986328125 0.09765625
0 0.09619140625 0.54345703125 0.1103515625 0.1103515625
0 0.21044921875 0.54443359375 0.1103515625 0.1103515625
0 0.1533203125 0.44189453125 0.123046875 0.1220703125
0 0.49267578125 0.06884765625 0.1103515625 0.1103515625
0 0.38134765625 0.0673828125 0.0986328125 0.09765625
0 0.27294921875 0.06298828125 0.1103515625 0.1103515625
0 0.31689453125 0.16455078125 0.1103515625 0.1103515625
0 0.42333984375 0.15625 0.1103515625 0.109375
0 0.388671875 0.25830078125 0.123046875 0.1220703125
0 0.27587890625 0.248046875 0.1103515625 0.109375
0 0.49609375 0.24853515625 0.123046875 0.1220703125
0 0.44775390625 0.353515625 0.0986328125 0.09765625
0 0.32861328125 0.3505859375 0.1103515625 0.109375
0 0.3173828125 0.54248046875 0.123046875 0.1220703125
0 0.38916015625 0.439453125 0.0986328125 0.09765625
0 0.2666015625 0.43798828125 0.123046875 0.1220703125
0 0.4921875 0.43603515625 0.111328125 0.1103515625
0 0.4375 0.5419921875 0.111328125 0.109375
0 0.4921875 0.6318359375 0.111328125 0.109375
0 0.37890625 0.6357421875 0.111328125 0.109375
0 0.2646484375 0.6328125 0.111328125 0.109375
0 0.3203125 0.7236328125 0.09765625 0.09765625
0 0.443359375 0.7353515625 0.09765625 0.09765625
0 0.583984375 0.64208984375 0.0859375 0.0849609375
0 0.54638671875 0.54736328125 0.1103515625 0.1103515625
0 0.61083984375 0.4482421875 0.1103515625 0.109375
0 0.72021484375 0.4482421875 0.1103515625 0.109375
0 0.82861328125 0.44580078125 0.1103515625 0.1103515625
0 0.92822265625 0.44482421875 0.1103515625 0.1103515625
0 0.87646484375 0.34765625 0.0986328125 0.09765625
0 0.76806640625 0.353515625 0.1103515625 0.109375
0 0.65576171875 0.3466796875 0.1103515625 0.109375
0 0.54638671875 0.35986328125 0.1103515625 0.1103515625
0 0.6015625 0.26318359375 0.123046875 0.1220703125
0 0.70361328125 0.25341796875 0.1103515625 0.1103515625
0 0.82470703125 0.2509765625 0.1103515625 0.109375
0 0.92919921875 0.2548828125 0.1103515625 0.109375
0 0.88427734375 0.16064453125 0.1103515625 0.1103515625
0 0.77001953125 0.16455078125 0.1103515625 0.1103515625
0 0.67431640625 0.17041015625 0.1103515625 0.1103515625
0 0.546875 0.1650390625 0.111328125 0.109375
0 0.60546875 0.0673828125 0.111328125 0.109375
0 0.71435546875 0.0654296875 0.1103515625 0.109375
0 0.94384765625 0.06689453125 0.1103515625 0.1103515625
0 0.1083984375 0.9140625 0.048828125 0.048828125
0 0.14990234375 0.82763671875 0.0244140625 0.0244140625
0 0.3759765625 0.8330078125 0.048828125 0.048828125
0 0.345703125 0.9169921875 0.037109375 0.037109375
0 0.2197265625 0.9150390625 0.048828125 0.048828125
0 0.64697265625 0.7294921875 0.0615234375 0.060546875
0 0.8740234375 0.7294921875 0.037109375 0.037109375
0 0.8828125 0.55078125 0.037109375 0.037109375
0 0.6591796875 0.544921875 0.048828125 0.048828125
0 0.759765625 0.5439453125 0.048828125 0.048828125