0 0.1796875 0.41259765625 0.09765625 0.0986328125
0 0.93115234375 0.95703125 0.0732421875 0.07421875
0 0.55810546875 0.0830078125 0.1103515625 0.111328125
0 0.3740234375 0.08251953125 0.109375 0.1103515625
0 0.18115234375 0.07763671875 0.1103515625 0.1103515625
0 0.93603515625 0.08837890625 0.1103515625 0.1103515625
0 0.9375 0.30810546875 0.109375 0.1103515625
0 0.93408203125 0.42138671875 0.1220703125 0.1220703125
0 0.9404296875 0.52880859375 0.109375 0.1103515625
0 0.849609375 0.14599609375 0.109375 0.1103515625
0 0.8466796875 0.25439453125 0.09765625 0.0986328125
0 0.8525390625 0.34619140625 0.09765625 0.0986328125
0 0.84716796875 0.47900390625 0.1103515625 0.1103515625
0 0.8408203125 0.58740234375 0.09765625 0.0986328125
0 0.7490234375 0.08837890625 0.09765625 0.0986328125
0 0.759765625 0.20263671875 0.09765625 0.0986328125
0 0.75244140625 0.31201171875 0.1103515625 0.1103515625
0 0.74755859375 0.43115234375 0.1103515625 0.1103515625
0 0.7509765625 0.52880859375 0.09765625 0.0986328125
0 0.65673828125 0.14599609375 0.1103515625 0.1103515625
0 0.65771484375 0.25634765625 0.1103515625 0.1103515625
0 0.6552734375 0.37158203125 0.109375 0.1103515625
0 0.65234375 0.47705078125 0.109375 0.1103515625
0 0.6484375 0.5810546875 0.09765625 0.09765625
0 0.55712890625 0.203125 0.1220703125 0.123046875
0 0.55859375 0.30908203125 0.109375 0.1103515625
0 0.5576171875 0.41748046875 0.109375 0.1103515625
0 0.56005859375 0.5244140625 0.1103515625 0.111328125
0 0.46826171875 0.4599609375 0.1103515625 0.111328125
0 0.46826171875 0.3623046875 0.0732421875 0.07421875
0 0.47314453125 0.2587890625 0.1220703125 0.123046875
0 0.46875 0.13525390625 0.109375 0.1103515625
0 0.93115234375 0.63037109375 0.1103515625 0.1103515625
0 0.92431640625 0.7529296875 0.1220703125 0.123046875
0 0.93408203125 0.8466796875 0.1220703125 0.123046875
0 0.84228515625 0.70458984375 0.1103515625 0.1103515625
0 0.84375 0.8037109375 0.09765625 0.09765625
0 0.8310546875 0.91015625 0.109375 0.111328125
0 0.7509765625 0.6513671875 0.09765625 0.09765625
0 0.7470703125 0.755859375 0.09765625 0.09765625
0 0.73828125 0.8623046875 0.109375 0.111328125
0 0.654296875 0.689453125 0.09765625 0.09765625
0 0.646484375 0.7998046875 0.109375 0.111328125
0 0.64111328125 0.89599609375 0.1103515625 0.1103515625
0 0.55224609375 0.63671875 0.1103515625 0.111328125
0 0.55712890625 0.85595703125 0.1103515625 0.1103515625
0 0.55908203125 0.73974609375 0.1103515625 0.1103515625
0 0.45751953125 0.689453125 0.1220703125 0.123046875
0 0.46337890625 0.8056640625 0.1220703125 0.123046875
0 0.45751953125 0.90576171875 0.1220703125 0.1220703125
0 0.45458984375 0.58154296875 0.1103515625 0.1103515625
0 0.35791015625 0.52783203125 0.1103515625 0.1103515625
0 0.369140625 0.63525390625 0.109375 0.1103515625
0 0.359375 0.74169921875 0.109375 0.1103515625
0 0.359375 0.85009765625 0.109375 0.1103515625
0 0.08154296875 0.57470703125 0.1103515625 0.1103515625
0 0.08935546875 0.46923828125 0.1103515625 0.1103515625
0 0.08544921875 0.35498046875 0.1103515625 0.1103515625
0 0.07958984375 0.25927734375 0.1103515625 0.1103515625
0 0.0849609375 0.1318359375 0.109375 0.111328125
0 0.1826171875 0.1904296875 0.109375 0.111328125
0 0.1845703125 0.29931640625 0.109375 0.1103515625
0 0.18310546875 0.52880859375 0.1103515625 0.1103515625
0 0.267578125 0.57666015625 0.109375 0.1103515625
0 0.2685546875 0.45751953125 0.109375 0.1103515625
0 0.275390625 0.36328125 0.109375 0.111328125
0 0.2724609375 0.2431640625 0.09765625 0.09765625
0 0.27685546875 0.130859375 0.1103515625 0.111328125
0 0.37255859375 0.18896484375 0.1103515625 0.1103515625
0 0.369140625 0.2998046875 0.09765625 0.09765625
0 0.36962890625 0.4140625 0.1103515625 0.111328125
0 0.27490234375 0.68994140625 0.1103515625 0.1103515625
0 0.27978515625 0.79052734375 0.0849609375 0.0869140625
0 0.27197265625 0.91748046875 0.1103515625 0.1103515625
0 0.17919921875 0.64404296875 0.1103515625 0.1103515625
0 0.17529296875 0.74658203125 0.1103515625 0.1103515625
0 0.1787109375 0.85791015625 0.09765625 0.0986328125
0 0.0888671875 0.68798828125 0.109375 0.1103515625
0 0.087890625 0.80419921875 0.09765625 0.0986328125
0 0.0849609375 0.91455078125 0.109375 0.1103515625