0 0.2060546875 0.11181640625 0.048828125 0.0498046875
0 0.30078125 0.18994140625 0.048828125 0.0498046875
0 0.1982421875 0.34326171875 0.048828125 0.0498046875
0 0.0927734375 0.18017578125 0.037109375 0.0361328125
0 0.29931640625 0.28466796875 0.0361328125 0.0361328125
0 0.08837890625 0.61328125 0.0615234375 0.060546875
0 0.291015625 0.44189453125 0.048828125 0.0498046875
0 0.1865234375 0.6630859375 0.060546875 0.060546875
0 0.19140625 0.4794921875 0.048828125 0.048828125
0 0.2958984375 0.5234375 0.048828125 0.048828125
0 0.2822265625 0.607421875 0.048828125 0.048828125
0 0.38037109375 0.541015625 0.0361328125 0.037109375
0 0.75537109375 0.34912109375 0.0615234375 0.0615234375
0 0.869140625 0.06689453125 0.09765625 0.0986328125
0 0.87109375 0.17041015625 0.09765625 0.0986328125
0 0.8759765625 0.28857421875 0.09765625 0.0986328125
0 0.669921875 0.06396484375 0.048828125 0.0498046875
0 0.78125 0.66845703125 0.060546875 0.0615234375
0 0.7783203125 0.56787109375 0.048828125 0.0498046875
0 0.955078125 0.7822265625 0.048828125 0.048828125
0 0.95458984375 0.89794921875 0.0244140625 0.0244140625
0 0.86181640625 0.83544921875 0.0361328125 0.0361328125
0 0.86181640625 0.96533203125 0.0244140625 0.0244140625
0 0.7880859375 0.76513671875 0.037109375 0.0361328125
0 0.791015625 0.88427734375 0.048828125 0.0498046875
0 0.69775390625 0.80810546875 0.0361328125 0.0361328125
0 0.86376953125 0.515625 0.0361328125 0.037109375
0 0.78369140625 0.4501953125 0.0361328125 0.037109375
0 0.6806640625 0.5048828125 0.037109375 0.037109375
0 0.5830078125 0.55810546875 0.037109375 0.0361328125
0 0.48291015625 0.60498046875 0.0361328125 0.0361328125
0 0.46142578125 0.7294921875 0.0361328125 0.037109375
0 0.57763671875 0.68115234375 0.0361328125 0.0361328125
0 0.6962890625 0.62353515625 0.048828125 0.0498046875
0 0.697265625 0.71240234375 0.037109375 0.0361328125
0 0.9580078125 0.67578125 0.048828125 0.048828125
0 0.865234375 0.61328125 0.048828125 0.048828125
0 0.86572265625 0.71484375 0.0361328125 0.037109375
0 0.0888671875 0.388671875 0.037109375 0.037109375
0 0.1015625 0.05908203125 0.048828125 0.0498046875
0 0.2109375 0.21826171875 0.048828125 0.0498046875
0 0.40185546875 0.35595703125 0.0361328125 0.0361328125
0 0.3828125 0.1357421875 0.048828125 0.048828125
0 0.4775390625 0.0439453125 0.037109375 0.037109375
0 0.46875 0.19140625 0.037109375 0.037109375
0 0.6171875 0.1484375 0.037109375 0.037109375
0 0.66748046875 0.2744140625 0.0361328125 0.037109375
0 0.775390625 0.1298828125 0.037109375 0.037109375
0 0.5859375 0.333984375 0.037109375 0.037109375
0 0.68017578125 0.37548828125 0.0244140625 0.0244140625
0 0.37158203125 0.236328125 0.0361328125 0.037109375
0 0.08935546875 0.5 0.0361328125 0.037109375
0 0.08203125 0.7109375 0.048828125 0.048828125
0 0.197265625 0.5732421875 0.037109375 0.037109375
0 0.28662109375 0.7529296875 0.0244140625 0.025390625
0 0.36767578125 0.7529296875 0.0361328125 0.037109375
0 0.52978515625 0.45166015625 0.0361328125 0.0361328125
0 0.8701171875 0.4013671875 0.037109375 0.037109375
0 0.0888671875 0.939453125 0.037109375 0.037109375
0 0.20849609375 0.93359375 0.0361328125 0.037109375
0 0.29150390625 0.9697265625 0.0361328125 0.037109375
0 0.361328125 0.93359375 0.037109375 0.037109375