0 0.169921875 0.265625 0.0859375 0.0859375
0 0.09716796875 0.0693359375 0.0615234375 0.060546875
0 0.19921875 0.07080078125 0.07421875 0.0732421875
0 0.55126953125 0.39453125 0.0498046875 0.048828125
0 0.83740234375 0.072265625 0.0498046875 0.048828125
0 0.88037109375 0.18359375 0.0615234375 0.060546875
0 0.93603515625 0.0751953125 0.0498046875 0.048828125
0 0.80029296875 0.1796875 0.0615234375 0.060546875
0 0.7392578125 0.0751953125 0.037109375 0.037109375
0 0.67822265625 0.1796875 0.0498046875 0.048828125
0 0.07763671875 0.2666015625 0.0986328125 0.09765625
0 0.1201171875 0.3720703125 0.0859375 0.0859375
0 0.07470703125 0.6396484375 0.0615234375 0.060546875
0 0.294921875 0.06689453125 0.025390625 0.0244140625
0 0.6142578125 0.5693359375 0.048828125 0.048828125
0 0.720703125 0.5712890625 0.048828125 0.048828125
0 0.8173828125 0.578125 0.037109375 0.037109375
0 0.90625 0.5771484375 0.037109375 0.037109375
0 0.6552734375 0.484375 0.048828125 0.048828125
0 0.76904296875 0.482421875 0.0615234375 0.060546875
0 0.8896484375 0.4921875 0.037109375 0.037109375
0 0.78662109375 0.41748046875 0.0615234375 0.0615234375
0 0.8857421875 0.42578125 0.048828125 0.048828125
0 0.72119140625 0.27880859375 0.0244140625 0.0244140625
0 0.828125 0.27880859375 0.037109375 0.0361328125
0 0.65625 0.9482421875 0.048828125 0.048828125
0 0.744140625 0.9501953125 0.048828125 0.048828125
0 0.84814453125 0.94580078125 0.0361328125 0.0361328125
0 0.93017578125 0.9521484375 0.0498046875 0.048828125
0 0.8671875 0.857421875 0.037109375 0.037109375
0 0.830078125 0.79541015625 0.037109375 0.0361328125
0 0.7568359375 0.84765625 0.037109375 0.037109375
0 0.634765625 0.841796875 0.037109375 0.037109375
0 0.2451171875 0.171875 0.048828125 0.048828125
0 0.3564453125 0.1689453125 0.048828125 0.048828125
0 0.60888671875 0.2744140625 0.0361328125 0.037109375
0 0.4921875 0.26953125 0.048828125 0.048828125
0 0.3876953125 0.26953125 0.048828125 0.048828125
0 0.2763671875 0.2626953125 0.048828125 0.048828125
0 0.24169921875 0.380859375 0.0244140625 0.0234375
0 0.3447265625 0.38671875 0.048828125 0.048828125
0 0.45751953125 0.3974609375 0.0361328125 0.037109375
0 0.1884765625 0.4658203125 0.048828125 0.048828125
0 0.30419921875 0.46630859375 0.0244140625 0.0244140625
0 0.43115234375 0.47314453125 0.0244140625 0.0244140625
0 0.54541015625 0.4794921875 0.0498046875 0.048828125
0 0.24169921875 0.55908203125 0.0361328125 0.0361328125
0 0.37158203125 0.55908203125 0.0244140625 0.0244140625
0 0.48095703125 0.56494140625 0.0244140625 0.0244140625
0 0.17138671875 0.6328125 0.0361328125 0.037109375
0 0.29052734375 0.6298828125 0.0498046875 0.048828125
0 0.421875 0.6357421875 0.037109375 0.037109375
0 0.5244140625 0.6337890625 0.048828125 0.048828125
0 0.654296875 0.63623046875 0.037109375 0.0361328125
0 0.21435546875 0.72314453125 0.0361328125 0.0361328125
0 0.5439453125 0.95703125 0.048828125 0.048828125
0 0.13427734375 0.16357421875 0.0244140625 0.0244140625
0 0.1357421875 0.95947265625 0.037109375 0.0361328125
0 0.08740234375 0.84326171875 0.0361328125 0.0361328125
0 0.02978515625 0.724609375 0.0498046875 0.048828125
0 0.11865234375 0.7236328125 0.0361328125 0.037109375
0 0.08203125 0.462890625 0.048828125 0.048828125
0 0.12109375 0.55517578125 0.037109375 0.0361328125
0 0.76953125 0.6318359375 0.048828125 0.048828125
0 0.51611328125 0.06787109375 0.0244140625 0.0244140625
0 0.603515625 0.18408203125 0.037109375 0.0361328125