0 0.17431640625 0.375 0.0732421875 0.07421875
0 0.17041015625 0.58349609375 0.0615234375 0.0615234375
0 0.09326171875 0.84228515625 0.0615234375 0.0615234375
0 0.53564453125 0.69775390625 0.0615234375 0.0615234375
0 0.25732421875 0.8515625 0.0849609375 0.0859375
0 0.92236328125 0.91943359375 0.0732421875 0.0732421875
0 0.82958984375 0.8671875 0.0732421875 0.07421875
0 0.73193359375 0.904296875 0.1220703125 0.123046875
0 0.64111328125 0.8544921875 0.0732421875 0.07421875
0 0.54443359375 0.9013671875 0.0732421875 0.07421875
0 0.451171875 0.85009765625 0.09765625 0.0986328125
0 0.35498046875 0.9033203125 0.1220703125 0.123046875
0 0.16796875 0.89697265625 0.0859375 0.0869140625
0 0.9365234375 0.17333984375 0.109375 0.1103515625
0 0.93505859375 0.267578125 0.1103515625 0.111328125
0 0.93310546875 0.3896484375 0.1220703125 0.123046875
0 0.91845703125 0.49658203125 0.1103515625 0.1103515625
0 0.92724609375 0.60009765625 0.1103515625 0.1103515625
0 0.8447265625 0.65869140625 0.09765625 0.0986328125
0 0.8369140625 0.56591796875 0.109375 0.1103515625
0 0.84130859375 0.451171875 0.1220703125 0.123046875
0 0.84033203125 0.330078125 0.1220703125 0.123046875
0 0.84033203125 0.21875 0.1220703125 0.123046875
0 0.84130859375 0.1005859375 0.0732421875 0.07421875
0 0.7490234375 0.1611328125 0.09765625 0.09765625
0 0.74560546875 0.2900390625 0.1220703125 0.123046875
0 0.74609375 0.38623046875 0.109375 0.1103515625
0 0.7451171875 0.49853515625 0.109375 0.1103515625
0 0.748046875 0.61083984375 0.109375 0.1103515625
0 0.64892578125 0.64208984375 0.1103515625 0.1103515625
0 0.65087890625 0.54150390625 0.1103515625 0.1103515625
0 0.65478515625 0.43212890625 0.1103515625 0.1103515625
0 0.6552734375 0.31884765625 0.109375 0.1103515625
0 0.6513671875 0.20849609375 0.109375 0.1103515625
0 0.654296875 0.103515625 0.09765625 0.09765625
0 0.55615234375 0.15966796875 0.1103515625 0.1103515625
0 0.5625 0.27001953125 0.09765625 0.0986328125
0 0.5537109375 0.39111328125 0.09765625 0.0986328125
0 0.55517578125 0.49658203125 0.1103515625 0.1103515625
0 0.5546875 0.60791015625 0.09765625 0.0986328125
0 0.46728515625 0.11083984375 0.1103515625 0.1103515625
0 0.45751953125 0.21337890625 0.1103515625 0.1103515625
0 0.45458984375 0.32861328125 0.1103515625 0.1103515625
0 0.462890625 0.43017578125 0.109375 0.1103515625
0 0.458984375 0.57275390625 0.109375 0.1103515625
0 0.455078125 0.669921875 0.0859375 0.0859375
0 0.3681640625 0.16357421875 0.109375 0.1103515625
0 0.3662109375 0.27001953125 0.109375 0.1103515625
0 0.3642578125 0.38623046875 0.109375 0.1103515625
0 0.3603515625 0.49853515625 0.109375 0.1103515625
0 0.36962890625 0.59619140625 0.1103515625 0.1103515625
0 0.2724609375 0.21826171875 0.09765625 0.0986328125
0 0.2646484375 0.32470703125 0.109375 0.1103515625
0 0.26220703125 0.43212890625 0.1103515625 0.1103515625
0 0.26416015625 0.5537109375 0.0849609375 0.0859375
0 0.26611328125 0.6611328125 0.0732421875 0.07421875
0 0.17724609375 0.16015625 0.0849609375 0.0859375
0 0.16748046875 0.27587890625 0.1103515625 0.1103515625
0 0.17626953125 0.4873046875 0.0732421875 0.07421875
0 0.17919921875 0.6650390625 0.0732421875 0.07421875
0 0.08740234375 0.10791015625 0.1103515625 0.1103515625
0 0.07373046875 0.20654296875 0.1103515625 0.1103515625
0 0.07470703125 0.3095703125 0.0732421875 0.07421875
0 0.0751953125 0.41015625 0.0859375 0.0859375
0 0.0830078125 0.501953125 0.0859375 0.0859375
0 0.0859375 0.62060546875 0.09765625 0.0986328125
0 0.93798828125 0.0625 0.1220703125 0.123046875
0 0.2685546875 0.10302734375 0.109375 0.1103515625
0 0.18212890625 0.06103515625 0.1103515625 0.1103515625