0 0.2666015625 0.42041015625 0.09765625 0.0986328125
0 0.64501953125 0.0908203125 0.1103515625 0.111328125
0 0.4609375 0.09033203125 0.109375 0.1103515625
0 0.26806640625 0.08544921875 0.1103515625 0.1103515625
0 0.08837890625 0.0888671875 0.1220703125 0.123046875
0 0.9365234375 0.15380859375 0.109375 0.1103515625
0 0.93359375 0.26220703125 0.09765625 0.0986328125
0 0.939453125 0.35400390625 0.09765625 0.0986328125
0 0.93408203125 0.48681640625 0.1103515625 0.1103515625
0 0.927734375 0.59521484375 0.09765625 0.0986328125
0 0.8359375 0.09619140625 0.09765625 0.0986328125
0 0.8466796875 0.21044921875 0.09765625 0.0986328125
0 0.83935546875 0.31982421875 0.1103515625 0.1103515625
0 0.83447265625 0.43896484375 0.1103515625 0.1103515625
0 0.837890625 0.53662109375 0.09765625 0.0986328125
0 0.74365234375 0.15380859375 0.1103515625 0.1103515625
0 0.74462890625 0.26416015625 0.1103515625 0.1103515625
0 0.7421875 0.37939453125 0.109375 0.1103515625
0 0.7392578125 0.48486328125 0.109375 0.1103515625
0 0.7353515625 0.5888671875 0.09765625 0.09765625
0 0.64404296875 0.2109375 0.1220703125 0.123046875
0 0.6455078125 0.31689453125 0.109375 0.1103515625
0 0.64453125 0.42529296875 0.109375 0.1103515625
0 0.64697265625 0.5322265625 0.1103515625 0.111328125
0 0.55517578125 0.4677734375 0.1103515625 0.111328125
0 0.55517578125 0.3701171875 0.0732421875 0.07421875
0 0.56005859375 0.2666015625 0.1220703125 0.123046875
0 0.5556640625 0.14306640625 0.109375 0.1103515625
0 0.92919921875 0.71240234375 0.1103515625 0.1103515625
0 0.9306640625 0.8115234375 0.09765625 0.09765625
0 0.91796875 0.91796875 0.109375 0.111328125
0 0.837890625 0.6591796875 0.09765625 0.09765625
0 0.833984375 0.763671875 0.09765625 0.09765625
0 0.8251953125 0.8701171875 0.109375 0.111328125
0 0.7412109375 0.697265625 0.09765625 0.09765625
0 0.7333984375 0.8076171875 0.109375 0.111328125
0 0.72802734375 0.90380859375 0.1103515625 0.1103515625
0 0.63916015625 0.64453125 0.1103515625 0.111328125
0 0.64404296875 0.86376953125 0.1103515625 0.1103515625
0 0.64599609375 0.74755859375 0.1103515625 0.1103515625
0 0.54443359375 0.697265625 0.1220703125 0.123046875
0 0.55029296875 0.8134765625 0.1220703125 0.123046875
0 0.54443359375 0.91357421875 0.1220703125 0.1220703125
0 0.54150390625 0.58935546875 0.1103515625 0.1103515625
0 0.44482421875 0.53564453125 0.1103515625 0.1103515625
0 0.4560546875 0.64306640625 0.109375 0.1103515625
0 0.4462890625 0.74951171875 0.109375 0.1103515625
0 0.4462890625 0.85791015625 0.109375 0.1103515625
0 0.07373046875 0.1943359375 0.1220703125 0.123046875
0 0.08349609375 0.29638671875 0.1103515625 0.1103515625
0 0.0859375 0.41748046875 0.109375 0.1103515625
0 0.08203125 0.52197265625 0.109375 0.1103515625
0 0.087890625 0.63330078125 0.09765625 0.0986328125
0 0.16845703125 0.58251953125 0.1103515625 0.1103515625
0 0.17626953125 0.47705078125 0.1103515625 0.1103515625
0 0.17236328125 0.36279296875 0.1103515625 0.1103515625
0 0.16650390625 0.26708984375 0.1103515625 0.1103515625
0 0.171875 0.1396484375 0.109375 0.111328125
0 0.26953125 0.1982421875 0.109375 0.111328125
0 0.271484375 0.30712890625 0.109375 0.1103515625
0 0.27001953125 0.53662109375 0.1103515625 0.1103515625
0 0.3544921875 0.58447265625 0.109375 0.1103515625
0 0.35546875 0.46533203125 0.109375 0.1103515625
0 0.3623046875 0.37109375 0.109375 0.111328125
0 0.359375 0.2509765625 0.09765625 0.09765625
0 0.36376953125 0.138671875 0.1103515625 0.111328125
0 0.45947265625 0.19677734375 0.1103515625 0.1103515625
0 0.4560546875 0.3076171875 0.09765625 0.09765625
0 0.45654296875 0.421875 0.1103515625 0.111328125
0 0.36181640625 0.69775390625 0.1103515625 0.1103515625
0 0.36669921875 0.79833984375 0.0849609375 0.0869140625
0 0.35888671875 0.92529296875 0.1103515625 0.1103515625
0 0.26611328125 0.65185546875 0.1103515625 0.1103515625
0 0.26220703125 0.75439453125 0.1103515625 0.1103515625
0 0.265625 0.86572265625 0.09765625 0.0986328125
0 0.17578125 0.69580078125 0.109375 0.1103515625
0 0.1748046875 0.81201171875 0.09765625 0.0986328125
0 0.171875 0.92236328125 0.109375 0.1103515625
0 0.0849609375 0.76220703125 0.09765625 0.0986328125
0 0.0859375 0.8525390625 0.09765625 0.09765625