0 0.68359375 0.07373046875 0.09765625 0.0986328125
0 0.86474609375 0.0771484375 0.1103515625 0.111328125
0 0.8642578125 0.1826171875 0.109375 0.111328125
0 0.859375 0.29296875 0.109375 0.111328125
0 0.8642578125 0.40185546875 0.109375 0.1103515625
0 0.86279296875 0.52734375 0.1220703125 0.123046875
0 0.775390625 0.123046875 0.109375 0.111328125
0 0.7685546875 0.23876953125 0.109375 0.1103515625
0 0.77099609375 0.33935546875 0.1103515625 0.1103515625
0 0.76318359375 0.44970703125 0.1103515625 0.1103515625
0 0.77294921875 0.53271484375 0.0732421875 0.0732421875
0 0.6767578125 0.18212890625 0.09765625 0.0986328125
0 0.6806640625 0.28662109375 0.09765625 0.0986328125
0 0.6787109375 0.40087890625 0.09765625 0.0986328125
0 0.67431640625 0.51318359375 0.1103515625 0.1103515625
0 0.5869140625 0.12548828125 0.09765625 0.0986328125
0 0.58056640625 0.23095703125 0.1103515625 0.1103515625
0 0.576171875 0.34912109375 0.109375 0.1103515625
0 0.5830078125 0.46435546875 0.109375 0.1103515625
0 0.4921875 0.06982421875 0.09765625 0.0986328125
0 0.4912109375 0.18017578125 0.109375 0.1103515625
0 0.4921875 0.28759765625 0.109375 0.1103515625
0 0.490234375 0.40087890625 0.109375 0.1103515625
0 0.400390625 0.11865234375 0.09765625 0.0986328125
0 0.40283203125 0.22705078125 0.1103515625 0.1103515625
0 0.39990234375 0.35107421875 0.1103515625 0.1103515625
0 0.39404296875 0.46142578125 0.1103515625 0.1103515625
0 0.3125 0.08154296875 0.09765625 0.0986328125
0 0.30078125 0.17724609375 0.09765625 0.0986328125
0 0.296875 0.29541015625 0.09765625 0.0986328125
0 0.20654296875 0.1416015625 0.1220703125 0.123046875
0 0.205078125 0.22900390625 0.09765625 0.0986328125
0 0.203125 0.3408203125 0.09765625 0.09765625
0 0.201171875 0.447265625 0.09765625 0.09765625
0 0.1865234375 0.5673828125 0.09765625 0.09765625
0 0.29541015625 0.39697265625 0.1103515625 0.1103515625
0 0.2958984375 0.5166015625 0.109375 0.111328125
0 0.39306640625 0.56689453125 0.1103515625 0.1103515625
0 0.48486328125 0.51123046875 0.1103515625 0.1103515625
0 0.5859375 0.57470703125 0.109375 0.1103515625
0 0.10302734375 0.193359375 0.1220703125 0.123046875
0 0.10986328125 0.50390625 0.1220703125 0.123046875
0 0.11181640625 0.396484375 0.1220703125 0.123046875
0 0.8642578125 0.6298828125 0.109375 0.111328125
0 0.86669921875 0.73828125 0.1103515625 0.111328125
0 0.77294921875 0.662109375 0.1103515625 0.111328125
0 0.77001953125 0.79345703125 0.1103515625 0.1103515625
0 0.85986328125 0.8486328125 0.1103515625 0.111328125
0 0.578125 0.68896484375 0.109375 0.1103515625
0 0.671875 0.74853515625 0.109375 0.1103515625
0 0.6806640625 0.6181640625 0.109375 0.111328125
0 0.67578125 0.84814453125 0.109375 0.1103515625
0 0.58740234375 0.79833984375 0.1103515625 0.1103515625
0 0.48291015625 0.84326171875 0.1103515625 0.1103515625
0 0.484375 0.73193359375 0.09765625 0.0986328125
0 0.48876953125 0.62353515625 0.1103515625 0.1103515625
0 0.38720703125 0.66748046875 0.1103515625 0.1103515625
0 0.3955078125 0.77392578125 0.109375 0.1103515625
0 0.29345703125 0.7392578125 0.1220703125 0.123046875
0 0.3037109375 0.62646484375 0.109375 0.1103515625
0 0.30322265625 0.8466796875 0.1220703125 0.123046875
0 0.1982421875 0.79833984375 0.09765625 0.0986328125
0 0.201171875 0.67919921875 0.109375 0.1103515625
0 0.1123046875 0.73974609375 0.09765625 0.0986328125
0 0.11376953125 0.6171875 0.1220703125 0.123046875
0 0.11572265625 0.8427734375 0.1103515625 0.111328125
0 0.7705078125 0.90087890625 0.109375 0.1103515625
0 0.19189453125 0.89697265625 0.1103515625 0.1103515625
0 0.38671875 0.8974609375 0.109375 0.111328125
0 0.57861328125 0.896484375 0.1103515625 0.111328125