0 0.03955078125 0.78857421875 0.0615234375 0.0615234375
0 0.21484375 0.92724609375 0.060546875 0.0615234375
0 0.3076171875 0.962890625 0.048828125 0.048828125
0 0.7080078125 0.85107421875 0.060546875 0.0615234375
0 0.31591796875 0.85986328125 0.0615234375 0.0615234375
0 0.50390625 0.95654296875 0.048828125 0.0498046875
0 0.60107421875 0.90771484375 0.0732421875 0.0732421875
0 0.50390625 0.84228515625 0.060546875 0.0615234375
0 0.404296875 0.90380859375 0.060546875 0.0615234375
0 0.794921875 0.7978515625 0.048828125 0.048828125
0 0.88916015625 0.07421875 0.1220703125 0.123046875
0 0.78759765625 0.142578125 0.1220703125 0.123046875
0 0.7001953125 0.08447265625 0.109375 0.1103515625
0 0.609375 0.13623046875 0.109375 0.1103515625
0 0.50146484375 0.07861328125 0.1103515625 0.1103515625
0 0.41552734375 0.13818359375 0.1103515625 0.1103515625
0 0.3212890625 0.08251953125 0.09765625 0.0986328125
0 0.2275390625 0.1435546875 0.09765625 0.09765625
0 0.14794921875 0.0908203125 0.0361328125 0.037109375
0 0.7080078125 0.19091796875 0.109375 0.1103515625
0 0.51123046875 0.18701171875 0.1103515625 0.1103515625
0 0.4130859375 0.25146484375 0.109375 0.1103515625
0 0.30908203125 0.2001953125 0.1220703125 0.123046875
0 0.22119140625 0.2626953125 0.0732421875 0.07421875
0 0.31640625 0.30126953125 0.109375 0.1103515625
0 0.61669921875 0.25537109375 0.1103515625 0.1103515625
0 0.31591796875 0.400390625 0.0849609375 0.0859375
0 0.30224609375 0.5126953125 0.1220703125 0.123046875
0 0.310546875 0.63623046875 0.09765625 0.0986328125
0 0.4091796875 0.35595703125 0.109375 0.1103515625
0 0.4111328125 0.46826171875 0.09765625 0.0986328125
0 0.4111328125 0.58349609375 0.109375 0.1103515625
0 0.40478515625 0.68505859375 0.1103515625 0.1103515625
0 0.50634765625 0.29931640625 0.1103515625 0.1103515625
0 0.50634765625 0.40966796875 0.1103515625 0.1103515625
0 0.50927734375 0.52685546875 0.1220703125 0.1220703125
0 0.5068359375 0.63623046875 0.09765625 0.0986328125
0 0.60205078125 0.34912109375 0.1103515625 0.1103515625
0 0.5947265625 0.46826171875 0.09765625 0.0986328125
0 0.5966796875 0.58251953125 0.09765625 0.0986328125
0 0.5947265625 0.69287109375 0.09765625 0.0986328125
0 0.693359375 0.3017578125 0.109375 0.111328125
0 0.6953125 0.41162109375 0.109375 0.1103515625
0 0.70263671875 0.5263671875 0.1220703125 0.123046875
0 0.71337890625 0.63232421875 0.1103515625 0.1103515625
0 0.80322265625 0.248046875 0.1220703125 0.123046875
0 0.80126953125 0.33984375 0.1220703125 0.123046875
0 0.79638671875 0.4716796875 0.1220703125 0.123046875
0 0.79638671875 0.583984375 0.1220703125 0.123046875
0 0.89111328125 0.1884765625 0.1220703125 0.123046875
0 0.89501953125 0.28515625 0.1220703125 0.123046875
0 0.89111328125 0.4033203125 0.1220703125 0.123046875
0 0.88134765625 0.513671875 0.1220703125 0.123046875
0 0.8876953125 0.63232421875 0.109375 0.1103515625
0 0.87890625 0.94140625 0.048828125 0.048828125
0 0.501953125 0.76806640625 0.09765625 0.0986328125
0 0.41064453125 0.7939453125 0.0849609375 0.0859375
0 0.8818359375 0.736328125 0.048828125 0.048828125
0 0.8779296875 0.8447265625 0.048828125 0.048828125
0 0.796875 0.90478515625 0.048828125 0.0498046875
0 0.71630859375 0.94482421875 0.0244140625 0.0244140625
0 0.7021484375 0.7509765625 0.048828125 0.048828125
0 0.802734375 0.68359375 0.048828125 0.048828125
0 0.6005859375 0.79736328125 0.037109375 0.0361328125
0 0.3154296875 0.73681640625 0.037109375 0.0361328125
0 0.21337890625 0.7177734375 0.0361328125 0.037109375
0 0.23779296875 0.85791015625 0.0244140625 0.0244140625
0 0.1298828125 0.8388671875 0.037109375 0.037109375
0 0.1337890625 0.7431640625 0.037109375 0.037109375
0 0.134765625 0.626953125 0.037109375 0.037109375
0 0.13671875 0.9619140625 0.037109375 0.037109375