0 0.7001953125 0.8349609375 0.048828125 0.048828125
0 0.60205078125 0.92431640625 0.0615234375 0.0615234375
0 0.51025390625 0.87939453125 0.0615234375 0.0615234375
0 0.79931640625 0.8251953125 0.0361328125 0.037109375
0 0.880859375 0.7998046875 0.037109375 0.037109375
0 0.7919921875 0.9306640625 0.048828125 0.048828125
0 0.1328125 0.31689453125 0.109375 0.1103515625
0 0.138671875 0.2080078125 0.09765625 0.09765625
0 0.12939453125 0.103515625 0.1220703125 0.123046875
0 0.22509765625 0.1552734375 0.1220703125 0.123046875
0 0.22119140625 0.263671875 0.1220703125 0.123046875
0 0.2197265625 0.38134765625 0.109375 0.1103515625
0 0.32666015625 0.3076171875 0.1220703125 0.123046875
0 0.31982421875 0.2119140625 0.1220703125 0.123046875
0 0.322265625 0.07958984375 0.09765625 0.0986328125
0 0.41162109375 0.154296875 0.1220703125 0.123046875
0 0.40771484375 0.2587890625 0.1220703125 0.123046875
0 0.40380859375 0.376953125 0.1220703125 0.123046875
0 0.50341796875 0.328125 0.1220703125 0.123046875
0 0.50341796875 0.2138671875 0.1220703125 0.123046875
0 0.50927734375 0.09912109375 0.1220703125 0.1220703125
0 0.60693359375 0.14892578125 0.1220703125 0.1220703125
0 0.60693359375 0.259765625 0.1220703125 0.123046875
0 0.60595703125 0.373046875 0.1220703125 0.123046875
0 0.69970703125 0.34033203125 0.1220703125 0.1220703125
0 0.7119140625 0.22216796875 0.09765625 0.0986328125
0 0.70166015625 0.119140625 0.1220703125 0.123046875
0 0.78955078125 0.15234375 0.1220703125 0.123046875
0 0.79736328125 0.271484375 0.1220703125 0.123046875
0 0.88232421875 0.3212890625 0.1220703125 0.123046875
0 0.89013671875 0.2099609375 0.1220703125 0.123046875
0 0.88525390625 0.091796875 0.1220703125 0.123046875
0 0.78857421875 0.36083984375 0.0849609375 0.0869140625
0 0.890625 0.42236328125 0.109375 0.1103515625
0 0.89013671875 0.52490234375 0.1103515625 0.1103515625
0 0.88427734375 0.69970703125 0.1220703125 0.1220703125
0 0.78515625 0.71142578125 0.09765625 0.0986328125
0 0.78173828125 0.60888671875 0.1103515625 0.1103515625
0 0.791015625 0.48193359375 0.09765625 0.0986328125
0 0.6923828125 0.48095703125 0.09765625 0.0986328125
0 0.69287109375 0.62109375 0.1220703125 0.123046875
0 0.6923828125 0.75537109375 0.109375 0.1103515625
0 0.6044921875 0.48388671875 0.09765625 0.0986328125
0 0.60302734375 0.587890625 0.1220703125 0.123046875
0 0.603515625 0.70556640625 0.09765625 0.0986328125
0 0.50830078125 0.7734375 0.1103515625 0.111328125
0 0.4951171875 0.43212890625 0.09765625 0.0986328125
0 0.5068359375 0.54541015625 0.09765625 0.0986328125
0 0.4990234375 0.6513671875 0.09765625 0.09765625
0 0.4111328125 0.47998046875 0.09765625 0.0986328125
0 0.4140625 0.591796875 0.09765625 0.09765625
0 0.4111328125 0.705078125 0.109375 0.111328125
0 0.4169921875 0.80078125 0.0859375 0.0859375
0 0.33447265625 0.4853515625 0.1220703125 0.123046875
0 0.3232421875 0.626953125 0.109375 0.111328125
0 0.31982421875 0.7490234375 0.1220703125 0.123046875
0 0.32763671875 0.857421875 0.1220703125 0.123046875
0 0.21875 0.474609375 0.09765625 0.09765625
0 0.2275390625 0.580078125 0.09765625 0.09765625
0 0.2216796875 0.70751953125 0.09765625 0.0986328125
0 0.22412109375 0.81005859375 0.1103515625 0.1103515625
0 0.1328125 0.419921875 0.09765625 0.09765625
0 0.13134765625 0.55126953125 0.1103515625 0.1103515625
0 0.1279296875 0.65478515625 0.09765625 0.0986328125
0 0.123046875 0.76123046875 0.09765625 0.0986328125
0 0.1279296875 0.88134765625 0.0859375 0.0869140625
0 0.87451171875 0.9208984375 0.0361328125 0.037109375
0 0.603515625 0.830078125 0.048828125 0.048828125
0 0.4072265625 0.91845703125 0.048828125 0.0498046875
0 0.22265625 0.9345703125 0.048828125 0.048828125