0 0.31201171875 0.291015625 0.0849609375 0.0859375
0 0.39697265625 0.44140625 0.0849609375 0.0859375
0 0.47998046875 0.60888671875 0.0732421875 0.0732421875
0 0.88330078125 0.03173828125 0.0615234375 0.0615234375
0 0.9501953125 0.46533203125 0.09765625 0.0986328125
0 0.95361328125 0.8974609375 0.0849609375 0.0859375
0 0.86328125 0.951171875 0.0859375 0.0859375
0 0.86865234375 0.83056640625 0.1103515625 0.1103515625
0 0.8671875 0.72119140625 0.09765625 0.0986328125
0 0.859375 0.61572265625 0.09765625 0.0986328125
0 0.8623046875 0.52587890625 0.109375 0.1103515625
0 0.8623046875 0.396484375 0.0859375 0.0859375
0 0.87158203125 0.2880859375 0.0849609375 0.0859375
0 0.77734375 0.34423828125 0.09765625 0.0986328125
0 0.78125 0.45556640625 0.109375 0.1103515625
0 0.7734375 0.55859375 0.09765625 0.09765625
0 0.7744140625 0.66943359375 0.109375 0.1103515625
0 0.76904296875 0.75927734375 0.1103515625 0.1103515625
0 0.7646484375 0.87451171875 0.09765625 0.0986328125
0 0.10791015625 0.28125 0.0849609375 0.0859375
0 0.10888671875 0.37451171875 0.1220703125 0.1220703125
0 0.10498046875 0.4931640625 0.1220703125 0.123046875
0 0.111328125 0.5966796875 0.0859375 0.0859375
0 0.10498046875 0.7138671875 0.1220703125 0.123046875
0 0.10205078125 0.818359375 0.1220703125 0.123046875
0 0.10302734375 0.9248046875 0.1220703125 0.123046875
0 0.19482421875 0.880859375 0.1220703125 0.123046875
0 0.19775390625 0.75830078125 0.1220703125 0.1220703125
0 0.20263671875 0.658203125 0.1220703125 0.123046875
0 0.19970703125 0.544921875 0.1220703125 0.123046875
0 0.20849609375 0.43310546875 0.0849609375 0.0869140625
0 0.20361328125 0.306640625 0.0849609375 0.0859375
0 0.3095703125 0.380859375 0.0859375 0.0859375
0 0.314453125 0.4931640625 0.0859375 0.0859375
0 0.302734375 0.6025390625 0.0859375 0.0859375
0 0.306640625 0.716796875 0.0859375 0.0859375
0 0.30517578125 0.8330078125 0.0849609375 0.0859375
0 0.2998046875 0.93115234375 0.060546875 0.0615234375
0 0.3837890625 0.876953125 0.109375 0.111328125
0 0.390625 0.763671875 0.0859375 0.0859375
0 0.3955078125 0.6416015625 0.09765625 0.09765625
0 0.39208984375 0.5205078125 0.0849609375 0.0859375
0 0.39990234375 0.3359375 0.0849609375 0.0859375
0 0.48388671875 0.2802734375 0.0849609375 0.0859375
0 0.47607421875 0.39697265625 0.0849609375 0.0869140625
0 0.48095703125 0.501953125 0.0849609375 0.0859375
0 0.5673828125 0.751953125 0.048828125 0.048828125
0 0.474609375 0.72265625 0.0859375 0.0859375
0 0.48095703125 0.826171875 0.1220703125 0.123046875
0 0.57080078125 0.880859375 0.1220703125 0.123046875
0 0.6611328125 0.93212890625 0.09765625 0.0986328125
0 0.671875 0.80029296875 0.09765625 0.0986328125
0 0.671875 0.69873046875 0.09765625 0.0986328125
0 0.6669921875 0.59521484375 0.09765625 0.0986328125
0 0.681640625 0.49462890625 0.09765625 0.0986328125
0 0.685546875 0.375 0.09765625 0.09765625
0 0.68017578125 0.2841796875 0.0849609375 0.0859375
0 0.58740234375 0.34375 0.1220703125 0.123046875
0 0.5869140625 0.44677734375 0.09765625 0.0986328125
0 0.57275390625 0.6484375 0.0849609375 0.0859375
0 0.2197265625 0.03271484375 0.048828125 0.0498046875
0 0.03125 0.033203125 0.048828125 0.048828125