0 0.529296875 0.14697265625 0.060546875 0.0615234375
0 0.61083984375 0.2158203125 0.0849609375 0.0859375
0 0.5361328125 0.3642578125 0.048828125 0.048828125
0 0.6103515625 0.4267578125 0.048828125 0.048828125
0 0.53564453125 0.25439453125 0.0615234375 0.0615234375
0 0.3505859375 0.04931640625 0.048828125 0.0498046875
0 0.03857421875 0.181640625 0.0732421875 0.07421875
0 0.15869140625 0.04248046875 0.0615234375 0.0615234375
0 0.23828125 0.09375 0.048828125 0.048828125
0 0.43310546875 0.21435546875 0.0615234375 0.0615234375
0 0.0439453125 0.06982421875 0.060546875 0.0615234375
0 0.04443359375 0.40185546875 0.0615234375 0.0615234375
0 0.4326171875 0.10205078125 0.048828125 0.0498046875
0 0.03515625 0.86279296875 0.060546875 0.0615234375
0 0.15234375 0.89501953125 0.060546875 0.0615234375
0 0.7099609375 0.4814453125 0.048828125 0.048828125
0 0.7099609375 0.60009765625 0.060546875 0.0615234375
0 0.7109375 0.375 0.048828125 0.048828125
0 0.71044921875 0.93212890625 0.0615234375 0.0615234375
0 0.8037109375 0.64990234375 0.048828125 0.0498046875
0 0.708984375 0.69482421875 0.060546875 0.0615234375
0 0.72021484375 0.81396484375 0.0732421875 0.0732421875
0 0.91455078125 0.150390625 0.1103515625 0.111328125
0 0.80859375 0.095703125 0.109375 0.111328125
0 0.71875 0.150390625 0.109375 0.111328125
0 0.615234375 0.1015625 0.09765625 0.09765625
0 0.70849609375 0.2421875 0.0849609375 0.0859375
0 0.80322265625 0.20458984375 0.1103515625 0.1103515625
0 0.90234375 0.26904296875 0.109375 0.1103515625
0 0.90234375 0.37841796875 0.109375 0.1103515625
0 0.90478515625 0.48681640625 0.1103515625 0.1103515625
0 0.90576171875 0.58642578125 0.1103515625 0.1103515625
0 0.90576171875 0.69873046875 0.1103515625 0.1103515625
0 0.900390625 0.9365234375 0.109375 0.111328125
0 0.90771484375 0.8203125 0.1103515625 0.111328125
0 0.517578125 0.0341796875 0.048828125 0.048828125
0 0.1728515625 0.15966796875 0.048828125 0.0498046875
0 0.62109375 0.30517578125 0.060546875 0.0615234375
0 0.62109375 0.5322265625 0.037109375 0.037109375
0 0.2333984375 0.19384765625 0.048828125 0.0498046875
0 0.23876953125 0.52490234375 0.0244140625 0.0244140625
0 0.23583984375 0.32080078125 0.0244140625 0.0244140625
0 0.0380859375 0.517578125 0.037109375 0.037109375
0 0.16162109375 0.4921875 0.0361328125 0.037109375
0 0.04150390625 0.26904296875 0.0244140625 0.0244140625
0 0.7998046875 0.541015625 0.037109375 0.037109375
0 0.7998046875 0.77099609375 0.048828125 0.0498046875
0 0.8037109375 0.8759765625 0.048828125 0.048828125
0 0.8056640625 0.3173828125 0.048828125 0.048828125
0 0.806640625 0.41796875 0.048828125 0.048828125
0 0.3369140625 0.9287109375 0.048828125 0.048828125
0 0.22705078125 0.8564453125 0.0244140625 0.025390625
0 0.2314453125 0.7490234375 0.037109375 0.037109375
0 0.1572265625 0.7021484375 0.037109375 0.037109375
0 0.1513671875 0.79833984375 0.060546875 0.0615234375
0 0.0400390625 0.63671875 0.037109375 0.037109375
0 0.0390625 0.75390625 0.037109375 0.037109375
0 0.1533203125 0.595703125 0.037109375 0.037109375