0 0.970703125 0.3447265625 0.048828125 0.048828125
0 0.9658203125 0.46337890625 0.048828125 0.0498046875
0 0.873046875 0.41357421875 0.048828125 0.0498046875
0 0.86279296875 0.64794921875 0.0732421875 0.0732421875
0 0.86083984375 0.53662109375 0.0732421875 0.0732421875
0 0.86279296875 0.88427734375 0.0615234375 0.0615234375
0 0.9619140625 0.58154296875 0.060546875 0.0615234375
0 0.8623046875 0.76025390625 0.060546875 0.0615234375
0 0.94873046875 0.7197265625 0.0361328125 0.037109375
0 0.09423828125 0.51708984375 0.0615234375 0.0615234375
0 0.10498046875 0.63037109375 0.0615234375 0.0615234375
0 0.2998046875 0.40185546875 0.060546875 0.0615234375
0 0.47998046875 0.40625 0.0732421875 0.07421875
0 0.38330078125 0.56005859375 0.0615234375 0.0615234375
0 0.78857421875 0.46044921875 0.0615234375 0.0615234375
0 0.57470703125 0.4853515625 0.0732421875 0.07421875
0 0.404296875 0.3544921875 0.048828125 0.048828125
0 0.78125 0.80224609375 0.060546875 0.0615234375
0 0.30078125 0.49951171875 0.060546875 0.0615234375
0 0.48388671875 0.62890625 0.0732421875 0.07421875
0 0.6787109375 0.419921875 0.048828125 0.048828125
0 0.57666015625 0.35693359375 0.0732421875 0.0732421875
0 0.673828125 0.52880859375 0.060546875 0.0615234375
0 0.39404296875 0.455078125 0.0615234375 0.060546875
0 0.5732421875 0.58544921875 0.060546875 0.0615234375
0 0.673828125 0.85693359375 0.060546875 0.0615234375
0 0.556640625 0.82470703125 0.060546875 0.0615234375
0 0.67578125 0.73974609375 0.060546875 0.0615234375
0 0.671875 0.63134765625 0.060546875 0.0615234375
0 0.47607421875 0.529296875 0.0732421875 0.07421875
0 0.779296875 0.67626953125 0.060546875 0.0615234375
0 0.78369140625 0.35595703125 0.0615234375 0.0615234375
0 0.8740234375 0.1953125 0.048828125 0.048828125
0 0.869140625 0.30322265625 0.048828125 0.0498046875
0 0.9658203125 0.24951171875 0.060546875 0.0615234375
0 0.11767578125 0.169921875 0.0732421875 0.07421875
0 0.40576171875 0.14013671875 0.0615234375 0.0615234375
0 0.3056640625 0.1953125 0.048828125 0.048828125
0 0.57470703125 0.24755859375 0.0615234375 0.0615234375
0 0.40673828125 0.24267578125 0.0615234375 0.0615234375
0 0.68017578125 0.29833984375 0.0615234375 0.0615234375
0 0.2080078125 0.2275390625 0.048828125 0.048828125
0 0.1953125 0.568359375 0.037109375 0.037109375
0 0.2060546875 0.462890625 0.048828125 0.048828125
0 0.205078125 0.3359375 0.037109375 0.037109375
0 0.30810546875 0.2861328125 0.0361328125 0.037109375
0 0.48779296875 0.306640625 0.0732421875 0.07421875
0 0.4892578125 0.185546875 0.037109375 0.037109375
0 0.576171875 0.15771484375 0.048828125 0.0498046875
0 0.6796875 0.11669921875 0.048828125 0.0498046875
0 0.56640625 0.6962890625 0.048828125 0.048828125
0 0.77783203125 0.57421875 0.0361328125 0.037109375
0 0.7783203125 0.24658203125 0.048828125 0.0498046875
0 0.8681640625 0.1162109375 0.048828125 0.048828125
0 0.3720703125 0.791015625 0.048828125 0.048828125
0 0.2958984375 0.626953125 0.037109375 0.037109375
0 0.38037109375 0.67822265625 0.0244140625 0.0244140625
0 0.4833984375 0.73974609375 0.048828125 0.0498046875
0 0.48193359375 0.86328125 0.0244140625 0.025390625
0 0.4775390625 0.970703125 0.037109375 0.037109375
0 0.5576171875 0.92138671875 0.060546875 0.0615234375
0 0.669921875 0.9658203125 0.037109375 0.037109375
0 0.78125 0.8974609375 0.048828125 0.048828125
0 0.95361328125 0.82958984375 0.0361328125 0.0361328125