0 0.1046875 0.82578125 0.084375 0.0859375
0 0.68046875 0.13984375 0.0609375 0.0609375
0 0.58203125 0.07265625 0.0609375 0.0609375
0 0.9328125 0.20859375 0.071875 0.0734375
0 0.84296875 0.13984375 0.0609375 0.0609375
0 0.6859375 0.0421875 0.059375 0.059375
0 0.67890625 0.23359375 0.0609375 0.0609375
0 0.75 0.19609375 0.071875 0.0734375
0 0.84140625 0.02734375 0.0484375 0.0484375
0 0.7515625 0.0703125 0.059375 0.059375
0 0.9390625 0.10078125 0.059375 0.0609375
0 0.928125 0.896875 0.121875 0.121875
0 0.9296875 0.796875 0.121875 0.121875
0 0.9359375 0.690625 0.121875 0.121875
0 0.9296875 0.6125 0.121875 0.121875
0 0.834375 0.51640625 0.109375 0.1109375
0 0.8359375 0.6328125 0.121875 0.121875
0 0.846875 0.740625 0.121875 0.121875
0 0.834375 0.85625 0.121875 0.121875
0 0.7484375 0.90703125 0.084375 0.0859375
0 0.75078125 0.79140625 0.0859375 0.0859375
0 0.75625 0.67109375 0.084375 0.0859375
0 0.7546875 0.57421875 0.084375 0.0859375
0 0.653125 0.621875 0.096875 0.096875
0 0.6515625 0.74296875 0.084375 0.0859375
0 0.65 0.84609375 0.096875 0.0984375
0 0.5640625 0.5671875 0.121875 0.121875
0 0.559375 0.684375 0.121875 0.121875
0 0.5609375 0.79375 0.121875 0.121875
0 0.5640625 0.90625 0.121875 0.121875
0 0.475 0.621875 0.121875 0.121875
0 0.4703125 0.74375 0.121875 0.121875
0 0.4640625 0.84375 0.121875 0.121875
0 0.3703125 0.8984375 0.109375 0.109375
0 0.375 0.790625 0.121875 0.121875
0 0.371875 0.68046875 0.096875 0.0984375
0 0.3671875 0.56015625 0.084375 0.0859375
0 0.29140625 0.61640625 0.0859375 0.0859375
0 0.284375 0.73203125 0.084375 0.0859375
0 0.275 0.8375 0.096875 0.096875
0 0.18671875 0.66953125 0.0859375 0.0859375
0 0.18359375 0.78046875 0.0859375 0.0859375
0 0.17578125 0.90078125 0.0859375 0.0859375
0 0.1015625 0.70390625 0.096875 0.0984375
0 0.0984375 0.61328125 0.096875 0.0984375
0 0.31640625 0.02265625 0.0234375 0.0234375
0 0.22421875 0.05546875 0.0234375 0.0234375