0 0.8955078125 0.07421875 0.109375 0.111328125
0 0.896484375 0.189453125 0.109375 0.111328125
0 0.8935546875 0.30126953125 0.109375 0.1103515625
0 0.896484375 0.40673828125 0.09765625 0.0986328125
0 0.8046875 0.13671875 0.109375 0.111328125
0 0.8037109375 0.23486328125 0.09765625 0.0986328125
0 0.81005859375 0.3544921875 0.1220703125 0.123046875
0 0.80615234375 0.45361328125 0.1103515625 0.1103515625
0 0.70263671875 0.40869140625 0.1103515625 0.1103515625
0 0.70556640625 0.29345703125 0.1103515625 0.1103515625
0 0.70751953125 0.07666015625 0.1103515625 0.1103515625
0 0.70703125 0.181640625 0.048828125 0.048828125
0 0.6220703125 0.12744140625 0.09765625 0.0986328125
0 0.611328125 0.23583984375 0.109375 0.1103515625
0 0.615234375 0.35888671875 0.09765625 0.0986328125
0 0.62109375 0.47607421875 0.109375 0.1103515625
0 0.51611328125 0.4267578125 0.1220703125 0.123046875
0 0.51416015625 0.30126953125 0.1220703125 0.1220703125
0 0.51611328125 0.18701171875 0.1220703125 0.1220703125
0 0.51953125 0.07861328125 0.109375 0.1103515625
0 0.41796875 0.13623046875 0.09765625 0.0986328125
0 0.42529296875 0.25 0.1220703125 0.123046875
0 0.42431640625 0.369140625 0.1220703125 0.123046875
0 0.42431640625 0.478515625 0.1220703125 0.123046875
0 0.314453125 0.41357421875 0.109375 0.1103515625
0 0.330078125 0.31005859375 0.109375 0.1103515625
0 0.32421875 0.20068359375 0.09765625 0.0986328125
0 0.32275390625 0.09130859375 0.1103515625 0.1103515625
0 0.2294921875 0.14892578125 0.109375 0.1103515625
0 0.2314453125 0.24951171875 0.09765625 0.0986328125
0 0.22412109375 0.3603515625 0.1220703125 0.123046875
0 0.23193359375 0.46875 0.1220703125 0.123046875
0 0.13037109375 0.4052734375 0.1220703125 0.123046875
0 0.1357421875 0.2890625 0.09765625 0.09765625
0 0.13427734375 0.1806640625 0.1220703125 0.123046875
0 0.13037109375 0.076171875 0.1220703125 0.123046875
0 0.13232421875 0.51953125 0.1220703125 0.123046875
0 0.13623046875 0.6162109375 0.1220703125 0.123046875
0 0.13232421875 0.734375 0.1220703125 0.123046875
0 0.12255859375 0.8447265625 0.1220703125 0.123046875
0 0.21630859375 0.8984375 0.1103515625 0.111328125
0 0.22802734375 0.7939453125 0.1103515625 0.111328125
0 0.22216796875 0.5732421875 0.1220703125 0.123046875
0 0.31396484375 0.6533203125 0.1220703125 0.123046875
0 0.31689453125 0.533203125 0.1220703125 0.123046875
0 0.23095703125 0.68408203125 0.1103515625 0.1103515625
0 0.318359375 0.75244140625 0.109375 0.1103515625
0 0.31884765625 0.8681640625 0.1220703125 0.123046875
0 0.42138671875 0.60009765625 0.1220703125 0.1220703125
0 0.42138671875 0.6923828125 0.1220703125 0.123046875
0 0.42041015625 0.7978515625 0.1220703125 0.123046875
0 0.408203125 0.90478515625 0.109375 0.1103515625
0 0.59814453125 0.5849609375 0.1220703125 0.123046875
0 0.60302734375 0.69287109375 0.1220703125 0.1220703125
0 0.50830078125 0.74853515625 0.1103515625 0.1103515625
0 0.50927734375 0.63720703125 0.1103515625 0.1103515625
0 0.52197265625 0.52490234375 0.1103515625 0.1103515625
0 0.59228515625 0.80810546875 0.1220703125 0.1220703125
0 0.51318359375 0.888671875 0.1220703125 0.123046875
0 0.61181640625 0.89013671875 0.1103515625 0.1103515625
0 0.7001953125 0.85400390625 0.109375 0.1103515625
0 0.70703125 0.73193359375 0.109375 0.1103515625
0 0.69921875 0.63134765625 0.109375 0.1103515625
0 0.7041015625 0.52392578125 0.109375 0.1103515625
0 0.80322265625 0.5703125 0.1220703125 0.123046875
0 0.79931640625 0.6826171875 0.1220703125 0.123046875
0 0.8017578125 0.78759765625 0.109375 0.1103515625
0 0.80859375 0.88330078125 0.109375 0.1103515625
0 0.89208984375 0.84814453125 0.1103515625 0.1103515625
0 0.88916015625 0.74658203125 0.1103515625 0.1103515625
0 0.89599609375 0.62890625 0.1103515625 0.111328125
0 0.89306640625 0.5244140625 0.1103515625 0.111328125