0 0.70849609375 0.318359375 0.0732421875 0.07421875
0 0.7138671875 0.94970703125 0.060546875 0.0615234375
0 0.638671875 0.7978515625 0.048828125 0.048828125
0 0.6416015625 0.5966796875 0.048828125 0.048828125
0 0.6376953125 0.7041015625 0.048828125 0.048828125
0 0.6337890625 0.91357421875 0.060546875 0.0615234375
0 0.9072265625 0.76220703125 0.060546875 0.0615234375
0 0.63720703125 0.48095703125 0.0615234375 0.0615234375
0 0.8232421875 0.580078125 0.048828125 0.048828125
0 0.7119140625 0.6455078125 0.037109375 0.037109375
0 0.822265625 0.486328125 0.048828125 0.048828125
0 0.912109375 0.6513671875 0.060546875 0.060546875
0 0.71240234375 0.53125 0.0732421875 0.07421875
0 0.91552734375 0.57470703125 0.0615234375 0.0615234375
0 0.7109375 0.86181640625 0.060546875 0.0615234375
0 0.703125 0.7587890625 0.048828125 0.048828125
0 0.90283203125 0.849609375 0.0732421875 0.07421875
0 0.71240234375 0.4296875 0.0732421875 0.07421875
0 0.1123046875 0.29150390625 0.048828125 0.0498046875
0 0.5234375 0.94580078125 0.048828125 0.0498046875
0 0.423828125 0.88427734375 0.048828125 0.0498046875
0 0.4345703125 0.57763671875 0.048828125 0.0498046875
0 0.52490234375 0.52587890625 0.0615234375 0.0615234375
0 0.3232421875 0.62060546875 0.060546875 0.0615234375
0 0.4287109375 0.7763671875 0.048828125 0.048828125
0 0.3203125 0.86962890625 0.048828125 0.0498046875
0 0.3310546875 0.95068359375 0.048828125 0.0498046875
0 0.5224609375 0.75927734375 0.060546875 0.0615234375
0 0.431640625 0.67626953125 0.048828125 0.0498046875
0 0.3271484375 0.54052734375 0.060546875 0.0615234375
0 0.431640625 0.4794921875 0.037109375 0.037109375
0 0.5205078125 0.64111328125 0.048828125 0.0498046875
0 0.3271484375 0.41845703125 0.048828125 0.0498046875
0 0.53369140625 0.423828125 0.0361328125 0.037109375
0 0.83349609375 0.20751953125 0.0615234375 0.0615234375
0 0.7177734375 0.2138671875 0.048828125 0.048828125
0 0.90234375 0.95703125 0.048828125 0.048828125
0 0.8271484375 0.80078125 0.048828125 0.048828125
0 0.52294921875 0.857421875 0.0361328125 0.037109375
0 0.43994140625 0.03515625 0.0244140625 0.025390625
0 0.916015625 0.17138671875 0.048828125 0.0498046875
0 0.91064453125 0.27490234375 0.0615234375 0.0615234375
0 0.9140625 0.35546875 0.048828125 0.048828125
0 0.916015625 0.4375 0.048828125 0.048828125
0 0.82421875 0.375 0.048828125 0.048828125
0 0.8291015625 0.2822265625 0.048828125 0.048828125
0 0.826171875 0.11474609375 0.048828125 0.0498046875
0 0.7138671875 0.099609375 0.048828125 0.048828125
0 0.64013671875 0.14306640625 0.0244140625 0.0244140625
0 0.64501953125 0.26806640625 0.0244140625 0.0244140625
0 0.64697265625 0.3828125 0.0244140625 0.025390625
0 0.53076171875 0.31005859375 0.0244140625 0.0244140625
0 0.53076171875 0.07177734375 0.0244140625 0.0244140625
0 0.82373046875 0.66650390625 0.0244140625 0.0244140625
0 0.83056640625 0.89599609375 0.0244140625 0.0244140625
0 0.08935546875 0.52685546875 0.0615234375 0.0615234375
0 0.0810546875 0.6259765625 0.048828125 0.048828125
0 0.22802734375 0.46142578125 0.0244140625 0.0244140625
0 0.22802734375 0.568359375 0.0361328125 0.037109375
0 0.337890625 0.0966796875 0.048828125 0.048828125
0 0.232421875 0.34912109375 0.037109375 0.0361328125
0 0.2373046875 0.232421875 0.048828125 0.048828125
0 0.2373046875 0.1279296875 0.048828125 0.048828125
0 0.1201171875 0.0849609375 0.048828125 0.048828125
0 0.109375 0.19775390625 0.037109375 0.0361328125
0 0.04052734375 0.04443359375 0.0244140625 0.0244140625
0 0.03369140625 0.17138671875 0.0244140625 0.0244140625
0 0.02734375 0.28564453125 0.048828125 0.0498046875
0 0.43896484375 0.25634765625 0.0244140625 0.0244140625
0 0.32275390625 0.34375 0.0361328125 0.037109375