0 0.9306640625 0.5751953125 0.048828125 0.048828125
0 0.15478515625 0.57958984375 0.0615234375 0.0615234375
0 0.26806640625 0.56884765625 0.0615234375 0.0615234375
0 0.03955078125 0.3740234375 0.0615234375 0.060546875
0 0.0439453125 0.19384765625 0.07421875 0.0732421875
0 0.19775390625 0.29052734375 0.0615234375 0.0615234375
0 0.123046875 0.09912109375 0.07421875 0.0732421875
0 0.13720703125 0.373046875 0.0615234375 0.060546875
0 0.2666015625 0.18994140625 0.07421875 0.0732421875
0 0.0927734375 0.27978515625 0.060546875 0.0615234375
0 0.22314453125 0.1005859375 0.0615234375 0.060546875
0 0.46240234375 0.1171875 0.0615234375 0.060546875
0 0.1669921875 0.19775390625 0.07421875 0.0732421875
0 0.8759765625 0.6748046875 0.048828125 0.048828125
0 0.75732421875 0.6748046875 0.0615234375 0.060546875
0 0.42529296875 0.67529296875 0.0615234375 0.0615234375
0 0.70751953125 0.7685546875 0.0498046875 0.048828125
0 0.66259765625 0.673828125 0.0615234375 0.060546875
0 0.31689453125 0.67578125 0.0615234375 0.060546875
0 0.08447265625 0.66455078125 0.0615234375 0.0615234375
0 0.54345703125 0.68505859375 0.0732421875 0.0732421875
0 0.26708984375 0.759765625 0.0615234375 0.060546875
0 0.15869140625 0.759765625 0.0498046875 0.048828125
0 0.06396484375 0.7587890625 0.0498046875 0.048828125
0 0.19580078125 0.6767578125 0.0498046875 0.048828125
0 0.2060546875 0.478515625 0.037109375 0.037109375
0 0.1005859375 0.4677734375 0.048828125 0.048828125
0 0.2236328125 0.869140625 0.0859375 0.0859375
0 0.1171875 0.86962890625 0.123046875 0.1220703125
0 0.333984375 0.107421875 0.048828125 0.048828125
0 0.87060546875 0.86962890625 0.1103515625 0.1103515625
0 0.77099609375 0.87060546875 0.1103515625 0.1103515625
0 0.65869140625 0.87060546875 0.1103515625 0.1103515625
0 0.33154296875 0.865234375 0.0986328125 0.09765625
0 0.4208984375 0.865234375 0.111328125 0.109375
0 0.537109375 0.87255859375 0.111328125 0.1103515625
0 0.8251953125 0.5859375 0.037109375 0.037109375
0 0.83251953125 0.20361328125 0.0244140625 0.0244140625
0 0.865234375 0.12646484375 0.037109375 0.0361328125
0 0.81640625 0.7646484375 0.037109375 0.037109375
0 0.58642578125 0.7646484375 0.0498046875 0.048828125
0 0.4814453125 0.7685546875 0.048828125 0.048828125
0 0.37646484375 0.76318359375 0.0615234375 0.0615234375
0 0.939453125 0.771484375 0.048828125 0.048828125
0 0.4287109375 0.3017578125 0.048828125 0.048828125
0 0.2646484375 0.3779296875 0.037109375 0.037109375
0 0.31591796875 0.29345703125 0.0244140625 0.0244140625
0 0.37744140625 0.1904296875 0.0498046875 0.048828125
0 0.5009765625 0.19189453125 0.025390625 0.0244140625
0 0.6083984375 0.1962890625 0.037109375 0.037109375
0 0.6552734375 0.1220703125 0.037109375 0.037109375
0 0.55908203125 0.1162109375 0.0615234375 0.060546875
0 0.76171875 0.1181640625 0.037109375 0.037109375