0 0.23046875 0.81103515625 0.048828125 0.0498046875
0 0.04052734375 0.84033203125 0.0615234375 0.0615234375
0 0.2392578125 0.2646484375 0.048828125 0.048828125
0 0.23388671875 0.36962890625 0.0615234375 0.0615234375
0 0.23876953125 0.16748046875 0.0615234375 0.0615234375
0 0.2373046875 0.05419921875 0.060546875 0.0615234375
0 0.23681640625 0.48388671875 0.0615234375 0.0615234375
0 0.23046875 0.69873046875 0.060546875 0.0615234375
0 0.234375 0.58447265625 0.060546875 0.0615234375
0 0.3095703125 0.6640625 0.048828125 0.048828125
0 0.908203125 0.34326171875 0.060546875 0.0615234375
0 0.9150390625 0.560546875 0.048828125 0.048828125
0 0.91455078125 0.45068359375 0.0615234375 0.0615234375
0 0.9072265625 0.1142578125 0.048828125 0.048828125
0 0.7314453125 0.130859375 0.048828125 0.048828125
0 0.6220703125 0.0771484375 0.048828125 0.048828125
0 0.31787109375 0.32470703125 0.0478515625 0.0498046875
0 0.7294921875 0.24560546875 0.048828125 0.0498046875
0 0.41748046875 0.3779296875 0.0732421875 0.07421875
0 0.53125 0.119140625 0.048828125 0.048828125
0 0.53759765625 0.23876953125 0.0615234375 0.0615234375
0 0.6171875 0.2900390625 0.048828125 0.048828125
0 0.3251953125 0.11279296875 0.060546875 0.0615234375
0 0.81201171875 0.41064453125 0.0615234375 0.0615234375
0 0.4228515625 0.26611328125 0.060546875 0.0615234375
0 0.31494140625 0.55322265625 0.0732421875 0.0732421875
0 0.42333984375 0.59814453125 0.0615234375 0.0615234375
0 0.8115234375 0.29833984375 0.048828125 0.0498046875
0 0.42529296875 0.177734375 0.0615234375 0.060546875
0 0.4306640625 0.05908203125 0.060546875 0.0615234375
0 0.3056640625 0.87939453125 0.048828125 0.0498046875
0 0.15380859375 0.20947265625 0.0615234375 0.0615234375
0 0.0625 0.07421875 0.037109375 0.037109375
0 0.04736328125 0.72021484375 0.0615234375 0.0615234375
0 0.15234375 0.10986328125 0.048828125 0.0498046875
0 0.14990234375 0.33642578125 0.0615234375 0.0615234375
0 0.146484375 0.4287109375 0.048828125 0.048828125
0 0.896484375 0.23046875 0.048828125 0.048828125
0 0.8125 0.2001953125 0.037109375 0.037109375
0 0.814453125 0.07421875 0.048828125 0.048828125
0 0.72900390625 0.01806640625 0.0244140625 0.0244140625
0 0.5517578125 0.35595703125 0.048828125 0.0498046875
0 0.32177734375 0.2294921875 0.0361328125 0.037109375
0 0.31787109375 0.431640625 0.0849609375 0.0859375
0 0.6123046875 0.39013671875 0.048828125 0.0498046875
0 0.61767578125 0.72119140625 0.0244140625 0.0244140625
0 0.61474609375 0.51708984375 0.0244140625 0.0244140625
0 0.4169921875 0.7138671875 0.037109375 0.037109375
0 0.54052734375 0.6884765625 0.0361328125 0.037109375
0 0.42041015625 0.46533203125 0.0244140625 0.0244140625
0 0.6103515625 0.9453125 0.037109375 0.037109375
0 0.5361328125 0.8984375 0.037109375 0.037109375
0 0.4189453125 0.8330078125 0.037109375 0.037109375
0 0.41796875 0.9501953125 0.037109375 0.037109375
0 0.22900390625 0.9345703125 0.0361328125 0.037109375
0 0.310546875 0.775390625 0.048828125 0.048828125
0 0.5322265625 0.7919921875 0.037109375 0.037109375
0 0.0556640625 0.1728515625 0.037109375 0.037109375
0 0.0537109375 0.2890625 0.037109375 0.037109375
0 0.0556640625 0.3935546875 0.037109375 0.037109375
0 0.0517578125 0.4912109375 0.037109375 0.037109375
0 0.04150390625 0.93994140625 0.0361328125 0.0361328125
0 0.140625 0.755859375 0.037109375 0.037109375