0 0.49365234375 0.65576171875 0.0732421875 0.0732421875
0 0.30224609375 0.18408203125 0.0615234375 0.0615234375
0 0.69189453125 0.04052734375 0.0615234375 0.0615234375
0 0.11572265625 0.16748046875 0.0615234375 0.0615234375
0 0.220703125 0.18359375 0.060546875 0.060546875
0 0.5068359375 0.12939453125 0.060546875 0.0615234375
0 0.2255859375 0.10400390625 0.060546875 0.0615234375
0 0.39599609375 0.08447265625 0.0615234375 0.0615234375
0 0.39404296875 0.18896484375 0.0615234375 0.0615234375
0 0.58837890625 0.71826171875 0.0732421875 0.0732421875
0 0.4970703125 0.5400390625 0.060546875 0.060546875
0 0.119140625 0.0908203125 0.060546875 0.060546875
0 0.68115234375 0.4375 0.0732421875 0.07421875
0 0.50390625 0.03564453125 0.060546875 0.0615234375
0 0.31201171875 0.09130859375 0.0615234375 0.0615234375
0 0.39794921875 0.3837890625 0.0732421875 0.07421875
0 0.50341796875 0.20556640625 0.0615234375 0.0615234375
0 0.67333984375 0.64697265625 0.0732421875 0.0732421875
0 0.59033203125 0.38232421875 0.0615234375 0.0615234375
0 0.595703125 0.47607421875 0.060546875 0.0615234375
0 0.5908203125 0.07275390625 0.060546875 0.0615234375
0 0.595703125 0.16845703125 0.060546875 0.0615234375
0 0.7685546875 0.7421875 0.0859375 0.0859375
0 0.77685546875 0.13427734375 0.0615234375 0.0615234375
0 0.7763671875 0.03173828125 0.060546875 0.0615234375
0 0.69287109375 0.11962890625 0.0615234375 0.0615234375
0 0.67919921875 0.77685546875 0.0732421875 0.0732421875
0 0.69921875 0.19677734375 0.048828125 0.0498046875
0 0.783203125 0.21728515625 0.048828125 0.0498046875
0 0.77001953125 0.6142578125 0.0732421875 0.07421875
0 0.77197265625 0.8369140625 0.0849609375 0.0859375
0 0.67626953125 0.8837890625 0.0732421875 0.07421875
0 0.8525390625 0.18359375 0.048828125 0.048828125
0 0.86962890625 0.7734375 0.0732421875 0.07421875
0 0.8623046875 0.0810546875 0.048828125 0.048828125
0 0.8681640625 0.67822265625 0.060546875 0.0615234375
0 0.7607421875 0.9384765625 0.09765625 0.09765625
0 0.865234375 0.89013671875 0.109375 0.1103515625
0 0.58642578125 0.59912109375 0.0615234375 0.0615234375
0 0.58349609375 0.8408203125 0.0849609375 0.0859375
0 0.5849609375 0.9306640625 0.0859375 0.0859375
0 0.49853515625 0.76123046875 0.0849609375 0.0869140625
0 0.4931640625 0.888671875 0.0859375 0.0859375
0 0.3916015625 0.5986328125 0.09765625 0.09765625
0 0.3974609375 0.71923828125 0.09765625 0.0986328125
0 0.39501953125 0.82373046875 0.1103515625 0.1103515625
0 0.388671875 0.92626953125 0.09765625 0.0986328125
0 0.29638671875 0.8623046875 0.0849609375 0.0859375
0 0.3046875 0.7587890625 0.0859375 0.0859375
0 0.29541015625 0.634765625 0.0849609375 0.0859375
0 0.212890625 0.5791015625 0.0859375 0.0859375
0 0.20654296875 0.71142578125 0.1220703125 0.1220703125
0 0.21044921875 0.814453125 0.1220703125 0.123046875
0 0.20263671875 0.923828125 0.1220703125 0.123046875
0 0.11279296875 0.8662109375 0.1220703125 0.123046875
0 0.11328125 0.7568359375 0.09765625 0.09765625
0 0.11376953125 0.599609375 0.1220703125 0.123046875
0 0.7763671875 0.38671875 0.048828125 0.048828125
0 0.7724609375 0.4912109375 0.048828125 0.048828125
0 0.68115234375 0.5322265625 0.0732421875 0.07421875
0 0.50146484375 0.421875 0.0849609375 0.0859375
0 0.39892578125 0.4775390625 0.0849609375 0.0859375
0 0.30712890625 0.53076171875 0.0849609375 0.0869140625
0 0.3154296875 0.4384765625 0.09765625 0.09765625
0 0.220703125 0.3681640625 0.0859375 0.0859375
0 0.212890625 0.470703125 0.09765625 0.09765625
0 0.10302734375 0.4228515625 0.0849609375 0.0859375
0 0.1044921875 0.5205078125 0.0859375 0.0859375