0 0.09814453125 0.10302734375 0.1103515625 0.1103515625
0 0.29443359375 0.08984375 0.1220703125 0.123046875
0 0.39501953125 0.0791015625 0.1220703125 0.123046875
0 0.66845703125 0.10693359375 0.1220703125 0.1220703125
0 0.7666015625 0.05712890625 0.109375 0.1103515625
0 0.86376953125 0.11279296875 0.1103515625 0.1103515625
0 0.9501953125 0.27001953125 0.09765625 0.0986328125
0 0.8603515625 0.21337890625 0.09765625 0.0986328125
0 0.85400390625 0.31884765625 0.1103515625 0.1103515625
0 0.849609375 0.43701171875 0.109375 0.1103515625
0 0.8564453125 0.55224609375 0.109375 0.1103515625
0 0.765625 0.15771484375 0.09765625 0.0986328125
0 0.7646484375 0.26806640625 0.109375 0.1103515625
0 0.765625 0.37548828125 0.109375 0.1103515625
0 0.763671875 0.48876953125 0.109375 0.1103515625
0 0.673828125 0.20654296875 0.09765625 0.0986328125
0 0.67626953125 0.31494140625 0.1103515625 0.1103515625
0 0.67333984375 0.43896484375 0.1103515625 0.1103515625
0 0.66748046875 0.54931640625 0.1103515625 0.1103515625
0 0.5859375 0.16943359375 0.09765625 0.0986328125
0 0.57421875 0.26513671875 0.09765625 0.0986328125
0 0.5703125 0.38330078125 0.09765625 0.0986328125
0 0.47998046875 0.2294921875 0.1220703125 0.123046875
0 0.478515625 0.31689453125 0.09765625 0.0986328125
0 0.4765625 0.4287109375 0.09765625 0.09765625
0 0.474609375 0.53515625 0.09765625 0.09765625
0 0.4599609375 0.6552734375 0.09765625 0.09765625
0 0.56884765625 0.48486328125 0.1103515625 0.1103515625
0 0.5693359375 0.6044921875 0.109375 0.111328125
0 0.66650390625 0.65478515625 0.1103515625 0.1103515625
0 0.75830078125 0.59912109375 0.1103515625 0.1103515625
0 0.859375 0.66259765625 0.109375 0.1103515625
0 0.37646484375 0.28125 0.1220703125 0.123046875
0 0.29150390625 0.3134765625 0.1103515625 0.111328125
0 0.19775390625 0.3642578125 0.1220703125 0.123046875
0 0.0947265625 0.42919921875 0.109375 0.1103515625
0 0.1884765625 0.47216796875 0.09765625 0.0986328125
0 0.28515625 0.421875 0.09765625 0.09765625
0 0.103515625 0.53271484375 0.109375 0.1103515625
0 0.10009765625 0.6513671875 0.0849609375 0.0859375
0 0.1943359375 0.59716796875 0.09765625 0.0986328125
0 0.28173828125 0.53466796875 0.1103515625 0.1103515625
0 0.28076171875 0.64892578125 0.1103515625 0.1103515625
0 0.38330078125 0.591796875 0.1220703125 0.123046875
0 0.38525390625 0.484375 0.1220703125 0.123046875
0 0.8515625 0.77685546875 0.109375 0.1103515625
0 0.86083984375 0.88623046875 0.1103515625 0.1103515625
0 0.75634765625 0.93115234375 0.1103515625 0.1103515625
0 0.7578125 0.81982421875 0.09765625 0.0986328125
0 0.76220703125 0.71142578125 0.1103515625 0.1103515625
0 0.66064453125 0.75537109375 0.1103515625 0.1103515625
0 0.6689453125 0.86181640625 0.109375 0.1103515625
0 0.56689453125 0.8271484375 0.1220703125 0.123046875
0 0.5771484375 0.71435546875 0.109375 0.1103515625
0 0.57666015625 0.9345703125 0.1220703125 0.123046875
0 0.4716796875 0.88623046875 0.09765625 0.0986328125
0 0.474609375 0.76708984375 0.109375 0.1103515625
0 0.28271484375 0.755859375 0.1220703125 0.123046875
0 0.3857421875 0.82763671875 0.09765625 0.0986328125
0 0.38720703125 0.705078125 0.1220703125 0.123046875
0 0.38916015625 0.9306640625 0.1103515625 0.111328125
0 0.283203125 0.8759765625 0.109375 0.111328125
0 0.193359375 0.9306640625 0.109375 0.111328125
0 0.189453125 0.8173828125 0.109375 0.111328125
0 0.1923828125 0.703125 0.109375 0.111328125
0 0.1015625 0.7587890625 0.09765625 0.09765625
0 0.08984375 0.8818359375 0.09765625 0.09765625