0 0.953125 0.29833984375 0.060546875 0.0615234375
0 0.87646484375 0.24658203125 0.0615234375 0.0615234375
0 0.76416015625 0.27001953125 0.0615234375 0.0615234375
0 0.671875 0.27734375 0.048828125 0.048828125
0 0.8603515625 0.4423828125 0.048828125 0.048828125
0 0.9404296875 0.41796875 0.048828125 0.048828125
0 0.755859375 0.447265625 0.048828125 0.048828125
0 0.8544921875 0.5751953125 0.048828125 0.048828125
0 0.759765625 0.3642578125 0.048828125 0.048828125
0 0.67578125 0.365234375 0.048828125 0.048828125
0 0.76611328125 0.17529296875 0.0615234375 0.0615234375
0 0.951171875 0.08642578125 0.060546875 0.0615234375
0 0.9541015625 0.18017578125 0.060546875 0.0615234375
0 0.8671875 0.14306640625 0.060546875 0.0615234375
0 0.8623046875 0.04736328125 0.060546875 0.0615234375
0 0.68115234375 0.08154296875 0.0615234375 0.0615234375
0 0.681640625 0.18408203125 0.060546875 0.0615234375
0 0.76513671875 0.09619140625 0.0615234375 0.0615234375
0 0.0732421875 0.41162109375 0.048828125 0.0498046875
0 0.0625 0.71826171875 0.048828125 0.0498046875
0 0.06689453125 0.31298828125 0.0615234375 0.0615234375
0 0.173828125 0.67529296875 0.060546875 0.0615234375
0 0.068359375 0.51953125 0.048828125 0.048828125
0 0.1767578125 0.42626953125 0.048828125 0.0498046875
0 0.166015625 0.34521484375 0.048828125 0.0498046875
0 0.166015625 0.24951171875 0.048828125 0.0498046875
0 0.2724609375 0.2109375 0.048828125 0.048828125
0 0.068359375 0.21142578125 0.048828125 0.0498046875
0 0.0654296875 0.61962890625 0.048828125 0.0498046875
0 0.169921875 0.75537109375 0.060546875 0.0615234375
0 0.0654296875 0.81640625 0.037109375 0.037109375
0 0.169921875 0.87744140625 0.048828125 0.0498046875
0 0.60546875 0.0322265625 0.048828125 0.048828125
0 0.595703125 0.134765625 0.048828125 0.048828125
0 0.1640625 0.1513671875 0.048828125 0.048828125
0 0.26953125 0.3125 0.048828125 0.048828125
0 0.3583984375 0.2578125 0.048828125 0.048828125
0 0.75390625 0.5439453125 0.037109375 0.037109375
0 0.86328125 0.3408203125 0.048828125 0.048828125
0 0.9375 0.533203125 0.037109375 0.037109375
0 0.5595703125 0.94140625 0.048828125 0.048828125
0 0.5615234375 0.8349609375 0.048828125 0.048828125
0 0.568359375 0.73828125 0.037109375 0.037109375
0 0.5673828125 0.6494140625 0.037109375 0.037109375
0 0.474609375 0.900390625 0.048828125 0.048828125
0 0.47265625 0.78662109375 0.060546875 0.0615234375
0 0.482421875 0.666015625 0.037109375 0.037109375
0 0.40771484375 0.76904296875 0.0615234375 0.0615234375
0 0.416015625 0.669921875 0.048828125 0.048828125
0 0.26904296875 0.83447265625 0.0244140625 0.0244140625
0 0.26904296875 0.7275390625 0.0361328125 0.037109375
0 0.9384765625 0.8994140625 0.048828125 0.048828125
0 0.9404296875 0.8115234375 0.048828125 0.048828125
0 0.93603515625 0.70751953125 0.0361328125 0.0361328125
0 0.9423828125 0.62548828125 0.048828125 0.0498046875
0 0.84765625 0.6884765625 0.037109375 0.037109375
0 0.78564453125 0.7255859375 0.0361328125 0.037109375
0 0.837890625 0.798828125 0.037109375 0.037109375
0 0.83203125 0.9208984375 0.037109375 0.037109375
0 0.2646484375 0.94677734375 0.037109375 0.0361328125
0 0.62646484375 0.9013671875 0.0361328125 0.037109375
0 0.6220703125 0.7861328125 0.048828125 0.048828125
0 0.17431640625 0.9521484375 0.0361328125 0.037109375