0 0.373046875 0.08740234375 0.060546875 0.0615234375
0 0.19287109375 0.0830078125 0.0732421875 0.07421875
0 0.2685546875 0.134765625 0.048828125 0.048828125
0 0.09619140625 0.13232421875 0.0732421875 0.0732421875
0 0.27880859375 0.0341796875 0.0615234375 0.060546875
0 0.55517578125 0.3193359375 0.0732421875 0.07421875
0 0.08544921875 0.630859375 0.0849609375 0.0859375
0 0.26708984375 0.34912109375 0.0615234375 0.0615234375
0 0.3671875 0.2939453125 0.048828125 0.048828125
0 0.17041015625 0.78125 0.0849609375 0.0859375
0 0.09814453125 0.24169921875 0.0615234375 0.0615234375
0 0.26611328125 0.24658203125 0.0615234375 0.0615234375
0 0.46484375 0.26171875 0.048828125 0.048828125
0 0.25341796875 0.94873046875 0.0732421875 0.0732421875
0 0.66357421875 0.04248046875 0.0615234375 0.0615234375
0 0.66357421875 0.14501953125 0.0615234375 0.0615234375
0 0.8583984375 0.13232421875 0.060546875 0.0615234375
0 0.65673828125 0.37158203125 0.0615234375 0.0615234375
0 0.83740234375 0.30908203125 0.0732421875 0.0732421875
0 0.8583984375 0.20263671875 0.048828125 0.0498046875
0 0.9599609375 0.19970703125 0.060546875 0.0615234375
0 0.95068359375 0.29150390625 0.0732421875 0.0732421875
0 0.9423828125 0.59033203125 0.09765625 0.0986328125
0 0.943359375 0.697265625 0.0859375 0.0859375
0 0.85546875 0.8505859375 0.109375 0.111328125
0 0.853515625 0.7490234375 0.09765625 0.09765625
0 0.86474609375 0.6533203125 0.0849609375 0.0859375
0 0.85302734375 0.572265625 0.0849609375 0.0859375
0 0.73046875 0.5693359375 0.0859375 0.0859375
0 0.7236328125 0.80517578125 0.09765625 0.0986328125
0 0.732421875 0.9169921875 0.09765625 0.09765625
0 0.6357421875 0.86572265625 0.109375 0.1103515625
0 0.6357421875 0.736328125 0.0859375 0.0859375
0 0.64501953125 0.6279296875 0.0849609375 0.0859375
0 0.55078125 0.68408203125 0.09765625 0.0986328125
0 0.5546875 0.79541015625 0.109375 0.1103515625
0 0.546875 0.8984375 0.09765625 0.09765625
0 0.0830078125 0.720703125 0.0859375 0.0859375
0 0.087890625 0.8330078125 0.0859375 0.0859375
0 0.076171875 0.9423828125 0.0859375 0.0859375
0 0.16552734375 0.8603515625 0.0849609375 0.0859375
0 0.17333984375 0.67578125 0.0849609375 0.0859375
0 0.25732421875 0.6201171875 0.0849609375 0.0859375
0 0.24951171875 0.73681640625 0.0849609375 0.0869140625
0 0.25439453125 0.841796875 0.0849609375 0.0859375
0 0.4404296875 0.93505859375 0.09765625 0.0986328125
0 0.455078125 0.83447265625 0.09765625 0.0986328125
0 0.458984375 0.71484375 0.09765625 0.09765625
0 0.45361328125 0.6240234375 0.0849609375 0.0859375
0 0.36083984375 0.68359375 0.1220703125 0.123046875
0 0.3603515625 0.78662109375 0.09765625 0.0986328125
0 0.9453125 0.37841796875 0.048828125 0.0498046875
0 0.7578125 0.06298828125 0.048828125 0.0498046875
0 0.748046875 0.18896484375 0.048828125 0.0498046875
0 0.751953125 0.3017578125 0.048828125 0.048828125
0 0.65673828125 0.25634765625 0.0615234375 0.0615234375
0 0.466796875 0.0263671875 0.048828125 0.048828125
0 0.4677734375 0.1533203125 0.037109375 0.037109375
0 0.36474609375 0.203125 0.0361328125 0.037109375
0 0.18505859375 0.1826171875 0.0732421875 0.07421875
0 0.18359375 0.3037109375 0.037109375 0.037109375
0 0.0966796875 0.33154296875 0.048828125 0.0498046875