0 0.0712890625 0.7236328125 0.048828125 0.048828125
0 0.06591796875 0.82861328125 0.0615234375 0.0615234375
0 0.07080078125 0.62646484375 0.0615234375 0.0615234375
0 0.0693359375 0.51318359375 0.060546875 0.0615234375
0 0.06884765625 0.94287109375 0.0615234375 0.0615234375
0 0.740234375 0.80224609375 0.060546875 0.0615234375
0 0.82177734375 0.87109375 0.0849609375 0.0859375
0 0.74658203125 0.90966796875 0.0615234375 0.0615234375
0 0.7392578125 0.5732421875 0.048828125 0.048828125
0 0.5634765625 0.58984375 0.048828125 0.048828125
0 0.4541015625 0.5361328125 0.048828125 0.048828125
0 0.1611328125 0.4599609375 0.048828125 0.048828125
0 0.14990234375 0.78369140625 0.0478515625 0.0498046875
0 0.5615234375 0.70458984375 0.048828125 0.0498046875
0 0.24951171875 0.8369140625 0.0732421875 0.07421875
0 0.36328125 0.578125 0.048828125 0.048828125
0 0.36962890625 0.69775390625 0.0615234375 0.0615234375
0 0.44921875 0.7490234375 0.048828125 0.048828125
0 0.1572265625 0.57177734375 0.060546875 0.0615234375
0 0.64404296875 0.86962890625 0.0615234375 0.0615234375
0 0.2548828125 0.72509765625 0.060546875 0.0615234375
0 0.6435546875 0.75732421875 0.048828125 0.0498046875
0 0.25732421875 0.63671875 0.0615234375 0.060546875
0 0.2626953125 0.51806640625 0.060546875 0.0615234375
0 0.06787109375 0.4169921875 0.0732421875 0.07421875
0 0.0703125 0.22216796875 0.060546875 0.0615234375
0 0.0712890625 0.3154296875 0.048828125 0.048828125
0 0.734375 0.36083984375 0.048828125 0.0498046875
0 0.1630859375 0.2578125 0.048828125 0.048828125
0 0.26025390625 0.30615234375 0.0615234375 0.0615234375
0 0.5634765625 0.14599609375 0.060546875 0.0615234375
0 0.16162109375 0.35986328125 0.0615234375 0.0615234375
0 0.17138671875 0.15478515625 0.0615234375 0.0615234375
0 0.359375 0.25146484375 0.048828125 0.0498046875
0 0.5615234375 0.37353515625 0.048828125 0.0498046875
0 0.45654296875 0.20263671875 0.0732421875 0.0732421875
0 0.64404296875 0.31103515625 0.0615234375 0.0615234375
0 0.359375 0.13720703125 0.060546875 0.0615234375
0 0.259765625 0.19873046875 0.060546875 0.0615234375
0 0.650390625 0.0927734375 0.048828125 0.048828125
0 0.4560546875 0.4189453125 0.048828125 0.048828125
0 0.93408203125 0.2392578125 0.1220703125 0.123046875
0 0.8310546875 0.30419921875 0.109375 0.1103515625
0 0.9248046875 0.34716796875 0.09765625 0.0986328125
0 0.83984375 0.40771484375 0.109375 0.1103515625
0 0.83642578125 0.5263671875 0.0849609375 0.0859375
0 0.9306640625 0.47216796875 0.09765625 0.0986328125
0 0.734375 0.236328125 0.048828125 0.048828125
0 0.357421875 0.06298828125 0.09765625 0.0986328125
0 0.26611328125 0.0888671875 0.0849609375 0.0859375
0 0.9296875 0.8056640625 0.109375 0.111328125
0 0.92578125 0.6923828125 0.109375 0.111328125
0 0.9287109375 0.578125 0.109375 0.111328125
0 0.837890625 0.6337890625 0.09765625 0.09765625
0 0.826171875 0.7568359375 0.09765625 0.09765625
0 0.91943359375 0.8974609375 0.0849609375 0.0859375
0 0.7373046875 0.03125 0.048828125 0.048828125
0 0.7333984375 0.1396484375 0.048828125 0.048828125
0 0.65234375 0.19970703125 0.048828125 0.0498046875
0 0.57177734375 0.23974609375 0.0244140625 0.0244140625
0 0.5576171875 0.0458984375 0.048828125 0.048828125
0 0.4560546875 0.09228515625 0.037109375 0.0361328125
0 0.4580078125 0.3115234375 0.037109375 0.037109375
0 0.6474609375 0.421875 0.048828125 0.048828125
0 0.1708984375 0.03173828125 0.037109375 0.0361328125
0 0.73388671875 0.46337890625 0.0244140625 0.0244140625
0 0.728515625 0.689453125 0.048828125 0.048828125
0 0.64453125 0.6591796875 0.037109375 0.037109375
0 0.646484375 0.533203125 0.048828125 0.048828125
0 0.56103515625 0.47705078125 0.0244140625 0.0244140625
0 0.3837890625 0.81494140625 0.048828125 0.0498046875
0 0.36474609375 0.47021484375 0.0244140625 0.0244140625
0 0.36474609375 0.35693359375 0.0244140625 0.0244140625
0 0.26220703125 0.40966796875 0.0244140625 0.0244140625
0 0.15380859375 0.6884765625 0.0361328125 0.037109375
0 0.14990234375 0.890625 0.0849609375 0.0859375
0 0.83203125 0.96044921875 0.060546875 0.0615234375
0 0.4443359375 0.84912109375 0.048828125 0.0498046875
0 0.44677734375 0.97607421875 0.0244140625 0.0244140625
0 0.25244140625 0.92431640625 0.0244140625 0.0244140625
0 0.09326171875 0.15283203125 0.0244140625 0.0244140625