0 0.84716796875 0.31787109375 0.0615234375 0.0615234375
0 0.939453125 0.396484375 0.048828125 0.048828125
0 0.9443359375 0.27783203125 0.048828125 0.0498046875
0 0.6865234375 0.30029296875 0.060546875 0.0615234375
0 0.328125 0.30859375 0.048828125 0.048828125
0 0.4072265625 0.3740234375 0.048828125 0.048828125
0 0.59033203125 0.35791015625 0.0615234375 0.0615234375
0 0.41015625 0.24951171875 0.060546875 0.0615234375
0 0.9482421875 0.15966796875 0.060546875 0.0615234375
0 0.96142578125 0.021484375 0.0361328125 0.037109375
0 0.3349609375 0.09765625 0.048828125 0.048828125
0 0.330078125 0.21337890625 0.060546875 0.0615234375
0 0.603515625 0.06201171875 0.060546875 0.0615234375
0 0.4072265625 0.16162109375 0.060546875 0.0615234375
0 0.6796875 0.2021484375 0.048828125 0.048828125
0 0.3994140625 0.05859375 0.048828125 0.048828125
0 0.59912109375 0.1494140625 0.0732421875 0.07421875
0 0.2158203125 0.34228515625 0.048828125 0.0498046875
0 0.2197265625 0.24560546875 0.048828125 0.0498046875
0 0.1201171875 0.18408203125 0.048828125 0.0498046875
0 0.12646484375 0.28271484375 0.0615234375 0.0615234375
0 0.125 0.076171875 0.048828125 0.048828125
0 0.02734375 0.25048828125 0.048828125 0.0498046875
0 0.02734375 0.34619140625 0.048828125 0.0498046875
0 0.125 0.38427734375 0.048828125 0.0498046875
0 0.21875 0.05908203125 0.060546875 0.0615234375
0 0.68505859375 0.53076171875 0.0615234375 0.0615234375
0 0.58642578125 0.46435546875 0.0615234375 0.0615234375
0 0.93798828125 0.6005859375 0.0732421875 0.07421875
0 0.84814453125 0.53173828125 0.0615234375 0.0615234375
0 0.69140625 0.4345703125 0.060546875 0.060546875
0 0.68408203125 0.62548828125 0.0615234375 0.0615234375
0 0.75634765625 0.587890625 0.0732421875 0.07421875
0 0.845703125 0.4189453125 0.048828125 0.048828125
0 0.7568359375 0.4619140625 0.060546875 0.060546875
0 0.9443359375 0.49169921875 0.060546875 0.0615234375
0 0.84033203125 0.9072265625 0.1103515625 0.111328125
0 0.37353515625 0.9521484375 0.0849609375 0.0859375
0 0.85009765625 0.23828125 0.0361328125 0.037109375
0 0.8642578125 0.11669921875 0.037109375 0.0361328125
0 0.763671875 0.248046875 0.048828125 0.048828125
0 0.7734375 0.3603515625 0.037109375 0.037109375
0 0.6884765625 0.109375 0.037109375 0.037109375
0 0.5986328125 0.2568359375 0.048828125 0.048828125
0 0.515625 0.3125 0.048828125 0.048828125
0 0.5107421875 0.41064453125 0.060546875 0.0615234375
0 0.5234375 0.1005859375 0.048828125 0.048828125
0 0.32177734375 0.41357421875 0.0244140625 0.0244140625
0 0.21923828125 0.1572265625 0.0361328125 0.037109375
0 0.029296875 0.4443359375 0.048828125 0.048828125
0 0.767578125 0.046875 0.037109375 0.037109375
0 0.52685546875 0.19580078125 0.0244140625 0.0244140625
0 0.22900390625 0.44677734375 0.0244140625 0.0244140625