0 0.49560546875 0.12841796875 0.0615234375 0.0615234375
0 0.57421875 0.0361328125 0.048828125 0.048828125
0 0.45556640625 0.03125 0.0498046875 0.048828125
0 0.47802734375 0.2890625 0.0615234375 0.060546875
0 0.486328125 0.6474609375 0.048828125 0.048828125
0 0.5517578125 0.568359375 0.048828125 0.048828125
0 0.53564453125 0.38525390625 0.0615234375 0.0615234375
0 0.42724609375 0.5654296875 0.0615234375 0.060546875
0 0.275390625 0.640625 0.048828125 0.048828125
0 0.07421875 0.6376953125 0.048828125 0.048828125
0 0.181640625 0.6416015625 0.048828125 0.048828125
0 0.39111328125 0.6455078125 0.0615234375 0.060546875
0 0.23974609375 0.3720703125 0.0615234375 0.060546875
0 0.0576171875 0.4560546875 0.048828125 0.048828125
0 0.123046875 0.5673828125 0.037109375 0.037109375
0 0.091796875 0.279296875 0.048828125 0.048828125
0 0.12890625 0.3671875 0.060546875 0.060546875
0 0.05224609375 0.36376953125 0.0615234375 0.0615234375
0 0.33935546875 0.568359375 0.0615234375 0.060546875
0 0.123046875 0.2109375 0.048828125 0.048828125
0 0.3798828125 0.2958984375 0.048828125 0.048828125
0 0.236328125 0.576171875 0.048828125 0.048828125
0 0.3271484375 0.37646484375 0.07421875 0.0732421875
0 0.52001953125 0.759765625 0.0498046875 0.048828125
0 0.42333984375 0.755859375 0.0498046875 0.048828125
0 0.36181640625 0.85546875 0.0498046875 0.048828125
0 0.05517578125 0.8447265625 0.0498046875 0.048828125
0 0.46044921875 0.84912109375 0.0615234375 0.0615234375
0 0.09814453125 0.9560546875 0.0615234375 0.060546875
0 0.25390625 0.8505859375 0.048828125 0.048828125
0 0.34716796875 0.958984375 0.0498046875 0.048828125
0 0.42822265625 0.9482421875 0.0498046875 0.048828125
0 0.52392578125 0.9482421875 0.0498046875 0.048828125
0 0.56201171875 0.8505859375 0.0498046875 0.048828125
0 0.23681640625 0.7568359375 0.0615234375 0.060546875
0 0.15380859375 0.84765625 0.0498046875 0.048828125
0 0.11865234375 0.7587890625 0.0498046875 0.048828125
0 0.70849609375 0.29052734375 0.0615234375 0.0615234375
0 0.64208984375 0.38916015625 0.0615234375 0.0615234375
0 0.7783203125 0.03759765625 0.07421875 0.0732421875
0 0.70947265625 0.12744140625 0.0615234375 0.0615234375
0 0.6123046875 0.2841796875 0.060546875 0.060546875
0 0.80322265625 0.29150390625 0.0615234375 0.0615234375
0 0.765625 0.21923828125 0.07421875 0.0732421875
0 0.5966796875 0.1298828125 0.048828125 0.048828125
0 0.6396484375 0.21875 0.060546875 0.060546875
0 0.66943359375 0.03125 0.0615234375 0.060546875
0 0.416015625 0.12548828125 0.037109375 0.0361328125
0 0.29443359375 0.111328125 0.0361328125 0.037109375
0 0.42578125 0.2119140625 0.048828125 0.048828125
0 0.5380859375 0.2021484375 0.037109375 0.037109375
0 0.287109375 0.287109375 0.037109375 0.037109375
0 0.4345703125 0.376953125 0.048828125 0.048828125
0 0.490234375 0.4599609375 0.048828125 0.048828125
0 0.58837890625 0.46484375 0.0615234375 0.060546875
0 0.2783203125 0.4521484375 0.048828125 0.048828125
0 0.59130859375 0.65380859375 0.0244140625 0.0244140625
0 0.3349609375 0.75634765625 0.037109375 0.0361328125
0 0.6220703125 0.9462890625 0.048828125 0.048828125
0 0.08935546875 0.01904296875 0.0361328125 0.0361328125
0 0.18359375 0.1162109375 0.037109375 0.037109375
0 0.193359375 0.2841796875 0.048828125 0.048828125
0 0.224609375 0.2080078125 0.037109375 0.037109375
0 0.14404296875 0.45556640625 0.0244140625 0.0244140625
0 0.37353515625 0.44873046875 0.0244140625 0.0244140625
0 0.62451171875 0.74658203125 0.0244140625 0.0244140625