0 0.39208984375 0.35009765625 0.0615234375 0.0615234375
0 0.7919921875 0.7646484375 0.0859375 0.0859375
0 0.8916015625 0.6162109375 0.048828125 0.048828125
0 0.888671875 0.05859375 0.09765625 0.09765625
0 0.8974609375 0.1640625 0.09765625 0.09765625
0 0.8916015625 0.29150390625 0.09765625 0.0986328125
0 0.89404296875 0.39404296875 0.1103515625 0.1103515625
0 0.80126953125 0.13525390625 0.1103515625 0.1103515625
0 0.7978515625 0.23876953125 0.09765625 0.0986328125
0 0.79296875 0.34521484375 0.09765625 0.0986328125
0 0.7978515625 0.46533203125 0.0859375 0.0869140625
0 0.70068359375 0.06787109375 0.1103515625 0.1103515625
0 0.69775390625 0.18310546875 0.1103515625 0.1103515625
0 0.69775390625 0.29150390625 0.1220703125 0.1220703125
0 0.69775390625 0.40771484375 0.1220703125 0.1220703125
0 0.6005859375 0.11181640625 0.09765625 0.0986328125
0 0.611328125 0.22607421875 0.09765625 0.0986328125
0 0.6083984375 0.34228515625 0.09765625 0.0986328125
0 0.60546875 0.46728515625 0.09765625 0.0986328125
0 0.505859375 0.06787109375 0.09765625 0.0986328125
0 0.5078125 0.17138671875 0.09765625 0.0986328125
0 0.5126953125 0.28955078125 0.09765625 0.0986328125
0 0.306640625 0.06494140625 0.048828125 0.0498046875
0 0.79150390625 0.55859375 0.0849609375 0.0859375
0 0.791015625 0.67236328125 0.09765625 0.0986328125
0 0.685546875 0.71484375 0.0859375 0.0859375
0 0.697265625 0.625 0.0859375 0.0859375
0 0.7041015625 0.5146484375 0.0859375 0.0859375
0 0.61328125 0.56689453125 0.09765625 0.0986328125
0 0.41796875 0.66943359375 0.060546875 0.0615234375
0 0.4150390625 0.56884765625 0.048828125 0.0498046875
0 0.8857421875 0.83984375 0.048828125 0.048828125
0 0.888671875 0.951171875 0.048828125 0.048828125
0 0.794921875 0.87109375 0.048828125 0.048828125
0 0.6767578125 0.83642578125 0.0234375 0.0244140625
0 0.6708984375 0.939453125 0.048828125 0.048828125
0 0.591796875 0.783203125 0.048828125 0.048828125
0 0.59130859375 0.89892578125 0.0244140625 0.0244140625
0 0.49853515625 0.83642578125 0.0361328125 0.0361328125
0 0.49853515625 0.96630859375 0.0244140625 0.0244140625
0 0.4248046875 0.76611328125 0.037109375 0.0361328125
0 0.427734375 0.88525390625 0.048828125 0.0498046875
0 0.33447265625 0.80908203125 0.0361328125 0.0361328125
0 0.892578125 0.5185546875 0.048828125 0.048828125
0 0.89404296875 0.72900390625 0.0244140625 0.0244140625
0 0.50048828125 0.5166015625 0.0361328125 0.037109375
0 0.42041015625 0.451171875 0.0361328125 0.037109375
0 0.3173828125 0.505859375 0.037109375 0.037109375
0 0.2197265625 0.55908203125 0.037109375 0.0361328125
0 0.11962890625 0.60595703125 0.0361328125 0.0361328125
0 0.09814453125 0.73046875 0.0361328125 0.037109375
0 0.21435546875 0.68212890625 0.0361328125 0.0361328125
0 0.3330078125 0.62451171875 0.048828125 0.0498046875
0 0.333984375 0.71337890625 0.037109375 0.0361328125
0 0.5947265625 0.6767578125 0.048828125 0.048828125
0 0.501953125 0.6142578125 0.048828125 0.048828125
0 0.50244140625 0.7158203125 0.0361328125 0.037109375
0 0.03857421875 0.35693359375 0.0361328125 0.0361328125
0 0.1142578125 0.044921875 0.037109375 0.037109375
0 0.10546875 0.1923828125 0.037109375 0.037109375
0 0.25390625 0.1494140625 0.037109375 0.037109375
0 0.30419921875 0.275390625 0.0361328125 0.037109375
0 0.412109375 0.130859375 0.037109375 0.037109375
0 0.22265625 0.3349609375 0.037109375 0.037109375
0 0.31689453125 0.37646484375 0.0244140625 0.0244140625
0 0.16650390625 0.45263671875 0.0361328125 0.0361328125
0 0.5068359375 0.40234375 0.037109375 0.037109375