0 0.384765625 0.67041015625 0.060546875 0.0615234375
0 0.0908203125 0.8203125 0.0859375 0.0859375
0 0.287109375 0.74755859375 0.060546875 0.0615234375
0 0.28564453125 0.849609375 0.0732421875 0.07421875
0 0.1904296875 0.671875 0.048828125 0.048828125
0 0.6689453125 0.474609375 0.048828125 0.048828125
0 0.57080078125 0.56396484375 0.0615234375 0.0615234375
0 0.47900390625 0.51904296875 0.0615234375 0.0615234375
0 0.7626953125 0.79833984375 0.060546875 0.0615234375
0 0.6708984375 0.92431640625 0.048828125 0.0498046875
0 0.8544921875 0.89697265625 0.060546875 0.0615234375
0 0.76806640625 0.46484375 0.0361328125 0.037109375
0 0.57275390625 0.79443359375 0.0615234375 0.0615234375
0 0.849609375 0.439453125 0.037109375 0.037109375
0 0.7607421875 0.5703125 0.048828125 0.048828125
0 0.6689453125 0.80908203125 0.048828125 0.0498046875
0 0.4931640625 0.73291015625 0.048828125 0.0498046875
0 0.94970703125 0.33056640625 0.0732421875 0.0732421875
0 0.951171875 0.23779296875 0.048828125 0.0498046875
0 0.859375 0.06201171875 0.109375 0.1103515625
0 0.85888671875 0.16455078125 0.1103515625 0.1103515625
0 0.85302734375 0.33935546875 0.1220703125 0.1220703125
0 0.75390625 0.35107421875 0.09765625 0.0986328125
0 0.75048828125 0.24853515625 0.1103515625 0.1103515625
0 0.759765625 0.12158203125 0.09765625 0.0986328125
0 0.6611328125 0.12060546875 0.09765625 0.0986328125
0 0.66162109375 0.2607421875 0.1220703125 0.123046875
0 0.6611328125 0.39501953125 0.109375 0.1103515625
0 0.5732421875 0.12353515625 0.09765625 0.0986328125
0 0.57177734375 0.2275390625 0.1220703125 0.123046875
0 0.572265625 0.34521484375 0.09765625 0.0986328125
0 0.47705078125 0.4130859375 0.1103515625 0.111328125
0 0.4638671875 0.07177734375 0.09765625 0.0986328125
0 0.4755859375 0.18505859375 0.09765625 0.0986328125
0 0.4677734375 0.291015625 0.09765625 0.09765625
0 0.3798828125 0.11962890625 0.09765625 0.0986328125
0 0.3828125 0.2314453125 0.09765625 0.09765625
0 0.3798828125 0.3447265625 0.109375 0.111328125
0 0.3857421875 0.4404296875 0.0859375 0.0859375
0 0.30322265625 0.125 0.1220703125 0.123046875
0 0.2919921875 0.2666015625 0.109375 0.111328125
0 0.28857421875 0.388671875 0.1220703125 0.123046875
0 0.29638671875 0.4970703125 0.1220703125 0.123046875
0 0.1875 0.1142578125 0.09765625 0.09765625
0 0.1962890625 0.2197265625 0.09765625 0.09765625
0 0.1904296875 0.34716796875 0.09765625 0.0986328125
0 0.19287109375 0.44970703125 0.1103515625 0.1103515625
0 0.1015625 0.0595703125 0.09765625 0.09765625
0 0.10009765625 0.19091796875 0.1103515625 0.1103515625
0 0.0966796875 0.29443359375 0.09765625 0.0986328125
0 0.091796875 0.40087890625 0.09765625 0.0986328125
0 0.0966796875 0.52099609375 0.0859375 0.0869140625
0 0.09033203125 0.6142578125 0.0849609375 0.0859375
0 0.08984375 0.72802734375 0.09765625 0.0986328125
0 0.9521484375 0.5498046875 0.048828125 0.048828125
0 0.84326171875 0.560546875 0.0361328125 0.037109375
0 0.85498046875 0.6865234375 0.0361328125 0.037109375
0 0.8544921875 0.76953125 0.048828125 0.048828125
0 0.9482421875 0.66259765625 0.060546875 0.0615234375
0 0.759765625 0.6796875 0.037109375 0.037109375
0 0.662109375 0.73046875 0.048828125 0.048828125
0 0.6650390625 0.6259765625 0.037109375 0.037109375
0 0.572265625 0.4697265625 0.048828125 0.048828125
0 0.5673828125 0.67724609375 0.048828125 0.0498046875
0 0.494140625 0.82470703125 0.048828125 0.0498046875
0 0.48974609375 0.63330078125 0.0615234375 0.0615234375
0 0.3759765625 0.55810546875 0.048828125 0.0498046875
0 0.291015625 0.62060546875 0.060546875 0.0615234375
0 0.28955078125 0.9453125 0.0244140625 0.025390625
0 0.390625 0.8896484375 0.048828125 0.048828125
0 0.384765625 0.77197265625 0.048828125 0.0498046875
0 0.568359375 0.89599609375 0.048828125 0.0498046875
0 0.76171875 0.89599609375 0.048828125 0.0498046875
0 0.93603515625 0.9775390625 0.0361328125 0.037109375
0 0.38037109375 0.98193359375 0.0244140625 0.0244140625
0 0.1845703125 0.8955078125 0.048828125 0.048828125
0 0.09375 0.9267578125 0.048828125 0.048828125
0 0.19140625 0.57421875 0.048828125 0.048828125
0 0.19287109375 0.78466796875 0.0244140625 0.0244140625