0 0.099609375 0.8056640625 0.048828125 0.048828125
0 0.0283203125 0.06005859375 0.048828125 0.0498046875
0 0.033203125 0.1416015625 0.048828125 0.048828125
0 0.11767578125 0.1591796875 0.0361328125 0.037109375
0 0.09814453125 0.91162109375 0.0615234375 0.0615234375
0 0.892578125 0.3818359375 0.0859375 0.0859375
0 0.763671875 0.76318359375 0.048828125 0.0498046875
0 0.8984375 0.08251953125 0.0859375 0.0869140625
0 0.7060546875 0.08447265625 0.09765625 0.0986328125
0 0.89208984375 0.17578125 0.0849609375 0.0859375
0 0.8916015625 0.28955078125 0.09765625 0.0986328125
0 0.7861328125 0.33203125 0.0859375 0.0859375
0 0.7978515625 0.2421875 0.0859375 0.0859375
0 0.8046875 0.1318359375 0.0859375 0.0859375
0 0.7138671875 0.18408203125 0.09765625 0.0986328125
0 0.5185546875 0.28662109375 0.060546875 0.0615234375
0 0.515625 0.18603515625 0.048828125 0.0498046875
0 0.5888671875 0.826171875 0.048828125 0.048828125
0 0.5869140625 0.9326171875 0.048828125 0.048828125
0 0.673828125 0.8671875 0.048828125 0.048828125
0 0.87939453125 0.93310546875 0.0244140625 0.0244140625
0 0.2099609375 0.8681640625 0.048828125 0.048828125
0 0.2080078125 0.9560546875 0.048828125 0.048828125
0 0.310546875 0.96875 0.037109375 0.037109375
0 0.31640625 0.8466796875 0.037109375 0.037109375
0 0.8837890625 0.82080078125 0.037109375 0.0361328125
0 0.888671875 0.7041015625 0.048828125 0.048828125
0 0.888671875 0.599609375 0.048828125 0.048828125
0 0.8955078125 0.48828125 0.048828125 0.048828125
0 0.77734375 0.45361328125 0.0234375 0.0244140625
0 0.771484375 0.556640625 0.048828125 0.048828125
0 0.7607421875 0.66943359375 0.037109375 0.0361328125
0 0.6923828125 0.400390625 0.048828125 0.048828125
0 0.69189453125 0.51611328125 0.0244140625 0.0244140625
0 0.68505859375 0.64306640625 0.0244140625 0.0244140625
0 0.6787109375 0.75732421875 0.048828125 0.0498046875
0 0.59912109375 0.45361328125 0.0361328125 0.0361328125
0 0.59912109375 0.58349609375 0.0244140625 0.0244140625
0 0.59326171875 0.69287109375 0.0244140625 0.0244140625
0 0.525390625 0.38330078125 0.037109375 0.0361328125
0 0.5283203125 0.50244140625 0.048828125 0.0498046875
0 0.5224609375 0.6337890625 0.037109375 0.037109375
0 0.5244140625 0.736328125 0.048828125 0.048828125
0 0.52197265625 0.8662109375 0.0361328125 0.037109375
0 0.43505859375 0.42626953125 0.0361328125 0.0361328125
0 0.201171875 0.755859375 0.048828125 0.048828125
0 0.60107421875 0.1337890625 0.0361328125 0.037109375
0 0.52099609375 0.068359375 0.0361328125 0.037109375
0 0.41796875 0.123046875 0.037109375 0.037109375
0 0.3203125 0.17626953125 0.037109375 0.0361328125
0 0.22021484375 0.22314453125 0.0361328125 0.0361328125
0 0.19873046875 0.34765625 0.0361328125 0.037109375
0 0.31494140625 0.29931640625 0.0361328125 0.0361328125
0 0.43359375 0.24169921875 0.048828125 0.0498046875
0 0.4345703125 0.33056640625 0.037109375 0.0361328125
0 0.6953125 0.2939453125 0.048828125 0.048828125
0 0.6025390625 0.2314453125 0.048828125 0.048828125
0 0.60302734375 0.3330078125 0.0361328125 0.037109375
0 0.02392578125 0.37109375 0.0244140625 0.025390625
0 0.10498046875 0.37109375 0.0361328125 0.037109375
0 0.26708984375 0.06982421875 0.0361328125 0.0361328125
0 0.607421875 0.01953125 0.037109375 0.037109375
0 0.02880859375 0.587890625 0.0361328125 0.037109375
0 0.03369140625 0.677734375 0.0361328125 0.037109375
0 0.02392578125 0.771484375 0.0361328125 0.037109375
0 0.099609375 0.7099609375 0.037109375 0.037109375
0 0.099609375 0.625 0.037109375 0.037109375
0 0.0986328125 0.5517578125 0.037109375 0.037109375
0 0.97412109375 0.8154296875 0.0361328125 0.037109375