0 0.03759765625 0.95703125 0.0732421875 0.07421875
0 0.61328125 0.06201171875 0.109375 0.1103515625
0 0.52099609375 0.12890625 0.1103515625 0.111328125
0 0.42919921875 0.083984375 0.1103515625 0.111328125
0 0.42529296875 0.1943359375 0.1103515625 0.111328125
0 0.328125 0.12109375 0.109375 0.111328125
0 0.23828125 0.06787109375 0.109375 0.1103515625
0 0.2333984375 0.1875 0.109375 0.111328125
0 0.13916015625 0.123046875 0.1103515625 0.111328125
0 0.72509765625 0.1162109375 0.1220703125 0.123046875
0 0.61669921875 0.19189453125 0.1220703125 0.1220703125
0 0.81591796875 0.05615234375 0.1103515625 0.1103515625
0 0.82177734375 0.1845703125 0.1220703125 0.123046875
0 0.13818359375 0.224609375 0.1103515625 0.111328125
0 0.13916015625 0.357421875 0.1220703125 0.123046875
0 0.140625 0.46044921875 0.109375 0.1103515625
0 0.140625 0.55908203125 0.109375 0.1103515625
0 0.140625 0.67529296875 0.09765625 0.0986328125
0 0.23779296875 0.2900390625 0.1103515625 0.111328125
0 0.23828125 0.4013671875 0.09765625 0.09765625
0 0.23046875 0.50537109375 0.09765625 0.0986328125
0 0.228515625 0.62548828125 0.09765625 0.0986328125
0 0.3291015625 0.23193359375 0.109375 0.1103515625
0 0.330078125 0.3447265625 0.109375 0.111328125
0 0.32861328125 0.451171875 0.1103515625 0.111328125
0 0.31982421875 0.56982421875 0.1103515625 0.1103515625
0 0.32275390625 0.68017578125 0.1103515625 0.1103515625
0 0.4287109375 0.28564453125 0.109375 0.1103515625
0 0.427734375 0.40283203125 0.109375 0.1103515625
0 0.423828125 0.50390625 0.109375 0.111328125
0 0.421875 0.6240234375 0.109375 0.111328125
0 0.42529296875 0.73046875 0.1220703125 0.123046875
0 0.52587890625 0.24658203125 0.1103515625 0.1103515625
0 0.5205078125 0.34423828125 0.09765625 0.0986328125
0 0.5185546875 0.44873046875 0.09765625 0.0986328125
0 0.5166015625 0.576171875 0.109375 0.111328125
0 0.5244140625 0.671875 0.09765625 0.09765625
0 0.6171875 0.29736328125 0.09765625 0.0986328125
0 0.61279296875 0.40283203125 0.1103515625 0.1103515625
0 0.6181640625 0.51513671875 0.09765625 0.0986328125
0 0.6123046875 0.626953125 0.09765625 0.09765625
0 0.6142578125 0.7392578125 0.109375 0.111328125
0 0.720703125 0.22900390625 0.09765625 0.0986328125
0 0.7158203125 0.35107421875 0.09765625 0.0986328125
0 0.712890625 0.44482421875 0.109375 0.1103515625
0 0.70751953125 0.55859375 0.1220703125 0.123046875
0 0.70361328125 0.6728515625 0.1220703125 0.123046875
0 0.81787109375 0.615234375 0.1220703125 0.123046875
0 0.818359375 0.47998046875 0.109375 0.1103515625
0 0.82568359375 0.38134765625 0.1220703125 0.1220703125
0 0.8193359375 0.27880859375 0.09765625 0.0986328125
0 0.81787109375 0.7236328125 0.1220703125 0.123046875
0 0.70703125 0.794921875 0.09765625 0.09765625
0 0.71484375 0.900390625 0.09765625 0.09765625
0 0.611328125 0.955078125 0.0859375 0.0859375
0 0.6162109375 0.84375 0.09765625 0.09765625
0 0.515625 0.7900390625 0.09765625 0.09765625
0 0.517578125 0.90966796875 0.09765625 0.0986328125
0 0.4208984375 0.94873046875 0.09765625 0.0986328125
0 0.42041015625 0.84228515625 0.1103515625 0.1103515625
0 0.3271484375 0.78857421875 0.09765625 0.0986328125
0 0.3203125 0.88330078125 0.09765625 0.0986328125
0 0.2392578125 0.82080078125 0.09765625 0.0986328125
0 0.2265625 0.73486328125 0.09765625 0.0986328125
0 0.1328125 0.77490234375 0.09765625 0.0986328125
0 0.1328125 0.90380859375 0.09765625 0.0986328125
0 0.91259765625 0.1142578125 0.1220703125 0.123046875
0 0.90576171875 0.2373046875 0.1103515625 0.111328125
0 0.91064453125 0.33740234375 0.1103515625 0.1103515625
0 0.91552734375 0.44921875 0.1220703125 0.123046875
0 0.90185546875 0.56982421875 0.1103515625 0.1103515625
0 0.91064453125 0.67626953125 0.1220703125 0.1220703125
0 0.81494140625 0.830078125 0.1220703125 0.123046875
0 0.9033203125 0.89892578125 0.09765625 0.0986328125
0 0.90380859375 0.7958984375 0.1220703125 0.123046875