0 0.48388671875 0.07275390625 0.0615234375 0.0615234375
0 0.47412109375 0.16845703125 0.0615234375 0.0615234375
0 0.19775390625 0.09716796875 0.0615234375 0.0615234375
0 0.109375 0.05322265625 0.060546875 0.0615234375
0 0.09814453125 0.81884765625 0.1103515625 0.1103515625
0 0.10791015625 0.93212890625 0.1103515625 0.1103515625
0 0.1923828125 0.87451171875 0.09765625 0.0986328125
0 0.2861328125 0.8134765625 0.09765625 0.09765625
0 0.36572265625 0.8662109375 0.0361328125 0.037109375
0 0.28515625 0.9306640625 0.0859375 0.0859375
0 0.55712890625 0.8759765625 0.1220703125 0.123046875
0 0.55810546875 0.7822265625 0.1220703125 0.123046875
0 0.65380859375 0.81787109375 0.1103515625 0.1103515625
0 0.65380859375 0.9267578125 0.1220703125 0.123046875
0 0.73974609375 0.87646484375 0.1103515625 0.1103515625
0 0.7509765625 0.78369140625 0.09765625 0.0986328125
0 0.84033203125 0.82861328125 0.1220703125 0.1220703125
0 0.84716796875 0.9228515625 0.1220703125 0.123046875
0 0.93603515625 0.88525390625 0.1220703125 0.1220703125
0 0.9365234375 0.78369140625 0.09765625 0.0986328125
0 0.1005859375 0.70556640625 0.109375 0.1103515625
0 0.20458984375 0.7568359375 0.1220703125 0.123046875
0 0.29248046875 0.6943359375 0.0732421875 0.07421875
0 0.197265625 0.65576171875 0.109375 0.1103515625
0 0.65478515625 0.6923828125 0.1220703125 0.123046875
0 0.74560546875 0.6572265625 0.1220703125 0.123046875
0 0.56298828125 0.6552734375 0.1220703125 0.123046875
0 0.93603515625 0.6650390625 0.1220703125 0.123046875
0 0.93310546875 0.5498046875 0.1220703125 0.123046875
0 0.93701171875 0.43994140625 0.1220703125 0.1220703125
0 0.93701171875 0.3291015625 0.1220703125 0.123046875
0 0.93798828125 0.2158203125 0.1220703125 0.123046875
0 0.84423828125 0.24853515625 0.1220703125 0.1220703125
0 0.83203125 0.36669921875 0.09765625 0.0986328125
0 0.84228515625 0.4697265625 0.1220703125 0.123046875
0 0.83544921875 0.5986328125 0.1220703125 0.123046875
0 0.83056640625 0.7236328125 0.1220703125 0.123046875
0 0.74853515625 0.537109375 0.1220703125 0.123046875
0 0.75439453125 0.4365234375 0.1220703125 0.123046875
0 0.74658203125 0.3173828125 0.1220703125 0.123046875
0 0.66162109375 0.267578125 0.1220703125 0.123046875
0 0.65380859375 0.37890625 0.1220703125 0.123046875
0 0.65869140625 0.4970703125 0.1220703125 0.123046875
0 0.6552734375 0.599609375 0.09765625 0.09765625
0 0.55908203125 0.5576171875 0.1220703125 0.123046875
0 0.56298828125 0.416015625 0.1220703125 0.123046875
0 0.564453125 0.31591796875 0.09765625 0.0986328125
0 0.55224609375 0.201171875 0.1220703125 0.123046875
0 0.75537109375 0.22802734375 0.0849609375 0.0869140625
0 0.19775390625 0.556640625 0.0849609375 0.0859375
0 0.21142578125 0.4443359375 0.1220703125 0.123046875
0 0.203125 0.32080078125 0.09765625 0.0986328125
0 0.1044921875 0.60107421875 0.109375 0.1103515625
0 0.1025390625 0.48876953125 0.09765625 0.0986328125
0 0.1025390625 0.37353515625 0.109375 0.1103515625
0 0.10888671875 0.27197265625 0.1103515625 0.1103515625
0 0.10302734375 0.1630859375 0.0849609375 0.0859375
0 0.5595703125 0.10302734375 0.109375 0.1103515625
0 0.6533203125 0.16650390625 0.109375 0.1103515625
0 0.65380859375 0.06396484375 0.1103515625 0.1103515625
0 0.7529296875 0.10693359375 0.09765625 0.0986328125
0 0.8515625 0.10791015625 0.09765625 0.0986328125
0 0.939453125 0.10498046875 0.09765625 0.0986328125
0 0.1982421875 0.22021484375 0.037109375 0.0361328125
0 0.30029296875 0.2392578125 0.0361328125 0.037109375
0 0.27587890625 0.09912109375 0.0244140625 0.0244140625
0 0.3837890625 0.1181640625 0.037109375 0.037109375
0 0.3798828125 0.2138671875 0.037109375 0.037109375
0 0.37890625 0.330078125 0.037109375 0.037109375