0 0.044921875 0.34619140625 0.0859375 0.0849609375
0 0.193359375 0.4208984375 0.048828125 0.048828125
0 0.255859375 0.3466796875 0.048828125 0.048828125
0 0.08349609375 0.42138671875 0.0615234375 0.0615234375
0 0.04345703125 0.52392578125 0.0615234375 0.0615234375
0 0.23095703125 0.91259765625 0.0615234375 0.0615234375
0 0.91845703125 0.35302734375 0.0615234375 0.0615234375
0 0.919921875 0.73193359375 0.07421875 0.0732421875
0 0.96337890625 0.8212890625 0.0615234375 0.060546875
0 0.69189453125 0.921875 0.0615234375 0.060546875
0 0.72412109375 0.8046875 0.0615234375 0.060546875
0 0.80908203125 0.923828125 0.0615234375 0.060546875
0 0.91748046875 0.919921875 0.0615234375 0.060546875
0 0.310546875 0.2470703125 0.048828125 0.048828125
0 0.42919921875 0.2470703125 0.0615234375 0.060546875
0 0.2041015625 0.24609375 0.048828125 0.048828125
0 0.76123046875 0.24658203125 0.0615234375 0.0615234375
0 0.47900390625 0.1533203125 0.0498046875 0.048828125
0 0.52392578125 0.248046875 0.0615234375 0.060546875
0 0.86962890625 0.24609375 0.0615234375 0.060546875
0 0.64306640625 0.23681640625 0.0732421875 0.0732421875
0 0.91943359375 0.162109375 0.0615234375 0.060546875
0 0.98046875 0.443359375 0.037109375 0.037109375
0 0.8525390625 0.814453125 0.048828125 0.048828125
0 0.0712890625 0.24853515625 0.0859375 0.0849609375
0 0.85498046875 0.056640625 0.0986328125 0.09765625
0 0.765625 0.056640625 0.111328125 0.109375
0 0.13427734375 0.3359375 0.0615234375 0.060546875
0 0.361328125 0.3359375 0.037109375 0.037109375
0 0.35400390625 0.71826171875 0.0244140625 0.0244140625
0 0.14990234375 0.72119140625 0.0244140625 0.0244140625
0 0.3466796875 0.9189453125 0.037109375 0.037109375
0 0.3212890625 0.79541015625 0.037109375 0.0361328125
0 0.09814453125 0.91552734375 0.0244140625 0.0244140625
0 0.3701171875 0.1572265625 0.037109375 0.037109375
0 0.60009765625 0.1572265625 0.0498046875 0.048828125
0 0.705078125 0.1533203125 0.048828125 0.048828125
0 0.81005859375 0.15869140625 0.0615234375 0.0615234375
0 0.146484375 0.1513671875 0.048828125 0.048828125
0 0.2470703125 0.150390625 0.048828125 0.048828125
0 0.7578125 0.6201171875 0.048828125 0.048828125
0 0.921875 0.5439453125 0.037109375 0.037109375
0 0.87060546875 0.62841796875 0.0244140625 0.0244140625
0 0.80908203125 0.7314453125 0.0498046875 0.048828125
0 0.685546875 0.72998046875 0.025390625 0.0244140625
0 0.578125 0.7255859375 0.037109375 0.037109375
0 0.53125 0.7998046875 0.037109375 0.037109375
0 0.62744140625 0.8056640625 0.0615234375 0.060546875
0 0.4658203125 0.9169921875 0.037109375 0.037109375
0 0.5830078125 0.91796875 0.037109375 0.037109375
0 0.4248046875 0.8037109375 0.037109375 0.037109375