0 0.10595703125 0.1533203125 0.0498046875 0.048828125
0 0.02783203125 0.248046875 0.0498046875 0.048828125
0 0.03759765625 0.0400390625 0.0361328125 0.037109375
0 0.91748046875 0.0576171875 0.0986328125 0.09765625
0 0.86279296875 0.15185546875 0.1103515625 0.1103515625
0 0.9189453125 0.2509765625 0.111328125 0.109375
0 0.8125 0.25439453125 0.123046875 0.1220703125
0 0.87109375 0.353515625 0.09765625 0.09765625
0 0.916015625 0.44140625 0.09765625 0.09765625
0 0.8037109375 0.443359375 0.111328125 0.109375
0 0.8701171875 0.53271484375 0.123046875 0.1220703125
0 0.927734375 0.64697265625 0.123046875 0.1220703125
0 0.8193359375 0.64697265625 0.123046875 0.1220703125
0 0.748046875 0.5361328125 0.09765625 0.09765625
0 0.642578125 0.5439453125 0.09765625 0.09765625
0 0.51953125 0.5322265625 0.09765625 0.09765625
0 0.43115234375 0.5361328125 0.0986328125 0.09765625
0 0.36376953125 0.43359375 0.0986328125 0.09765625
0 0.482421875 0.447265625 0.0859375 0.0859375
0 0.587890625 0.4404296875 0.0859375 0.0859375
0 0.69921875 0.4453125 0.09765625 0.09765625
0 0.7529296875 0.3447265625 0.09765625 0.09765625
0 0.63330078125 0.3466796875 0.0986328125 0.09765625
0 0.54150390625 0.3466796875 0.0986328125 0.09765625
0 0.42529296875 0.33984375 0.0986328125 0.09765625
0 0.31884765625 0.34716796875 0.0869140625 0.0849609375
0 0.47607421875 0.25146484375 0.1103515625 0.1103515625
0 0.59423828125 0.25 0.0986328125 0.09765625
0 0.70068359375 0.24951171875 0.1103515625 0.1103515625
0 0.75439453125 0.15625 0.0986328125 0.09765625
0 0.65966796875 0.1494140625 0.0986328125 0.09765625
0 0.53076171875 0.15234375 0.1103515625 0.109375
0 0.42529296875 0.1484375 0.1103515625 0.109375
0 0.48095703125 0.052734375 0.0986328125 0.09765625
0 0.59033203125 0.0595703125 0.0986328125 0.09765625
0 0.72216796875 0.068359375 0.0986328125 0.09765625
0 0.80810546875 0.0556640625 0.0986328125 0.09765625
0 0.3701171875 0.0517578125 0.048828125 0.048828125
0 0.36279296875 0.2529296875 0.0615234375 0.060546875
0 0.3125 0.16015625 0.048828125 0.048828125
0 0.86669921875 0.73974609375 0.1220703125 0.1220703125
0 0.92822265625 0.82861328125 0.1103515625 0.1103515625
0 0.8583984375 0.92431640625 0.123046875 0.1220703125
0 0.712890625 0.64404296875 0.123046875 0.1220703125
0 0.59912109375 0.63916015625 0.1220703125 0.1220703125
0 0.49658203125 0.64208984375 0.1103515625 0.1103515625
0 0.36572265625 0.634765625 0.0986328125 0.09765625
0 0.31640625 0.5322265625 0.0859375 0.0859375
0 0.25341796875 0.63330078125 0.1103515625 0.1103515625
0 0.3154296875 0.72607421875 0.0859375 0.0849609375
0 0.41650390625 0.7294921875 0.0986328125 0.09765625
0 0.53466796875 0.7275390625 0.0986328125 0.09765625
0 0.64404296875 0.732421875 0.0986328125 0.09765625
0 0.7470703125 0.73291015625 0.123046875 0.1220703125
0 0.818359375 0.82861328125 0.09765625 0.0966796875
0 0.7080078125 0.8193359375 0.09765625 0.09765625
0 0.60302734375 0.837890625 0.0986328125 0.09765625
0 0.478515625 0.828125 0.0859375 0.0859375
0 0.37939453125 0.8310546875 0.0986328125 0.09765625
0 0.25732421875 0.8271484375 0.0986328125 0.09765625
0 0.318359375 0.92138671875 0.123046875 0.1220703125
0 0.4228515625 0.91845703125 0.123046875 0.1220703125
0 0.5419921875 0.91845703125 0.123046875 0.1220703125
0 0.6416015625 0.91552734375 0.111328125 0.1103515625
0 0.7568359375 0.92041015625 0.123046875 0.1220703125
0 0.20458984375 0.9150390625 0.1103515625 0.109375
0 0.10693359375 0.9111328125 0.0986328125 0.09765625
0 0.15087890625 0.81640625 0.0986328125 0.09765625
0 0.21044921875 0.72705078125 0.0869140625 0.0849609375
0 0.15380859375 0.6171875 0.0498046875 0.048828125
0 0.19580078125 0.5361328125 0.0986328125 0.09765625
0 0.15869140625 0.048828125 0.0498046875 0.048828125
0 0.2060546875 0.15966796875 0.037109375 0.0361328125
0 0.259765625 0.26220703125 0.037109375 0.0361328125
0 0.08203125 0.330078125 0.048828125 0.048828125
0 0.2021484375 0.3427734375 0.048828125 0.048828125
0 0.173828125 0.4248046875 0.037109375 0.037109375
0 0.0263671875 0.416015625 0.037109375 0.037109375
0 0.0693359375 0.564453125 0.037109375 0.037109375
0 0.087890625 0.72265625 0.037109375 0.037109375
0 0.2548828125 0.44140625 0.09765625 0.09765625