0 0.412109375 0.96240234375 0.07421875 0.0732421875
0 0.39306640625 0.5927734375 0.0498046875 0.048828125
0 0.40576171875 0.6787109375 0.0615234375 0.060546875
0 0.88720703125 0.31982421875 0.0732421875 0.0732421875
0 0.65087890625 0.31982421875 0.0615234375 0.0615234375
0 0.95361328125 0.4189453125 0.0615234375 0.060546875
0 0.43017578125 0.314453125 0.0498046875 0.048828125
0 0.77490234375 0.3193359375 0.0615234375 0.060546875
0 0.8154296875 0.40576171875 0.037109375 0.0361328125
0 0.85595703125 0.763671875 0.0615234375 0.060546875
0 0.61376953125 0.677734375 0.0615234375 0.060546875
0 0.51708984375 0.5927734375 0.0615234375 0.060546875
0 0.50048828125 0.6748046875 0.0615234375 0.060546875
0 0.673828125 0.84765625 0.048828125 0.048828125
0 0.7392578125 0.958984375 0.037109375 0.037109375
0 0.580078125 0.8486328125 0.048828125 0.048828125
0 0.7080078125 0.6708984375 0.048828125 0.048828125
0 0.7451171875 0.7587890625 0.060546875 0.060546875
0 0.45947265625 0.50439453125 0.0615234375 0.0615234375
0 0.625 0.95849609375 0.07421875 0.0732421875
0 0.66845703125 0.75537109375 0.0615234375 0.0615234375
0 0.95556640625 0.9599609375 0.0615234375 0.060546875
0 0.7392578125 0.6025390625 0.048828125 0.048828125
0 0.8525390625 0.9677734375 0.048828125 0.048828125
0 0.943359375 0.76806640625 0.07421875 0.0732421875
0 0.5234375 0.95849609375 0.07421875 0.0732421875
0 0.10302734375 0.30810546875 0.0615234375 0.0615234375
0 0.31787109375 0.314453125 0.0615234375 0.060546875
0 0.20361328125 0.310546875 0.0615234375 0.060546875
0 0.283203125 0.2353515625 0.048828125 0.048828125
0 0.17236328125 0.22998046875 0.0732421875 0.0732421875
0 0.21728515625 0.12158203125 0.0615234375 0.0615234375
0 0.73291015625 0.23828125 0.0615234375 0.060546875
0 0.67822265625 0.130859375 0.0615234375 0.060546875
0 0.79541015625 0.1328125 0.0615234375 0.060546875
0 0.90380859375 0.12890625 0.0615234375 0.060546875
0 0.49853515625 0.2392578125 0.0498046875 0.048828125
0 0.85888671875 0.236328125 0.0615234375 0.060546875
0 0.30126953125 0.83740234375 0.0615234375 0.0615234375
0 0.17529296875 0.68310546875 0.0615234375 0.0615234375
0 0.3076171875 0.953125 0.048828125 0.048828125
0 0.10791015625 0.849609375 0.0498046875 0.048828125
0 0.08056640625 0.666015625 0.0615234375 0.060546875
0 0.33935546875 0.49755859375 0.0615234375 0.0615234375
0 0.0478515625 0.3984375 0.048828125 0.048828125
0 0.9609375 0.23486328125 0.037109375 0.0361328125
0 0.91064453125 0.5029296875 0.0361328125 0.037109375
0 0.9033203125 0.6787109375 0.037109375 0.037109375
0 0.89453125 0.84375 0.048828125 0.048828125
0 0.05078125 0.22705078125 0.0859375 0.0849609375
0 0.3330078125 0.1279296875 0.037109375 0.037109375
0 0.08447265625 0.12451171875 0.0244140625 0.0244140625
0 0.4521484375 0.1259765625 0.037109375 0.037109375
0 0.5693359375 0.126953125 0.037109375 0.037109375
0 0.6376953125 0.23828125 0.048828125 0.048828125
0 0.5537109375 0.31591796875 0.037109375 0.0361328125
0 0.39453125 0.234375 0.048828125 0.048828125
0 0.1103515625 0.4931640625 0.037109375 0.037109375
0 0.07958984375 0.9521484375 0.0498046875 0.048828125
0 0.07958984375 0.7587890625 0.0498046875 0.048828125
0 0.1611328125 0.58447265625 0.037109375 0.0361328125
0 0.28955078125 0.5888671875 0.0498046875 0.048828125
0 0.55908203125 0.50341796875 0.0361328125 0.0361328125
0 0.375 0.404296875 0.037109375 0.037109375
0 0.28759765625 0.6748046875 0.0498046875 0.048828125
0 0.62109375 0.603515625 0.037109375 0.037109375
0 0.26513671875 0.7548828125 0.0498046875 0.048828125
0 0.36865234375 0.76025390625 0.0615234375 0.0615234375
0 0.44921875 0.7568359375 0.048828125 0.048828125
0 0.53125 0.7548828125 0.048828125 0.048828125
0 0.46875 0.8466796875 0.048828125 0.048828125
0 0.3759765625 0.841796875 0.048828125 0.048828125
0 0.20849609375 0.8447265625 0.0498046875 0.048828125
0 0.193359375 0.95703125 0.048828125 0.048828125
0 0.70556640625 0.41064453125 0.0361328125 0.0361328125
0 0.7998046875 0.5078125 0.037109375 0.037109375
0 0.8095703125 0.67578125 0.048828125 0.048828125
0 0.8408203125 0.599609375 0.037109375 0.037109375
0 0.76025390625 0.84716796875 0.0244140625 0.0244140625