0 0.04765625 0.16171875 0.0484375 0.0484375
0 0.059375 0.0375 0.071875 0.071875
0 0.82734375 0.05859375 0.0609375 0.0609375
0 0.6203125 0.17265625 0.059375 0.0609375
0 0.440625 0.16953125 0.071875 0.0734375
0 0.13203125 0.11484375 0.0609375 0.0609375
0 0.3453125 0.08984375 0.071875 0.0734375
0 0.51640625 0.22109375 0.0484375 0.0484375
0 0.61875 0.07578125 0.059375 0.0609375
0 0.24296875 0.15546875 0.0484375 0.0484375
0 0.34375 0.2171875 0.071875 0.071875
0 0.246875 0.04609375 0.059375 0.0609375
0 0.52734375 0.11875 0.0609375 0.059375
0 0.44375 0.04609375 0.071875 0.0734375
0 0.13671875 0.21953125 0.0609375 0.0609375
0 0.04765625 0.38046875 0.0484375 0.0484375
0 0.05234375 0.27265625 0.0484375 0.0484375
0 0.803125 0.40546875 0.071875 0.0734375
0 0.3328125 0.71640625 0.084375 0.0859375
0 0.51484375 0.43515625 0.0609375 0.0609375
0 0.61484375 0.38046875 0.0484375 0.0484375
0 0.4171875 0.86796875 0.084375 0.0859375
0 0.34609375 0.32734375 0.0609375 0.0609375
0 0.51484375 0.33203125 0.0609375 0.0609375
0 0.24140625 0.27734375 0.0609375 0.0609375
0 0.71328125 0.34765625 0.0484375 0.0484375
0 0.91171875 0.12890625 0.0609375 0.0609375
0 0.91171875 0.23046875 0.0609375 0.0609375
0 0.90546875 0.45703125 0.0609375 0.0609375
0 0.88359375 0.82265625 0.0859375 0.0859375
0 0.8921875 0.71328125 0.084375 0.0859375
0 0.7984375 0.76953125 0.096875 0.0984375
0 0.8015625 0.88125 0.109375 0.109375
0 0.128125 0.70703125 0.084375 0.0859375
0 0.1296875 0.8 0.121875 0.121875
0 0.125 0.91875 0.121875 0.121875
0 0.2296875 0.85859375 0.084375 0.0859375
0 0.225 0.73203125 0.084375 0.0859375
0 0.33046875 0.80703125 0.0859375 0.0859375
0 0.33671875 0.91953125 0.0859375 0.0859375
0 0.4125 0.94609375 0.084375 0.0859375
0 0.4203125 0.76171875 0.084375 0.0859375
0 0.5046875 0.70546875 0.084375 0.0859375
0 0.496875 0.82265625 0.084375 0.0859375
0 0.5015625 0.92734375 0.084375 0.0859375
0 0.703125 0.92109375 0.096875 0.0984375
0 0.70625 0.8 0.096875 0.096875
0 0.7015625 0.71015625 0.084375 0.0859375
0 0.6078125 0.76875 0.121875 0.121875
0 0.6078125 0.87265625 0.096875 0.0984375
0 0.90546875 0.34296875 0.0609375 0.0609375
0 0.71484375 0.11171875 0.0484375 0.0484375
0 0.71640625 0.23984375 0.0359375 0.0359375
0 0.61328125 0.28984375 0.0359375 0.0359375
0 0.4328125 0.26796875 0.071875 0.0734375
0 0.43203125 0.38984375 0.0359375 0.0359375
0 0.34453125 0.41796875 0.0484375 0.0484375
0 0.24140625 0.45859375 0.0484375 0.0484375
0 0.14296875 0.32890625 0.0484375 0.0484375
0 0.05234375 0.45859375 0.0484375 0.0484375