0 0.92724609375 0.20654296875 0.1103515625 0.1103515625
0 0.92724609375 0.09765625 0.1220703125 0.123046875
0 0.84130859375 0.14794921875 0.1103515625 0.1103515625
0 0.830078125 0.24072265625 0.09765625 0.0986328125
0 0.74072265625 0.19580078125 0.1220703125 0.1220703125
0 0.73388671875 0.1015625 0.1220703125 0.123046875
0 0.64501953125 0.13916015625 0.1220703125 0.1220703125
0 0.64453125 0.24072265625 0.09765625 0.0986328125
0 0.5419921875 0.20166015625 0.09765625 0.0986328125
0 0.5341796875 0.09716796875 0.09765625 0.0986328125
0 0.455078125 0.15185546875 0.109375 0.1103515625
0 0.35400390625 0.1962890625 0.1220703125 0.123046875
0 0.3515625 0.07080078125 0.109375 0.1103515625
0 0.26708984375 0.16015625 0.1220703125 0.123046875
0 0.92626953125 0.33203125 0.1220703125 0.123046875
0 0.83544921875 0.3671875 0.1220703125 0.123046875
0 0.07177734375 0.1494140625 0.1220703125 0.123046875
0 0.16455078125 0.0927734375 0.1103515625 0.111328125
0 0.17724609375 0.212890625 0.1103515625 0.111328125
0 0.07421875 0.25927734375 0.109375 0.1103515625
0 0.08251953125 0.353515625 0.1220703125 0.123046875
0 0.07275390625 0.4736328125 0.1220703125 0.123046875
0 0.07373046875 0.599609375 0.1220703125 0.123046875
0 0.06591796875 0.70361328125 0.1103515625 0.1103515625
0 0.06689453125 0.814453125 0.1220703125 0.123046875
0 0.169921875 0.75244140625 0.109375 0.1103515625
0 0.17578125 0.6435546875 0.09765625 0.09765625
0 0.16650390625 0.5390625 0.1220703125 0.123046875
0 0.16748046875 0.431640625 0.1220703125 0.123046875
0 0.166015625 0.31884765625 0.09765625 0.0986328125
0 0.26708984375 0.25732421875 0.1103515625 0.1103515625
0 0.357421875 0.29931640625 0.109375 0.1103515625
0 0.35791015625 0.41748046875 0.1103515625 0.1103515625
0 0.26220703125 0.37353515625 0.1103515625 0.1103515625
0 0.26904296875 0.46923828125 0.1103515625 0.1103515625
0 0.26220703125 0.5908203125 0.1220703125 0.123046875
0 0.25830078125 0.69921875 0.1220703125 0.123046875
0 0.2568359375 0.81689453125 0.109375 0.1103515625
0 0.36376953125 0.7431640625 0.1220703125 0.123046875
0 0.35693359375 0.6474609375 0.1220703125 0.123046875
0 0.359375 0.51513671875 0.09765625 0.0986328125
0 0.451171875 0.26220703125 0.109375 0.1103515625
0 0.44775390625 0.37646484375 0.1220703125 0.1220703125
0 0.44677734375 0.48828125 0.1220703125 0.123046875
0 0.44873046875 0.58984375 0.1220703125 0.123046875
0 0.44482421875 0.6943359375 0.1220703125 0.123046875
0 0.44091796875 0.8125 0.1220703125 0.123046875
0 0.54052734375 0.763671875 0.1220703125 0.123046875
0 0.54052734375 0.6494140625 0.1220703125 0.123046875
0 0.54638671875 0.53466796875 0.1220703125 0.1220703125
0 0.54638671875 0.42529296875 0.1220703125 0.1220703125
0 0.537109375 0.32177734375 0.09765625 0.0986328125
0 0.64501953125 0.359375 0.1220703125 0.123046875
0 0.64794921875 0.474609375 0.1220703125 0.123046875
0 0.64404296875 0.58447265625 0.1220703125 0.1220703125
0 0.64404296875 0.6953125 0.1220703125 0.123046875
0 0.64306640625 0.80859375 0.1220703125 0.123046875
0 0.73681640625 0.77587890625 0.1220703125 0.1220703125
0 0.7490234375 0.65771484375 0.09765625 0.0986328125
0 0.73876953125 0.5546875 0.1220703125 0.123046875
0 0.74560546875 0.42578125 0.1220703125 0.123046875
0 0.75048828125 0.30078125 0.1220703125 0.123046875
0 0.83251953125 0.4873046875 0.1220703125 0.123046875
0 0.82666015625 0.587890625 0.1220703125 0.123046875
0 0.83447265625 0.70703125 0.1220703125 0.123046875
0 0.91943359375 0.7568359375 0.1220703125 0.123046875
0 0.92724609375 0.6455078125 0.1220703125 0.123046875
0 0.92236328125 0.52734375 0.1220703125 0.123046875
0 0.92578125 0.4248046875 0.09765625 0.09765625
0 0.82568359375 0.79638671875 0.0849609375 0.0869140625
0 0.927734375 0.85791015625 0.109375 0.1103515625
0 0.828125 0.91748046875 0.09765625 0.0986328125
0 0.7294921875 0.91650390625 0.09765625 0.0986328125
0 0.6416015625 0.91943359375 0.09765625 0.0986328125
0 0.5322265625 0.86767578125 0.09765625 0.0986328125
0 0.4482421875 0.91552734375 0.09765625 0.0986328125
0 0.37158203125 0.9208984375 0.1220703125 0.123046875
0 0.255859375 0.91015625 0.09765625 0.09765625
0 0.169921875 0.85546875 0.09765625 0.09765625
0 0.06787109375 0.91943359375 0.1103515625 0.1103515625