0 0.8134765625 0.0869140625 0.048828125 0.048828125
0 0.9208984375 0.0908203125 0.048828125 0.048828125
0 0.69775390625 0.09130859375 0.0615234375 0.0615234375
0 0.126953125 0.4873046875 0.0859375 0.0859375
0 0.05419921875 0.291015625 0.0615234375 0.060546875
0 0.15625 0.29248046875 0.07421875 0.0732421875
0 0.50830078125 0.6162109375 0.0498046875 0.048828125
0 0.79443359375 0.2939453125 0.0498046875 0.048828125
0 0.74267578125 0.20361328125 0.0615234375 0.0615234375
0 0.83740234375 0.4052734375 0.0615234375 0.060546875
0 0.89306640625 0.296875 0.0498046875 0.048828125
0 0.75732421875 0.4013671875 0.0615234375 0.060546875
0 0.6962890625 0.296875 0.037109375 0.037109375
0 0.85791015625 0.2080078125 0.0498046875 0.048828125
0 0.63525390625 0.4013671875 0.0498046875 0.048828125
0 0.640625 0.19482421875 0.037109375 0.0361328125
0 0.03955078125 0.0849609375 0.0498046875 0.048828125
0 0.0771484375 0.59375 0.0859375 0.0859375
0 0.03173828125 0.861328125 0.0615234375 0.060546875
0 0.13134765625 0.083984375 0.0498046875 0.048828125
0 0.251953125 0.28857421875 0.025390625 0.0244140625
0 0.1962890625 0.1875 0.048828125 0.048828125
0 0.07861328125 0.193359375 0.0498046875 0.048828125
0 0.35986328125 0.08837890625 0.0244140625 0.0244140625
0 0.48486328125 0.08349609375 0.0244140625 0.0244140625
0 0.599609375 0.08154296875 0.025390625 0.0244140625
0 0.52685546875 0.19775390625 0.0244140625 0.0244140625
0 0.28857421875 0.19775390625 0.0244140625 0.0244140625
0 0.5712890625 0.791015625 0.048828125 0.048828125
0 0.677734375 0.79296875 0.048828125 0.048828125
0 0.7744140625 0.7998046875 0.037109375 0.037109375
0 0.86328125 0.798828125 0.037109375 0.037109375
0 0.6123046875 0.7060546875 0.048828125 0.048828125
0 0.72607421875 0.7041015625 0.0615234375 0.060546875
0 0.8466796875 0.7138671875 0.037109375 0.037109375
0 0.74365234375 0.63916015625 0.0615234375 0.0615234375
0 0.8427734375 0.6474609375 0.048828125 0.048828125
0 0.67822265625 0.50048828125 0.0244140625 0.0244140625
0 0.78515625 0.50048828125 0.037109375 0.0361328125
0 0.2021484375 0.3935546875 0.048828125 0.048828125
0 0.3134765625 0.390625 0.048828125 0.048828125
0 0.56591796875 0.49609375 0.0361328125 0.037109375
0 0.44921875 0.4912109375 0.048828125 0.048828125
0 0.3447265625 0.4912109375 0.048828125 0.048828125
0 0.2333984375 0.484375 0.048828125 0.048828125
0 0.19873046875 0.6025390625 0.0244140625 0.0234375
0 0.3017578125 0.6083984375 0.048828125 0.048828125
0 0.41455078125 0.619140625 0.0361328125 0.037109375
0 0.1455078125 0.6875 0.048828125 0.048828125
0 0.26123046875 0.68798828125 0.0244140625 0.0244140625
0 0.38818359375 0.69482421875 0.0244140625 0.0244140625
0 0.50244140625 0.701171875 0.0498046875 0.048828125
0 0.19873046875 0.78076171875 0.0361328125 0.0361328125
0 0.32861328125 0.78076171875 0.0244140625 0.0244140625
0 0.43798828125 0.78662109375 0.0244140625 0.0244140625
0 0.12841796875 0.8544921875 0.0361328125 0.037109375
0 0.24755859375 0.8515625 0.0498046875 0.048828125
0 0.37890625 0.857421875 0.037109375 0.037109375
0 0.4814453125 0.85546875 0.048828125 0.048828125
0 0.611328125 0.85791015625 0.037109375 0.0361328125
0 0.17138671875 0.94482421875 0.0361328125 0.0361328125
0 0.09130859375 0.38525390625 0.0244140625 0.0244140625
0 0.07568359375 0.9453125 0.0361328125 0.037109375
0 0.0390625 0.6845703125 0.048828125 0.048828125
0 0.078125 0.77685546875 0.037109375 0.0361328125
0 0.7265625 0.853515625 0.048828125 0.048828125
0 0.47314453125 0.28955078125 0.0244140625 0.0244140625
0 0.560546875 0.40576171875 0.037109375 0.0361328125