0 0.07958984375 0.4248046875 0.0849609375 0.0859375
0 0.0791015625 0.6357421875 0.048828125 0.048828125
0 0.7490234375 0.69482421875 0.09765625 0.0986328125
0 0.1787109375 0.6904296875 0.048828125 0.048828125
0 0.1787109375 0.80908203125 0.060546875 0.0615234375
0 0.1796875 0.583984375 0.048828125 0.048828125
0 0.2724609375 0.85888671875 0.048828125 0.0498046875
0 0.177734375 0.90380859375 0.060546875 0.0615234375
0 0.4541015625 0.083984375 0.09765625 0.09765625
0 0.66064453125 0.08349609375 0.1103515625 0.1103515625
0 0.853515625 0.09130859375 0.109375 0.1103515625
0 0.09423828125 0.080078125 0.0849609375 0.0859375
0 0.27490234375 0.07763671875 0.1103515625 0.1103515625
0 0.845703125 0.20556640625 0.109375 0.1103515625
0 0.939453125 0.26513671875 0.109375 0.1103515625
0 0.943359375 0.36474609375 0.109375 0.1103515625
0 0.85498046875 0.31494140625 0.1103515625 0.1103515625
0 0.75048828125 0.35986328125 0.1103515625 0.1103515625
0 0.751953125 0.24853515625 0.09765625 0.0986328125
0 0.75634765625 0.14013671875 0.1103515625 0.1103515625
0 0.65478515625 0.18408203125 0.1103515625 0.1103515625
0 0.6630859375 0.29052734375 0.109375 0.1103515625
0 0.56103515625 0.255859375 0.1220703125 0.123046875
0 0.5712890625 0.14306640625 0.109375 0.1103515625
0 0.57080078125 0.36328125 0.1220703125 0.123046875
0 0.4658203125 0.31494140625 0.09765625 0.0986328125
0 0.46875 0.19580078125 0.109375 0.1103515625
0 0.27685546875 0.1845703125 0.1220703125 0.123046875
0 0.3798828125 0.25634765625 0.09765625 0.0986328125
0 0.38134765625 0.1337890625 0.1220703125 0.123046875
0 0.38330078125 0.359375 0.1103515625 0.111328125
0 0.27734375 0.3046875 0.109375 0.111328125
0 0.1875 0.359375 0.109375 0.111328125
0 0.18359375 0.24609375 0.109375 0.111328125
0 0.1865234375 0.1318359375 0.109375 0.111328125
0 0.095703125 0.1875 0.09765625 0.09765625
0 0.083984375 0.310546875 0.09765625 0.09765625
0 0.92724609375 0.81005859375 0.1103515625 0.1103515625
0 0.9384765625 0.91748046875 0.109375 0.1103515625
0 0.17724609375 0.451171875 0.0849609375 0.0859375
0 0.27197265625 0.41357421875 0.1103515625 0.1103515625
0 0.37109375 0.47802734375 0.109375 0.1103515625
0 0.37109375 0.58740234375 0.109375 0.1103515625
0 0.37353515625 0.69580078125 0.1103515625 0.1103515625
0 0.37451171875 0.79541015625 0.1103515625 0.1103515625
0 0.37451171875 0.90771484375 0.1103515625 0.1103515625
0 0.4755859375 0.85498046875 0.09765625 0.0986328125
0 0.4716796875 0.74365234375 0.09765625 0.0986328125
0 0.4658203125 0.63525390625 0.109375 0.1103515625
0 0.47265625 0.52294921875 0.109375 0.1103515625
0 0.45947265625 0.41357421875 0.1103515625 0.1103515625
0 0.55615234375 0.46875 0.1220703125 0.123046875
0 0.56591796875 0.57080078125 0.1103515625 0.1103515625
0 0.568359375 0.69189453125 0.109375 0.1103515625
0 0.564453125 0.79638671875 0.109375 0.1103515625
0 0.5703125 0.90771484375 0.09765625 0.0986328125
0 0.65087890625 0.85693359375 0.1103515625 0.1103515625
0 0.65869140625 0.75146484375 0.1103515625 0.1103515625
0 0.65478515625 0.63720703125 0.1103515625 0.1103515625
0 0.64892578125 0.54150390625 0.1103515625 0.1103515625
0 0.654296875 0.4140625 0.109375 0.111328125
0 0.751953125 0.47265625 0.109375 0.111328125
0 0.75390625 0.58154296875 0.109375 0.1103515625
0 0.75244140625 0.81103515625 0.1103515625 0.1103515625
0 0.8369140625 0.85888671875 0.109375 0.1103515625
0 0.837890625 0.73974609375 0.109375 0.1103515625
0 0.8447265625 0.6455078125 0.109375 0.111328125
0 0.841796875 0.525390625 0.09765625 0.09765625
0 0.84619140625 0.4130859375 0.1103515625 0.111328125
0 0.94189453125 0.47119140625 0.1103515625 0.1103515625
0 0.9384765625 0.58203125 0.09765625 0.09765625
0 0.93896484375 0.6962890625 0.1103515625 0.111328125
0 0.74853515625 0.92626953125 0.1103515625 0.1103515625
0 0.08984375 0.51416015625 0.060546875 0.0615234375
0 0.08984375 0.7412109375 0.037109375 0.037109375
0 0.2685546875 0.75 0.037109375 0.037109375
0 0.2744140625 0.5263671875 0.048828125 0.048828125
0 0.275390625 0.626953125 0.048828125 0.048828125