0 0.3109375 0.29140625 0.084375 0.0859375
0 0.396875 0.44140625 0.084375 0.0859375
0 0.4796875 0.6078125 0.071875 0.071875
0 0.88359375 0.03203125 0.0609375 0.0609375
0 0.95 0.46484375 0.096875 0.0984375
0 0.953125 0.89765625 0.084375 0.0859375
0 0.86328125 0.95078125 0.0859375 0.0859375
0 0.8671875 0.8296875 0.109375 0.109375
0 0.8671875 0.72109375 0.096875 0.0984375
0 0.859375 0.61640625 0.096875 0.0984375
0 0.8609375 0.525 0.109375 0.109375
0 0.86171875 0.39609375 0.0859375 0.0859375
0 0.8703125 0.28828125 0.084375 0.0859375
0 0.7765625 0.34453125 0.096875 0.0984375
0 0.78125 0.4546875 0.109375 0.109375
0 0.7734375 0.5578125 0.096875 0.096875
0 0.7734375 0.66875 0.109375 0.109375
0 0.76875 0.7578125 0.109375 0.109375
0 0.7640625 0.87421875 0.096875 0.0984375
0 0.1078125 0.28203125 0.084375 0.0859375
0 0.1078125 0.3734375 0.121875 0.121875
0 0.1046875 0.4921875 0.121875 0.121875
0 0.11171875 0.59609375 0.0859375 0.0859375
0 0.1046875 0.7125 0.121875 0.121875
0 0.1015625 0.8171875 0.121875 0.121875
0 0.1015625 0.9234375 0.121875 0.121875
0 0.19375 0.8796875 0.121875 0.121875
0 0.196875 0.7578125 0.121875 0.121875
0 0.2015625 0.6578125 0.121875 0.121875
0 0.1984375 0.54375 0.121875 0.121875
0 0.2078125 0.43359375 0.084375 0.0859375
0 0.203125 0.30703125 0.084375 0.0859375
0 0.31015625 0.38046875 0.0859375 0.0859375
0 0.31484375 0.49296875 0.0859375 0.0859375
0 0.30234375 0.60234375 0.0859375 0.0859375
0 0.30703125 0.71640625 0.0859375 0.0859375
0 0.3046875 0.83359375 0.084375 0.0859375
0 0.2984375 0.93046875 0.059375 0.0609375
0 0.3828125 0.87734375 0.109375 0.1109375
0 0.39140625 0.76328125 0.0859375 0.0859375
0 0.3953125 0.640625 0.096875 0.096875
0 0.390625 0.52109375 0.084375 0.0859375
0 0.3984375 0.33671875 0.084375 0.0859375
0 0.4828125 0.28046875 0.084375 0.0859375
0 0.475 0.39765625 0.084375 0.0859375
0 0.4796875 0.50234375 0.084375 0.0859375
0 0.56796875 0.75234375 0.0484375 0.0484375
0 0.47421875 0.72265625 0.0859375 0.0859375
0 0.4796875 0.825 0.121875 0.121875
0 0.5703125 0.8796875 0.121875 0.121875
0 0.6609375 0.93203125 0.096875 0.0984375
0 0.671875 0.80078125 0.096875 0.0984375
0 0.671875 0.69921875 0.096875 0.0984375
0 0.665625 0.59453125 0.096875 0.0984375
0 0.68125 0.49453125 0.096875 0.0984375
0 0.684375 0.375 0.096875 0.096875
0 0.6796875 0.28359375 0.084375 0.0859375
0 0.5859375 0.34375 0.121875 0.121875
0 0.5859375 0.44609375 0.096875 0.0984375
0 0.571875 0.64921875 0.084375 0.0859375
0 0.21953125 0.03203125 0.0484375 0.0484375
0 0.03203125 0.03359375 0.0484375 0.0484375