0 0.9482421875 0.94970703125 0.07421875 0.0732421875
0 0.50830078125 0.94580078125 0.0615234375 0.0615234375
0 0.56640625 0.671875 0.0859375 0.0859375
0 0.08251953125 0.35595703125 0.0732421875 0.0732421875
0 0.13671875 0.66748046875 0.07421875 0.0732421875
0 0.837890625 0.955078125 0.0859375 0.0859375
0 0.724609375 0.9501953125 0.09765625 0.09765625
0 0.6123046875 0.94873046875 0.0859375 0.0849609375
0 0.34228515625 0.85009765625 0.1103515625 0.1103515625
0 0.45556640625 0.8525390625 0.1103515625 0.109375
0 0.57080078125 0.85400390625 0.1103515625 0.1103515625
0 0.68701171875 0.86328125 0.0986328125 0.09765625
0 0.78564453125 0.87109375 0.1103515625 0.109375
0 0.87060546875 0.8662109375 0.1103515625 0.109375
0 0.93408203125 0.77685546875 0.1103515625 0.1103515625
0 0.83544921875 0.76806640625 0.1103515625 0.1103515625
0 0.71826171875 0.76513671875 0.1103515625 0.1103515625
0 0.619140625 0.7587890625 0.0859375 0.0859375
0 0.5048828125 0.7724609375 0.111328125 0.109375
0 0.4111328125 0.76953125 0.09765625 0.09765625
0 0.35791015625 0.6650390625 0.0869140625 0.0859375
0 0.45703125 0.6640625 0.0859375 0.0859375
0 0.65966796875 0.66552734375 0.1103515625 0.1103515625
0 0.787109375 0.67236328125 0.111328125 0.1103515625
0 0.89794921875 0.6875 0.0986328125 0.09765625
0 0.943359375 0.5751953125 0.0859375 0.0859375
0 0.845703125 0.5869140625 0.09765625 0.09765625
0 0.73291015625 0.583984375 0.1103515625 0.109375
0 0.6259765625 0.5791015625 0.111328125 0.109375
0 0.5126953125 0.576171875 0.111328125 0.109375
0 0.3828125 0.57861328125 0.0859375 0.0849609375
0 0.35546875 0.4853515625 0.09765625 0.09765625
0 0.4609375 0.4794921875 0.0859375 0.0859375
0 0.56982421875 0.4765625 0.0986328125 0.09765625
0 0.6806640625 0.48046875 0.09765625 0.09765625
0 0.7900390625 0.4873046875 0.111328125 0.109375
0 0.8916015625 0.4853515625 0.09765625 0.09765625
0 0.83544921875 0.35546875 0.0986328125 0.09765625
0 0.7236328125 0.3642578125 0.09765625 0.09765625
0 0.61962890625 0.3603515625 0.0986328125 0.09765625
0 0.53271484375 0.361328125 0.0986328125 0.09765625
0 0.4033203125 0.35888671875 0.0859375 0.0849609375
0 0.349609375 0.2685546875 0.0859375 0.0859375
0 0.47021484375 0.27392578125 0.1103515625 0.1103515625
0 0.57958984375 0.2724609375 0.0986328125 0.09765625
0 0.68505859375 0.2646484375 0.0986328125 0.09765625
0 0.77490234375 0.267578125 0.1103515625 0.109375
0 0.904296875 0.267578125 0.0859375 0.0859375
0 0.84521484375 0.1865234375 0.1103515625 0.109375
0 0.7421875 0.1787109375 0.09765625 0.09765625
0 0.63134765625 0.1796875 0.1103515625 0.109375
0 0.54150390625 0.17431640625 0.1103515625 0.1103515625
0 0.42626953125 0.169921875 0.0986328125 0.09765625
0 0.36865234375 0.06640625 0.0986328125 0.09765625
0 0.263671875 0.0732421875 0.0859375 0.0859375
0 0.50048828125 0.0771484375 0.0986328125 0.09765625
0 0.60205078125 0.0771484375 0.0986328125 0.09765625
0 0.70556640625 0.072265625 0.0986328125 0.09765625
0 0.80615234375 0.0869140625 0.0986328125 0.09765625
0 0.92578125 0.0908203125 0.09765625 0.09765625
0 0.3076171875 0.17578125 0.09765625 0.09765625
0 0.244140625 0.27099609375 0.0859375 0.0849609375
0 0.23828125 0.4716796875 0.048828125 0.048828125
0 0.142578125 0.0625 0.09765625 0.09765625
0 0.083984375 0.166015625 0.111328125 0.109375
0 0.17919921875 0.1708984375 0.0986328125 0.09765625
0 0.1474609375 0.2666015625 0.09765625 0.09765625
0 0.29833984375 0.36279296875 0.0869140625 0.0849609375
0 0.19580078125 0.35595703125 0.0732421875 0.0732421875
0 0.13037109375 0.48681640625 0.0732421875 0.0732421875
0 0.2998046875 0.5771484375 0.0859375 0.0859375
0 0.1787109375 0.56689453125 0.07421875 0.0732421875
0 0.0732421875 0.5732421875 0.09765625 0.09765625
0 0.23828125 0.66552734375 0.07421875 0.0732421875
0 0.2783203125 0.75927734375 0.0859375 0.0849609375
0 0.17578125 0.76318359375 0.123046875 0.1220703125
0 0.0927734375 0.76220703125 0.123046875 0.1220703125
0 0.22998046875 0.8447265625 0.1103515625 0.109375
0 0.1103515625 0.84814453125 0.123046875 0.1220703125
0 0.0517578125 0.9462890625 0.09765625 0.09765625
0 0.1767578125 0.94384765625 0.07421875 0.0732421875
0 0.2861328125 0.9423828125 0.111328125 0.109375