0 0.38134765625 0.96630859375 0.0615234375 0.0615234375
0 0.35791015625 0.85400390625 0.0615234375 0.0615234375
0 0.3505859375 0.76171875 0.048828125 0.048828125
0 0.185546875 0.9501953125 0.048828125 0.048828125
0 0.1806640625 0.845703125 0.048828125 0.048828125
0 0.052734375 0.9443359375 0.048828125 0.048828125
0 0.263671875 0.849609375 0.048828125 0.048828125
0 0.2626953125 0.765625 0.048828125 0.048828125
0 0.45263671875 0.85595703125 0.0615234375 0.0615234375
0 0.849609375 0.86669921875 0.07421875 0.0732421875
0 0.79443359375 0.95751953125 0.0615234375 0.0615234375
0 0.88818359375 0.9521484375 0.0615234375 0.060546875
0 0.48486328125 0.95703125 0.0615234375 0.060546875
0 0.58056640625 0.9521484375 0.0615234375 0.060546875
0 0.54638671875 0.77099609375 0.0615234375 0.0615234375
0 0.44384765625 0.771484375 0.0615234375 0.060546875
0 0.53173828125 0.85498046875 0.0615234375 0.0615234375
0 0.60888671875 0.8486328125 0.0498046875 0.048828125
0 0.62939453125 0.7646484375 0.0498046875 0.048828125
0 0.37451171875 0.0673828125 0.0498046875 0.048828125
0 0.27783203125 0.0634765625 0.0498046875 0.048828125
0 0.21630859375 0.1630859375 0.0498046875 0.048828125
0 0.31494140625 0.15673828125 0.0615234375 0.0615234375
0 0.1083984375 0.158203125 0.048828125 0.048828125
0 0.20166015625 0.2666015625 0.0498046875 0.048828125
0 0.28271484375 0.255859375 0.0498046875 0.048828125
0 0.37841796875 0.255859375 0.0498046875 0.048828125
0 0.4169921875 0.3623046875 0.048828125 0.048828125
0 0.41650390625 0.158203125 0.0498046875 0.048828125
0 0.09130859375 0.064453125 0.0615234375 0.060546875
0 0.595703125 0.6953125 0.048828125 0.048828125
0 0.4931640625 0.685546875 0.048828125 0.048828125
0 0.798828125 0.771484375 0.048828125 0.048828125
0 0.9033203125 0.775390625 0.048828125 0.048828125
0 0.9443359375 0.86669921875 0.07421875 0.0732421875
0 0.189453125 0.06396484375 0.037109375 0.0361328125
0 0.4765625 0.25390625 0.048828125 0.048828125
0 0.3154296875 0.359375 0.048828125 0.048828125
0 0.3701171875 0.4482421875 0.048828125 0.048828125
0 0.083984375 0.84375 0.037109375 0.037109375
0 0.287109375 0.953125 0.048828125 0.048828125
0 0.47900390625 0.05419921875 0.0244140625 0.0244140625