0 0.13671875 0.39794921875 0.09765625 0.0986328125
0 0.88818359375 0.9423828125 0.0732421875 0.07421875
0 0.701171875 0.9453125 0.09765625 0.09765625
0 0.51513671875 0.068359375 0.1103515625 0.111328125
0 0.3310546875 0.06787109375 0.109375 0.1103515625
0 0.13818359375 0.06298828125 0.1103515625 0.1103515625
0 0.89306640625 0.07373046875 0.1103515625 0.1103515625
0 0.89697265625 0.19140625 0.1220703125 0.123046875
0 0.89453125 0.29345703125 0.109375 0.1103515625
0 0.89111328125 0.40673828125 0.1220703125 0.1220703125
0 0.8974609375 0.51416015625 0.109375 0.1103515625
0 0.806640625 0.13134765625 0.109375 0.1103515625
0 0.8037109375 0.23974609375 0.09765625 0.0986328125
0 0.8095703125 0.33154296875 0.09765625 0.0986328125
0 0.80419921875 0.46435546875 0.1103515625 0.1103515625
0 0.7978515625 0.57275390625 0.09765625 0.0986328125
0 0.7060546875 0.07373046875 0.09765625 0.0986328125
0 0.716796875 0.18798828125 0.09765625 0.0986328125
0 0.70947265625 0.29736328125 0.1103515625 0.1103515625
0 0.70458984375 0.41650390625 0.1103515625 0.1103515625
0 0.7080078125 0.51416015625 0.09765625 0.0986328125
0 0.61376953125 0.13134765625 0.1103515625 0.1103515625
0 0.61474609375 0.24169921875 0.1103515625 0.1103515625
0 0.6123046875 0.35693359375 0.109375 0.1103515625
0 0.609375 0.46240234375 0.109375 0.1103515625
0 0.60546875 0.56640625 0.09765625 0.09765625
0 0.51416015625 0.1884765625 0.1220703125 0.123046875
0 0.515625 0.29443359375 0.109375 0.1103515625
0 0.5146484375 0.40283203125 0.109375 0.1103515625
0 0.51708984375 0.509765625 0.1103515625 0.111328125
0 0.42529296875 0.4453125 0.1103515625 0.111328125
0 0.42529296875 0.34765625 0.0732421875 0.07421875
0 0.43017578125 0.244140625 0.1220703125 0.123046875
0 0.42578125 0.12060546875 0.109375 0.1103515625
0 0.88818359375 0.61572265625 0.1103515625 0.1103515625
0 0.88134765625 0.73828125 0.1220703125 0.123046875
0 0.89111328125 0.83203125 0.1220703125 0.123046875
0 0.79931640625 0.68994140625 0.1103515625 0.1103515625
0 0.80078125 0.7890625 0.09765625 0.09765625
0 0.7880859375 0.8955078125 0.109375 0.111328125
0 0.7080078125 0.63671875 0.09765625 0.09765625
0 0.7041015625 0.7412109375 0.09765625 0.09765625
0 0.6953125 0.84765625 0.109375 0.111328125
0 0.611328125 0.6748046875 0.09765625 0.09765625
0 0.603515625 0.78515625 0.109375 0.111328125
0 0.59814453125 0.88134765625 0.1103515625 0.1103515625
0 0.50927734375 0.6220703125 0.1103515625 0.111328125
0 0.51416015625 0.84130859375 0.1103515625 0.1103515625
0 0.51611328125 0.72509765625 0.1103515625 0.1103515625
0 0.41455078125 0.6748046875 0.1220703125 0.123046875
0 0.42041015625 0.791015625 0.1220703125 0.123046875
0 0.41455078125 0.89111328125 0.1220703125 0.1220703125
0 0.41162109375 0.56689453125 0.1103515625 0.1103515625
0 0.31494140625 0.51318359375 0.1103515625 0.1103515625
0 0.326171875 0.62060546875 0.109375 0.1103515625
0 0.31640625 0.72705078125 0.109375 0.1103515625
0 0.31640625 0.83544921875 0.109375 0.1103515625
0 0.1396484375 0.17578125 0.109375 0.111328125
0 0.1416015625 0.28466796875 0.109375 0.1103515625
0 0.14013671875 0.51416015625 0.1103515625 0.1103515625
0 0.224609375 0.56201171875 0.109375 0.1103515625
0 0.2255859375 0.44287109375 0.109375 0.1103515625
0 0.232421875 0.3486328125 0.109375 0.111328125
0 0.2294921875 0.228515625 0.09765625 0.09765625
0 0.23388671875 0.1162109375 0.1103515625 0.111328125
0 0.32958984375 0.17431640625 0.1103515625 0.1103515625
0 0.326171875 0.28515625 0.09765625 0.09765625
0 0.32666015625 0.3994140625 0.1103515625 0.111328125
0 0.23193359375 0.67529296875 0.1103515625 0.1103515625
0 0.23681640625 0.77587890625 0.0849609375 0.0869140625
0 0.22900390625 0.90283203125 0.1103515625 0.1103515625
0 0.13623046875 0.62939453125 0.1103515625 0.1103515625
0 0.13232421875 0.73193359375 0.1103515625 0.1103515625
0 0.1357421875 0.84326171875 0.09765625 0.0986328125