0 0.81640625 0.6865234375 0.048828125 0.048828125
0 0.2421875 0.96044921875 0.060546875 0.0615234375
0 0.07080078125 0.7578125 0.0498046875 0.048828125
0 0.2919921875 0.8623046875 0.060546875 0.060546875
0 0.1083984375 0.857421875 0.048828125 0.048828125
0 0.15234375 0.7529296875 0.048828125 0.048828125
0 0.236328125 0.7666015625 0.048828125 0.048828125
0 0.169921875 0.66845703125 0.037109375 0.0361328125
0 0.92236328125 0.68798828125 0.0615234375 0.0615234375
0 0.09521484375 0.080078125 0.0986328125 0.09765625
0 0.19482421875 0.072265625 0.0986328125 0.09765625
0 0.29736328125 0.267578125 0.0615234375 0.060546875
0 0.19677734375 0.2705078125 0.0498046875 0.048828125
0 0.8369140625 0.197265625 0.048828125 0.048828125
0 0.943359375 0.19921875 0.048828125 0.048828125
0 0.8779296875 0.1123046875 0.048828125 0.048828125
0 0.87890625 0.576171875 0.048828125 0.048828125
0 0.966796875 0.578125 0.048828125 0.048828125
0 0.9794921875 0.4755859375 0.037109375 0.037109375
0 0.857421875 0.4697265625 0.037109375 0.037109375
0 0.68017578125 0.025390625 0.0361328125 0.037109375
0 0.4111328125 0.09375 0.048828125 0.048828125
0 0.52685546875 0.09423828125 0.0244140625 0.0244140625
0 0.65380859375 0.10107421875 0.0244140625 0.0244140625
0 0.76806640625 0.107421875 0.0498046875 0.048828125
0 0.46435546875 0.18701171875 0.0361328125 0.0361328125
0 0.59423828125 0.18701171875 0.0244140625 0.0244140625
0 0.70361328125 0.19287109375 0.0244140625 0.0244140625
0 0.39404296875 0.2607421875 0.0361328125 0.037109375
0 0.51318359375 0.2578125 0.0498046875 0.048828125
0 0.64453125 0.263671875 0.037109375 0.037109375
0 0.7470703125 0.26171875 0.048828125 0.048828125
0 0.876953125 0.26416015625 0.037109375 0.0361328125
0 0.43701171875 0.35107421875 0.0361328125 0.0361328125
0 0.7666015625 0.5849609375 0.048828125 0.048828125
0 0.14453125 0.18505859375 0.037109375 0.0361328125
0 0.0791015625 0.26513671875 0.037109375 0.0361328125
0 0.1337890625 0.3681640625 0.037109375 0.037109375
0 0.18701171875 0.4658203125 0.0361328125 0.037109375
0 0.23388671875 0.56591796875 0.0361328125 0.0361328125
0 0.3583984375 0.58740234375 0.037109375 0.0361328125
0 0.31005859375 0.47119140625 0.0361328125 0.0361328125
0 0.25244140625 0.3525390625 0.0498046875 0.048828125
0 0.34130859375 0.3515625 0.0361328125 0.037109375
0 0.3046875 0.0908203125 0.048828125 0.048828125
0 0.2421875 0.18359375 0.048828125 0.048828125
0 0.34375 0.18310546875 0.037109375 0.0361328125
0 0.12890625 0.95947265625 0.037109375 0.0361328125
0 0.33984375 0.966796875 0.048828125 0.048828125
0 0.2021484375 0.8515625 0.037109375 0.037109375
0 0.3818359375 0.76220703125 0.025390625 0.0244140625
0 0.3818359375 0.68115234375 0.037109375 0.0361328125
0 0.08056640625 0.51904296875 0.0361328125 0.0361328125
0 0.0302734375 0.1787109375 0.037109375 0.037109375
0 0.568359375 0.9599609375 0.037109375 0.037109375
0 0.66064453125 0.9697265625 0.0361328125 0.037109375
0 0.77392578125 0.9609375 0.0361328125 0.037109375
0 0.85595703125 0.9638671875 0.0361328125 0.037109375
0 0.9453125 0.9658203125 0.037109375 0.037109375
0 0.85986328125 0.859375 0.0498046875 0.048828125
0 0.76123046875 0.8544921875 0.0361328125 0.037109375
0 0.6796875 0.8505859375 0.037109375 0.037109375
0 0.5625 0.84033203125 0.037109375 0.0361328125
0 0.5986328125 0.75732421875 0.037109375 0.0361328125
0 0.6884765625 0.75244140625 0.037109375 0.0361328125
0 0.7822265625 0.76220703125 0.037109375 0.0361328125
0 0.88330078125 0.77099609375 0.0361328125 0.0361328125
0 0.720703125 0.6865234375 0.037109375 0.037109375
0 0.6357421875 0.6865234375 0.037109375 0.037109375
0 0.5625 0.6875 0.037109375 0.037109375