0 0.1689453125 0.74072265625 0.060546875 0.0615234375
0 0.0712890625 0.81787109375 0.060546875 0.0615234375
0 0.06982421875 0.919921875 0.0732421875 0.07421875
0 0.453125 0.544921875 0.048828125 0.048828125
0 0.35498046875 0.63427734375 0.0615234375 0.0615234375
0 0.26318359375 0.58935546875 0.0615234375 0.0615234375
0 0.546875 0.86865234375 0.060546875 0.0615234375
0 0.638671875 0.96728515625 0.060546875 0.0615234375
0 0.91357421875 0.71533203125 0.0615234375 0.0615234375
0 0.822265625 0.580078125 0.037109375 0.037109375
0 0.55224609375 0.53515625 0.0361328125 0.037109375
0 0.35693359375 0.86474609375 0.0615234375 0.0615234375
0 0.912109375 0.61572265625 0.048828125 0.0498046875
0 0.6337890625 0.509765625 0.037109375 0.037109375
0 0.544921875 0.640625 0.048828125 0.048828125
0 0.453125 0.87939453125 0.048828125 0.0498046875
0 0.90966796875 0.84228515625 0.0615234375 0.0615234375
0 0.90625 0.9345703125 0.048828125 0.048828125
0 0.27734375 0.80322265625 0.048828125 0.0498046875
0 0.91455078125 0.52001953125 0.0615234375 0.0615234375
0 0.73388671875 0.40087890625 0.0732421875 0.0732421875
0 0.81298828125 0.22607421875 0.0615234375 0.0615234375
0 0.7353515625 0.30810546875 0.048828125 0.0498046875
0 0.82275390625 0.13037109375 0.0615234375 0.0615234375
0 0.15673828125 0.0869140625 0.1220703125 0.123046875
0 0.35888671875 0.0830078125 0.1220703125 0.123046875
0 0.74462890625 0.09765625 0.1220703125 0.123046875
0 0.54150390625 0.07080078125 0.0849609375 0.0869140625
0 0.7373046875 0.19580078125 0.109375 0.1103515625
0 0.6435546875 0.13232421875 0.109375 0.1103515625
0 0.64306640625 0.23486328125 0.1103515625 0.1103515625
0 0.63720703125 0.40966796875 0.1220703125 0.1220703125
0 0.5380859375 0.42138671875 0.09765625 0.0986328125
0 0.53466796875 0.31884765625 0.1103515625 0.1103515625
0 0.5439453125 0.19189453125 0.09765625 0.0986328125
0 0.4453125 0.19091796875 0.09765625 0.0986328125
0 0.44580078125 0.3310546875 0.1220703125 0.123046875
0 0.4453125 0.46533203125 0.109375 0.1103515625
0 0.357421875 0.19384765625 0.09765625 0.0986328125
0 0.35595703125 0.2978515625 0.1220703125 0.123046875
0 0.3564453125 0.41552734375 0.09765625 0.0986328125
0 0.26123046875 0.4833984375 0.1103515625 0.111328125
0 0.248046875 0.14208984375 0.09765625 0.0986328125
0 0.259765625 0.25537109375 0.09765625 0.0986328125
0 0.251953125 0.361328125 0.09765625 0.09765625
0 0.1640625 0.18994140625 0.09765625 0.0986328125
0 0.1669921875 0.3017578125 0.09765625 0.09765625
0 0.1640625 0.4150390625 0.109375 0.111328125
0 0.169921875 0.5107421875 0.0859375 0.0859375
0 0.08740234375 0.1953125 0.1220703125 0.123046875
0 0.076171875 0.3369140625 0.109375 0.111328125
0 0.07275390625 0.458984375 0.1220703125 0.123046875
0 0.08056640625 0.5673828125 0.1220703125 0.123046875
0 0.9130859375 0.1806640625 0.037109375 0.037109375
0 0.9169921875 0.0849609375 0.037109375 0.037109375
0 0.81298828125 0.34716796875 0.0361328125 0.0361328125
0 0.919921875 0.3037109375 0.037109375 0.037109375
0 0.9189453125 0.41455078125 0.048828125 0.0498046875
0 0.81689453125 0.45458984375 0.0361328125 0.0361328125
0 0.8154296875 0.6787109375 0.037109375 0.037109375
0 0.8134765625 0.794921875 0.037109375 0.037109375
0 0.8154296875 0.8994140625 0.037109375 0.037109375
0 0.736328125 0.6201171875 0.048828125 0.048828125
0 0.62744140625 0.630859375 0.0361328125 0.037109375
0 0.63916015625 0.7568359375 0.0361328125 0.037109375
0 0.638671875 0.83984375 0.048828125 0.048828125
0 0.732421875 0.73291015625 0.060546875 0.0615234375
0 0.5439453125 0.75 0.037109375 0.037109375
0 0.4462890625 0.80078125 0.048828125 0.048828125
0 0.44921875 0.6962890625 0.037109375 0.037109375
0 0.3564453125 0.5400390625 0.048828125 0.048828125
0 0.3515625 0.74755859375 0.048828125 0.0498046875
0 0.2783203125 0.89501953125 0.048828125 0.0498046875
0 0.27392578125 0.70361328125 0.0615234375 0.0615234375
0 0.16015625 0.62841796875 0.048828125 0.0498046875
0 0.0751953125 0.69091796875 0.060546875 0.0615234375
0 0.1748046875 0.9599609375 0.048828125 0.048828125
0 0.1689453125 0.84228515625 0.048828125 0.0498046875
0 0.3525390625 0.96630859375 0.048828125 0.0498046875
0 0.5458984375 0.96630859375 0.048828125 0.0498046875