0 0.8740234375 0.87109375 0.048828125 0.048828125
0 0.88671875 0.12451171875 0.060546875 0.0615234375
0 0.7783203125 0.20751953125 0.060546875 0.0615234375
0 0.70166015625 0.15576171875 0.0615234375 0.0615234375
0 0.58935546875 0.17919921875 0.0615234375 0.0615234375
0 0.974609375 0.1484375 0.048828125 0.048828125
0 0.4970703125 0.1865234375 0.048828125 0.048828125
0 0.876953125 0.30712890625 0.060546875 0.0615234375
0 0.96826171875 0.26025390625 0.0615234375 0.0615234375
0 0.87548828125 0.76513671875 0.0615234375 0.0615234375
0 0.685546875 0.3515625 0.048828125 0.048828125
0 0.765625 0.3271484375 0.048828125 0.048828125
0 0.875 0.66650390625 0.048828125 0.0498046875
0 0.8759765625 0.56591796875 0.048828125 0.0498046875
0 0.5810546875 0.3564453125 0.048828125 0.048828125
0 0.6796875 0.484375 0.048828125 0.048828125
0 0.5849609375 0.2734375 0.048828125 0.048828125
0 0.5009765625 0.2744140625 0.048828125 0.048828125
0 0.59130859375 0.08447265625 0.0615234375 0.0615234375
0 0.88720703125 0.04052734375 0.0615234375 0.0615234375
0 0.779296875 0.08935546875 0.060546875 0.0615234375
0 0.6923828125 0.05224609375 0.060546875 0.0615234375
0 0.5068359375 0.09326171875 0.060546875 0.0615234375
0 0.2099609375 0.91357421875 0.048828125 0.0498046875
0 0.09765625 0.1201171875 0.048828125 0.048828125
0 0.4208984375 0.0439453125 0.048828125 0.048828125
0 0.0947265625 0.2216796875 0.048828125 0.048828125
0 0.18359375 0.1669921875 0.048828125 0.048828125
0 0.5791015625 0.453125 0.037109375 0.037109375
0 0.6884765625 0.25 0.048828125 0.048828125
0 0.7626953125 0.4423828125 0.037109375 0.037109375
0 0.880859375 0.20947265625 0.060546875 0.0615234375
0 0.384765625 0.8505859375 0.048828125 0.048828125
0 0.38671875 0.744140625 0.048828125 0.048828125
0 0.3935546875 0.6474609375 0.037109375 0.037109375
0 0.392578125 0.55859375 0.037109375 0.037109375
0 0.2998046875 0.8095703125 0.048828125 0.048828125
0 0.2978515625 0.69580078125 0.060546875 0.0615234375
0 0.3076171875 0.5751953125 0.037109375 0.037109375
0 0.23291015625 0.67822265625 0.0615234375 0.0615234375
0 0.2412109375 0.5791015625 0.048828125 0.048828125
0 0.09423828125 0.74365234375 0.0244140625 0.0244140625
0 0.09423828125 0.63671875 0.0361328125 0.037109375
0 0.763671875 0.80859375 0.048828125 0.048828125
0 0.765625 0.720703125 0.048828125 0.048828125
0 0.76123046875 0.61669921875 0.0361328125 0.0361328125
0 0.767578125 0.53466796875 0.048828125 0.0498046875
0 0.6728515625 0.59765625 0.037109375 0.037109375
0 0.61083984375 0.634765625 0.0361328125 0.037109375
0 0.6630859375 0.7080078125 0.037109375 0.037109375
0 0.6572265625 0.830078125 0.037109375 0.037109375
0 0.08984375 0.85595703125 0.037109375 0.0361328125
0 0.0849609375 0.97265625 0.048828125 0.048828125
0 0.294921875 0.91943359375 0.048828125 0.0498046875
0 0.38037109375 0.98388671875 0.0244140625 0.0244140625
0 0.44921875 0.9404296875 0.048828125 0.048828125
0 0.45166015625 0.810546875 0.0361328125 0.037109375
0 0.7724609375 0.9208984375 0.048828125 0.048828125
0 0.94970703125 0.9052734375 0.0361328125 0.037109375
0 0.95849609375 0.80419921875 0.0361328125 0.0361328125
0 0.8740234375 0.966796875 0.037109375 0.037109375
0 0.96826171875 0.595703125 0.0361328125 0.037109375
0 0.447265625 0.6953125 0.048828125 0.048828125