0 0.35595703125 0.75537109375 0.0615234375 0.0615234375
0 0.46923828125 0.74462890625 0.0615234375 0.0615234375
0 0.24072265625 0.5498046875 0.0615234375 0.060546875
0 0.2451171875 0.36962890625 0.07421875 0.0732421875
0 0.39892578125 0.46630859375 0.0615234375 0.0615234375
0 0.29931640625 0.06103515625 0.0615234375 0.0615234375
0 0.32421875 0.27490234375 0.07421875 0.0732421875
0 0.193359375 0.4453125 0.048828125 0.048828125
0 0.64111328125 0.068359375 0.0615234375 0.060546875
0 0.33837890625 0.548828125 0.0615234375 0.060546875
0 0.4677734375 0.36572265625 0.07421875 0.0732421875
0 0.2587890625 0.1708984375 0.048828125 0.048828125
0 0.19580078125 0.27294921875 0.0732421875 0.0732421875
0 0.36767578125 0.17578125 0.0615234375 0.060546875
0 0.2939453125 0.45556640625 0.060546875 0.0615234375
0 0.42431640625 0.2763671875 0.0615234375 0.060546875
0 0.69580078125 0.17578125 0.0615234375 0.060546875
0 0.66357421875 0.29296875 0.0615234375 0.060546875
0 0.57861328125 0.173828125 0.0615234375 0.060546875
0 0.47021484375 0.177734375 0.0615234375 0.060546875
0 0.3681640625 0.37353515625 0.07421875 0.0732421875
0 0.87548828125 0.0673828125 0.0498046875 0.048828125
0 0.51513671875 0.0703125 0.0615234375 0.060546875
0 0.19482421875 0.06591796875 0.0615234375 0.0615234375
0 0.0341796875 0.5439453125 0.048828125 0.048828125
0 0.08642578125 0.27490234375 0.0615234375 0.0615234375
0 0.08154296875 0.44287109375 0.0615234375 0.0615234375
0 0.13720703125 0.16943359375 0.0615234375 0.0615234375
0 0.06640625 0.6416015625 0.048828125 0.048828125
0 0.95849609375 0.8505859375 0.0615234375 0.060546875
0 0.62646484375 0.85107421875 0.0615234375 0.0615234375
0 0.90869140625 0.9443359375 0.0498046875 0.048828125
0 0.86376953125 0.849609375 0.0615234375 0.060546875
0 0.51806640625 0.8515625 0.0615234375 0.060546875
0 0.28564453125 0.84033203125 0.0615234375 0.0615234375
0 0.74462890625 0.86083984375 0.0732421875 0.0732421875
0 0.18310546875 0.84033203125 0.0615234375 0.0615234375
0 0.46826171875 0.935546875 0.0615234375 0.060546875
0 0.35986328125 0.935546875 0.0498046875 0.048828125
0 0.26513671875 0.9345703125 0.0498046875 0.048828125
0 0.13916015625 0.9248046875 0.0498046875 0.048828125
0 0.0263671875 0.9287109375 0.048828125 0.048828125
0 0.07177734375 0.83349609375 0.0615234375 0.0615234375
0 0.39697265625 0.8525390625 0.0498046875 0.048828125
0 0.4072265625 0.654296875 0.037109375 0.037109375
0 0.3017578125 0.6435546875 0.048828125 0.048828125
0 0.1748046875 0.64453125 0.037109375 0.037109375
0 0.125 0.54150390625 0.037109375 0.0361328125
0 0.1455078125 0.36181640625 0.07421875 0.0732421875
0 0.0244140625 0.3603515625 0.037109375 0.037109375
0 0.53515625 0.283203125 0.048828125 0.048828125
0 0.4130859375 0.07177734375 0.037109375 0.0361328125
0 0.08544921875 0.0712890625 0.0498046875 0.048828125
0 0.78759765625 0.9404296875 0.0498046875 0.048828125
0 0.6826171875 0.9443359375 0.048828125 0.048828125
0 0.57763671875 0.93896484375 0.0615234375 0.0615234375
0 0.6298828125 0.4775390625 0.048828125 0.048828125
0 0.4658203125 0.5537109375 0.037109375 0.037109375
0 0.51708984375 0.46923828125 0.0244140625 0.0244140625
0 0.57861328125 0.3662109375 0.0498046875 0.048828125
0 0.7021484375 0.36767578125 0.025390625 0.0244140625
0 0.8095703125 0.3720703125 0.037109375 0.037109375
0 0.8564453125 0.2978515625 0.037109375 0.037109375
0 0.76025390625 0.2919921875 0.0615234375 0.060546875
0 0.921875 0.1806640625 0.037109375 0.037109375
0 0.8046875 0.1796875 0.037109375 0.037109375
0 0.736328125 0.068359375 0.048828125 0.048828125
0 0.962890625 0.2939453125 0.037109375 0.037109375