0 0.28466796875 0.91748046875 0.0615234375 0.0615234375
0 0.30224609375 0.7568359375 0.0615234375 0.060546875
0 0.2939453125 0.3984375 0.048828125 0.048828125
0 0.228515625 0.4775390625 0.048828125 0.048828125
0 0.24462890625 0.66064453125 0.0615234375 0.0615234375
0 0.35302734375 0.48046875 0.0615234375 0.060546875
0 0.5048828125 0.4052734375 0.048828125 0.048828125
0 0.7060546875 0.408203125 0.048828125 0.048828125
0 0.5986328125 0.404296875 0.048828125 0.048828125
0 0.38916015625 0.400390625 0.0615234375 0.060546875
0 0.54052734375 0.673828125 0.0615234375 0.060546875
0 0.78271484375 0.759765625 0.0615234375 0.060546875
0 0.87939453125 0.8447265625 0.0615234375 0.060546875
0 0.89599609375 0.7626953125 0.0615234375 0.060546875
0 0.82177734375 0.40380859375 0.0615234375 0.0615234375
0 0.72265625 0.58984375 0.048828125 0.048828125
0 0.6572265625 0.478515625 0.037109375 0.037109375
0 0.81640625 0.5888671875 0.048828125 0.048828125
0 0.6884765625 0.7666015625 0.048828125 0.048828125
0 0.6513671875 0.6787109375 0.060546875 0.060546875
0 0.93701171875 0.93310546875 0.0615234375 0.0615234375
0 0.771484375 0.47900390625 0.07421875 0.0732421875
0 0.72802734375 0.68212890625 0.0615234375 0.0615234375
0 0.44091796875 0.4775390625 0.0615234375 0.060546875
0 0.6572265625 0.8349609375 0.048828125 0.048828125
0 0.400390625 0.75 0.048828125 0.048828125
0 0.5439453125 0.4697265625 0.048828125 0.048828125
0 0.453125 0.66943359375 0.07421875 0.0732421875
0 0.873046875 0.47900390625 0.07421875 0.0732421875
0 0.26025390625 0.2861328125 0.0498046875 0.048828125
0 0.35693359375 0.2900390625 0.0498046875 0.048828125
0 0.41845703125 0.1904296875 0.0498046875 0.048828125
0 0.72509765625 0.201171875 0.0498046875 0.048828125
0 0.31982421875 0.19677734375 0.0615234375 0.0615234375
0 0.77685546875 0.29150390625 0.0615234375 0.0615234375
0 0.68212890625 0.08984375 0.0615234375 0.060546875
0 0.5263671875 0.1953125 0.048828125 0.048828125
0 0.43310546875 0.0869140625 0.0498046875 0.048828125
0 0.35205078125 0.09765625 0.0498046875 0.048828125
0 0.25634765625 0.09765625 0.0498046875 0.048828125
0 0.21826171875 0.1953125 0.0498046875 0.048828125
0 0.54345703125 0.2890625 0.0615234375 0.060546875
0 0.62646484375 0.1982421875 0.0498046875 0.048828125
0 0.76220703125 0.09375 0.0615234375 0.060546875
0 0.8232421875 0.1982421875 0.037109375 0.037109375
0 0.66162109375 0.287109375 0.0498046875 0.048828125
0 0.88427734375 0.09375 0.0498046875 0.048828125
0 0.87890625 0.30029296875 0.037109375 0.0361328125
0 0.07177734375 0.75537109375 0.0615234375 0.0615234375
0 0.13818359375 0.65673828125 0.0615234375 0.0615234375
0 0.07080078125 0.91845703125 0.0615234375 0.0615234375
0 0.16796875 0.76171875 0.060546875 0.060546875
0 0.18359375 0.916015625 0.048828125 0.048828125
0 0.140625 0.8271484375 0.060546875 0.060546875
0 0.3642578125 0.92041015625 0.037109375 0.0361328125
0 0.48583984375 0.9345703125 0.0361328125 0.037109375
0 0.3544921875 0.833984375 0.048828125 0.048828125
0 0.2421875 0.84375 0.037109375 0.037109375
0 0.4931640625 0.7587890625 0.037109375 0.037109375
0 0.345703125 0.6689453125 0.048828125 0.048828125
0 0.2900390625 0.5859375 0.048828125 0.048828125
0 0.19189453125 0.5810546875 0.0615234375 0.060546875
0 0.501953125 0.59375 0.048828125 0.048828125
0 0.18896484375 0.39208984375 0.0244140625 0.0244140625
0 0.4453125 0.28955078125 0.037109375 0.0361328125
0 0.158203125 0.099609375 0.048828125 0.048828125
0 0.83740234375 0.93408203125 0.0361328125 0.0361328125
0 0.775390625 0.833984375 0.037109375 0.037109375
0 0.947265625 0.6806640625 0.048828125 0.048828125
0 0.865234375 0.6826171875 0.048828125 0.048828125
0 0.927734375 0.5908203125 0.048828125 0.048828125
0 0.919921875 0.41357421875 0.025390625 0.0244140625
0 0.5966796875 0.9296875 0.037109375 0.037109375
0 0.5869140625 0.76171875 0.048828125 0.048828125
0 0.5556640625 0.837890625 0.037109375 0.037109375
0 0.63623046875 0.59033203125 0.0244140625 0.0244140625
0 0.40673828125 0.59716796875 0.0244140625 0.0244140625
0 0.958984375 0.08935546875 0.037109375 0.0361328125
0 0.15576171875 0.29931640625 0.0244140625 0.0244140625