0 0.025390625 0.8515625 0.048828125 0.048828125
0 0.12060546875 0.25634765625 0.1103515625 0.1103515625
0 0.11669921875 0.140625 0.1103515625 0.111328125
0 0.21923828125 0.1103515625 0.1220703125 0.123046875
0 0.22705078125 0.201171875 0.1103515625 0.111328125
0 0.30859375 0.14697265625 0.109375 0.1103515625
0 0.31689453125 0.2431640625 0.1220703125 0.123046875
0 0.41357421875 0.130859375 0.1220703125 0.123046875
0 0.41748046875 0.232421875 0.1220703125 0.123046875
0 0.51220703125 0.13232421875 0.1103515625 0.1103515625
0 0.6005859375 0.09619140625 0.109375 0.1103515625
0 0.708984375 0.12548828125 0.109375 0.1103515625
0 0.69091796875 0.26025390625 0.1220703125 0.1220703125
0 0.7890625 0.21044921875 0.109375 0.1103515625
0 0.79248046875 0.09033203125 0.1103515625 0.1103515625
0 0.8876953125 0.14794921875 0.09765625 0.0986328125
0 0.88623046875 0.26611328125 0.1103515625 0.1103515625
0 0.8828125 0.36669921875 0.09765625 0.0986328125
0 0.87646484375 0.47216796875 0.1103515625 0.1103515625
0 0.8720703125 0.59033203125 0.109375 0.1103515625
0 0.87890625 0.70556640625 0.109375 0.1103515625
0 0.7880859375 0.31103515625 0.09765625 0.0986328125
0 0.787109375 0.42138671875 0.109375 0.1103515625
0 0.7880859375 0.52880859375 0.109375 0.1103515625
0 0.7861328125 0.64208984375 0.109375 0.1103515625
0 0.6962890625 0.35986328125 0.09765625 0.0986328125
0 0.69873046875 0.46826171875 0.1103515625 0.1103515625
0 0.69580078125 0.59228515625 0.1103515625 0.1103515625
0 0.68994140625 0.70263671875 0.1103515625 0.1103515625
0 0.6083984375 0.32275390625 0.09765625 0.0986328125
0 0.5966796875 0.41845703125 0.09765625 0.0986328125
0 0.5927734375 0.53662109375 0.09765625 0.0986328125
0 0.50244140625 0.3828125 0.1220703125 0.123046875
0 0.5009765625 0.47021484375 0.09765625 0.0986328125
0 0.4990234375 0.58203125 0.09765625 0.09765625
0 0.4970703125 0.6884765625 0.09765625 0.09765625
0 0.482421875 0.80859375 0.09765625 0.09765625
0 0.59130859375 0.63818359375 0.1103515625 0.1103515625
0 0.591796875 0.7578125 0.109375 0.111328125
0 0.68896484375 0.80810546875 0.1103515625 0.1103515625
0 0.78076171875 0.75244140625 0.1103515625 0.1103515625
0 0.8818359375 0.81591796875 0.109375 0.1103515625
0 0.39892578125 0.4345703125 0.1220703125 0.123046875
0 0.31396484375 0.466796875 0.1103515625 0.111328125
0 0.22021484375 0.517578125 0.1220703125 0.123046875
0 0.1171875 0.58251953125 0.109375 0.1103515625
0 0.2109375 0.62548828125 0.09765625 0.0986328125
0 0.3076171875 0.5751953125 0.09765625 0.09765625
0 0.1259765625 0.68603515625 0.109375 0.1103515625
0 0.12255859375 0.8046875 0.0849609375 0.0859375
0 0.216796875 0.75048828125 0.09765625 0.0986328125
0 0.30419921875 0.68798828125 0.1103515625 0.1103515625
0 0.30322265625 0.80224609375 0.1103515625 0.1103515625
0 0.40576171875 0.7451171875 0.1220703125 0.123046875
0 0.40771484375 0.6376953125 0.1220703125 0.123046875
0 0.8740234375 0.93017578125 0.109375 0.1103515625
0 0.78466796875 0.86474609375 0.1103515625 0.1103515625
0 0.68310546875 0.90869140625 0.1103515625 0.1103515625
0 0.599609375 0.86767578125 0.109375 0.1103515625
0 0.4970703125 0.92041015625 0.109375 0.1103515625
0 0.30517578125 0.9091796875 0.1220703125 0.123046875
0 0.40966796875 0.8583984375 0.1220703125 0.123046875
0 0.21484375 0.8564453125 0.109375 0.111328125
0 0.1240234375 0.912109375 0.09765625 0.09765625
0 0.02001953125 0.74169921875 0.0244140625 0.0244140625