0 0.841796875 0.46826171875 0.060546875 0.0615234375
0 0.939453125 0.39111328125 0.060546875 0.0615234375
0 0.94091796875 0.2890625 0.0732421875 0.07421875
0 0.5576171875 0.6640625 0.048828125 0.048828125
0 0.65576171875 0.57470703125 0.0615234375 0.0615234375
0 0.74755859375 0.61962890625 0.0615234375 0.0615234375
0 0.38916015625 0.14697265625 0.0615234375 0.0615234375
0 0.4638671875 0.34033203125 0.060546875 0.0615234375
0 0.5556640625 0.21435546875 0.048828125 0.0498046875
0 0.3720703125 0.24169921875 0.060546875 0.0615234375
0 0.09716796875 0.49365234375 0.0615234375 0.0615234375
0 0.1884765625 0.62890625 0.037109375 0.037109375
0 0.45849609375 0.673828125 0.0361328125 0.037109375
0 0.65380859375 0.34423828125 0.0615234375 0.0615234375
0 0.0986328125 0.59326171875 0.048828125 0.0498046875
0 0.376953125 0.69921875 0.037109375 0.037109375
0 0.4658203125 0.568359375 0.048828125 0.048828125
0 0.5576171875 0.32958984375 0.048828125 0.0498046875
0 0.10107421875 0.36669921875 0.0615234375 0.0615234375
0 0.1044921875 0.2744140625 0.048828125 0.048828125
0 0.7333984375 0.40576171875 0.048828125 0.0498046875
0 0.09619140625 0.68896484375 0.0615234375 0.0615234375
0 0.27685546875 0.80810546875 0.0732421875 0.0732421875
0 0.275390625 0.90087890625 0.048828125 0.0498046875
0 0.37353515625 0.79931640625 0.1220703125 0.1220703125
0 0.47265625 0.78759765625 0.09765625 0.0986328125
0 0.47607421875 0.89013671875 0.1103515625 0.1103515625
0 0.56494140625 0.8779296875 0.1220703125 0.123046875
0 0.5654296875 0.74365234375 0.109375 0.1103515625
0 0.65478515625 0.9111328125 0.1220703125 0.123046875
0 0.654296875 0.79345703125 0.09765625 0.0986328125
0 0.74951171875 0.7255859375 0.1103515625 0.111328125
0 0.7587890625 0.84765625 0.09765625 0.09765625
0 0.84375 0.9072265625 0.09765625 0.09765625
0 0.8466796875 0.7939453125 0.109375 0.111328125
0 0.8408203125 0.6982421875 0.0859375 0.0859375
0 0.9345703125 0.8720703125 0.109375 0.111328125
0 0.93798828125 0.75 0.1220703125 0.123046875
0 0.93017578125 0.6416015625 0.1220703125 0.123046875
0 0.19775390625 0.86181640625 0.0361328125 0.0361328125
0 0.0908203125 0.9052734375 0.037109375 0.037109375
0 0.091796875 0.79443359375 0.048828125 0.0498046875
0 0.19384765625 0.75439453125 0.0361328125 0.0361328125
0 0.1953125 0.5302734375 0.037109375 0.037109375
0 0.197265625 0.4140625 0.037109375 0.037109375
0 0.1953125 0.3095703125 0.037109375 0.037109375
0 0.19921875 0.2119140625 0.037109375 0.037109375
0 0.2744140625 0.5888671875 0.048828125 0.048828125
0 0.38330078125 0.578125 0.0361328125 0.037109375
0 0.37158203125 0.4521484375 0.0361328125 0.037109375
0 0.3720703125 0.369140625 0.048828125 0.048828125
0 0.2783203125 0.47607421875 0.060546875 0.0615234375
0 0.466796875 0.458984375 0.037109375 0.037109375
0 0.564453125 0.408203125 0.048828125 0.048828125
0 0.5615234375 0.5126953125 0.037109375 0.037109375
0 0.654296875 0.6689453125 0.048828125 0.048828125
0 0.6591796875 0.46142578125 0.048828125 0.0498046875
0 0.732421875 0.31396484375 0.048828125 0.0498046875
0 0.73681640625 0.50537109375 0.0615234375 0.0615234375
0 0.8505859375 0.58056640625 0.048828125 0.0498046875
0 0.935546875 0.51806640625 0.060546875 0.0615234375
0 0.93701171875 0.193359375 0.0244140625 0.025390625
0 0.8359375 0.2490234375 0.048828125 0.048828125
0 0.841796875 0.36669921875 0.048828125 0.0498046875
0 0.658203125 0.24267578125 0.048828125 0.0498046875
0 0.46484375 0.24267578125 0.048828125 0.0498046875
0 0.29052734375 0.1611328125 0.0361328125 0.037109375
0 0.294921875 0.03271484375 0.048828125 0.0498046875
0 0.380859375 0.03466796875 0.048828125 0.0498046875
0 0.4609375 0.05712890625 0.048828125 0.0498046875
0 0.55078125 0.11376953125 0.048828125 0.0498046875
0 0.6630859375 0.12890625 0.048828125 0.048828125
0 0.73681640625 0.08544921875 0.0244140625 0.0244140625
0 0.84619140625 0.15673828125 0.0244140625 0.0244140625