0 0.63427734375 0.3994140625 0.0732421875 0.07421875
0 0.3662109375 0.07666015625 0.048828125 0.0498046875
0 0.56396484375 0.24853515625 0.0615234375 0.0615234375
0 0.63037109375 0.83935546875 0.0615234375 0.0615234375
0 0.3564453125 0.78125 0.0859375 0.0859375
0 0.72802734375 0.2578125 0.0849609375 0.0859375
0 0.90283203125 0.916015625 0.1220703125 0.123046875
0 0.91650390625 0.78857421875 0.0732421875 0.0732421875
0 0.92138671875 0.68701171875 0.1103515625 0.1103515625
0 0.92431640625 0.5634765625 0.1220703125 0.123046875
0 0.9228515625 0.45947265625 0.109375 0.1103515625
0 0.923828125 0.36474609375 0.09765625 0.0986328125
0 0.921875 0.25634765625 0.09765625 0.0986328125
0 0.82568359375 0.3095703125 0.1220703125 0.123046875
0 0.82958984375 0.40087890625 0.1220703125 0.1220703125
0 0.82470703125 0.50537109375 0.1103515625 0.1103515625
0 0.81396484375 0.6181640625 0.1103515625 0.111328125
0 0.8154296875 0.73779296875 0.109375 0.1103515625
0 0.81787109375 0.84619140625 0.1103515625 0.1103515625
0 0.7236328125 0.900390625 0.0859375 0.0859375
0 0.72705078125 0.798828125 0.0732421875 0.07421875
0 0.72998046875 0.681640625 0.0849609375 0.0859375
0 0.72900390625 0.55859375 0.0849609375 0.0859375
0 0.7275390625 0.45703125 0.0859375 0.0859375
0 0.74072265625 0.35693359375 0.1103515625 0.1103515625
0 0.638671875 0.30322265625 0.0859375 0.0869140625
0 0.6396484375 0.509765625 0.0859375 0.0859375
0 0.634765625 0.623046875 0.09765625 0.09765625
0 0.63330078125 0.7353515625 0.0849609375 0.0859375
0 0.537109375 0.89208984375 0.109375 0.1103515625
0 0.53857421875 0.77685546875 0.1103515625 0.1103515625
0 0.5478515625 0.66064453125 0.09765625 0.0986328125
0 0.5556640625 0.56201171875 0.109375 0.1103515625
0 0.55078125 0.47705078125 0.109375 0.1103515625
0 0.55615234375 0.3525390625 0.1103515625 0.111328125
0 0.46435546875 0.3046875 0.1220703125 0.123046875
0 0.46142578125 0.41357421875 0.1103515625 0.1103515625
0 0.45263671875 0.51220703125 0.1103515625 0.1103515625
0 0.44970703125 0.62939453125 0.1103515625 0.1103515625
0 0.443359375 0.728515625 0.0859375 0.0859375
0 0.45703125 0.8427734375 0.109375 0.111328125
0 0.4541015625 0.9365234375 0.09765625 0.09765625
0 0.3486328125 0.890625 0.0859375 0.0859375
0 0.35009765625 0.68798828125 0.1103515625 0.1103515625
0 0.35693359375 0.560546875 0.1103515625 0.111328125
0 0.3720703125 0.44970703125 0.09765625 0.0986328125
0 0.3671875 0.349609375 0.09765625 0.09765625
0 0.2587890625 0.29736328125 0.09765625 0.0986328125
0 0.259765625 0.404296875 0.0859375 0.0859375
0 0.271484375 0.501953125 0.09765625 0.09765625
0 0.2685546875 0.61474609375 0.109375 0.1103515625
0 0.263671875 0.7216796875 0.109375 0.111328125
0 0.2607421875 0.8349609375 0.109375 0.111328125
0 0.1640625 0.88671875 0.0859375 0.0859375
0 0.1611328125 0.77783203125 0.09765625 0.0986328125
0 0.1650390625 0.6669921875 0.09765625 0.09765625
0 0.171875 0.5576171875 0.109375 0.111328125
0 0.169921875 0.4560546875 0.09765625 0.09765625
0 0.18115234375 0.3603515625 0.0849609375 0.0859375
0 0.16943359375 0.279296875 0.0849609375 0.0859375
0 0.046875 0.2763671875 0.0859375 0.0859375
0 0.04345703125 0.9443359375 0.0849609375 0.0859375
0 0.92578125 0.076171875 0.0859375 0.0859375
0 0.73681640625 0.0673828125 0.0732421875 0.07421875
0 0.64990234375 0.0712890625 0.0732421875 0.07421875
0 0.26171875 0.08544921875 0.048828125 0.0498046875