0 0.8916015625 0.15478515625 0.123046875 0.1220703125
0 0.837890625 0.26123046875 0.123046875 0.1220703125
0 0.89404296875 0.34423828125 0.1103515625 0.1103515625
0 0.8896484375 0.53857421875 0.123046875 0.1220703125
0 0.94580078125 0.62744140625 0.0986328125 0.0966796875
0 0.89111328125 0.71142578125 0.1220703125 0.1220703125
0 0.857421875 0.81689453125 0.123046875 0.1220703125
0 0.8994140625 0.91552734375 0.123046875 0.1220703125
0 0.80029296875 0.9130859375 0.0986328125 0.09765625
0 0.68505859375 0.919921875 0.0986328125 0.09765625
0 0.57666015625 0.9091796875 0.1103515625 0.109375
0 0.45361328125 0.9130859375 0.0986328125 0.09765625
0 0.33642578125 0.9189453125 0.1103515625 0.109375
0 0.3857421875 0.81396484375 0.123046875 0.1220703125
0 0.51123046875 0.81201171875 0.1220703125 0.1220703125
0 0.62548828125 0.81396484375 0.1220703125 0.1220703125
0 0.73388671875 0.8173828125 0.1103515625 0.109375
0 0.77783203125 0.7216796875 0.1103515625 0.109375
0 0.67626953125 0.7158203125 0.0986328125 0.09765625
0 0.5625 0.72314453125 0.123046875 0.1220703125
0 0.443359375 0.72216796875 0.123046875 0.1220703125
0 0.333984375 0.72216796875 0.123046875 0.1220703125
0 0.39892578125 0.6123046875 0.1103515625 0.109375
0 0.50244140625 0.6279296875 0.1103515625 0.109375
0 0.61181640625 0.6220703125 0.0986328125 0.09765625
0 0.72119140625 0.62060546875 0.1103515625 0.1103515625
0 0.84033203125 0.62548828125 0.1220703125 0.1220703125
0 0.78125 0.53369140625 0.123046875 0.1220703125
0 0.66357421875 0.52734375 0.1103515625 0.109375
0 0.56298828125 0.529296875 0.0986328125 0.09765625
0 0.4521484375 0.52197265625 0.123046875 0.1220703125
0 0.34375 0.52978515625 0.123046875 0.1220703125
0 0.4072265625 0.42822265625 0.123046875 0.1220703125
0 0.5234375 0.43359375 0.09765625 0.09765625
0 0.6318359375 0.43212890625 0.123046875 0.1220703125
0 0.736328125 0.42822265625 0.123046875 0.1220703125
0 0.841796875 0.43505859375 0.123046875 0.1220703125
0 0.78515625 0.34228515625 0.123046875 0.1220703125
0 0.6845703125 0.33837890625 0.123046875 0.1220703125
0 0.568359375 0.33837890625 0.123046875 0.1220703125
0 0.451171875 0.33642578125 0.123046875 0.1220703125
0 0.3388671875 0.32666015625 0.123046875 0.1220703125
0 0.734375 0.24658203125 0.111328125 0.1103515625
0 0.62890625 0.24658203125 0.111328125 0.1103515625
0 0.51025390625 0.240234375 0.1103515625 0.109375
0 0.39697265625 0.2392578125 0.1103515625 0.109375
0 0.34521484375 0.1484375 0.1103515625 0.109375
0 0.46630859375 0.1484375 0.1103515625 0.109375
0 0.56591796875 0.1552734375 0.1103515625 0.109375
0 0.67578125 0.1513671875 0.111328125 0.109375
0 0.7841796875 0.1552734375 0.111328125 0.109375
0 0.29052734375 0.2470703125 0.1103515625 0.109375
0 0.22607421875 0.15576171875 0.1103515625 0.1103515625
0 0.13232421875 0.14111328125 0.1103515625 0.1103515625
0 0.1796875 0.232421875 0.111328125 0.109375
0 0.06982421875 0.234375 0.1103515625 0.109375
0 0.2333984375 0.34228515625 0.123046875 0.1220703125
0 0.1416015625 0.34033203125 0.123046875 0.1220703125
0 0.29296875 0.43017578125 0.123046875 0.1220703125
0 0.1962890625 0.43408203125 0.123046875 0.1220703125
0 0.078125 0.43017578125 0.123046875 0.1220703125
0 0.2392578125 0.52001953125 0.123046875 0.1220703125
0 0.1591796875 0.61181640625 0.123046875 0.1220703125
0 0.279296875 0.61474609375 0.123046875 0.1220703125
0 0.12841796875 0.52880859375 0.1103515625 0.1103515625
0 0.06005859375 0.6162109375 0.1103515625 0.109375
0 0.21240234375 0.71923828125 0.1220703125 0.1220703125
0 0.1201171875 0.71923828125 0.123046875 0.1220703125
0 0.2275390625 0.89599609375 0.123046875 0.1220703125
0 0.11962890625 0.90087890625 0.1220703125 0.1220703125
0 0.06396484375 0.80615234375 0.1103515625 0.1103515625
0 0.17529296875 0.80712890625 0.1103515625 0.1103515625
0 0.28759765625 0.81982421875 0.1103515625 0.1103515625