0 0.25390625 0.19189453125 0.060546875 0.0615234375
0 0.3623046875 0.10888671875 0.060546875 0.0615234375
0 0.0771484375 0.11328125 0.048828125 0.048828125
0 0.43896484375 0.16064453125 0.0615234375 0.0615234375
0 0.0849609375 0.2041015625 0.048828125 0.048828125
0 0.55126953125 0.13720703125 0.0615234375 0.0615234375
0 0.166015625 0.16796875 0.048828125 0.048828125
0 0.6435546875 0.1298828125 0.048828125 0.048828125
0 0.17236328125 0.05615234375 0.0615234375 0.0615234375
0 0.5556640625 0.04296875 0.048828125 0.048828125
0 0.6396484375 0.0419921875 0.048828125 0.048828125
0 0.35107421875 0.84716796875 0.0732421875 0.0732421875
0 0.15966796875 0.37548828125 0.0615234375 0.0615234375
0 0.54931640625 0.23193359375 0.0615234375 0.0615234375
0 0.078125 0.375 0.060546875 0.060546875
0 0.3642578125 0.32080078125 0.060546875 0.0615234375
0 0.0830078125 0.29541015625 0.060546875 0.0615234375
0 0.25341796875 0.27587890625 0.0615234375 0.0615234375
0 0.25146484375 0.38037109375 0.0615234375 0.0615234375
0 0.44580078125 0.90966796875 0.0732421875 0.0732421875
0 0.3544921875 0.7314453125 0.060546875 0.060546875
0 0.53857421875 0.62890625 0.0732421875 0.07421875
0 0.361328125 0.22705078125 0.060546875 0.0615234375
0 0.16943359375 0.28271484375 0.0615234375 0.0615234375
0 0.25537109375 0.5751953125 0.0732421875 0.07421875
0 0.36083984375 0.39697265625 0.0615234375 0.0615234375
0 0.53076171875 0.83837890625 0.0732421875 0.0732421875
0 0.44775390625 0.57373046875 0.0615234375 0.0615234375
0 0.453125 0.66748046875 0.060546875 0.0615234375
0 0.4482421875 0.26416015625 0.060546875 0.0615234375
0 0.453125 0.35986328125 0.060546875 0.0615234375
0 0.6259765625 0.93359375 0.0859375 0.0859375
0 0.63427734375 0.32568359375 0.0615234375 0.0615234375
0 0.6337890625 0.22314453125 0.060546875 0.0615234375
0 0.55029296875 0.31103515625 0.0615234375 0.0615234375
0 0.556640625 0.38818359375 0.048828125 0.0498046875
0 0.640625 0.40869140625 0.048828125 0.0498046875
0 0.62744140625 0.8056640625 0.0732421875 0.07421875
0 0.7099609375 0.375 0.048828125 0.048828125
0 0.7197265625 0.2724609375 0.048828125 0.048828125
0 0.7255859375 0.86962890625 0.060546875 0.0615234375
0 0.92041015625 0.8740234375 0.0849609375 0.0859375
0 0.44384765625 0.79052734375 0.0615234375 0.0615234375
0 0.35595703125 0.95263671875 0.0849609375 0.0869140625
0 0.2490234375 0.7900390625 0.09765625 0.09765625
0 0.2548828125 0.91064453125 0.09765625 0.0986328125
0 0.162109375 0.9501953125 0.0859375 0.0859375
0 0.15283203125 0.826171875 0.0849609375 0.0859375
0 0.0703125 0.7705078125 0.0859375 0.0859375
0 0.06396484375 0.90283203125 0.1220703125 0.1220703125
0 0.6337890625 0.578125 0.048828125 0.048828125
0 0.6298828125 0.6826171875 0.048828125 0.048828125
0 0.53857421875 0.7236328125 0.0732421875 0.07421875
0 0.35888671875 0.61328125 0.0849609375 0.0859375
0 0.25634765625 0.6689453125 0.0849609375 0.0859375
0 0.16455078125 0.72216796875 0.0849609375 0.0869140625
0 0.1728515625 0.6298828125 0.09765625 0.09765625
0 0.078125 0.5595703125 0.0859375 0.0859375
0 0.0703125 0.662109375 0.09765625 0.09765625
0 0.95703125 0.1494140625 0.048828125 0.048828125
0 0.4521484375 0.06640625 0.048828125 0.048828125
0 0.259765625 0.10693359375 0.060546875 0.0615234375