0 0.16064453125 0.5693359375 0.0732421875 0.07421875
0 0.5302734375 0.55029296875 0.048828125 0.0498046875
0 0.4443359375 0.56298828125 0.060546875 0.0615234375
0 0.80322265625 0.80810546875 0.0615234375 0.0615234375
0 0.80859375 0.58740234375 0.048828125 0.0498046875
0 0.8037109375 0.93212890625 0.060546875 0.0615234375
0 0.71728515625 0.97265625 0.0361328125 0.037109375
0 0.09375 0.84765625 0.048828125 0.048828125
0 0.08984375 0.955078125 0.048828125 0.048828125
0 0.4453125 0.77099609375 0.060546875 0.0615234375
0 0.5302734375 0.67431640625 0.060546875 0.0615234375
0 0.4482421875 0.65771484375 0.060546875 0.0615234375
0 0.08935546875 0.73193359375 0.0615234375 0.0615234375
0 0.275390625 0.8310546875 0.048828125 0.048828125
0 0.1640625 0.896484375 0.037109375 0.037109375
0 0.2744140625 0.7373046875 0.048828125 0.048828125
0 0.4521484375 0.865234375 0.048828125 0.048828125
0 0.3642578125 0.90234375 0.060546875 0.060546875
0 0.61865234375 0.61669921875 0.0615234375 0.0615234375
0 0.16455078125 0.7822265625 0.0732421875 0.07421875
0 0.36767578125 0.82568359375 0.0615234375 0.0615234375
0 0.5205078125 0.896484375 0.048828125 0.048828125
0 0.16455078125 0.6806640625 0.0732421875 0.07421875
0 0.8173828125 0.041015625 0.048828125 0.048828125
0 0.81201171875 0.14599609375 0.0615234375 0.0615234375
0 0.81494140625 0.26025390625 0.0615234375 0.0615234375
0 0.80859375 0.47509765625 0.060546875 0.0615234375
0 0.8125 0.36083984375 0.060546875 0.0615234375
0 0.8876953125 0.4404296875 0.048828125 0.048828125
0 0.89599609375 0.10107421875 0.0478515625 0.0498046875
0 0.89306640625 0.32958984375 0.0732421875 0.0732421875
0 0.884765625 0.89013671875 0.060546875 0.0615234375
0 0.8837890625 0.65576171875 0.048828125 0.0498046875
0 0.28564453125 0.45849609375 0.0615234375 0.0615234375
0 0.43994140625 0.33251953125 0.0615234375 0.0615234375
0 0.365234375 0.13916015625 0.060546875 0.0615234375
0 0.169921875 0.46484375 0.048828125 0.048828125
0 0.2734375 0.26513671875 0.048828125 0.0498046875
0 0.45703125 0.23779296875 0.060546875 0.0615234375
0 0.62548828125 0.49658203125 0.0615234375 0.0615234375
0 0.17529296875 0.13525390625 0.0615234375 0.0615234375
0 0.271484375 0.14990234375 0.048828125 0.0498046875
0 0.72802734375 0.11279296875 0.0615234375 0.0615234375
0 0.724609375 0.205078125 0.048828125 0.048828125
0 0.095703125 0.07373046875 0.048828125 0.0498046875
0 0.89599609375 0.2080078125 0.0849609375 0.0859375
0 0.884765625 0.794921875 0.048828125 0.048828125
0 0.80712890625 0.7109375 0.0361328125 0.037109375
0 0.888671875 0.5517578125 0.048828125 0.048828125
0 0.6318359375 0.0654296875 0.037109375 0.037109375
0 0.6337890625 0.169921875 0.037109375 0.037109375
0 0.6298828125 0.267578125 0.037109375 0.037109375
0 0.45751953125 0.02734375 0.0361328125 0.037109375
0 0.45703125 0.1103515625 0.048828125 0.048828125
0 0.3623046875 0.0205078125 0.037109375 0.037109375
0 0.2646484375 0.0712890625 0.048828125 0.048828125
0 0.0966796875 0.16552734375 0.048828125 0.0498046875
0 0.1708984375 0.23681640625 0.048828125 0.0498046875
0 0.3642578125 0.23681640625 0.048828125 0.0498046875
0 0.53857421875 0.318359375 0.0361328125 0.037109375
0 0.5341796875 0.44677734375 0.048828125 0.0498046875
0 0.61962890625 0.71630859375 0.0361328125 0.0361328125
0 0.71875 0.5322265625 0.037109375 0.037109375
0 0.4482421875 0.44482421875 0.048828125 0.0498046875
0 0.51953125 0.7783203125 0.037109375 0.037109375
0 0.3681640625 0.42236328125 0.048828125 0.0498046875
0 0.36279296875 0.52587890625 0.0615234375 0.0615234375
0 0.3662109375 0.6064453125 0.048828125 0.048828125
0 0.3681640625 0.6884765625 0.048828125 0.048828125
0 0.2763671875 0.6259765625 0.048828125 0.048828125
0 0.28125 0.533203125 0.048828125 0.048828125
0 0.2783203125 0.36572265625 0.048828125 0.0498046875
0 0.166015625 0.3505859375 0.048828125 0.048828125
0 0.09228515625 0.39404296875 0.0244140625 0.0244140625
0 0.09716796875 0.51904296875 0.0244140625 0.0244140625
0 0.09912109375 0.6337890625 0.0244140625 0.025390625
0 0.71240234375 0.86279296875 0.0361328125 0.0361328125
0 0.615234375 0.95703125 0.037109375 0.037109375
0 0.447265625 0.966796875 0.048828125 0.048828125
0 0.27587890625 0.91748046875 0.0244140625 0.0244140625