0 0.0859375 0.8466796875 0.048828125 0.048828125
0 0.0810546875 0.63427734375 0.048828125 0.0498046875
0 0.08349609375 0.08203125 0.1220703125 0.123046875
0 0.08984375 0.20068359375 0.109375 0.1103515625
0 0.18115234375 0.25146484375 0.1103515625 0.1103515625
0 0.17724609375 0.1357421875 0.1103515625 0.111328125
0 0.27978515625 0.10546875 0.1220703125 0.123046875
0 0.28759765625 0.1962890625 0.1103515625 0.111328125
0 0.369140625 0.14208984375 0.109375 0.1103515625
0 0.37744140625 0.23828125 0.1220703125 0.123046875
0 0.47412109375 0.1259765625 0.1220703125 0.123046875
0 0.47802734375 0.2275390625 0.1220703125 0.123046875
0 0.57275390625 0.12744140625 0.1103515625 0.1103515625
0 0.6611328125 0.09130859375 0.109375 0.1103515625
0 0.76953125 0.12060546875 0.109375 0.1103515625
0 0.75146484375 0.25537109375 0.1220703125 0.1220703125
0 0.849609375 0.20556640625 0.109375 0.1103515625
0 0.85302734375 0.08544921875 0.1103515625 0.1103515625
0 0.9482421875 0.14306640625 0.09765625 0.0986328125
0 0.943359375 0.36181640625 0.09765625 0.0986328125
0 0.93701171875 0.46728515625 0.1103515625 0.1103515625
0 0.9326171875 0.58544921875 0.109375 0.1103515625
0 0.939453125 0.70068359375 0.109375 0.1103515625
0 0.8486328125 0.30615234375 0.09765625 0.0986328125
0 0.84765625 0.41650390625 0.109375 0.1103515625
0 0.8486328125 0.52392578125 0.109375 0.1103515625
0 0.8466796875 0.63720703125 0.109375 0.1103515625
0 0.7568359375 0.35498046875 0.09765625 0.0986328125
0 0.75927734375 0.46337890625 0.1103515625 0.1103515625
0 0.75634765625 0.58740234375 0.1103515625 0.1103515625
0 0.75048828125 0.69775390625 0.1103515625 0.1103515625
0 0.6689453125 0.31787109375 0.09765625 0.0986328125
0 0.6572265625 0.41357421875 0.09765625 0.0986328125
0 0.6533203125 0.53173828125 0.09765625 0.0986328125
0 0.56298828125 0.3779296875 0.1220703125 0.123046875
0 0.5615234375 0.46533203125 0.09765625 0.0986328125
0 0.5595703125 0.5771484375 0.09765625 0.09765625
0 0.5576171875 0.68359375 0.09765625 0.09765625
0 0.54296875 0.8037109375 0.09765625 0.09765625
0 0.65185546875 0.63330078125 0.1103515625 0.1103515625
0 0.65234375 0.7529296875 0.109375 0.111328125
0 0.74951171875 0.80322265625 0.1103515625 0.1103515625
0 0.84130859375 0.74755859375 0.1103515625 0.1103515625
0 0.9423828125 0.81103515625 0.109375 0.1103515625
0 0.45947265625 0.4296875 0.1220703125 0.123046875
0 0.37451171875 0.4619140625 0.1103515625 0.111328125
0 0.28076171875 0.5126953125 0.1220703125 0.123046875
0 0.177734375 0.57763671875 0.109375 0.1103515625
0 0.271484375 0.62060546875 0.09765625 0.0986328125
0 0.3681640625 0.5703125 0.09765625 0.09765625
0 0.1865234375 0.68115234375 0.109375 0.1103515625
0 0.18310546875 0.7998046875 0.0849609375 0.0859375
0 0.27734375 0.74560546875 0.09765625 0.0986328125
0 0.36474609375 0.68310546875 0.1103515625 0.1103515625
0 0.36376953125 0.79736328125 0.1103515625 0.1103515625
0 0.46630859375 0.740234375 0.1220703125 0.123046875
0 0.46826171875 0.6328125 0.1220703125 0.123046875
0 0.0810546875 0.509765625 0.048828125 0.048828125
0 0.9345703125 0.92529296875 0.109375 0.1103515625
0 0.84521484375 0.85986328125 0.1103515625 0.1103515625
0 0.74365234375 0.90380859375 0.1103515625 0.1103515625
0 0.66015625 0.86279296875 0.109375 0.1103515625
0 0.5576171875 0.91552734375 0.109375 0.1103515625
0 0.36572265625 0.904296875 0.1220703125 0.123046875
0 0.47021484375 0.853515625 0.1220703125 0.123046875
0 0.275390625 0.8515625 0.109375 0.111328125
0 0.1845703125 0.9072265625 0.09765625 0.09765625
0 0.083984375 0.3046875 0.048828125 0.048828125
0 0.080078125 0.4130859375 0.048828125 0.048828125
0 0.08056640625 0.73681640625 0.0244140625 0.0244140625
0 0.0751953125 0.962890625 0.048828125 0.048828125