0 0.96435546875 0.13720703125 0.0615234375 0.0615234375
0 0.70703125 0.77587890625 0.0859375 0.0849609375
0 0.556640625 0.86083984375 0.0859375 0.0849609375
0 0.38916015625 0.94384765625 0.0732421875 0.0732421875
0 0.6796875 0.48876953125 0.123046875 0.1220703125
0 0.57421875 0.48095703125 0.123046875 0.1220703125
0 0.44921875 0.48583984375 0.123046875 0.1220703125
0 0.33984375 0.48583984375 0.123046875 0.1220703125
0 0.232421875 0.47998046875 0.123046875 0.1220703125
0 0.13720703125 0.47021484375 0.1220703125 0.1220703125
0 0.072265625 0.38623046875 0.123046875 0.1220703125
0 0.173828125 0.38232421875 0.123046875 0.1220703125
0 0.30126953125 0.38623046875 0.1220703125 0.1220703125
0 0.4013671875 0.38916015625 0.123046875 0.1220703125
0 0.5068359375 0.39404296875 0.123046875 0.1220703125
0 0.5849609375 0.38818359375 0.123046875 0.1220703125
0 0.6826171875 0.29345703125 0.111328125 0.1103515625
0 0.5654296875 0.29443359375 0.123046875 0.1220703125
0 0.45751953125 0.30517578125 0.1220703125 0.1220703125
0 0.341796875 0.29345703125 0.123046875 0.1220703125
0 0.2392578125 0.28955078125 0.123046875 0.1220703125
0 0.12451171875 0.28662109375 0.1103515625 0.1103515625
0 0.091796875 0.19970703125 0.0859375 0.0849609375
0 0.193359375 0.197265625 0.0859375 0.0859375
0 0.2919921875 0.20751953125 0.0859375 0.0849609375
0 0.4072265625 0.2080078125 0.0859375 0.0859375
0 0.52734375 0.21435546875 0.0859375 0.0849609375
0 0.6240234375 0.21337890625 0.0859375 0.0849609375
0 0.576171875 0.111328125 0.09765625 0.09765625
0 0.4560546875 0.10986328125 0.0859375 0.0849609375
0 0.35205078125 0.109375 0.0986328125 0.09765625
0 0.24462890625 0.1044921875 0.0986328125 0.09765625
0 0.14697265625 0.1015625 0.0986328125 0.09765625
0 0.716796875 0.57177734375 0.0859375 0.0849609375
0 0.62353515625 0.57275390625 0.1220703125 0.1220703125
0 0.5048828125 0.56884765625 0.123046875 0.1220703125
0 0.4013671875 0.5751953125 0.0859375 0.0859375
0 0.2841796875 0.56884765625 0.123046875 0.1220703125
0 0.1796875 0.56591796875 0.123046875 0.1220703125
0 0.0732421875 0.56689453125 0.123046875 0.1220703125
0 0.1171875 0.65869140625 0.123046875 0.1220703125
0 0.23974609375 0.66162109375 0.1220703125 0.1220703125
0 0.33984375 0.66650390625 0.123046875 0.1220703125
0 0.453125 0.66357421875 0.123046875 0.1220703125
0 0.56494140625 0.67236328125 0.0869140625 0.0849609375
0 0.69140625 0.66748046875 0.0859375 0.0849609375
0 0.6171875 0.7734375 0.0859375 0.0859375
0 0.5048828125 0.7783203125 0.0859375 0.0859375
0 0.3955078125 0.7666015625 0.0859375 0.0859375
0 0.28125 0.7705078125 0.0859375 0.0859375
0 0.1650390625 0.76904296875 0.0859375 0.0849609375
0 0.06689453125 0.763671875 0.0615234375 0.060546875
0 0.12109375 0.84765625 0.111328125 0.109375
0 0.234375 0.8544921875 0.0859375 0.0859375
0 0.3564453125 0.859375 0.09765625 0.09765625
0 0.4775390625 0.85595703125 0.0859375 0.0849609375
0 0.662109375 0.86376953125 0.0859375 0.0849609375
0 0.7177734375 0.94775390625 0.0859375 0.0849609375
0 0.60107421875 0.93994140625 0.0869140625 0.0849609375
0 0.49609375 0.94482421875 0.0859375 0.0849609375
0 0.275390625 0.9384765625 0.0859375 0.0859375
0 0.96533203125 0.68359375 0.0498046875 0.048828125
0 0.96484375 0.4951171875 0.048828125 0.048828125