0 0.31884765625 0.79345703125 0.0615234375 0.0615234375
0 0.1484375 0.142578125 0.09765625 0.09765625
0 0.15234375 0.23095703125 0.09765625 0.0986328125
0 0.0498046875 0.29833984375 0.09765625 0.0986328125
0 0.0634765625 0.1796875 0.0859375 0.0859375
0 0.056640625 0.07421875 0.0859375 0.0859375
0 0.25537109375 0.06298828125 0.1220703125 0.1220703125
0 0.25830078125 0.16552734375 0.1103515625 0.1103515625
0 0.2509765625 0.29638671875 0.09765625 0.0986328125
0 0.1484375 0.345703125 0.0859375 0.0859375
0 0.24951171875 0.40869140625 0.1103515625 0.1103515625
0 0.34228515625 0.3466796875 0.0849609375 0.0859375
0 0.345703125 0.24560546875 0.09765625 0.0986328125
0 0.34375 0.12744140625 0.09765625 0.0986328125
0 0.4541015625 0.05908203125 0.09765625 0.0986328125
0 0.4443359375 0.18359375 0.0859375 0.0859375
0 0.447265625 0.28271484375 0.09765625 0.0986328125
0 0.443359375 0.40478515625 0.09765625 0.0986328125
0 0.53759765625 0.34375 0.1220703125 0.123046875
0 0.53466796875 0.2392578125 0.1220703125 0.123046875
0 0.53466796875 0.1201171875 0.1220703125 0.123046875
0 0.63232421875 0.0654296875 0.1220703125 0.123046875
0 0.63330078125 0.19140625 0.1220703125 0.123046875
0 0.62548828125 0.29541015625 0.1103515625 0.1103515625
0 0.62646484375 0.40625 0.1220703125 0.123046875
0 0.7294921875 0.34423828125 0.109375 0.1103515625
0 0.7353515625 0.2353515625 0.09765625 0.09765625
0 0.72607421875 0.130859375 0.1220703125 0.123046875
0 0.82861328125 0.06103515625 0.1103515625 0.1103515625
0 0.82177734375 0.1826171875 0.1220703125 0.123046875
0 0.81787109375 0.291015625 0.1220703125 0.123046875
0 0.81640625 0.40869140625 0.109375 0.1103515625
0 0.92333984375 0.3349609375 0.1220703125 0.123046875
0 0.91650390625 0.2392578125 0.1220703125 0.123046875
0 0.9189453125 0.10693359375 0.09765625 0.0986328125
0 0.93115234375 0.5126953125 0.1220703125 0.123046875
0 0.919921875 0.654296875 0.109375 0.111328125
0 0.91650390625 0.7763671875 0.1220703125 0.123046875
0 0.92431640625 0.884765625 0.1220703125 0.123046875
0 0.8154296875 0.501953125 0.09765625 0.09765625
0 0.82421875 0.607421875 0.09765625 0.09765625
0 0.818359375 0.73486328125 0.09765625 0.0986328125
0 0.82080078125 0.83740234375 0.1103515625 0.1103515625
0 0.7294921875 0.447265625 0.09765625 0.09765625
0 0.72802734375 0.57861328125 0.1103515625 0.1103515625
0 0.724609375 0.68212890625 0.09765625 0.0986328125
0 0.7197265625 0.78857421875 0.09765625 0.0986328125
0 0.724609375 0.90869140625 0.0859375 0.0869140625
0 0.62744140625 0.51123046875 0.1103515625 0.1103515625
0 0.62451171875 0.62646484375 0.1103515625 0.1103515625
0 0.62451171875 0.73486328125 0.1220703125 0.1220703125
0 0.62451171875 0.85107421875 0.1220703125 0.1220703125
0 0.53125 0.45751953125 0.109375 0.1103515625
0 0.52734375 0.55517578125 0.09765625 0.0986328125
0 0.5380859375 0.66943359375 0.09765625 0.0986328125
0 0.53515625 0.78564453125 0.09765625 0.0986328125
0 0.5322265625 0.91064453125 0.09765625 0.0986328125
0 0.4326171875 0.51123046875 0.09765625 0.0986328125
0 0.4345703125 0.61474609375 0.09765625 0.0986328125
0 0.439453125 0.73291015625 0.09765625 0.0986328125
0 0.34326171875 0.45166015625 0.0849609375 0.0869140625
0 0.2333984375 0.50830078125 0.048828125 0.0498046875
0 0.15234375 0.46630859375 0.09765625 0.0986328125
0 0.8193359375 0.9619140625 0.048828125 0.048828125
0 0.42724609375 0.9599609375 0.0361328125 0.037109375
0 0.34716796875 0.89453125 0.0361328125 0.037109375
0 0.244140625 0.94921875 0.037109375 0.037109375
0 0.041015625 0.48828125 0.037109375 0.037109375
0 0.0322265625 0.6357421875 0.037109375 0.037109375
0 0.1806640625 0.5927734375 0.037109375 0.037109375
0 0.23095703125 0.71875 0.0361328125 0.037109375
0 0.3388671875 0.57421875 0.037109375 0.037109375
0 0.1494140625 0.7783203125 0.037109375 0.037109375
0 0.24365234375 0.81982421875 0.0244140625 0.0244140625
0 0.09326171875 0.89599609375 0.0361328125 0.0361328125
0 0.43359375 0.845703125 0.037109375 0.037109375
0 0.0576171875 0.4072265625 0.09765625 0.09765625