0 0.09423828125 0.18310546875 0.0615234375 0.0615234375
0 0.1728515625 0.0908203125 0.048828125 0.048828125
0 0.05419921875 0.0859375 0.0498046875 0.048828125
0 0.07666015625 0.34375 0.0615234375 0.060546875
0 0.0849609375 0.7021484375 0.048828125 0.048828125
0 0.150390625 0.623046875 0.048828125 0.048828125
0 0.13427734375 0.43994140625 0.0615234375 0.0615234375
0 0.11865234375 0.814453125 0.0498046875 0.048828125
0 0.05908203125 0.90380859375 0.0615234375 0.0615234375
0 0.16064453125 0.9052734375 0.0498046875 0.048828125
0 0.30712890625 0.34521484375 0.0615234375 0.0615234375
0 0.24072265625 0.44384765625 0.0615234375 0.0615234375
0 0.376953125 0.09228515625 0.07421875 0.0732421875
0 0.30810546875 0.18212890625 0.0615234375 0.0615234375
0 0.2109375 0.3388671875 0.060546875 0.060546875
0 0.40185546875 0.34619140625 0.0615234375 0.0615234375
0 0.3642578125 0.27392578125 0.07421875 0.0732421875
0 0.1953125 0.1845703125 0.048828125 0.048828125
0 0.23828125 0.2734375 0.060546875 0.060546875
0 0.26806640625 0.0859375 0.0615234375 0.060546875
0 0.859375 0.08935546875 0.123046875 0.1220703125
0 0.78125 0.09521484375 0.123046875 0.1220703125
0 0.68359375 0.18994140625 0.111328125 0.1103515625
0 0.80078125 0.18896484375 0.123046875 0.1220703125
0 0.90869140625 0.17822265625 0.1220703125 0.1220703125
0 0.8388671875 0.26904296875 0.0859375 0.0849609375
0 0.7421875 0.27001953125 0.0859375 0.0849609375
0 0.7900390625 0.3720703125 0.09765625 0.09765625
0 0.91015625 0.37353515625 0.0859375 0.0849609375
0 0.7353515625 0.46044921875 0.123046875 0.1220703125
0 0.853515625 0.46533203125 0.123046875 0.1220703125
0 0.7900390625 0.54931640625 0.123046875 0.1220703125
0 0.912109375 0.55419921875 0.123046875 0.1220703125
0 0.84814453125 0.65234375 0.0986328125 0.09765625
0 0.728515625 0.65673828125 0.0859375 0.0849609375
0 0.7841796875 0.734375 0.0859375 0.0859375
0 0.900390625 0.74072265625 0.0859375 0.0849609375
0 0.837890625 0.8388671875 0.0859375 0.0859375
0 0.9482421875 0.841796875 0.0859375 0.0859375
0 0.87158203125 0.9228515625 0.0986328125 0.09765625
0 0.78076171875 0.9267578125 0.0986328125 0.09765625
0 0.13671875 0.2568359375 0.037109375 0.037109375
0 0.033203125 0.431640625 0.048828125 0.048828125
0 0.0888671875 0.5146484375 0.048828125 0.048828125
0 0.18701171875 0.51953125 0.0615234375 0.060546875
0 0.18994140625 0.70849609375 0.0244140625 0.0244140625
0 0.22314453125 0.80126953125 0.0244140625 0.0244140625