0 0.80322265625 0.66015625 0.0732421875 0.07421875
0 0.80712890625 0.45166015625 0.0615234375 0.0615234375
0 0.81396484375 0.0419921875 0.0732421875 0.07421875
0 0.88427734375 0.19287109375 0.0615234375 0.0615234375
0 0.44189453125 0.33740234375 0.0615234375 0.0615234375
0 0.72021484375 0.18359375 0.0849609375 0.0859375
0 0.05517578125 0.11572265625 0.0732421875 0.0732421875
0 0.14794921875 0.16796875 0.0732421875 0.07421875
0 0.14892578125 0.0625 0.0732421875 0.07421875
0 0.24560546875 0.130859375 0.1220703125 0.123046875
0 0.33642578125 0.07421875 0.1220703125 0.123046875
0 0.33642578125 0.1806640625 0.0732421875 0.07421875
0 0.43310546875 0.1337890625 0.0732421875 0.07421875
0 0.5244140625 0.07666015625 0.09765625 0.0986328125
0 0.5263671875 0.18505859375 0.09765625 0.0986328125
0 0.62255859375 0.1318359375 0.1220703125 0.123046875
0 0.70751953125 0.08447265625 0.1103515625 0.1103515625
0 0.8095703125 0.13818359375 0.0859375 0.0869140625
0 0.89208984375 0.0888671875 0.1103515625 0.111328125
0 0.05908203125 0.53857421875 0.1103515625 0.1103515625
0 0.1328125 0.37646484375 0.09765625 0.0986328125
0 0.140625 0.46923828125 0.109375 0.1103515625
0 0.13623046875 0.583984375 0.1220703125 0.123046875
0 0.13720703125 0.705078125 0.1220703125 0.123046875
0 0.13720703125 0.81640625 0.1220703125 0.123046875
0 0.13623046875 0.9345703125 0.0732421875 0.07421875
0 0.228515625 0.8740234375 0.09765625 0.09765625
0 0.23193359375 0.7451171875 0.1220703125 0.123046875
0 0.2314453125 0.64892578125 0.109375 0.1103515625
0 0.232421875 0.53662109375 0.109375 0.1103515625
0 0.2294921875 0.42431640625 0.109375 0.1103515625
0 0.32861328125 0.39306640625 0.1103515625 0.1103515625
0 0.32666015625 0.49365234375 0.1103515625 0.1103515625
0 0.32275390625 0.60302734375 0.1103515625 0.1103515625
0 0.322265625 0.71630859375 0.109375 0.1103515625
0 0.326171875 0.82666015625 0.109375 0.1103515625
0 0.3232421875 0.931640625 0.09765625 0.09765625
0 0.42138671875 0.87548828125 0.1103515625 0.1103515625
0 0.4150390625 0.76513671875 0.09765625 0.0986328125
0 0.423828125 0.64404296875 0.09765625 0.0986328125
0 0.42236328125 0.53857421875 0.1103515625 0.1103515625
0 0.4228515625 0.42724609375 0.09765625 0.0986328125
0 0.51025390625 0.92431640625 0.1103515625 0.1103515625
0 0.52001953125 0.82177734375 0.1103515625 0.1103515625
0 0.52294921875 0.70654296875 0.1103515625 0.1103515625
0 0.5146484375 0.60498046875 0.109375 0.1103515625
0 0.5185546875 0.46240234375 0.109375 0.1103515625
0 0.5224609375 0.365234375 0.0859375 0.0859375
0 0.609375 0.87158203125 0.109375 0.1103515625
0 0.611328125 0.76513671875 0.109375 0.1103515625
0 0.61328125 0.64892578125 0.109375 0.1103515625
0 0.6171875 0.53662109375 0.109375 0.1103515625
0 0.60791015625 0.43896484375 0.1103515625 0.1103515625
0 0.705078125 0.81689453125 0.09765625 0.0986328125
0 0.712890625 0.71044921875 0.109375 0.1103515625
0 0.71533203125 0.60302734375 0.1103515625 0.1103515625
0 0.71337890625 0.4814453125 0.0849609375 0.0859375
0 0.71142578125 0.3740234375 0.0732421875 0.07421875
0 0.80029296875 0.875 0.0849609375 0.0859375
0 0.81005859375 0.75927734375 0.1103515625 0.1103515625
0 0.80126953125 0.5478515625 0.0732421875 0.07421875
0 0.79833984375 0.3701171875 0.0732421875 0.07421875
0 0.89013671875 0.92724609375 0.1103515625 0.1103515625
0 0.90380859375 0.82861328125 0.1103515625 0.1103515625
0 0.90283203125 0.7255859375 0.0732421875 0.07421875
0 0.90234375 0.625 0.0859375 0.0859375
0 0.89453125 0.533203125 0.0859375 0.0859375
0 0.8916015625 0.41455078125 0.09765625 0.0986328125
0 0.98046875 0.6455078125 0.037109375 0.037109375
0 0.708984375 0.93212890625 0.109375 0.1103515625