0 0.1259765625 0.12890625 0.048828125 0.048828125
0 0.11328125 0.87548828125 0.060546875 0.0615234375
0 0.2216796875 0.79248046875 0.060546875 0.0615234375
0 0.29833984375 0.84423828125 0.0615234375 0.0615234375
0 0.41064453125 0.82080078125 0.0615234375 0.0615234375
0 0.025390625 0.8515625 0.048828125 0.048828125
0 0.5029296875 0.8134765625 0.048828125 0.048828125
0 0.123046875 0.69287109375 0.060546875 0.0615234375
0 0.03173828125 0.73974609375 0.0615234375 0.0615234375
0 0.12451171875 0.23486328125 0.0615234375 0.0615234375
0 0.314453125 0.6484375 0.048828125 0.048828125
0 0.234375 0.6728515625 0.048828125 0.048828125
0 0.125 0.33349609375 0.048828125 0.0498046875
0 0.1240234375 0.43408203125 0.048828125 0.0498046875
0 0.4189453125 0.6435546875 0.048828125 0.048828125
0 0.3203125 0.515625 0.048828125 0.048828125
0 0.4150390625 0.7265625 0.048828125 0.048828125
0 0.4990234375 0.7255859375 0.048828125 0.048828125
0 0.40869140625 0.91552734375 0.0615234375 0.0615234375
0 0.11279296875 0.95947265625 0.0615234375 0.0615234375
0 0.220703125 0.91064453125 0.060546875 0.0615234375
0 0.3076171875 0.94775390625 0.060546875 0.0615234375
0 0.4931640625 0.90673828125 0.060546875 0.0615234375
0 0.7900390625 0.08642578125 0.048828125 0.0498046875
0 0.90234375 0.8798828125 0.048828125 0.048828125
0 0.5791015625 0.9560546875 0.048828125 0.048828125
0 0.9052734375 0.7783203125 0.048828125 0.048828125
0 0.81640625 0.8330078125 0.048828125 0.048828125
0 0.4208984375 0.546875 0.037109375 0.037109375
0 0.3115234375 0.75 0.048828125 0.048828125
0 0.2373046875 0.5576171875 0.037109375 0.037109375
0 0.119140625 0.79052734375 0.060546875 0.0615234375
0 0.615234375 0.1494140625 0.048828125 0.048828125
0 0.61328125 0.255859375 0.048828125 0.048828125
0 0.6064453125 0.3525390625 0.037109375 0.037109375
0 0.607421875 0.44140625 0.037109375 0.037109375
0 0.7001953125 0.1904296875 0.048828125 0.048828125
0 0.7021484375 0.30419921875 0.060546875 0.0615234375
0 0.6923828125 0.4248046875 0.037109375 0.037109375
0 0.76708984375 0.32177734375 0.0615234375 0.0615234375
0 0.7587890625 0.4208984375 0.048828125 0.048828125
0 0.90576171875 0.25634765625 0.0244140625 0.0244140625
0 0.90576171875 0.36328125 0.0361328125 0.037109375
0 0.236328125 0.19140625 0.048828125 0.048828125
0 0.234375 0.279296875 0.048828125 0.048828125
0 0.23876953125 0.38330078125 0.0361328125 0.0361328125
0 0.232421875 0.46533203125 0.048828125 0.0498046875
0 0.3271484375 0.40234375 0.037109375 0.037109375
0 0.38916015625 0.365234375 0.0361328125 0.037109375
0 0.3369140625 0.2919921875 0.037109375 0.037109375
0 0.3427734375 0.169921875 0.037109375 0.037109375
0 0.91015625 0.14404296875 0.037109375 0.0361328125
0 0.9150390625 0.02734375 0.048828125 0.048828125
0 0.705078125 0.08056640625 0.048828125 0.0498046875
0 0.61962890625 0.01611328125 0.0244140625 0.0244140625
0 0.55078125 0.0595703125 0.048828125 0.048828125
0 0.54833984375 0.189453125 0.0361328125 0.037109375
0 0.2275390625 0.0791015625 0.048828125 0.048828125
0 0.05029296875 0.0947265625 0.0361328125 0.037109375
0 0.04150390625 0.19580078125 0.0361328125 0.0361328125
0 0.1259765625 0.033203125 0.037109375 0.037109375
0 0.03173828125 0.404296875 0.0361328125 0.037109375
0 0.552734375 0.3046875 0.048828125 0.048828125