0 0.76171875 0.2333984375 0.048828125 0.048828125
0 0.8408203125 0.298828125 0.048828125 0.048828125
0 0.84375 0.17431640625 0.060546875 0.0615234375
0 0.763671875 0.13818359375 0.060546875 0.0615234375
0 0.8408203125 0.08642578125 0.060546875 0.0615234375
0 0.6494140625 0.26708984375 0.048828125 0.0498046875
0 0.6533203125 0.17041015625 0.048828125 0.0498046875
0 0.5537109375 0.10888671875 0.048828125 0.0498046875
0 0.56005859375 0.20751953125 0.0615234375 0.0615234375
0 0.4501953125 0.09423828125 0.048828125 0.0498046875
0 0.4609375 0.17529296875 0.048828125 0.0498046875
0 0.4609375 0.27099609375 0.048828125 0.0498046875
0 0.3544921875 0.3095703125 0.048828125 0.048828125
0 0.55859375 0.30908203125 0.048828125 0.0498046875
0 0.03125 0.3857421875 0.048828125 0.048828125
0 0.80712890625 0.876953125 0.0849609375 0.0859375
0 0.7294921875 0.9326171875 0.0859375 0.0859375
0 0.537109375 0.92919921875 0.09765625 0.0986328125
0 0.4287109375 0.947265625 0.0859375 0.0859375
0 0.94921875 0.2373046875 0.048828125 0.048828125
0 0.9443359375 0.33544921875 0.060546875 0.0615234375
0 0.95703125 0.025390625 0.048828125 0.048828125
0 0.75537109375 0.33837890625 0.0244140625 0.0244140625
0 0.65283203125 0.08203125 0.0361328125 0.037109375
0 0.462890625 0.369140625 0.048828125 0.048828125
0 0.357421875 0.2080078125 0.048828125 0.048828125
0 0.2685546875 0.2626953125 0.048828125 0.048828125
0 0.96044921875 0.12060546875 0.0244140625 0.0244140625
0 0.66259765625 0.37158203125 0.0244140625 0.0244140625