0 0.8251953125 0.90576171875 0.123046875 0.1220703125
0 0.72216796875 0.91552734375 0.1103515625 0.1103515625
0 0.61083984375 0.91357421875 0.1103515625 0.1103515625
0 0.51806640625 0.90234375 0.0986328125 0.09765625
0 0.56298828125 0.81298828125 0.1220703125 0.1220703125
0 0.6572265625 0.80615234375 0.123046875 0.1220703125
0 0.775390625 0.80029296875 0.123046875 0.1220703125
0 0.876953125 0.82373046875 0.123046875 0.1220703125
0 0.83056640625 0.71484375 0.1103515625 0.109375
0 0.728515625 0.71728515625 0.123046875 0.1220703125
0 0.61962890625 0.71728515625 0.1220703125 0.1220703125
0 0.51806640625 0.716796875 0.0986328125 0.09765625
0 0.55712890625 0.6142578125 0.0986328125 0.09765625
0 0.66162109375 0.6064453125 0.0986328125 0.09765625
0 0.77587890625 0.6162109375 0.0986328125 0.09765625
0 0.88330078125 0.619140625 0.1103515625 0.109375
0 0.92822265625 0.52099609375 0.1103515625 0.1103515625
0 0.82958984375 0.5244140625 0.0986328125 0.09765625
0 0.72509765625 0.52392578125 0.1103515625 0.1103515625
0 0.60693359375 0.52734375 0.1103515625 0.109375
0 0.5625 0.42626953125 0.123046875 0.1220703125
0 0.68798828125 0.423828125 0.1103515625 0.109375
0 0.802734375 0.44091796875 0.123046875 0.1220703125
0 0.90380859375 0.431640625 0.0986328125 0.09765625
0 0.93994140625 0.3369140625 0.1103515625 0.109375
0 0.83056640625 0.3369140625 0.1103515625 0.109375
0 0.72607421875 0.3349609375 0.0986328125 0.09765625
0 0.5986328125 0.33935546875 0.123046875 0.1220703125
0 0.3916015625 0.90771484375 0.123046875 0.1220703125
0 0.609375 0.14404296875 0.123046875 0.1220703125
0 0.724609375 0.14404296875 0.123046875 0.1220703125
0 0.837890625 0.15087890625 0.123046875 0.1220703125
0 0.919921875 0.15087890625 0.123046875 0.1220703125
0 0.88427734375 0.255859375 0.0986328125 0.09765625
0 0.76708984375 0.24560546875 0.1103515625 0.1103515625
0 0.666015625 0.23681640625 0.111328125 0.1103515625
0 0.5458984375 0.24951171875 0.111328125 0.1103515625
0 0.49951171875 0.146484375 0.1103515625 0.109375
0 0.4052734375 0.15478515625 0.123046875 0.1220703125
0 0.28515625 0.14501953125 0.123046875 0.1220703125
0 0.1591796875 0.14599609375 0.123046875 0.1220703125
0 0.115234375 0.248046875 0.09765625 0.09765625
0 0.2197265625 0.23876953125 0.123046875 0.1220703125
0 0.3271484375 0.23974609375 0.123046875 0.1220703125
0 0.43994140625 0.23828125 0.0986328125 0.09765625
0 0.50146484375 0.33935546875 0.1103515625 0.1103515625
0 0.45947265625 0.4296875 0.1103515625 0.109375
0 0.34130859375 0.43017578125 0.1103515625 0.1103515625
0 0.38525390625 0.33447265625 0.1103515625 0.1103515625
0 0.28955078125 0.34130859375 0.1103515625 0.1103515625
0 0.16796875 0.33447265625 0.123046875 0.1220703125
0 0.111328125 0.42919921875 0.123046875 0.1220703125
0 0.24365234375 0.431640625 0.0986328125 0.09765625
0 0.49658203125 0.5234375 0.1103515625 0.109375
0 0.38232421875 0.52001953125 0.1220703125 0.1220703125
0 0.2705078125 0.51904296875 0.123046875 0.1220703125
0 0.1689453125 0.52099609375 0.123046875 0.1220703125
0 0.064453125 0.51708984375 0.123046875 0.1220703125
0 0.109375 0.61279296875 0.123046875 0.1220703125
0 0.22412109375 0.61865234375 0.1220703125 0.1220703125
0 0.33349609375 0.61865234375 0.1220703125 0.1220703125
0 0.43701171875 0.609375 0.0986328125 0.09765625
0 0.3994140625 0.71728515625 0.123046875 0.1220703125
0 0.2841796875 0.72021484375 0.123046875 0.1220703125
0 0.17431640625 0.71630859375 0.1220703125 0.1220703125
0 0.0634765625 0.71630859375 0.123046875 0.1220703125
0 0.10107421875 0.8212890625 0.0986328125 0.09765625
0 0.2041015625 0.81103515625 0.123046875 0.1220703125
0 0.3330078125 0.81787109375 0.123046875 0.1220703125
0 0.4580078125 0.82275390625 0.123046875 0.1220703125
0 0.271484375 0.90478515625 0.123046875 0.1220703125
0 0.1708984375 0.89892578125 0.123046875 0.1220703125