0 0.04541015625 0.95166015625 0.0615234375 0.0615234375
0 0.05517578125 0.85595703125 0.0615234375 0.0615234375
0 0.7236328125 0.91845703125 0.060546875 0.0615234375
0 0.33154296875 0.92724609375 0.0615234375 0.0615234375
0 0.51953125 0.90966796875 0.060546875 0.0615234375
0 0.810546875 0.865234375 0.048828125 0.048828125
0 0.90478515625 0.1416015625 0.1220703125 0.123046875
0 0.81298828125 0.09765625 0.1220703125 0.123046875
0 0.80322265625 0.2099609375 0.1220703125 0.123046875
0 0.7158203125 0.15185546875 0.109375 0.1103515625
0 0.625 0.20361328125 0.109375 0.1103515625
0 0.625 0.08251953125 0.109375 0.1103515625
0 0.51708984375 0.14599609375 0.1103515625 0.1103515625
0 0.43115234375 0.20556640625 0.1103515625 0.1103515625
0 0.42138671875 0.09228515625 0.1103515625 0.1103515625
0 0.33642578125 0.04345703125 0.0732421875 0.0732421875
0 0.3369140625 0.14990234375 0.09765625 0.0986328125
0 0.2431640625 0.2109375 0.09765625 0.09765625
0 0.16357421875 0.158203125 0.0361328125 0.037109375
0 0.244140625 0.09375 0.0859375 0.0859375
0 0.7236328125 0.25830078125 0.109375 0.1103515625
0 0.52685546875 0.25439453125 0.1103515625 0.1103515625
0 0.4287109375 0.31884765625 0.109375 0.1103515625
0 0.32470703125 0.267578125 0.1220703125 0.123046875
0 0.23681640625 0.330078125 0.0732421875 0.07421875
0 0.33203125 0.36865234375 0.109375 0.1103515625
0 0.63232421875 0.32275390625 0.1103515625 0.1103515625
0 0.33154296875 0.4677734375 0.0849609375 0.0859375
0 0.31787109375 0.580078125 0.1220703125 0.123046875
0 0.326171875 0.70361328125 0.09765625 0.0986328125
0 0.4248046875 0.42333984375 0.109375 0.1103515625
0 0.4267578125 0.53564453125 0.09765625 0.0986328125
0 0.4267578125 0.65087890625 0.109375 0.1103515625
0 0.42041015625 0.75244140625 0.1103515625 0.1103515625
0 0.52197265625 0.36669921875 0.1103515625 0.1103515625
0 0.52197265625 0.47705078125 0.1103515625 0.1103515625
0 0.52490234375 0.59423828125 0.1220703125 0.1220703125
0 0.5224609375 0.70361328125 0.09765625 0.0986328125
0 0.61767578125 0.41650390625 0.1103515625 0.1103515625
0 0.6103515625 0.53564453125 0.09765625 0.0986328125
0 0.6123046875 0.64990234375 0.09765625 0.0986328125
0 0.6103515625 0.76025390625 0.09765625 0.0986328125
0 0.708984375 0.369140625 0.109375 0.111328125
0 0.7109375 0.47900390625 0.109375 0.1103515625
0 0.71826171875 0.59375 0.1220703125 0.123046875
0 0.72900390625 0.69970703125 0.1103515625 0.1103515625
0 0.81884765625 0.3154296875 0.1220703125 0.123046875
0 0.81689453125 0.4072265625 0.1220703125 0.123046875
0 0.81201171875 0.5390625 0.1220703125 0.123046875
0 0.81201171875 0.6513671875 0.1220703125 0.123046875
0 0.90673828125 0.255859375 0.1220703125 0.123046875
0 0.91064453125 0.3525390625 0.1220703125 0.123046875
0 0.90673828125 0.470703125 0.1220703125 0.123046875
0 0.89697265625 0.5810546875 0.1220703125 0.123046875
0 0.9033203125 0.69970703125 0.109375 0.1103515625
0 0.517578125 0.83544921875 0.09765625 0.0986328125
0 0.42626953125 0.861328125 0.0849609375 0.0859375
0 0.8974609375 0.8037109375 0.048828125 0.048828125
0 0.8935546875 0.912109375 0.048828125 0.048828125
0 0.8125 0.97216796875 0.048828125 0.0498046875
0 0.7177734375 0.818359375 0.048828125 0.048828125
0 0.818359375 0.7509765625 0.048828125 0.048828125
0 0.6162109375 0.86474609375 0.037109375 0.0361328125
0 0.3310546875 0.80419921875 0.037109375 0.0361328125
0 0.22900390625 0.78515625 0.0361328125 0.037109375
0 0.25341796875 0.92529296875 0.0244140625 0.0244140625
0 0.1455078125 0.90625 0.037109375 0.037109375
0 0.1494140625 0.810546875 0.037109375 0.037109375
0 0.150390625 0.6943359375 0.037109375 0.037109375