0 0.25146484375 0.64599609375 0.0732421875 0.0732421875
0 0.06005859375 0.17431640625 0.0615234375 0.0615234375
0 0.2646484375 0.11962890625 0.060546875 0.0615234375
0 0.15380859375 0.07470703125 0.0615234375 0.0615234375
0 0.15185546875 0.17919921875 0.0615234375 0.0615234375
0 0.34619140625 0.70849609375 0.0732421875 0.0732421875
0 0.2548828125 0.5302734375 0.060546875 0.060546875
0 0.43896484375 0.427734375 0.0732421875 0.07421875
0 0.06982421875 0.08154296875 0.0615234375 0.0615234375
0 0.15576171875 0.3740234375 0.0732421875 0.07421875
0 0.26123046875 0.19580078125 0.0615234375 0.0615234375
0 0.43115234375 0.63720703125 0.0732421875 0.0732421875
0 0.34814453125 0.37255859375 0.0615234375 0.0615234375
0 0.353515625 0.46630859375 0.060546875 0.0615234375
0 0.3486328125 0.06298828125 0.060546875 0.0615234375
0 0.353515625 0.15869140625 0.060546875 0.0615234375
0 0.5263671875 0.732421875 0.0859375 0.0859375
0 0.53466796875 0.12451171875 0.0615234375 0.0615234375
0 0.45068359375 0.10986328125 0.0615234375 0.0615234375
0 0.43701171875 0.76708984375 0.0732421875 0.0732421875
0 0.45703125 0.18701171875 0.048828125 0.0498046875
0 0.541015625 0.20751953125 0.048828125 0.0498046875
0 0.52783203125 0.6044921875 0.0732421875 0.07421875
0 0.52978515625 0.8271484375 0.0849609375 0.0859375
0 0.42822265625 0.9599609375 0.0732421875 0.07421875
0 0.43408203125 0.8740234375 0.0732421875 0.07421875
0 0.6103515625 0.173828125 0.048828125 0.048828125
0 0.62744140625 0.763671875 0.0732421875 0.07421875
0 0.6201171875 0.0712890625 0.048828125 0.048828125
0 0.6259765625 0.66845703125 0.060546875 0.0615234375
0 0.82080078125 0.6728515625 0.0849609375 0.0859375
0 0.5185546875 0.9287109375 0.09765625 0.09765625
0 0.623046875 0.88037109375 0.109375 0.1103515625
0 0.34423828125 0.58935546875 0.0615234375 0.0615234375
0 0.34130859375 0.8310546875 0.0849609375 0.0859375
0 0.3427734375 0.9208984375 0.0859375 0.0859375
0 0.25634765625 0.75146484375 0.0849609375 0.0869140625
0 0.2509765625 0.87890625 0.0859375 0.0859375
0 0.1494140625 0.5888671875 0.09765625 0.09765625
0 0.1552734375 0.70947265625 0.09765625 0.0986328125
0 0.15283203125 0.81396484375 0.1103515625 0.1103515625
0 0.146484375 0.91650390625 0.09765625 0.0986328125
0 0.05419921875 0.8525390625 0.0849609375 0.0859375
0 0.0625 0.7490234375 0.0859375 0.0859375
0 0.05322265625 0.625 0.0849609375 0.0859375
0 0.5341796875 0.376953125 0.048828125 0.048828125
0 0.5302734375 0.4814453125 0.048828125 0.048828125
0 0.43896484375 0.5224609375 0.0732421875 0.07421875
0 0.25927734375 0.412109375 0.0849609375 0.0859375
0 0.15673828125 0.4677734375 0.0849609375 0.0859375
0 0.06494140625 0.52099609375 0.0849609375 0.0869140625
0 0.0732421875 0.4287109375 0.09765625 0.09765625
0 0.82080078125 0.8720703125 0.1220703125 0.123046875
0 0.73046875 0.830078125 0.109375 0.111328125
0 0.9150390625 0.943359375 0.109375 0.111328125