0 0.4384765625 0.3134765625 0.048828125 0.048828125
0 0.1455078125 0.9228515625 0.048828125 0.048828125
0 0.435546875 0.87744140625 0.060546875 0.0615234375
0 0.34228515625 0.48193359375 0.0615234375 0.0615234375
0 0.34033203125 0.82666015625 0.0615234375 0.0615234375
0 0.34423828125 0.92431640625 0.0615234375 0.0615234375
0 0.43701171875 0.41943359375 0.0615234375 0.0615234375
0 0.626953125 0.8330078125 0.048828125 0.048828125
0 0.546875 0.857421875 0.048828125 0.048828125
0 0.4375 0.51806640625 0.048828125 0.0498046875
0 0.4365234375 0.61865234375 0.048828125 0.0498046875
0 0.0654296875 0.9033203125 0.048828125 0.048828125
0 0.7314453125 0.828125 0.048828125 0.048828125
0 0.6328125 0.7001953125 0.048828125 0.048828125
0 0.7275390625 0.9111328125 0.048828125 0.048828125
0 0.8115234375 0.91015625 0.048828125 0.048828125
0 0.25634765625 0.80322265625 0.0615234375 0.0615234375
0 0.2578125 0.89013671875 0.060546875 0.0615234375
0 0.7333984375 0.7314453125 0.037109375 0.037109375
0 0.6240234375 0.9345703125 0.048828125 0.048828125
0 0.5498046875 0.7421875 0.037109375 0.037109375
0 0.1494140625 0.71826171875 0.048828125 0.0498046875
0 0.1494140625 0.8173828125 0.048828125 0.048828125
0 0.056640625 0.708984375 0.037109375 0.037109375
0 0.064453125 0.8134765625 0.048828125 0.048828125
0 0.927734375 0.333984375 0.048828125 0.048828125
0 0.92578125 0.4404296875 0.048828125 0.048828125
0 0.9189453125 0.537109375 0.037109375 0.037109375
0 0.919921875 0.6259765625 0.037109375 0.037109375
0 0.548828125 0.3759765625 0.048828125 0.048828125
0 0.546875 0.4638671875 0.048828125 0.048828125
0 0.55126953125 0.56787109375 0.0361328125 0.0361328125
0 0.544921875 0.64990234375 0.048828125 0.0498046875
0 0.6396484375 0.5869140625 0.037109375 0.037109375
0 0.70166015625 0.5498046875 0.0361328125 0.037109375
0 0.6494140625 0.4765625 0.037109375 0.037109375
0 0.6552734375 0.3544921875 0.037109375 0.037109375
0 0.93798828125 0.09130859375 0.0244140625 0.0244140625
0 0.93212890625 0.20068359375 0.0244140625 0.0244140625
0 0.861328125 0.1416015625 0.037109375 0.037109375
0 0.86328125 0.244140625 0.048828125 0.048828125
0 0.86083984375 0.3740234375 0.0361328125 0.037109375
0 0.5400390625 0.263671875 0.048828125 0.048828125
0 0.1650390625 0.0654296875 0.037109375 0.037109375
0 0.1552734375 0.15771484375 0.037109375 0.0361328125
0 0.1640625 0.27099609375 0.037109375 0.0361328125
0 0.1611328125 0.35302734375 0.037109375 0.0361328125
0 0.1591796875 0.4423828125 0.037109375 0.037109375
0 0.1533203125 0.5205078125 0.037109375 0.037109375
0 0.25390625 0.47314453125 0.048828125 0.0498046875
0 0.265625 0.35693359375 0.048828125 0.0498046875
0 0.2705078125 0.25830078125 0.037109375 0.0361328125
0 0.2744140625 0.1767578125 0.037109375 0.037109375
0 0.28466796875 0.0595703125 0.0361328125 0.037109375
0 0.36767578125 0.095703125 0.0361328125 0.037109375
0 0.37255859375 0.185546875 0.0361328125 0.037109375
0 0.36279296875 0.279296875 0.0361328125 0.037109375
0 0.35400390625 0.38037109375 0.0361328125 0.0361328125
0 0.4384765625 0.2177734375 0.037109375 0.037109375
0 0.4384765625 0.1328125 0.037109375 0.037109375
0 0.4375 0.0595703125 0.037109375 0.037109375
0 0.06787109375 0.498046875 0.0361328125 0.037109375
0 0.34423828125 0.5888671875 0.0361328125 0.037109375
0 0.2509765625 0.5830078125 0.037109375 0.037109375
0 0.14990234375 0.6142578125 0.0361328125 0.037109375
0 0.06005859375 0.6123046875 0.0361328125 0.037109375
0 0.865234375 0.4892578125 0.048828125 0.048828125