0 0.806640625 0.72314453125 0.07421875 0.0732421875
0 0.9140625 0.90234375 0.048828125 0.048828125
0 0.5322265625 0.05615234375 0.07421875 0.0732421875
0 0.5927734375 0.1484375 0.09765625 0.09765625
0 0.7216796875 0.15185546875 0.123046875 0.1220703125
0 0.81787109375 0.1513671875 0.1103515625 0.109375
0 0.93017578125 0.15234375 0.1103515625 0.109375
0 0.86376953125 0.24267578125 0.1103515625 0.1103515625
0 0.75048828125 0.2421875 0.1103515625 0.109375
0 0.64013671875 0.24609375 0.1103515625 0.109375
0 0.53515625 0.2431640625 0.09765625 0.09765625
0 0.59130859375 0.34130859375 0.1103515625 0.1103515625
0 0.70166015625 0.3349609375 0.0986328125 0.09765625
0 0.82275390625 0.34375 0.0986328125 0.09765625
0 0.92822265625 0.34228515625 0.1103515625 0.1103515625
0 0.54248046875 0.43017578125 0.1103515625 0.1103515625
0 0.64501953125 0.43994140625 0.1103515625 0.1103515625
0 0.76025390625 0.44287109375 0.1103515625 0.1103515625
0 0.86181640625 0.4345703125 0.1103515625 0.109375
0 0.59521484375 0.529296875 0.1103515625 0.109375
0 0.70166015625 0.53125 0.1103515625 0.109375
0 0.81787109375 0.533203125 0.1103515625 0.109375
0 0.93017578125 0.537109375 0.1103515625 0.109375
0 0.64990234375 0.625 0.0986328125 0.09765625
0 0.75634765625 0.6328125 0.1103515625 0.109375
0 0.86376953125 0.63525390625 0.1103515625 0.1103515625
0 0.591796875 0.72021484375 0.0859375 0.0849609375
0 0.70751953125 0.72998046875 0.1103515625 0.1103515625
0 0.9189453125 0.72119140625 0.07421875 0.0732421875
0 0.53955078125 0.81005859375 0.1103515625 0.1103515625
0 0.63818359375 0.82373046875 0.1103515625 0.1103515625
0 0.7412109375 0.82275390625 0.07421875 0.0732421875
0 0.841796875 0.822265625 0.0859375 0.0859375
0 0.93359375 0.814453125 0.0859375 0.0859375
0 0.8212890625 0.900390625 0.037109375 0.037109375
0 0.59716796875 0.8974609375 0.1103515625 0.109375
0 0.697265625 0.908203125 0.111328125 0.109375
0 0.16259765625 0.146484375 0.0986328125 0.09765625
0 0.10400390625 0.236328125 0.0986328125 0.09765625
0 0.15625 0.3388671875 0.09765625 0.09765625
0 0.099609375 0.42724609375 0.111328125 0.1103515625
0 0.20556640625 0.05615234375 0.1103515625 0.1103515625
0 0.328125 0.06298828125 0.123046875 0.1220703125
0 0.27978515625 0.14501953125 0.1103515625 0.1103515625
0 0.37890625 0.1435546875 0.09765625 0.09765625
0 0.4853515625 0.15625 0.111328125 0.109375
0 0.2265625 0.236328125 0.09765625 0.09765625
0 0.3310546875 0.240234375 0.09765625 0.09765625
0 0.4375 0.2490234375 0.111328125 0.109375
0 0.2646484375 0.3330078125 0.09765625 0.09765625
0 0.375 0.3408203125 0.111328125 0.109375
0 0.47119140625 0.34619140625 0.1103515625 0.1103515625
0 0.2119140625 0.43505859375 0.111328125 0.1103515625
0 0.43115234375 0.43017578125 0.1103515625 0.1103515625
0 0.31494140625 0.42822265625 0.1103515625 0.1103515625
0 0.2646484375 0.52978515625 0.123046875 0.1220703125
0 0.380859375 0.52392578125 0.123046875 0.1220703125
0 0.48095703125 0.52978515625 0.1220703125 0.1220703125
0 0.15673828125 0.53271484375 0.1103515625 0.1103515625
0 0.10302734375 0.62939453125 0.1103515625 0.1103515625
0 0.21044921875 0.6181640625 0.1103515625 0.109375
0 0.31689453125 0.6279296875 0.1103515625 0.109375
0 0.42529296875 0.6279296875 0.1103515625 0.109375
0 0.53466796875 0.62890625 0.1103515625 0.109375
0 0.14990234375 0.90576171875 0.1103515625 0.1103515625
0 0.10400390625 0.80419921875 0.1103515625 0.1103515625
0 0.15185546875 0.7197265625 0.1103515625 0.109375
0 0.26513671875 0.71240234375 0.1103515625 0.1103515625
0 0.36572265625 0.70751953125 0.0869140625 0.0849609375
0 0.49267578125 0.71533203125 0.1103515625 0.1103515625
0 0.21923828125 0.80810546875 0.1103515625 0.1103515625
0 0.32177734375 0.81201171875 0.1103515625 0.1103515625
0 0.43310546875 0.80859375 0.0986328125 0.09765625
0 0.26318359375 0.8984375 0.1103515625 0.109375
0 0.37939453125 0.8994140625 0.0986328125 0.09765625
0 0.48974609375 0.90234375 0.1103515625 0.109375