0 0.80712890625 0.224609375 0.0732421875 0.07421875
0 0.73681640625 0.07373046875 0.0615234375 0.0615234375
0 0.80322265625 0.66455078125 0.0615234375 0.0615234375
0 0.529296875 0.6064453125 0.0859375 0.0859375
0 0.90087890625 0.0830078125 0.0849609375 0.0859375
0 0.89599609375 0.8271484375 0.1103515625 0.111328125
0 0.896484375 0.7255859375 0.0859375 0.0859375
0 0.89990234375 0.6240234375 0.0732421875 0.07421875
0 0.90283203125 0.5068359375 0.0849609375 0.0859375
0 0.90185546875 0.3837890625 0.0849609375 0.0859375
0 0.900390625 0.2822265625 0.0859375 0.0859375
0 0.91357421875 0.18212890625 0.1103515625 0.1103515625
0 0.8115234375 0.12841796875 0.0859375 0.0869140625
0 0.8125 0.3349609375 0.0859375 0.0859375
0 0.8076171875 0.4482421875 0.09765625 0.09765625
0 0.80615234375 0.560546875 0.0849609375 0.0859375
0 0.80322265625 0.78271484375 0.1103515625 0.1103515625
0 0.70751953125 0.83056640625 0.1103515625 0.1103515625
0 0.7099609375 0.71728515625 0.109375 0.1103515625
0 0.71142578125 0.60205078125 0.1103515625 0.1103515625
0 0.720703125 0.48583984375 0.09765625 0.0986328125
0 0.728515625 0.38720703125 0.109375 0.1103515625
0 0.7236328125 0.30224609375 0.109375 0.1103515625
0 0.72900390625 0.177734375 0.1103515625 0.111328125
0 0.63720703125 0.1298828125 0.1220703125 0.123046875
0 0.63427734375 0.23876953125 0.1103515625 0.1103515625
0 0.62548828125 0.33740234375 0.1103515625 0.1103515625
0 0.62255859375 0.45458984375 0.1103515625 0.1103515625
0 0.6162109375 0.5537109375 0.0859375 0.0859375
0 0.6298828125 0.66796875 0.109375 0.111328125
0 0.626953125 0.76171875 0.09765625 0.09765625
0 0.5224609375 0.81494140625 0.0859375 0.0869140625
0 0.521484375 0.7158203125 0.0859375 0.0859375
0 0.52294921875 0.51318359375 0.1103515625 0.1103515625
0 0.52978515625 0.3857421875 0.1103515625 0.111328125
0 0.544921875 0.27490234375 0.09765625 0.0986328125
0 0.5400390625 0.1748046875 0.09765625 0.09765625
0 0.431640625 0.12255859375 0.09765625 0.0986328125
0 0.4326171875 0.2294921875 0.0859375 0.0859375
0 0.4443359375 0.3271484375 0.09765625 0.09765625
0 0.44140625 0.43994140625 0.109375 0.1103515625
0 0.4365234375 0.546875 0.109375 0.111328125
0 0.43359375 0.66015625 0.109375 0.111328125
0 0.43603515625 0.7900390625 0.0849609375 0.0859375
0 0.3427734375 0.8173828125 0.09765625 0.09765625
0 0.3369140625 0.7119140625 0.0859375 0.0859375
0 0.333984375 0.60302734375 0.09765625 0.0986328125
0 0.337890625 0.4921875 0.09765625 0.09765625
0 0.3447265625 0.3828125 0.109375 0.111328125
0 0.3427734375 0.28125 0.09765625 0.09765625
0 0.35400390625 0.185546875 0.0849609375 0.0859375
0 0.34228515625 0.1044921875 0.0849609375 0.0859375
0 0.2197265625 0.1015625 0.0859375 0.0859375
0 0.212890625 0.33740234375 0.09765625 0.0986328125
0 0.2216796875 0.44921875 0.09765625 0.09765625
0 0.2177734375 0.55322265625 0.09765625 0.0986328125
0 0.21875 0.64013671875 0.09765625 0.0986328125
0 0.21630859375 0.76953125 0.0849609375 0.0859375
0 0.1259765625 0.8232421875 0.0859375 0.0859375
0 0.13134765625 0.70263671875 0.1103515625 0.1103515625
0 0.1298828125 0.59326171875 0.09765625 0.0986328125
0 0.1220703125 0.48779296875 0.09765625 0.0986328125
0 0.125 0.39794921875 0.109375 0.1103515625
0 0.125 0.2685546875 0.0859375 0.0859375
0 0.13427734375 0.16015625 0.0849609375 0.0859375
0 0.12841796875 0.9287109375 0.0849609375 0.0859375
0 0.3291015625 0.9345703125 0.048828125 0.048828125
0 0.22021484375 0.87451171875 0.0849609375 0.0869140625
0 0.4345703125 0.873046875 0.0859375 0.0859375
0 0.52294921875 0.9345703125 0.0732421875 0.07421875
0 0.61669921875 0.89453125 0.0849609375 0.0859375
0 0.7021484375 0.94287109375 0.109375 0.1103515625
0 0.7998046875 0.88671875 0.109375 0.111328125