0 0.64697265625 0.2314453125 0.0986328125 0.09765625
0 0.099609375 0.7958984375 0.09765625 0.09765625
0 0.09228515625 0.60888671875 0.1103515625 0.1103515625
0 0.09521484375 0.22900390625 0.1103515625 0.1103515625
0 0.91357421875 0.9013671875 0.1103515625 0.109375
0 0.80517578125 0.8984375 0.0986328125 0.09765625
0 0.71337890625 0.904296875 0.0986328125 0.09765625
0 0.58056640625 0.89892578125 0.1103515625 0.1103515625
0 0.47216796875 0.892578125 0.0986328125 0.09765625
0 0.85693359375 0.8115234375 0.0986328125 0.09765625
0 0.74755859375 0.80419921875 0.1103515625 0.1103515625
0 0.62841796875 0.79931640625 0.1103515625 0.1103515625
0 0.53076171875 0.802734375 0.0986328125 0.09765625
0 0.91357421875 0.70849609375 0.1103515625 0.1103515625
0 0.80322265625 0.70947265625 0.1103515625 0.1103515625
0 0.68798828125 0.70703125 0.1103515625 0.109375
0 0.58251953125 0.7041015625 0.1103515625 0.109375
0 0.478515625 0.7001953125 0.09765625 0.09765625
0 0.8564453125 0.60888671875 0.123046875 0.1220703125
0 0.75048828125 0.6103515625 0.1103515625 0.109375
0 0.64208984375 0.609375 0.1103515625 0.109375
0 0.53515625 0.61181640625 0.111328125 0.1103515625
0 0.599609375 0.52001953125 0.111328125 0.1103515625
0 0.697265625 0.52001953125 0.07421875 0.0732421875
0 0.80078125 0.52490234375 0.123046875 0.1220703125
0 0.92431640625 0.5205078125 0.1103515625 0.109375
0 0.35498046875 0.89404296875 0.1103515625 0.1103515625
0 0.255859375 0.8955078125 0.09765625 0.09765625
0 0.1494140625 0.8828125 0.111328125 0.109375
0 0.408203125 0.802734375 0.09765625 0.09765625
0 0.3037109375 0.798828125 0.09765625 0.09765625
0 0.197265625 0.7900390625 0.111328125 0.109375
0 0.3701171875 0.7060546875 0.09765625 0.09765625
0 0.259765625 0.6982421875 0.111328125 0.109375
0 0.16357421875 0.69287109375 0.1103515625 0.1103515625
0 0.4228515625 0.60400390625 0.111328125 0.1103515625
0 0.20361328125 0.60888671875 0.1103515625 0.1103515625
0 0.31982421875 0.61083984375 0.1103515625 0.1103515625
0 0.3701171875 0.50927734375 0.123046875 0.1220703125
0 0.25390625 0.51513671875 0.123046875 0.1220703125
0 0.15380859375 0.50927734375 0.1220703125 0.1220703125
0 0.47802734375 0.50634765625 0.1103515625 0.1103515625
0 0.53173828125 0.40966796875 0.1103515625 0.1103515625
0 0.42431640625 0.4208984375 0.1103515625 0.109375
0 0.31787109375 0.4111328125 0.1103515625 0.109375
0 0.20947265625 0.4111328125 0.1103515625 0.109375
0 0.10009765625 0.41015625 0.1103515625 0.109375
0 0.43408203125 0.052734375 0.0986328125 0.09765625
0 0.48486328125 0.13330078125 0.1103515625 0.1103515625
0 0.59033203125 0.14111328125 0.1103515625 0.1103515625
0 0.70458984375 0.13720703125 0.1103515625 0.1103515625
0 0.80029296875 0.13134765625 0.1103515625 0.1103515625
0 0.927734375 0.13671875 0.111328125 0.109375
0 0.869140625 0.234375 0.111328125 0.109375
0 0.76025390625 0.236328125 0.1103515625 0.109375
0 0.53076171875 0.23486328125 0.1103515625 0.1103515625
0 0.48291015625 0.3193359375 0.1103515625 0.109375
0 0.60205078125 0.3203125 0.1103515625 0.109375
0 0.6962890625 0.3271484375 0.111328125 0.109375
0 0.81640625 0.32421875 0.09765625 0.09765625
0 0.9287109375 0.32861328125 0.111328125 0.1103515625
0 0.87060546875 0.42431640625 0.1103515625 0.1103515625
0 0.759765625 0.4208984375 0.09765625 0.09765625
0 0.6455078125 0.42138671875 0.111328125 0.1103515625
0 0.36962890625 0.32666015625 0.1103515625 0.1103515625
0 0.26904296875 0.33154296875 0.0869140625 0.0849609375
0 0.14208984375 0.32373046875 0.1103515625 0.1103515625
0 0.41552734375 0.23095703125 0.1103515625 0.1103515625
0 0.31298828125 0.22705078125 0.1103515625 0.1103515625
0 0.20166015625 0.23046875 0.0986328125 0.09765625
0 0.37158203125 0.140625 0.1103515625 0.109375
0 0.25537109375 0.1396484375 0.0986328125 0.09765625
0 0.14501953125 0.13671875 0.1103515625 0.109375
0 0.30517578125 0.0498046875 0.0986328125 0.09765625
0 0.21484375 0.05078125 0.09765625 0.09765625