0 0.1171875 0.9619140625 0.060546875 0.060546875
0 0.865234375 0.8974609375 0.048828125 0.048828125
0 0.53955078125 0.8896484375 0.0615234375 0.060546875
0 0.77197265625 0.900390625 0.0498046875 0.048828125
0 0.337890625 0.8876953125 0.048828125 0.048828125
0 0.68017578125 0.900390625 0.0498046875 0.048828125
0 0.318359375 0.9580078125 0.048828125 0.048828125
0 0.162109375 0.77880859375 0.07421875 0.0732421875
0 0.15771484375 0.580078125 0.0498046875 0.048828125
0 0.08203125 0.775390625 0.048828125 0.048828125
0 0.09912109375 0.47900390625 0.0361328125 0.0361328125
0 0.2646484375 0.77978515625 0.060546875 0.0615234375
0 0.427734375 0.68994140625 0.060546875 0.0615234375
0 0.25634765625 0.4873046875 0.0498046875 0.048828125
0 0.4775390625 0.591796875 0.060546875 0.060546875
0 0.2939453125 0.5869140625 0.048828125 0.048828125
0 0.337890625 0.482421875 0.048828125 0.048828125
0 0.421875 0.49609375 0.048828125 0.048828125
0 0.35546875 0.39794921875 0.037109375 0.0361328125
0 0.62255859375 0.08056640625 0.0361328125 0.0361328125
0 0.9521484375 0.314453125 0.048828125 0.048828125
0 0.3193359375 0.09765625 0.037109375 0.037109375
0 0.37255859375 0.1953125 0.0361328125 0.037109375
0 0.41943359375 0.29541015625 0.0361328125 0.0361328125
0 0.5439453125 0.31689453125 0.037109375 0.0361328125
0 0.49560546875 0.20068359375 0.0361328125 0.0361328125
0 0.43798828125 0.08203125 0.0498046875 0.048828125
0 0.52685546875 0.0810546875 0.0361328125 0.037109375
0 0.203125 0.689453125 0.037109375 0.037109375
0 0.1259765625 0.87353515625 0.037109375 0.0361328125
0 0.03271484375 0.5673828125 0.0498046875 0.048828125
0 0.17041015625 0.37646484375 0.0361328125 0.0361328125
0 0.0888671875 0.11083984375 0.037109375 0.0361328125
0 0.1484375 0.1923828125 0.037109375 0.037109375
0 0.18994140625 0.09814453125 0.0244140625 0.0244140625
0 0.05078125 0.40673828125 0.037109375 0.0361328125
0 0.48583984375 0.7822265625 0.0615234375 0.060546875
0 0.5615234375 0.7822265625 0.048828125 0.048828125
0 0.314453125 0.68896484375 0.037109375 0.0361328125
0 0.525390625 0.6962890625 0.048828125 0.048828125
0 0.3876953125 0.5810546875 0.037109375 0.037109375
0 0.5673828125 0.49169921875 0.025390625 0.0244140625
0 0.5673828125 0.41064453125 0.037109375 0.0361328125
0 0.26611328125 0.24853515625 0.0361328125 0.0361328125
0 0.75390625 0.689453125 0.037109375 0.037109375
0 0.84619140625 0.69921875 0.0361328125 0.037109375
0 0.95947265625 0.6904296875 0.0361328125 0.037109375
0 0.94677734375 0.583984375 0.0361328125 0.037109375
0 0.865234375 0.580078125 0.037109375 0.037109375
0 0.748046875 0.56982421875 0.037109375 0.0361328125
0 0.7841796875 0.48681640625 0.037109375 0.0361328125
0 0.8740234375 0.48193359375 0.037109375 0.0361328125
0 0.9677734375 0.49169921875 0.037109375 0.0361328125
0 0.90625 0.416015625 0.037109375 0.037109375
0 0.8212890625 0.416015625 0.037109375 0.037109375
0 0.748046875 0.4169921875 0.037109375 0.037109375