0 0.07275390625 0.65234375 0.1103515625 0.109375
0 0.1396484375 0.74462890625 0.111328125 0.1103515625
0 0.0947265625 0.83642578125 0.111328125 0.1103515625
0 0.205078125 0.84033203125 0.111328125 0.1103515625
0 0.1318359375 0.9375 0.111328125 0.109375
0 0.126953125 0.54052734375 0.123046875 0.1220703125
0 0.20263671875 0.64892578125 0.1220703125 0.1220703125
0 0.06689453125 0.44970703125 0.1103515625 0.1103515625
0 0.1953125 0.44384765625 0.123046875 0.1220703125
0 0.24267578125 0.9365234375 0.1103515625 0.109375
0 0.35546875 0.935546875 0.111328125 0.109375
0 0.4619140625 0.93701171875 0.111328125 0.1103515625
0 0.69091796875 0.94287109375 0.1103515625 0.1103515625
0 0.29638671875 0.8369140625 0.1103515625 0.109375
0 0.41357421875 0.837890625 0.1103515625 0.109375
0 0.5146484375 0.841796875 0.111328125 0.109375
0 0.634765625 0.84375 0.111328125 0.109375
0 0.7412109375 0.84033203125 0.123046875 0.1220703125
0 0.25732421875 0.73974609375 0.1103515625 0.1103515625
0 0.35498046875 0.7451171875 0.0986328125 0.09765625
0 0.45947265625 0.7470703125 0.0986328125 0.09765625
0 0.5869140625 0.7490234375 0.111328125 0.109375
0 0.6826171875 0.7412109375 0.09765625 0.09765625
0 0.30810546875 0.6484375 0.0986328125 0.09765625
0 0.41357421875 0.65283203125 0.1103515625 0.1103515625
0 0.52587890625 0.6474609375 0.0986328125 0.09765625
0 0.6376953125 0.6533203125 0.09765625 0.09765625
0 0.75 0.6513671875 0.111328125 0.109375
0 0.23974609375 0.544921875 0.0986328125 0.09765625
0 0.36181640625 0.5498046875 0.0986328125 0.09765625
0 0.45556640625 0.552734375 0.1103515625 0.109375
0 0.5693359375 0.55810546875 0.123046875 0.1220703125
0 0.68359375 0.56201171875 0.123046875 0.1220703125
0 0.6259765625 0.44775390625 0.123046875 0.1220703125
0 0.49072265625 0.447265625 0.1103515625 0.109375
0 0.39208984375 0.43994140625 0.1220703125 0.1220703125
0 0.28955078125 0.4462890625 0.0986328125 0.09765625
0 0.734375 0.44775390625 0.123046875 0.1220703125
0 0.8056640625 0.55859375 0.09765625 0.09765625
0 0.9111328125 0.55078125 0.09765625 0.09765625
0 0.8544921875 0.6494140625 0.09765625 0.09765625
0 0.80078125 0.75 0.09765625 0.09765625
0 0.92041015625 0.748046875 0.0986328125 0.09765625
0 0.85302734375 0.84521484375 0.1103515625 0.1103515625
0 0.79931640625 0.9384765625 0.0986328125 0.09765625
0 0.89404296875 0.9453125 0.0986328125 0.09765625
0 0.125 0.35302734375 0.123046875 0.1220703125
0 0.064453125 0.26025390625 0.123046875 0.1220703125
0 0.18359375 0.25830078125 0.123046875 0.1220703125
0 0.1279296875 0.16357421875 0.123046875 0.1220703125
0 0.0693359375 0.07373046875 0.123046875 0.1220703125
0 0.20751953125 0.0751953125 0.0986328125 0.09765625
0 0.2431640625 0.16455078125 0.123046875 0.1220703125
0 0.2958984375 0.2607421875 0.111328125 0.109375
0 0.248046875 0.35986328125 0.111328125 0.1103515625
0 0.34814453125 0.35498046875 0.1103515625 0.1103515625
0 0.4599609375 0.35009765625 0.123046875 0.1220703125
0 0.58056640625 0.36376953125 0.1103515625 0.1103515625
0 0.68701171875 0.35498046875 0.1220703125 0.1220703125
0 0.62548828125 0.26611328125 0.1103515625 0.1103515625
0 0.51611328125 0.26513671875 0.1103515625 0.1103515625
0 0.4091796875 0.265625 0.111328125 0.109375
0 0.3544921875 0.18017578125 0.111328125 0.1103515625
0 0.4658203125 0.16748046875 0.123046875 0.1220703125
0 0.5693359375 0.17822265625 0.123046875 0.1220703125
0 0.6953125 0.17041015625 0.123046875 0.1220703125
0 0.6328125 0.07958984375 0.123046875 0.1220703125
0 0.517578125 0.07958984375 0.123046875 0.1220703125
0 0.404296875 0.07275390625 0.123046875 0.1220703125
0 0.322265625 0.07275390625 0.123046875 0.1220703125
0 0.8408203125 0.45068359375 0.123046875 0.1220703125
0 0.90966796875 0.3623046875 0.0986328125 0.09765625
0 0.806640625 0.36181640625 0.123046875 0.1220703125
0 0.7353515625 0.26611328125 0.09765625 0.0966796875
0 0.845703125 0.275390625 0.09765625 0.09765625
0 0.912109375 0.17919921875 0.111328125 0.1103515625
0 0.796875 0.17431640625 0.123046875 0.1220703125
0 0.74267578125 0.0771484375 0.1103515625 0.109375
0 0.8369140625 0.06884765625 0.123046875 0.1220703125