0 0.59716796875 0.96630859375 0.0615234375 0.0615234375
0 0.4921875 0.9638671875 0.048828125 0.048828125
0 0.328125 0.9599609375 0.048828125 0.048828125
0 0.408203125 0.9580078125 0.048828125 0.048828125
0 0.2275390625 0.9609375 0.048828125 0.048828125
0 0.7158203125 0.970703125 0.048828125 0.048828125
0 0.580078125 0.85205078125 0.060546875 0.0615234375
0 0.61181640625 0.48046875 0.0615234375 0.060546875
0 0.599609375 0.7568359375 0.048828125 0.048828125
0 0.52880859375 0.3720703125 0.0615234375 0.060546875
0 0.533203125 0.6572265625 0.048828125 0.048828125
0 0.58056640625 0.29541015625 0.0615234375 0.0615234375
0 0.6240234375 0.6494140625 0.048828125 0.048828125
0 0.55712890625 0.18310546875 0.0615234375 0.0615234375
0 0.587890625 0.568359375 0.048828125 0.048828125
0 0.474609375 0.7607421875 0.048828125 0.048828125
0 0.5498046875 0.0908203125 0.048828125 0.048828125
0 0.42919921875 0.470703125 0.0615234375 0.060546875
0 0.03369140625 0.56396484375 0.0615234375 0.0615234375
0 0.37841796875 0.56591796875 0.0615234375 0.0615234375
0 0.47607421875 0.56201171875 0.0615234375 0.0615234375
0 0.384765625 0.279296875 0.048828125 0.048828125
0 0.4091796875 0.359375 0.048828125 0.048828125
0 0.06982421875 0.46875 0.0498046875 0.048828125
0 0.17041015625 0.4697265625 0.0498046875 0.048828125
0 0.455078125 0.8408203125 0.048828125 0.048828125
0 0.3798828125 0.1748046875 0.048828125 0.048828125
0 0.251953125 0.2734375 0.048828125 0.048828125
0 0.462890625 0.1787109375 0.048828125 0.048828125
0 0.4619140625 0.0947265625 0.048828125 0.048828125
0 0.79541015625 0.57470703125 0.0615234375 0.0615234375
0 0.65185546875 0.18505859375 0.0615234375 0.0615234375
0 0.77880859375 0.76123046875 0.0615234375 0.0615234375
0 0.794921875 0.65625 0.060546875 0.060546875
0 0.74072265625 0.3701171875 0.0615234375 0.060546875
0 0.71533203125 0.6513671875 0.0615234375 0.060546875
0 0.68798828125 0.84814453125 0.0615234375 0.0615234375
0 0.79638671875 0.85791015625 0.0615234375 0.0615234375
0 0.69580078125 0.48095703125 0.0615234375 0.0615234375
0 0.80029296875 0.48291015625 0.0615234375 0.0615234375
0 0.7021484375 0.7578125 0.060546875 0.060546875
0 0.64697265625 0.373046875 0.0615234375 0.060546875
0 0.70263671875 0.56494140625 0.0615234375 0.0615234375
0 0.81689453125 0.37353515625 0.0615234375 0.0615234375
0 0.68408203125 0.2861328125 0.0615234375 0.060546875
0 0.77978515625 0.28125 0.0615234375 0.060546875
0 0.74560546875 0.10009765625 0.0615234375 0.0615234375
0 0.64306640625 0.1005859375 0.0615234375 0.060546875
0 0.73095703125 0.18408203125 0.0615234375 0.0615234375
0 0.80810546875 0.177734375 0.0498046875 0.048828125
0 0.82861328125 0.09375 0.0498046875 0.048828125
0 0.35498046875 0.64990234375 0.0615234375 0.0615234375
0 0.44189453125 0.6484375 0.0615234375 0.060546875
0 0.283203125 0.1728515625 0.037109375 0.037109375
0 0.486328125 0.2822265625 0.048828125 0.048828125
0 0.2939453125 0.3564453125 0.037109375 0.037109375
0 0.52685546875 0.474609375 0.0615234375 0.060546875
0 0.27001953125 0.7568359375 0.0498046875 0.048828125
0 0.369140625 0.7568359375 0.048828125 0.048828125
0 0.2607421875 0.849609375 0.037109375 0.037109375
0 0.365234375 0.841796875 0.048828125 0.048828125
0 0.11962890625 0.35498046875 0.0361328125 0.0361328125
0 0.20166015625 0.361328125 0.0498046875 0.048828125
0 0.138671875 0.2666015625 0.037109375 0.037109375
0 0.1015625 0.20458984375 0.037109375 0.0361328125
0 0.0283203125 0.2568359375 0.037109375 0.037109375
0 0.072265625 0.7529296875 0.037109375 0.037109375
0 0.0498046875 0.83837890625 0.037109375 0.0361328125
0 0.140625 0.56201171875 0.037109375 0.0361328125
0 0.134765625 0.6552734375 0.037109375 0.037109375
0 0.166015625 0.75634765625 0.037109375 0.0361328125
0 0.1640625 0.84619140625 0.037109375 0.0361328125
0 0.15234375 0.9580078125 0.048828125 0.048828125
0 0.041015625 0.041015625 0.048828125 0.048828125