0 0.68603515625 0.73095703125 0.0615234375 0.0615234375
0 0.69677734375 0.84423828125 0.0615234375 0.0615234375
0 0.8916015625 0.61572265625 0.060546875 0.0615234375
0 0.892578125 0.71337890625 0.060546875 0.0615234375
0 0.70947265625 0.3837890625 0.0732421875 0.07421875
0 0.8974609375 0.4091796875 0.048828125 0.048828125
0 0.7998046875 0.44140625 0.048828125 0.048828125
0 0.58984375 0.89306640625 0.060546875 0.0615234375
0 0.60107421875 0.66064453125 0.0615234375 0.0615234375
0 0.60107421875 0.55810546875 0.0615234375 0.0615234375
0 0.40625 0.57080078125 0.060546875 0.0615234375
0 0.60791015625 0.33154296875 0.0615234375 0.0615234375
0 0.21484375 0.33349609375 0.048828125 0.0498046875
0 0.115234375 0.521484375 0.048828125 0.048828125
0 0.42724609375 0.39404296875 0.0732421875 0.0732421875
0 0.40625 0.50048828125 0.048828125 0.0498046875
0 0.11181640625 0.40283203125 0.0615234375 0.0615234375
0 0.3046875 0.50341796875 0.060546875 0.0615234375
0 0.21435546875 0.44677734375 0.0615234375 0.0615234375
0 0.31396484375 0.41162109375 0.0732421875 0.0732421875
0 0.11669921875 0.10546875 0.1220703125 0.123046875
0 0.2138671875 0.060546875 0.09765625 0.09765625
0 0.322265625 0.11279296875 0.09765625 0.0986328125
0 0.39990234375 0.0498046875 0.0849609375 0.0859375
0 0.41162109375 0.130859375 0.0849609375 0.0859375
0 0.5341796875 0.1337890625 0.0859375 0.0859375
0 0.61962890625 0.0751953125 0.0849609375 0.0859375
0 0.81103515625 0.0791015625 0.0849609375 0.0859375
0 0.11328125 0.6142578125 0.037109375 0.037109375
0 0.20654296875 0.5537109375 0.0361328125 0.037109375
0 0.3193359375 0.32470703125 0.048828125 0.0498046875
0 0.505859375 0.84326171875 0.060546875 0.0615234375
0 0.505859375 0.73486328125 0.048828125 0.0498046875
0 0.5068359375 0.64013671875 0.048828125 0.0498046875
0 0.5166015625 0.51416015625 0.048828125 0.0498046875
0 0.5126953125 0.4013671875 0.048828125 0.048828125
0 0.60791015625 0.44677734375 0.0615234375 0.0615234375
0 0.5888671875 0.77197265625 0.048828125 0.0498046875
0 0.787109375 0.7822265625 0.037109375 0.037109375
0 0.7978515625 0.6767578125 0.048828125 0.048828125
0 0.796875 0.5498046875 0.037109375 0.037109375
0 0.89990234375 0.5 0.0361328125 0.037109375
0 0.1103515625 0.83837890625 0.109375 0.1103515625
0 0.12109375 0.73828125 0.109375 0.111328125
0 0.19873046875 0.8828125 0.1220703125 0.123046875
0 0.20947265625 0.783203125 0.1103515625 0.111328125
0 0.21142578125 0.67724609375 0.1103515625 0.1103515625
0 0.29736328125 0.8369140625 0.1103515625 0.111328125
0 0.29638671875 0.73388671875 0.1103515625 0.1103515625
0 0.30517578125 0.62158203125 0.1103515625 0.1103515625
0 0.396484375 0.7998046875 0.0859375 0.0859375
0 0.39599609375 0.693359375 0.1220703125 0.123046875
0 0.400390625 0.90771484375 0.09765625 0.0986328125
0 0.50244140625 0.95263671875 0.0615234375 0.0615234375
0 0.8876953125 0.8408203125 0.037109375 0.037109375
0 0.97216796875 0.89208984375 0.0244140625 0.0244140625