0 0.3193359375 0.4970703125 0.048828125 0.048828125
0 0.22314453125 0.66552734375 0.0615234375 0.0615234375
0 0.31787109375 0.60302734375 0.0615234375 0.0615234375
0 0.318359375 0.70166015625 0.048828125 0.0498046875
0 0.3173828125 0.80224609375 0.048828125 0.0498046875
0 0.513671875 0.8837890625 0.048828125 0.048828125
0 0.6142578125 0.9150390625 0.037109375 0.037109375
0 0.4306640625 0.92578125 0.037109375 0.037109375
0 0.0302734375 0.90185546875 0.048828125 0.0498046875
0 0.80859375 0.517578125 0.048828125 0.048828125
0 0.806640625 0.6240234375 0.048828125 0.048828125
0 0.7998046875 0.720703125 0.037109375 0.037109375
0 0.80078125 0.8095703125 0.037109375 0.037109375
0 0.8935546875 0.55859375 0.048828125 0.048828125
0 0.8955078125 0.67236328125 0.060546875 0.0615234375
0 0.8857421875 0.79296875 0.037109375 0.037109375
0 0.96044921875 0.68994140625 0.0615234375 0.0615234375
0 0.9521484375 0.7890625 0.048828125 0.048828125
0 0.4296875 0.5595703125 0.048828125 0.048828125
0 0.427734375 0.6474609375 0.048828125 0.048828125
0 0.43212890625 0.75146484375 0.0361328125 0.0361328125
0 0.42578125 0.83349609375 0.048828125 0.0498046875
0 0.5205078125 0.7705078125 0.037109375 0.037109375
0 0.58251953125 0.7333984375 0.0361328125 0.037109375
0 0.5302734375 0.66015625 0.037109375 0.037109375
0 0.5361328125 0.5380859375 0.037109375 0.037109375
0 0.98046875 0.36083984375 0.037109375 0.0361328125
0 0.912109375 0.091796875 0.048828125 0.048828125
0 0.91162109375 0.20751953125 0.0244140625 0.0244140625
0 0.90478515625 0.33447265625 0.0244140625 0.0244140625
0 0.8984375 0.44873046875 0.048828125 0.0498046875
0 0.81884765625 0.14501953125 0.0361328125 0.0361328125
0 0.81884765625 0.27490234375 0.0244140625 0.0244140625
0 0.81298828125 0.38427734375 0.0244140625 0.0244140625
0 0.7451171875 0.07470703125 0.037109375 0.0361328125
0 0.748046875 0.19384765625 0.048828125 0.0498046875
0 0.7421875 0.3251953125 0.037109375 0.037109375
0 0.744140625 0.427734375 0.048828125 0.048828125
0 0.74169921875 0.5576171875 0.0361328125 0.037109375
0 0.65478515625 0.11767578125 0.0361328125 0.0361328125
0 0.4208984375 0.447265625 0.048828125 0.048828125
0 0.41845703125 0.0390625 0.0361328125 0.037109375
0 0.654296875 0.02197265625 0.037109375 0.0361328125
0 0.82275390625 0.0244140625 0.0361328125 0.037109375
0 0.24365234375 0.0625 0.0244140625 0.025390625
0 0.32470703125 0.0625 0.0361328125 0.037109375
0 0.0458984375 0.2490234375 0.037109375 0.037109375
0 0.0361328125 0.34130859375 0.037109375 0.0361328125
0 0.044921875 0.45458984375 0.037109375 0.0361328125
0 0.0419921875 0.53662109375 0.037109375 0.0361328125
0 0.0400390625 0.6259765625 0.037109375 0.037109375
0 0.0341796875 0.7041015625 0.037109375 0.037109375
0 0.134765625 0.65673828125 0.048828125 0.0498046875
0 0.146484375 0.54052734375 0.048828125 0.0498046875
0 0.1513671875 0.44189453125 0.037109375 0.0361328125
0 0.1552734375 0.3603515625 0.037109375 0.037109375
0 0.16552734375 0.2431640625 0.0361328125 0.037109375
0 0.24853515625 0.279296875 0.0361328125 0.037109375
0 0.25341796875 0.369140625 0.0361328125 0.037109375
0 0.24365234375 0.462890625 0.0361328125 0.037109375
0 0.23486328125 0.56396484375 0.0361328125 0.0361328125
0 0.3193359375 0.4013671875 0.037109375 0.037109375
0 0.3193359375 0.31640625 0.037109375 0.037109375
0 0.318359375 0.2431640625 0.037109375 0.037109375
0 0.22509765625 0.7724609375 0.0361328125 0.037109375
0 0.1318359375 0.7666015625 0.037109375 0.037109375
0 0.03076171875 0.7978515625 0.0361328125 0.037109375
0 0.74609375 0.6728515625 0.048828125 0.048828125