0 0.0341796875 0.583984375 0.048828125 0.048828125
0 0.03271484375 0.96337890625 0.0615234375 0.0615234375
0 0.21875 0.29736328125 0.07421875 0.0732421875
0 0.5302734375 0.76708984375 0.0859375 0.0849609375
0 0.24853515625 0.58544921875 0.0615234375 0.0615234375
0 0.193359375 0.4853515625 0.048828125 0.048828125
0 0.6806640625 0.68212890625 0.0859375 0.0849609375
0 0.14111328125 0.75439453125 0.0615234375 0.0615234375
0 0.14599609375 0.58642578125 0.0615234375 0.0615234375
0 0.09033203125 0.85986328125 0.0615234375 0.0615234375
0 0.1611328125 0.3876953125 0.048828125 0.048828125
0 0.84814453125 0.59912109375 0.0732421875 0.0732421875
0 0.04443359375 0.18896484375 0.0615234375 0.0615234375
0 0.27099609375 0.19580078125 0.0615234375 0.0615234375
0 0.46875 0.1220703125 0.0859375 0.0859375
0 0.70458984375 0.12890625 0.0986328125 0.09765625
0 0.81640625 0.1201171875 0.09765625 0.09765625
0 0.92041015625 0.1240234375 0.0986328125 0.09765625
0 0.85498046875 0.2197265625 0.0986328125 0.09765625
0 0.76513671875 0.216796875 0.1103515625 0.109375
0 0.6357421875 0.216796875 0.0859375 0.0859375
0 0.52734375 0.20751953125 0.0859375 0.0849609375
0 0.58349609375 0.3017578125 0.0986328125 0.09765625
0 0.69482421875 0.2978515625 0.1103515625 0.109375
0 0.7978515625 0.3056640625 0.09765625 0.09765625
0 0.90869140625 0.3046875 0.1103515625 0.109375
0 0.8974609375 0.87646484375 0.123046875 0.1220703125
0 0.7841796875 0.87939453125 0.123046875 0.1220703125
0 0.67236328125 0.87060546875 0.0869140625 0.0849609375
0 0.5458984375 0.87548828125 0.0859375 0.0849609375
0 0.6201171875 0.76953125 0.0859375 0.0859375
0 0.732421875 0.7646484375 0.0859375 0.0859375
0 0.841796875 0.7763671875 0.0859375 0.0859375
0 0.9560546875 0.7724609375 0.0859375 0.0859375
0 0.880859375 0.68359375 0.09765625 0.09765625
0 0.759765625 0.68701171875 0.0859375 0.0849609375
0 0.5751953125 0.67919921875 0.0859375 0.0849609375
0 0.51953125 0.59521484375 0.0859375 0.0849609375
0 0.63623046875 0.60302734375 0.0869140625 0.0849609375
0 0.7412109375 0.59814453125 0.0859375 0.0849609375
0 0.93798828125 0.4072265625 0.0986328125 0.09765625
0 0.83447265625 0.412109375 0.0986328125 0.09765625
0 0.73388671875 0.3974609375 0.0986328125 0.09765625
0 0.6142578125 0.3935546875 0.09765625 0.09765625
0 0.5234375 0.39892578125 0.0859375 0.0849609375
0 0.5830078125 0.49169921875 0.123046875 0.1220703125
0 0.68603515625 0.4921875 0.0986328125 0.09765625
0 0.8876953125 0.50634765625 0.0859375 0.0849609375
0 0.08837890625 0.1044921875 0.0498046875 0.048828125
0 0.201171875 0.1005859375 0.048828125 0.048828125
0 0.15576171875 0.19580078125 0.0615234375 0.0615234375
0 0.052734375 0.384765625 0.037109375 0.037109375
0 0.1025390625 0.48779296875 0.037109375 0.0361328125
0 0.08203125 0.66748046875 0.07421875 0.0732421875
0 0.203125 0.6689453125 0.037109375 0.037109375
0 0.23095703125 0.755859375 0.0498046875 0.048828125
0 0.27197265625 0.859375 0.0498046875 0.048828125
0 0.14208984375 0.9580078125 0.0498046875 0.048828125