0 0.390625 0.17919921875 0.07421875 0.0732421875
0 0.18212890625 0.17529296875 0.0615234375 0.0615234375
0 0.06787109375 0.54052734375 0.0615234375 0.0615234375
0 0.59228515625 0.94140625 0.1103515625 0.109375
0 0.498046875 0.93994140625 0.111328125 0.1103515625
0 0.3759765625 0.93798828125 0.123046875 0.1220703125
0 0.26904296875 0.92333984375 0.1103515625 0.1103515625
0 0.16552734375 0.93212890625 0.1103515625 0.1103515625
0 0.10693359375 0.849609375 0.0986328125 0.09765625
0 0.19970703125 0.841796875 0.1103515625 0.109375
0 0.314453125 0.84619140625 0.123046875 0.1220703125
0 0.435546875 0.84521484375 0.123046875 0.1220703125
0 0.546875 0.84521484375 0.123046875 0.1220703125
0 0.6650390625 0.84619140625 0.07421875 0.0732421875
0 0.6044921875 0.75390625 0.09765625 0.09765625
0 0.4755859375 0.75048828125 0.123046875 0.1220703125
0 0.37939453125 0.7509765625 0.1103515625 0.109375
0 0.26708984375 0.75 0.1103515625 0.109375
0 0.15478515625 0.7529296875 0.1103515625 0.109375
0 0.12353515625 0.65380859375 0.1103515625 0.1103515625
0 0.22412109375 0.65576171875 0.1103515625 0.1103515625
0 0.33349609375 0.65966796875 0.1103515625 0.1103515625
0 0.44677734375 0.66015625 0.1103515625 0.109375
0 0.55712890625 0.65625 0.1103515625 0.109375
0 0.662109375 0.6591796875 0.09765625 0.09765625
0 0.60595703125 0.56103515625 0.1103515625 0.1103515625
0 0.49560546875 0.5673828125 0.0986328125 0.09765625
0 0.37451171875 0.55859375 0.0986328125 0.09765625
0 0.26904296875 0.56005859375 0.1103515625 0.1103515625
0 0.15771484375 0.5595703125 0.0986328125 0.09765625
0 0.65478515625 0.47216796875 0.1103515625 0.1103515625
0 0.55224609375 0.46240234375 0.1103515625 0.1103515625
0 0.43701171875 0.45947265625 0.1103515625 0.1103515625
0 0.33544921875 0.4677734375 0.1103515625 0.109375
0 0.19287109375 0.4638671875 0.1103515625 0.109375
0 0.095703125 0.4599609375 0.0859375 0.0859375
0 0.60205078125 0.373046875 0.1103515625 0.109375
0 0.49560546875 0.37109375 0.1103515625 0.109375
0 0.37939453125 0.369140625 0.1103515625 0.109375
0 0.26708984375 0.365234375 0.1103515625 0.109375
0 0.16943359375 0.37451171875 0.1103515625 0.1103515625
0 0.54736328125 0.27734375 0.0986328125 0.09765625
0 0.44091796875 0.26953125 0.1103515625 0.109375
0 0.33349609375 0.26708984375 0.1103515625 0.1103515625
0 0.2119140625 0.26904296875 0.0859375 0.0849609375
0 0.1044921875 0.27099609375 0.07421875 0.0732421875
0 0.60546875 0.18212890625 0.0859375 0.0849609375
0 0.48974609375 0.17236328125 0.1103515625 0.1103515625
0 0.2783203125 0.18115234375 0.07421875 0.0732421875
0 0.1005859375 0.18408203125 0.07421875 0.0732421875
0 0.65771484375 0.09228515625 0.1103515625 0.1103515625
0 0.55908203125 0.07861328125 0.1103515625 0.1103515625
0 0.4560546875 0.07958984375 0.07421875 0.0732421875
0 0.35546875 0.080078125 0.0859375 0.0859375
0 0.263671875 0.087890625 0.0859375 0.0859375
0 0.14501953125 0.0908203125 0.0986328125 0.09765625
0 0.91845703125 0.95458984375 0.0732421875 0.0732421875
0 0.869140625 0.83935546875 0.123046875 0.1220703125
0 0.775390625 0.84912109375 0.123046875 0.1220703125
0 0.91748046875 0.75732421875 0.1103515625 0.1103515625
0 0.818359375 0.7587890625 0.09765625 0.09765625
0 0.7119140625 0.74609375 0.111328125 0.109375
0 0.8662109375 0.662109375 0.09765625 0.09765625
0 0.759765625 0.6533203125 0.111328125 0.109375
0 0.9326171875 0.5693359375 0.09765625 0.09765625
0 0.822265625 0.5615234375 0.111328125 0.109375
0 0.72607421875 0.55615234375 0.1103515625 0.1103515625
0 0.76611328125 0.47216796875 0.1103515625 0.1103515625
0 0.88232421875 0.47412109375 0.1103515625 0.1103515625
0 0.9326171875 0.37255859375 0.123046875 0.1220703125
0 0.81640625 0.37841796875 0.123046875 0.1220703125
0 0.71630859375 0.37255859375 0.1220703125 0.1220703125
0 0.88037109375 0.2744140625 0.1103515625 0.109375
0 0.77197265625 0.2744140625 0.1103515625 0.109375
0 0.66259765625 0.2734375 0.1103515625 0.109375
0 0.93212890625 0.18994140625 0.1103515625 0.1103515625
0 0.83154296875 0.19482421875 0.0869140625 0.0849609375
0 0.70458984375 0.18701171875 0.1103515625 0.1103515625
0 0.87548828125 0.09033203125 0.1103515625 0.1103515625
0 0.76416015625 0.09375 0.0986328125 0.09765625