0 0.6787109375 0.94189453125 0.060546875 0.0615234375
0 0.7705078125 0.888671875 0.048828125 0.048828125
0 0.8720703125 0.94677734375 0.060546875 0.0615234375
0 0.134765625 0.9267578125 0.048828125 0.048828125
0 0.50390625 0.9619140625 0.037109375 0.037109375
0 0.23388671875 0.9169921875 0.0361328125 0.037109375
0 0.3154296875 0.8916015625 0.037109375 0.037109375
0 0.59619140625 0.90185546875 0.0615234375 0.0615234375
0 0.41552734375 0.78271484375 0.0732421875 0.0732421875
0 0.67724609375 0.845703125 0.0732421875 0.07421875
0 0.49462890625 0.60791015625 0.0615234375 0.0615234375
0 0.4169921875 0.68994140625 0.048828125 0.0498046875
0 0.50439453125 0.51220703125 0.0615234375 0.0615234375
0 0.6796875 0.65087890625 0.060546875 0.0615234375
0 0.6806640625 0.744140625 0.048828125 0.048828125
0 0.7724609375 0.6865234375 0.048828125 0.048828125
0 0.86962890625 0.73486328125 0.0615234375 0.0615234375
0 0.77099609375 0.78857421875 0.0615234375 0.0615234375
0 0.78076171875 0.58349609375 0.0615234375 0.0615234375
0 0.96875 0.68017578125 0.048828125 0.0498046875
0 0.96875 0.56591796875 0.060546875 0.0615234375
0 0.869140625 0.62744140625 0.060546875 0.0615234375
0 0.13427734375 0.43212890625 0.1220703125 0.1220703125
0 0.146484375 0.31396484375 0.09765625 0.0986328125
0 0.13623046875 0.2109375 0.1220703125 0.123046875
0 0.14306640625 0.08203125 0.1220703125 0.123046875
0 0.22998046875 0.1435546875 0.1220703125 0.123046875
0 0.22412109375 0.244140625 0.1220703125 0.123046875
0 0.23193359375 0.36328125 0.1220703125 0.123046875
0 0.31689453125 0.4130859375 0.1220703125 0.123046875
0 0.32470703125 0.3017578125 0.1220703125 0.123046875
0 0.31982421875 0.18359375 0.1220703125 0.123046875
0 0.3232421875 0.0810546875 0.09765625 0.09765625
0 0.41943359375 0.123046875 0.1220703125 0.123046875
0 0.41552734375 0.2646484375 0.1220703125 0.123046875
0 0.4140625 0.36474609375 0.09765625 0.0986328125
0 0.42626953125 0.4794921875 0.1220703125 0.123046875
0 0.22314453125 0.45263671875 0.0849609375 0.0869140625
0 0.78076171875 0.1240234375 0.0849609375 0.0859375
0 0.76708984375 0.236328125 0.1220703125 0.123046875
0 0.775390625 0.35986328125 0.09765625 0.0986328125
0 0.8740234375 0.07958984375 0.109375 0.1103515625
0 0.8759765625 0.19189453125 0.09765625 0.0986328125
0 0.8759765625 0.30712890625 0.109375 0.1103515625
0 0.86962890625 0.40869140625 0.1103515625 0.1103515625
0 0.87548828125 0.517578125 0.0849609375 0.0859375
0 0.4189453125 0.57763671875 0.109375 0.1103515625
0 0.3251953125 0.51416015625 0.109375 0.1103515625
0 0.32470703125 0.61669921875 0.1103515625 0.1103515625
0 0.31884765625 0.79150390625 0.1220703125 0.1220703125
0 0.2197265625 0.80322265625 0.09765625 0.0986328125
0 0.21630859375 0.70068359375 0.1103515625 0.1103515625
0 0.2255859375 0.57373046875 0.09765625 0.0986328125
0 0.126953125 0.57275390625 0.09765625 0.0986328125
0 0.12744140625 0.712890625 0.1220703125 0.123046875
0 0.126953125 0.84716796875 0.109375 0.1103515625
0 0.7802734375 0.46044921875 0.037109375 0.0361328125
0 0.97412109375 0.89892578125 0.0244140625 0.0244140625
0 0.97412109375 0.78564453125 0.0244140625 0.0244140625
0 0.87158203125 0.83837890625 0.0244140625 0.0244140625
0 0.67822265625 0.44140625 0.0361328125 0.037109375
0 0.70263671875 0.58154296875 0.0244140625 0.0244140625
0 0.5947265625 0.5625 0.037109375 0.037109375
0 0.5986328125 0.466796875 0.037109375 0.037109375
0 0.599609375 0.3505859375 0.037109375 0.037109375
0 0.49462890625 0.72900390625 0.0361328125 0.0361328125
0 0.6015625 0.685546875 0.037109375 0.037109375
0 0.6005859375 0.79638671875 0.048828125 0.0498046875
0 0.49853515625 0.83642578125 0.0361328125 0.0361328125
0 0.0380859375 0.921875 0.048828125 0.048828125