0 0.25927734375 0.1689453125 0.0615234375 0.060546875
0 0.18212890625 0.0712890625 0.0615234375 0.060546875
0 0.080078125 0.06982421875 0.07421875 0.0732421875
0 0.455078125 0.453125 0.048828125 0.048828125
0 0.36572265625 0.35498046875 0.0615234375 0.0615234375
0 0.41064453125 0.26318359375 0.0615234375 0.0615234375
0 0.13134765625 0.546875 0.0615234375 0.060546875
0 0.03271484375 0.638671875 0.0615234375 0.060546875
0 0.28466796875 0.91357421875 0.0615234375 0.0615234375
0 0.419921875 0.822265625 0.037109375 0.037109375
0 0.46484375 0.55224609375 0.037109375 0.0361328125
0 0.13525390625 0.35693359375 0.0615234375 0.0615234375
0 0.38427734375 0.912109375 0.0498046875 0.048828125
0 0.490234375 0.6337890625 0.037109375 0.037109375
0 0.359375 0.544921875 0.048828125 0.048828125
0 0.12060546875 0.453125 0.0498046875 0.048828125
0 0.15771484375 0.90966796875 0.0615234375 0.0615234375
0 0.0654296875 0.90625 0.048828125 0.048828125
0 0.19677734375 0.27734375 0.0498046875 0.048828125
0 0.47998046875 0.91455078125 0.0615234375 0.0615234375
0 0.59912109375 0.73388671875 0.0732421875 0.0732421875
0 0.77392578125 0.81298828125 0.0615234375 0.0615234375
0 0.69189453125 0.7353515625 0.0498046875 0.048828125
0 0.86962890625 0.82275390625 0.0615234375 0.0615234375
0 0.9130859375 0.15673828125 0.123046875 0.1220703125
0 0.9169921875 0.35888671875 0.123046875 0.1220703125
0 0.90234375 0.74462890625 0.123046875 0.1220703125
0 0.92919921875 0.54150390625 0.0869140625 0.0849609375
0 0.80419921875 0.7373046875 0.1103515625 0.109375
0 0.86767578125 0.6435546875 0.1103515625 0.109375
0 0.76513671875 0.64306640625 0.1103515625 0.1103515625
0 0.59033203125 0.63720703125 0.1220703125 0.1220703125
0 0.57861328125 0.5380859375 0.0986328125 0.09765625
0 0.68115234375 0.53466796875 0.1103515625 0.1103515625
0 0.80810546875 0.5439453125 0.0986328125 0.09765625
0 0.80908203125 0.4453125 0.0986328125 0.09765625
0 0.6689453125 0.44580078125 0.123046875 0.1220703125
0 0.53466796875 0.4453125 0.1103515625 0.109375
0 0.80615234375 0.357421875 0.0986328125 0.09765625
0 0.7021484375 0.35595703125 0.123046875 0.1220703125
0 0.58447265625 0.3564453125 0.0986328125 0.09765625
0 0.5166015625 0.26123046875 0.111328125 0.1103515625
0 0.85791015625 0.248046875 0.0986328125 0.09765625
0 0.74462890625 0.259765625 0.0986328125 0.09765625
0 0.638671875 0.251953125 0.09765625 0.09765625
0 0.81005859375 0.1640625 0.0986328125 0.09765625
0 0.6982421875 0.1669921875 0.09765625 0.09765625
0 0.5849609375 0.1640625 0.111328125 0.109375
0 0.4892578125 0.169921875 0.0859375 0.0859375
0 0.8046875 0.08740234375 0.123046875 0.1220703125
0 0.6630859375 0.076171875 0.111328125 0.109375
0 0.541015625 0.07275390625 0.123046875 0.1220703125
0 0.4326171875 0.08056640625 0.123046875 0.1220703125
0 0.8193359375 0.9130859375 0.037109375 0.037109375
0 0.9150390625 0.9169921875 0.037109375 0.037109375
0 0.65283203125 0.81298828125 0.0361328125 0.0361328125
0 0.6962890625 0.919921875 0.037109375 0.037109375
0 0.58544921875 0.9189453125 0.0498046875 0.048828125
0 0.54541015625 0.81689453125 0.0361328125 0.0361328125
0 0.3212890625 0.8154296875 0.037109375 0.037109375
0 0.205078125 0.8134765625 0.037109375 0.037109375
0 0.1005859375 0.8154296875 0.037109375 0.037109375
0 0.3798828125 0.736328125 0.048828125 0.048828125
0 0.369140625 0.62744140625 0.037109375 0.0361328125
0 0.2431640625 0.63916015625 0.037109375 0.0361328125
0 0.16015625 0.638671875 0.048828125 0.048828125
0 0.26708984375 0.732421875 0.0615234375 0.060546875
0 0.25 0.5439453125 0.037109375 0.037109375
0 0.19921875 0.4462890625 0.048828125 0.048828125
0 0.3037109375 0.44921875 0.037109375 0.037109375
0 0.4599609375 0.3564453125 0.048828125 0.048828125
0 0.25244140625 0.3515625 0.0498046875 0.048828125
0 0.10498046875 0.2783203125 0.0498046875 0.048828125
0 0.29638671875 0.27392578125 0.0615234375 0.0615234375
0 0.37158203125 0.16015625 0.0498046875 0.048828125
0 0.30908203125 0.0751953125 0.0615234375 0.060546875
0 0.0400390625 0.1748046875 0.048828125 0.048828125
0 0.15771484375 0.1689453125 0.0498046875 0.048828125
0 0.03369140625 0.3525390625 0.0498046875 0.048828125
0 0.03369140625 0.5458984375 0.0498046875 0.048828125