0 0.0966796875 0.86376953125 0.09765625 0.0986328125
0 0.10400390625 0.7529296875 0.1220703125 0.123046875
0 0.09619140625 0.64453125 0.1220703125 0.123046875
0 0.19775390625 0.7080078125 0.1220703125 0.123046875
0 0.1923828125 0.82421875 0.09765625 0.09765625
0 0.19384765625 0.9326171875 0.1220703125 0.123046875
0 0.28759765625 0.869140625 0.1220703125 0.123046875
0 0.28955078125 0.751953125 0.1220703125 0.123046875
0 0.29931640625 0.6396484375 0.1220703125 0.123046875
0 0.37939453125 0.9296875 0.1103515625 0.111328125
0 0.3857421875 0.81103515625 0.109375 0.1103515625
0 0.38671875 0.69775390625 0.109375 0.1103515625
0 0.4775390625 0.64599609375 0.109375 0.1103515625
0 0.4775390625 0.76708984375 0.109375 0.1103515625
0 0.470703125 0.86669921875 0.109375 0.1103515625
0 0.5771484375 0.93017578125 0.109375 0.1103515625
0 0.57958984375 0.80712890625 0.1103515625 0.1103515625
0 0.58544921875 0.70361328125 0.1103515625 0.1103515625
0 0.67138671875 0.64404296875 0.1103515625 0.1103515625
0 0.68115234375 0.75732421875 0.1103515625 0.1103515625
0 0.67138671875 0.87060546875 0.1103515625 0.1103515625
0 0.7578125 0.92529296875 0.09765625 0.0986328125
0 0.76611328125 0.80615234375 0.0732421875 0.0732421875
0 0.765625 0.69970703125 0.09765625 0.0986328125
0 0.859375 0.638671875 0.09765625 0.09765625
0 0.93896484375 0.69140625 0.0361328125 0.037109375
0 0.8564453125 0.880859375 0.0859375 0.0859375
0 0.8583984375 0.755859375 0.0859375 0.0859375
0 0.37890625 0.59130859375 0.109375 0.1103515625
0 0.57568359375 0.59521484375 0.1103515625 0.1103515625
0 0.673828125 0.53076171875 0.109375 0.1103515625
0 0.77783203125 0.58203125 0.1220703125 0.123046875
0 0.86572265625 0.51953125 0.0732421875 0.07421875
0 0.7705078125 0.48095703125 0.109375 0.1103515625
0 0.47021484375 0.52685546875 0.1103515625 0.1103515625
0 0.77099609375 0.3818359375 0.0849609375 0.0859375
0 0.78466796875 0.26953125 0.1220703125 0.123046875
0 0.7763671875 0.14599609375 0.09765625 0.0986328125
0 0.677734375 0.42626953125 0.109375 0.1103515625
0 0.67578125 0.31396484375 0.09765625 0.0986328125
0 0.67578125 0.19873046875 0.109375 0.1103515625
0 0.68212890625 0.09716796875 0.1103515625 0.1103515625
0 0.58056640625 0.48291015625 0.1103515625 0.1103515625
0 0.58056640625 0.37255859375 0.1103515625 0.1103515625
0 0.57763671875 0.25537109375 0.1220703125 0.1220703125
0 0.580078125 0.14599609375 0.09765625 0.0986328125
0 0.48486328125 0.43310546875 0.1103515625 0.1103515625
0 0.4921875 0.31396484375 0.09765625 0.0986328125
0 0.490234375 0.19970703125 0.09765625 0.0986328125
0 0.4921875 0.08935546875 0.09765625 0.0986328125
0 0.3935546875 0.48046875 0.109375 0.111328125
0 0.3916015625 0.37060546875 0.109375 0.1103515625
0 0.38427734375 0.255859375 0.1220703125 0.123046875
0 0.37353515625 0.14990234375 0.1103515625 0.1103515625
0 0.28369140625 0.5341796875 0.1220703125 0.123046875
0 0.28564453125 0.4423828125 0.1220703125 0.123046875
0 0.29052734375 0.310546875 0.1220703125 0.123046875
0 0.29052734375 0.1982421875 0.1220703125 0.123046875
0 0.19580078125 0.59375 0.1220703125 0.123046875
0 0.19189453125 0.4970703125 0.1220703125 0.123046875
0 0.19580078125 0.37890625 0.1220703125 0.123046875
0 0.20556640625 0.2685546875 0.1220703125 0.123046875
0 0.19921875 0.14990234375 0.109375 0.1103515625
0 0.10791015625 0.09912109375 0.1103515625 0.1103515625
0 0.11181640625 0.21484375 0.1103515625 0.111328125
0 0.10009765625 0.3193359375 0.1103515625 0.111328125
0 0.10595703125 0.5400390625 0.1220703125 0.123046875
0 0.09716796875 0.42919921875 0.1103515625 0.1103515625
0 0.205078125 0.0458984375 0.048828125 0.048828125
0 0.384765625 0.03125 0.048828125 0.048828125
0 0.2841796875 0.0986328125 0.048828125 0.048828125
0 0.771484375 0.04541015625 0.037109375 0.0361328125
0 0.87353515625 0.064453125 0.0361328125 0.037109375
0 0.953125 0.0390625 0.037109375 0.037109375
0 0.9521484375 0.1552734375 0.037109375 0.037109375