0 0.08251953125 0.4951171875 0.0986328125 0.09765625
0 0.85888671875 0.8779296875 0.1103515625 0.109375
0 0.7333984375 0.87646484375 0.123046875 0.1220703125
0 0.92138671875 0.78466796875 0.1103515625 0.1103515625
0 0.81103515625 0.77685546875 0.1103515625 0.1103515625
0 0.72802734375 0.78662109375 0.0732421875 0.0732421875
0 0.85986328125 0.6923828125 0.0986328125 0.09765625
0 0.74755859375 0.68798828125 0.1103515625 0.1103515625
0 0.91162109375 0.58984375 0.1103515625 0.109375
0 0.79638671875 0.5966796875 0.1103515625 0.109375
0 0.85986328125 0.50390625 0.1103515625 0.109375
0 0.90966796875 0.41357421875 0.1103515625 0.1103515625
0 0.79931640625 0.40771484375 0.1103515625 0.1103515625
0 0.919921875 0.216796875 0.09765625 0.09765625
0 0.8134765625 0.21484375 0.09765625 0.09765625
0 0.693359375 0.2001953125 0.09765625 0.09765625
0 0.86376953125 0.30908203125 0.1103515625 0.1103515625
0 0.744140625 0.3095703125 0.111328125 0.109375
0 0.69384765625 0.40673828125 0.1103515625 0.1103515625
0 0.74951171875 0.49853515625 0.1103515625 0.1103515625
0 0.68603515625 0.599609375 0.1103515625 0.109375
0 0.7568359375 0.12353515625 0.123046875 0.1220703125
0 0.8642578125 0.12548828125 0.123046875 0.1220703125
0 0.630859375 0.8779296875 0.111328125 0.109375
0 0.5224609375 0.88037109375 0.111328125 0.1103515625
0 0.5986328125 0.78662109375 0.111328125 0.1103515625
0 0.46728515625 0.78369140625 0.1103515625 0.1103515625
0 0.412109375 0.87353515625 0.111328125 0.1103515625
0 0.57177734375 0.591796875 0.1103515625 0.109375
0 0.51220703125 0.685546875 0.1103515625 0.109375
0 0.642578125 0.6943359375 0.111328125 0.109375
0 0.41259765625 0.689453125 0.1103515625 0.109375
0 0.46240234375 0.60107421875 0.1103515625 0.1103515625
0 0.41748046875 0.49658203125 0.1103515625 0.1103515625
0 0.52880859375 0.498046875 0.0986328125 0.09765625
0 0.63720703125 0.50244140625 0.1103515625 0.1103515625
0 0.59326171875 0.40087890625 0.1103515625 0.1103515625
0 0.48681640625 0.4091796875 0.1103515625 0.109375
0 0.521484375 0.30712890625 0.123046875 0.1220703125
0 0.63427734375 0.3173828125 0.1103515625 0.109375
0 0.4140625 0.31689453125 0.123046875 0.1220703125
0 0.46240234375 0.2119140625 0.0986328125 0.09765625
0 0.58154296875 0.21484375 0.1103515625 0.109375
0 0.52099609375 0.1259765625 0.0986328125 0.09765625
0 0.6435546875 0.12744140625 0.123046875 0.1220703125
0 0.41796875 0.12939453125 0.111328125 0.1103515625
0 0.2919921875 0.87255859375 0.123046875 0.1220703125
0 0.18603515625 0.8740234375 0.1103515625 0.109375
0 0.07763671875 0.873046875 0.1103515625 0.109375
0 0.1328125 0.78369140625 0.07421875 0.0732421875
0 0.236328125 0.78857421875 0.123046875 0.1220703125
0 0.35986328125 0.7841796875 0.1103515625 0.109375
0 0.29931640625 0.1171875 0.1103515625 0.109375
0 0.18994140625 0.1171875 0.1103515625 0.109375
0 0.08154296875 0.11962890625 0.1103515625 0.1103515625
0 0.14208984375 0.2119140625 0.1103515625 0.109375
0 0.25439453125 0.21875 0.1103515625 0.109375
0 0.36376953125 0.20556640625 0.1103515625 0.1103515625
0 0.30859375 0.30224609375 0.123046875 0.1220703125
0 0.20654296875 0.31201171875 0.1103515625 0.1103515625
0 0.08544921875 0.314453125 0.1103515625 0.109375
0 0.14013671875 0.40087890625 0.1103515625 0.1103515625
0 0.23583984375 0.39501953125 0.1103515625 0.1103515625
0 0.36328125 0.400390625 0.111328125 0.109375
0 0.3046875 0.498046875 0.111328125 0.109375
0 0.19580078125 0.5 0.1103515625 0.109375
0 0.1318359375 0.5908203125 0.111328125 0.109375
0 0.251953125 0.587890625 0.09765625 0.09765625
0 0.3642578125 0.59228515625 0.111328125 0.1103515625
0 0.30615234375 0.68798828125 0.1103515625 0.1103515625
0 0.1953125 0.6845703125 0.09765625 0.09765625
0 0.0810546875 0.68505859375 0.111328125 0.1103515625