0 0.49951171875 0.0712890625 0.0732421875 0.07421875
0 0.21142578125 0.10107421875 0.0615234375 0.0615234375
0 0.3115234375 0.0458984375 0.048828125 0.048828125
0 0.11474609375 0.533203125 0.0849609375 0.0859375
0 0.19775390625 0.70068359375 0.0732421875 0.0732421875
0 0.60107421875 0.12353515625 0.0615234375 0.0615234375
0 0.78173828125 0.06103515625 0.0732421875 0.0732421875
0 0.89501953125 0.04345703125 0.0732421875 0.0732421875
0 0.88671875 0.34228515625 0.09765625 0.0986328125
0 0.8876953125 0.44921875 0.0859375 0.0859375
0 0.8994140625 0.546875 0.09765625 0.09765625
0 0.896484375 0.65966796875 0.109375 0.1103515625
0 0.8916015625 0.7666015625 0.109375 0.111328125
0 0.888671875 0.8798828125 0.109375 0.111328125
0 0.7919921875 0.931640625 0.0859375 0.0859375
0 0.7890625 0.82275390625 0.09765625 0.0986328125
0 0.79296875 0.7119140625 0.09765625 0.09765625
0 0.7998046875 0.6025390625 0.109375 0.111328125
0 0.7978515625 0.5009765625 0.09765625 0.09765625
0 0.80908203125 0.4052734375 0.0849609375 0.0859375
0 0.79736328125 0.32421875 0.0849609375 0.0859375
0 0.6748046875 0.3212890625 0.0859375 0.0859375
0 0.66796875 0.55712890625 0.09765625 0.0986328125
0 0.6767578125 0.6689453125 0.09765625 0.09765625
0 0.6728515625 0.77294921875 0.09765625 0.0986328125
0 0.673828125 0.85986328125 0.09765625 0.0986328125
0 0.58642578125 0.92236328125 0.1103515625 0.1103515625
0 0.5849609375 0.81298828125 0.09765625 0.0986328125
0 0.5771484375 0.70751953125 0.09765625 0.0986328125
0 0.580078125 0.61767578125 0.109375 0.1103515625
0 0.580078125 0.48828125 0.0859375 0.0859375
0 0.58935546875 0.3798828125 0.0849609375 0.0859375
0 0.4951171875 0.43603515625 0.09765625 0.0986328125
0 0.4990234375 0.54736328125 0.109375 0.1103515625
0 0.4912109375 0.650390625 0.09765625 0.09765625
0 0.4921875 0.76123046875 0.109375 0.1103515625
0 0.48681640625 0.85107421875 0.1103515625 0.1103515625
0 0.1083984375 0.85546875 0.0859375 0.0859375
0 0.11328125 0.7333984375 0.09765625 0.09765625
0 0.10986328125 0.6123046875 0.0849609375 0.0859375
0 0.11767578125 0.427734375 0.0849609375 0.0859375
0 0.20166015625 0.3720703125 0.0849609375 0.0859375
0 0.19384765625 0.48876953125 0.0849609375 0.0869140625
0 0.19873046875 0.59375 0.0849609375 0.0859375
0 0.28515625 0.84375 0.048828125 0.048828125
0 0.1923828125 0.814453125 0.0859375 0.0859375
0 0.19873046875 0.91796875 0.1220703125 0.123046875
0 0.3896484375 0.89208984375 0.09765625 0.0986328125
0 0.3896484375 0.79052734375 0.09765625 0.0986328125
0 0.384765625 0.68701171875 0.09765625 0.0986328125
0 0.3994140625 0.58642578125 0.09765625 0.0986328125
0 0.4033203125 0.466796875 0.09765625 0.09765625
0 0.39794921875 0.3759765625 0.0849609375 0.0859375
0 0.30517578125 0.435546875 0.1220703125 0.123046875
0 0.3046875 0.53857421875 0.09765625 0.0986328125
0 0.29052734375 0.740234375 0.0849609375 0.0859375
0 0.8896484375 0.13037109375 0.048828125 0.0498046875
0 0.6962890625 0.0537109375 0.048828125 0.048828125
0 0.1279296875 0.0556640625 0.037109375 0.037109375
0 0.041015625 0.08349609375 0.048828125 0.0498046875