0 0.943359375 0.10546875 0.09765625 0.09765625
0 0.9453125 0.322265625 0.09765625 0.09765625
0 0.84912109375 0.3798828125 0.0732421875 0.07421875
0 0.8525390625 0.2734375 0.0859375 0.0859375
0 0.8544921875 0.1708984375 0.0859375 0.0859375
0 0.86181640625 0.0537109375 0.0849609375 0.0859375
0 0.7578125 0.1025390625 0.109375 0.111328125
0 0.7548828125 0.21435546875 0.109375 0.1103515625
0 0.7578125 0.31982421875 0.09765625 0.0986328125
0 0.6650390625 0.14794921875 0.09765625 0.0986328125
0 0.67138671875 0.267578125 0.1220703125 0.123046875
0 0.66748046875 0.36669921875 0.1103515625 0.1103515625
0 0.56396484375 0.32177734375 0.1103515625 0.1103515625
0 0.56689453125 0.20654296875 0.1103515625 0.1103515625
0 0.568359375 0.0947265625 0.048828125 0.048828125
0 0.47265625 0.14892578125 0.109375 0.1103515625
0 0.4765625 0.27197265625 0.09765625 0.0986328125
0 0.482421875 0.38916015625 0.109375 0.1103515625
0 0.37744140625 0.33984375 0.1220703125 0.123046875
0 0.37548828125 0.21435546875 0.1220703125 0.1220703125
0 0.37744140625 0.10009765625 0.1220703125 0.1220703125
0 0.28662109375 0.1630859375 0.1220703125 0.123046875
0 0.28564453125 0.2822265625 0.1220703125 0.123046875
0 0.28564453125 0.3916015625 0.1220703125 0.123046875
0 0.17578125 0.32666015625 0.109375 0.1103515625
0 0.19140625 0.22314453125 0.109375 0.1103515625
0 0.185546875 0.11376953125 0.09765625 0.0986328125
0 0.0908203125 0.06201171875 0.109375 0.1103515625
0 0.0927734375 0.16259765625 0.09765625 0.0986328125
0 0.08544921875 0.2734375 0.1220703125 0.123046875
0 0.09326171875 0.3818359375 0.1220703125 0.123046875
0 0.08154296875 0.92724609375 0.1103515625 0.1103515625
0 0.07763671875 0.8115234375 0.1103515625 0.111328125
0 0.08935546875 0.70703125 0.1103515625 0.111328125
0 0.08349609375 0.486328125 0.1220703125 0.123046875
0 0.17529296875 0.56640625 0.1220703125 0.123046875
0 0.17822265625 0.4462890625 0.1220703125 0.123046875
0 0.09228515625 0.59716796875 0.1103515625 0.1103515625
0 0.1796875 0.66552734375 0.109375 0.1103515625
0 0.18017578125 0.78125 0.1220703125 0.123046875
0 0.18798828125 0.8720703125 0.1103515625 0.111328125
0 0.28271484375 0.51318359375 0.1220703125 0.1220703125
0 0.28271484375 0.60546875 0.1220703125 0.123046875
0 0.28173828125 0.7109375 0.1220703125 0.123046875
0 0.26953125 0.81787109375 0.109375 0.1103515625
0 0.27783203125 0.9140625 0.1220703125 0.123046875
0 0.45947265625 0.498046875 0.1220703125 0.123046875
0 0.46435546875 0.60595703125 0.1220703125 0.1220703125
0 0.36962890625 0.66162109375 0.1103515625 0.1103515625
0 0.37060546875 0.55029296875 0.1103515625 0.1103515625
0 0.38330078125 0.43798828125 0.1103515625 0.1103515625
0 0.45361328125 0.72119140625 0.1220703125 0.1220703125
0 0.37451171875 0.8017578125 0.1220703125 0.123046875
0 0.37841796875 0.9033203125 0.1220703125 0.123046875
0 0.47314453125 0.80322265625 0.1103515625 0.1103515625
0 0.5615234375 0.76708984375 0.109375 0.1103515625
0 0.568359375 0.64501953125 0.109375 0.1103515625
0 0.560546875 0.54443359375 0.109375 0.1103515625
0 0.5654296875 0.43701171875 0.109375 0.1103515625
0 0.66455078125 0.4833984375 0.1220703125 0.123046875
0 0.66064453125 0.595703125 0.1220703125 0.123046875
0 0.6630859375 0.70068359375 0.109375 0.1103515625
0 0.669921875 0.79638671875 0.109375 0.1103515625
0 0.65185546875 0.93115234375 0.1220703125 0.1220703125
0 0.75 0.88134765625 0.109375 0.1103515625
0 0.75341796875 0.76123046875 0.1103515625 0.1103515625
0 0.75048828125 0.65966796875 0.1103515625 0.1103515625
0 0.75732421875 0.5419921875 0.1103515625 0.111328125
0 0.75439453125 0.4375 0.1103515625 0.111328125
0 0.8466796875 0.484375 0.109375 0.111328125
0 0.8486328125 0.595703125 0.109375 0.111328125
0 0.841796875 0.7041015625 0.09765625 0.09765625
0 0.8486328125 0.81884765625 0.09765625 0.0986328125
0 0.84716796875 0.93701171875 0.1103515625 0.1103515625
0 0.9462890625 0.884765625 0.09765625 0.09765625
0 0.9345703125 0.7705078125 0.109375 0.111328125
0 0.94873046875 0.53515625 0.0732421875 0.07421875
0 0.9404296875 0.44091796875 0.09765625 0.0986328125