0 0.625 0.17431640625 0.07421875 0.0732421875
0 0.41650390625 0.17041015625 0.0615234375 0.0615234375
0 0.15771484375 0.09326171875 0.0615234375 0.0615234375
0 0.30224609375 0.53564453125 0.0615234375 0.0615234375
0 0.1484375 0.25732421875 0.0859375 0.0849609375
0 0.08056640625 0.92236328125 0.0732421875 0.0732421875
0 0.1328125 0.82958984375 0.07421875 0.0732421875
0 0.095703125 0.73193359375 0.123046875 0.1220703125
0 0.1455078125 0.64111328125 0.07421875 0.0732421875
0 0.0986328125 0.54443359375 0.07421875 0.0732421875
0 0.14990234375 0.451171875 0.0986328125 0.09765625
0 0.0966796875 0.35498046875 0.123046875 0.1220703125
0 0.10302734375 0.16796875 0.0869140625 0.0859375
0 0.82666015625 0.9365234375 0.1103515625 0.109375
0 0.732421875 0.93505859375 0.111328125 0.1103515625
0 0.6103515625 0.93310546875 0.123046875 0.1220703125
0 0.50341796875 0.91845703125 0.1103515625 0.1103515625
0 0.39990234375 0.92724609375 0.1103515625 0.1103515625
0 0.34130859375 0.8447265625 0.0986328125 0.09765625
0 0.43408203125 0.8369140625 0.1103515625 0.109375
0 0.548828125 0.84130859375 0.123046875 0.1220703125
0 0.669921875 0.84033203125 0.123046875 0.1220703125
0 0.78125 0.84033203125 0.123046875 0.1220703125
0 0.8994140625 0.84130859375 0.07421875 0.0732421875
0 0.8388671875 0.7490234375 0.09765625 0.09765625
0 0.7099609375 0.74560546875 0.123046875 0.1220703125
0 0.61376953125 0.74609375 0.1103515625 0.109375
0 0.50146484375 0.7451171875 0.1103515625 0.109375
0 0.38916015625 0.748046875 0.1103515625 0.109375
0 0.35791015625 0.64892578125 0.1103515625 0.1103515625
0 0.45849609375 0.65087890625 0.1103515625 0.1103515625
0 0.56787109375 0.65478515625 0.1103515625 0.1103515625
0 0.68115234375 0.6552734375 0.1103515625 0.109375
0 0.79150390625 0.6513671875 0.1103515625 0.109375
0 0.896484375 0.654296875 0.09765625 0.09765625
0 0.84033203125 0.55615234375 0.1103515625 0.1103515625
0 0.72998046875 0.5625 0.0986328125 0.09765625
0 0.60888671875 0.5537109375 0.0986328125 0.09765625
0 0.50341796875 0.55517578125 0.1103515625 0.1103515625
0 0.39208984375 0.5546875 0.0986328125 0.09765625
0 0.88916015625 0.46728515625 0.1103515625 0.1103515625
0 0.78662109375 0.45751953125 0.1103515625 0.1103515625
0 0.67138671875 0.45458984375 0.1103515625 0.1103515625
0 0.56982421875 0.462890625 0.1103515625 0.109375
0 0.42724609375 0.458984375 0.1103515625 0.109375
0 0.330078125 0.455078125 0.0859375 0.0859375
0 0.83642578125 0.3681640625 0.1103515625 0.109375
0 0.72998046875 0.3662109375 0.1103515625 0.109375
0 0.61376953125 0.3642578125 0.1103515625 0.109375
0 0.50146484375 0.3603515625 0.1103515625 0.109375
0 0.40380859375 0.36962890625 0.1103515625 0.1103515625
0 0.78173828125 0.2724609375 0.0986328125 0.09765625
0 0.67529296875 0.2646484375 0.1103515625 0.109375
0 0.56787109375 0.26220703125 0.1103515625 0.1103515625
0 0.4462890625 0.26416015625 0.0859375 0.0849609375
0 0.3388671875 0.26611328125 0.07421875 0.0732421875
0 0.83984375 0.17724609375 0.0859375 0.0849609375
0 0.72412109375 0.16748046875 0.1103515625 0.1103515625
0 0.5126953125 0.17626953125 0.07421875 0.0732421875
0 0.3349609375 0.17919921875 0.07421875 0.0732421875
0 0.89208984375 0.08740234375 0.1103515625 0.1103515625
0 0.79345703125 0.07373046875 0.1103515625 0.1103515625
0 0.6904296875 0.07470703125 0.07421875 0.0732421875
0 0.58984375 0.0751953125 0.0859375 0.0859375
0 0.498046875 0.0830078125 0.0859375 0.0859375
0 0.37939453125 0.0859375 0.0986328125 0.09765625
0 0.9375 0.93798828125 0.123046875 0.1220703125
0 0.89697265625 0.2685546875 0.1103515625 0.109375
0 0.93896484375 0.18212890625 0.1103515625 0.1103515625