0 0.42236328125 0.732421875 0.0732421875 0.07421875
0 0.052734375 0.75146484375 0.048828125 0.0498046875
0 0.138671875 0.73876953125 0.060546875 0.0615234375
0 0.140625 0.05029296875 0.060546875 0.0615234375
0 0.4990234375 0.0419921875 0.048828125 0.048828125
0 0.4169921875 0.10107421875 0.060546875 0.0615234375
0 0.4921875 0.2529296875 0.048828125 0.048828125
0 0.4892578125 0.4541015625 0.048828125 0.048828125
0 0.4931640625 0.3466796875 0.048828125 0.048828125
0 0.4970703125 0.13720703125 0.060546875 0.0615234375
0 0.2236328125 0.28857421875 0.060546875 0.0615234375
0 0.1376953125 0.53076171875 0.060546875 0.0615234375
0 0.052734375 0.62744140625 0.060546875 0.0615234375
0 0.134765625 0.64404296875 0.060546875 0.0615234375
0 0.49365234375 0.56982421875 0.0615234375 0.0615234375
0 0.3076171875 0.470703125 0.048828125 0.048828125
0 0.4189453125 0.4052734375 0.037109375 0.037109375
0 0.30859375 0.564453125 0.048828125 0.048828125
0 0.130859375 0.4365234375 0.048828125 0.048828125
0 0.21875 0.3994140625 0.060546875 0.060546875
0 0.41845703125 0.51953125 0.0732421875 0.07421875
0 0.21533203125 0.47607421875 0.0615234375 0.0615234375
0 0.419921875 0.18896484375 0.060546875 0.0615234375
0 0.0625 0.4052734375 0.048828125 0.048828125
0 0.1474609375 0.1484375 0.048828125 0.048828125
0 0.427734375 0.2919921875 0.048828125 0.048828125
0 0.22802734375 0.201171875 0.0732421875 0.07421875
0 0.41845703125 0.62109375 0.0732421875 0.07421875
0 0.607421875 0.10498046875 0.048828125 0.0498046875
0 0.70703125 0.16650390625 0.048828125 0.0498046875
0 0.6962890625 0.47314453125 0.048828125 0.0498046875
0 0.70068359375 0.06787109375 0.0615234375 0.0615234375
0 0.60595703125 0.52490234375 0.0615234375 0.0615234375
0 0.8076171875 0.43017578125 0.060546875 0.0615234375
0 0.7021484375 0.2744140625 0.048828125 0.048828125
0 0.810546875 0.18115234375 0.048828125 0.0498046875
0 0.7998046875 0.10009765625 0.048828125 0.0498046875
0 0.6083984375 0.29150390625 0.060546875 0.0615234375
0 0.69921875 0.37451171875 0.048828125 0.0498046875
0 0.8037109375 0.51025390625 0.060546875 0.0615234375
0 0.69921875 0.5712890625 0.037109375 0.037109375
0 0.6103515625 0.40966796875 0.048828125 0.0498046875
0 0.8037109375 0.63232421875 0.048828125 0.0498046875
0 0.59716796875 0.626953125 0.0361328125 0.037109375
0 0.29736328125 0.84326171875 0.0615234375 0.0615234375
0 0.4130859375 0.8369140625 0.048828125 0.048828125
0 0.0634765625 0.1025390625 0.048828125 0.048828125
0 0.138671875 0.2412109375 0.037109375 0.037109375
0 0.228515625 0.09375 0.048828125 0.048828125
0 0.3115234375 0.0380859375 0.048828125 0.048828125
0 0.3037109375 0.25 0.048828125 0.048828125
0 0.60791015625 0.193359375 0.0361328125 0.037109375
0 0.9033203125 0.0673828125 0.048828125 0.048828125
0 0.048828125 0.85498046875 0.048828125 0.0498046875
0 0.134765625 0.85693359375 0.048828125 0.0498046875
0 0.0634765625 0.5234375 0.037109375 0.037109375
0 0.21484375 0.87939453125 0.048828125 0.0498046875
0 0.22021484375 0.77587890625 0.0615234375 0.0615234375
0 0.216796875 0.6953125 0.048828125 0.048828125
0 0.21484375 0.61328125 0.048828125 0.048828125
0 0.306640625 0.67578125 0.048828125 0.048828125
0 0.3017578125 0.7685546875 0.048828125 0.048828125
0 0.3046875 0.93603515625 0.048828125 0.0498046875
0 0.4169921875 0.951171875 0.048828125 0.048828125
0 0.49072265625 0.90771484375 0.0244140625 0.0244140625
0 0.48583984375 0.78271484375 0.0244140625 0.0244140625
0 0.48388671875 0.66796875 0.0244140625 0.025390625
0 0.60009765625 0.74072265625 0.0244140625 0.0244140625
0 0.60009765625 0.97900390625 0.0244140625 0.0244140625
0 0.1357421875 0.3349609375 0.048828125 0.048828125
0 0.0595703125 0.3037109375 0.037109375 0.037109375
0 0.30712890625 0.38427734375 0.0244140625 0.0244140625
0 0.30029296875 0.15478515625 0.0244140625 0.0244140625
0 0.90283203125 0.58935546875 0.0244140625 0.0244140625
0 0.90283203125 0.482421875 0.0361328125 0.037109375
0 0.79296875 0.9541015625 0.048828125 0.048828125
0 0.8984375 0.70166015625 0.037109375 0.0361328125
0 0.8935546875 0.818359375 0.048828125 0.048828125
0 0.8935546875 0.9228515625 0.048828125 0.048828125
0 0.69189453125 0.79443359375 0.0244140625 0.0244140625
0 0.80810546875 0.70703125 0.0361328125 0.037109375