0 0.046875 0.77490234375 0.048828125 0.0498046875
0 0.1416015625 0.85302734375 0.048828125 0.0498046875
0 0.14013671875 0.94775390625 0.0361328125 0.0361328125
0 0.14794921875 0.068359375 0.1220703125 0.123046875
0 0.3369140625 0.0771484375 0.109375 0.111328125
0 0.4296875 0.1328125 0.09765625 0.09765625
0 0.4375 0.23828125 0.09765625 0.09765625
0 0.42578125 0.361328125 0.09765625 0.09765625
0 0.4296875 0.44970703125 0.09765625 0.0986328125
0 0.3271484375 0.51708984375 0.09765625 0.0986328125
0 0.3408203125 0.3984375 0.0859375 0.0859375
0 0.333984375 0.29296875 0.0859375 0.0859375
0 0.3388671875 0.181640625 0.09765625 0.09765625
0 0.23828125 0.1279296875 0.09765625 0.09765625
0 0.240234375 0.24755859375 0.09765625 0.0986328125
0 0.240234375 0.33935546875 0.09765625 0.0986328125
0 0.2333984375 0.45556640625 0.09765625 0.0986328125
0 0.24072265625 0.56201171875 0.0849609375 0.0869140625
0 0.14501953125 0.40478515625 0.1103515625 0.1103515625
0 0.1435546875 0.28662109375 0.09765625 0.0986328125
0 0.14306640625 0.18017578125 0.1103515625 0.1103515625
0 0.0498046875 0.12646484375 0.09765625 0.0986328125
0 0.146484375 0.51806640625 0.060546875 0.0615234375
0 0.0537109375 0.568359375 0.048828125 0.048828125
0 0.53759765625 0.16796875 0.1220703125 0.123046875
0 0.53271484375 0.28173828125 0.1220703125 0.1220703125
0 0.53564453125 0.38427734375 0.1103515625 0.1103515625
0 0.5283203125 0.51513671875 0.09765625 0.0986328125
0 0.42578125 0.564453125 0.0859375 0.0859375
0 0.52685546875 0.62744140625 0.1103515625 0.1103515625
0 0.61962890625 0.5654296875 0.0849609375 0.0859375
0 0.623046875 0.46435546875 0.09765625 0.0986328125
0 0.62109375 0.34619140625 0.09765625 0.0986328125
0 0.6259765625 0.23681640625 0.09765625 0.0986328125
0 0.62646484375 0.1337890625 0.1220703125 0.123046875
0 0.72216796875 0.0625 0.0966796875 0.09765625
0 0.712890625 0.1728515625 0.09765625 0.09765625
0 0.7314453125 0.27783203125 0.09765625 0.0986328125
0 0.7216796875 0.40234375 0.0859375 0.0859375
0 0.724609375 0.50146484375 0.09765625 0.0986328125
0 0.720703125 0.62353515625 0.09765625 0.0986328125
0 0.81494140625 0.5625 0.1220703125 0.123046875
0 0.81201171875 0.4580078125 0.1220703125 0.123046875
0 0.81201171875 0.3388671875 0.1220703125 0.123046875
0 0.80908203125 0.2392578125 0.1103515625 0.111328125
0 0.81396484375 0.1240234375 0.1220703125 0.123046875
0 0.9111328125 0.06982421875 0.109375 0.1103515625
0 0.91943359375 0.1640625 0.1220703125 0.123046875
0 0.90966796875 0.2841796875 0.1220703125 0.123046875
0 0.91064453125 0.41015625 0.1220703125 0.123046875
0 0.90283203125 0.51416015625 0.1103515625 0.1103515625
0 0.90380859375 0.625 0.1220703125 0.123046875
0 0.90478515625 0.72998046875 0.1103515625 0.1103515625
0 0.90185546875 0.84521484375 0.1103515625 0.1103515625
0 0.80859375 0.67626953125 0.109375 0.1103515625
0 0.8046875 0.77392578125 0.09765625 0.0986328125
0 0.8154296875 0.88818359375 0.09765625 0.0986328125
0 0.7099609375 0.72998046875 0.09765625 0.0986328125
0 0.7119140625 0.83349609375 0.09765625 0.0986328125
0 0.62060546875 0.67041015625 0.0849609375 0.0869140625
0 0.5107421875 0.72705078125 0.048828125 0.0498046875
0 0.4296875 0.68505859375 0.09765625 0.0986328125
0 0.05322265625 0.6748046875 0.0361328125 0.037109375
0 0.15576171875 0.62109375 0.0361328125 0.037109375
0 0.0517578125 0.88134765625 0.048828125 0.0498046875
0 0.2236328125 0.798828125 0.048828125 0.048828125
0 0.236328125 0.6787109375 0.048828125 0.048828125
0 0.318359375 0.70703125 0.037109375 0.037109375
0 0.3095703125 0.8544921875 0.037109375 0.037109375
0 0.4580078125 0.8115234375 0.037109375 0.037109375
0 0.50830078125 0.9375 0.0361328125 0.037109375
0 0.6162109375 0.79296875 0.037109375 0.037109375
0 0.21240234375 0.8994140625 0.0361328125 0.037109375
0 0.3349609375 0.6259765625 0.09765625 0.09765625