0 0.05810546875 0.318359375 0.0732421875 0.07421875
0 0.05029296875 0.52783203125 0.0732421875 0.0732421875
0 0.1455078125 0.623046875 0.0859375 0.0859375
0 0.05615234375 0.65771484375 0.0732421875 0.0732421875
0 0.076171875 0.07763671875 0.048828125 0.0498046875
0 0.16015625 0.09814453125 0.048828125 0.0498046875
0 0.14697265625 0.4951171875 0.0732421875 0.07421875
0 0.14892578125 0.7177734375 0.0849609375 0.0859375
0 0.05224609375 0.958984375 0.0732421875 0.07421875
0 0.04736328125 0.8505859375 0.0732421875 0.07421875
0 0.05322265625 0.7646484375 0.0732421875 0.07421875
0 0.2294921875 0.064453125 0.048828125 0.048828125
0 0.24658203125 0.654296875 0.0732421875 0.07421875
0 0.2451171875 0.55908203125 0.060546875 0.0615234375
0 0.43994140625 0.5634765625 0.0849609375 0.0859375
0 0.75146484375 0.71875 0.0849609375 0.0859375
0 0.1376953125 0.8193359375 0.09765625 0.09765625
0 0.14013671875 0.9013671875 0.0849609375 0.0859375
0 0.24169921875 0.875 0.1220703125 0.123046875
0 0.2421875 0.77099609375 0.109375 0.1103515625
0 0.1533203125 0.267578125 0.048828125 0.048828125
0 0.1494140625 0.3720703125 0.048828125 0.048828125
0 0.05810546875 0.4130859375 0.0732421875 0.07421875
0 0.9375 0.5087890625 0.0859375 0.0859375
0 0.93115234375 0.625 0.0849609375 0.0859375
0 0.9228515625 0.73046875 0.09765625 0.09765625
0 0.91796875 0.84716796875 0.09765625 0.0986328125
0 0.8330078125 0.5625 0.0859375 0.0859375
0 0.830078125 0.6728515625 0.0859375 0.0859375
0 0.822265625 0.79296875 0.0859375 0.0859375
0 0.7490234375 0.59619140625 0.09765625 0.0986328125
0 0.7451171875 0.50537109375 0.09765625 0.0986328125
0 0.63671875 0.5234375 0.0859375 0.0859375
0 0.43994140625 0.7626953125 0.1220703125 0.123046875
0 0.43603515625 0.88232421875 0.1103515625 0.1103515625
0 0.349609375 0.720703125 0.109375 0.111328125
0 0.33154296875 0.84033203125 0.1220703125 0.1220703125
0 0.5341796875 0.833984375 0.109375 0.111328125
0 0.53369140625 0.9345703125 0.1220703125 0.123046875
0 0.62841796875 0.884765625 0.0849609375 0.0859375
0 0.62353515625 0.7822265625 0.0849609375 0.0859375
0 0.74560546875 0.9306640625 0.0732421875 0.07421875