0 0.0791015625 0.525390625 0.048828125 0.048828125
0 0.07373046875 0.63037109375 0.0615234375 0.0615234375
0 0.07861328125 0.42822265625 0.0615234375 0.0615234375
0 0.0771484375 0.31494140625 0.060546875 0.0615234375
0 0.07666015625 0.74462890625 0.0615234375 0.0615234375
0 0.0703125 0.95947265625 0.060546875 0.0615234375
0 0.07421875 0.84521484375 0.060546875 0.0615234375
0 0.1494140625 0.9248046875 0.048828125 0.048828125
0 0.748046875 0.60400390625 0.060546875 0.0615234375
0 0.82958984375 0.6728515625 0.0849609375 0.0859375
0 0.7548828125 0.8212890625 0.048828125 0.048828125
0 0.8291015625 0.8837890625 0.048828125 0.048828125
0 0.75439453125 0.71142578125 0.0615234375 0.0615234375
0 0.7470703125 0.375 0.048828125 0.048828125
0 0.5712890625 0.3916015625 0.048828125 0.048828125
0 0.4619140625 0.337890625 0.048828125 0.048828125
0 0.1689453125 0.26171875 0.048828125 0.048828125
0 0.15771484375 0.58544921875 0.0478515625 0.0498046875
0 0.5693359375 0.50634765625 0.048828125 0.0498046875
0 0.25732421875 0.638671875 0.0732421875 0.07421875
0 0.37109375 0.3798828125 0.048828125 0.048828125
0 0.37744140625 0.49951171875 0.0615234375 0.0615234375
0 0.45703125 0.55078125 0.048828125 0.048828125
0 0.1650390625 0.37353515625 0.060546875 0.0615234375
0 0.65185546875 0.67138671875 0.0615234375 0.0615234375
0 0.2626953125 0.52685546875 0.060546875 0.0615234375
0 0.15478515625 0.81396484375 0.0732421875 0.0732421875
0 0.26318359375 0.85888671875 0.0615234375 0.0615234375
0 0.6513671875 0.55908203125 0.048828125 0.0498046875
0 0.26513671875 0.4384765625 0.0615234375 0.060546875
0 0.2705078125 0.31982421875 0.060546875 0.0615234375
0 0.07568359375 0.21875 0.0732421875 0.07421875
0 0.0791015625 0.1171875 0.048828125 0.048828125
0 0.7421875 0.16259765625 0.048828125 0.0498046875
0 0.1708984375 0.0595703125 0.048828125 0.048828125
0 0.26806640625 0.10791015625 0.0615234375 0.0615234375
0 0.16943359375 0.16162109375 0.0615234375 0.0615234375
0 0.3671875 0.05322265625 0.048828125 0.0498046875
0 0.5693359375 0.17529296875 0.048828125 0.0498046875
0 0.65185546875 0.11279296875 0.0615234375 0.0615234375
0 0.4638671875 0.220703125 0.048828125 0.048828125
0 0.9287109375 0.9384765625 0.048828125 0.048828125
0 0.9296875 0.83203125 0.048828125 0.048828125
0 0.8388671875 0.10595703125 0.109375 0.1103515625
0 0.9326171875 0.14892578125 0.09765625 0.0986328125
0 0.84765625 0.20947265625 0.109375 0.1103515625
0 0.84423828125 0.328125 0.0849609375 0.0859375
0 0.9384765625 0.27392578125 0.09765625 0.0986328125
0 0.7421875 0.0380859375 0.048828125 0.048828125
0 0.9375 0.607421875 0.109375 0.111328125
0 0.93359375 0.494140625 0.109375 0.111328125
0 0.9365234375 0.3798828125 0.109375 0.111328125
0 0.845703125 0.435546875 0.09765625 0.09765625
0 0.833984375 0.55859375 0.09765625 0.09765625
0 0.92724609375 0.69921875 0.0849609375 0.0859375
0 0.57958984375 0.04150390625 0.0244140625 0.0244140625
0 0.4658203125 0.11328125 0.037109375 0.037109375
0 0.6552734375 0.2236328125 0.048828125 0.048828125
0 0.74169921875 0.26513671875 0.0244140625 0.0244140625
0 0.736328125 0.4912109375 0.048828125 0.048828125
0 0.65234375 0.4609375 0.037109375 0.037109375
0 0.654296875 0.3349609375 0.048828125 0.048828125
0 0.56884765625 0.27880859375 0.0244140625 0.0244140625
0 0.3916015625 0.61669921875 0.048828125 0.0498046875
0 0.37255859375 0.27197265625 0.0244140625 0.0244140625
0 0.37255859375 0.15869140625 0.0244140625 0.0244140625
0 0.27001953125 0.21142578125 0.0244140625 0.0244140625
0 0.16162109375 0.490234375 0.0361328125 0.037109375
0 0.15771484375 0.6923828125 0.0849609375 0.0859375
0 0.83984375 0.76220703125 0.060546875 0.0615234375
0 0.4521484375 0.65087890625 0.048828125 0.0498046875
0 0.45751953125 0.98193359375 0.0244140625 0.0244140625
0 0.45458984375 0.77783203125 0.0244140625 0.0244140625
0 0.2568359375 0.974609375 0.037109375 0.037109375
0 0.38037109375 0.94921875 0.0361328125 0.037109375
0 0.26025390625 0.72607421875 0.0244140625 0.0244140625