0 0.22509765625 0.046875 0.0498046875 0.048828125
0 0.14697265625 0.1416015625 0.0498046875 0.048828125
0 0.05224609375 0.14013671875 0.0361328125 0.0361328125
0 0.931640625 0.14794921875 0.123046875 0.1220703125
0 0.9228515625 0.3369140625 0.111328125 0.109375
0 0.8671875 0.4296875 0.09765625 0.09765625
0 0.76171875 0.4375 0.09765625 0.09765625
0 0.638671875 0.42578125 0.09765625 0.09765625
0 0.55029296875 0.4296875 0.0986328125 0.09765625
0 0.48291015625 0.3271484375 0.0986328125 0.09765625
0 0.6015625 0.3408203125 0.0859375 0.0859375
0 0.70703125 0.333984375 0.0859375 0.0859375
0 0.818359375 0.3388671875 0.09765625 0.09765625
0 0.8720703125 0.23828125 0.09765625 0.09765625
0 0.75244140625 0.240234375 0.0986328125 0.09765625
0 0.66064453125 0.240234375 0.0986328125 0.09765625
0 0.54443359375 0.2333984375 0.0986328125 0.09765625
0 0.43798828125 0.24072265625 0.0869140625 0.0849609375
0 0.59521484375 0.14501953125 0.1103515625 0.1103515625
0 0.71337890625 0.1435546875 0.0986328125 0.09765625
0 0.81982421875 0.14306640625 0.1103515625 0.1103515625
0 0.87353515625 0.0498046875 0.0986328125 0.09765625
0 0.48193359375 0.146484375 0.0615234375 0.060546875
0 0.431640625 0.0537109375 0.048828125 0.048828125
0 0.83203125 0.53759765625 0.123046875 0.1220703125
0 0.71826171875 0.53271484375 0.1220703125 0.1220703125
0 0.61572265625 0.53564453125 0.1103515625 0.1103515625
0 0.48486328125 0.5283203125 0.0986328125 0.09765625
0 0.435546875 0.42578125 0.0859375 0.0859375
0 0.37255859375 0.52685546875 0.1103515625 0.1103515625
0 0.4345703125 0.61962890625 0.0859375 0.0849609375
0 0.53564453125 0.623046875 0.0986328125 0.09765625
0 0.65380859375 0.62109375 0.0986328125 0.09765625
0 0.76318359375 0.6259765625 0.0986328125 0.09765625
0 0.8662109375 0.62646484375 0.123046875 0.1220703125
0 0.9375 0.72216796875 0.09765625 0.0966796875
0 0.8271484375 0.712890625 0.09765625 0.09765625
0 0.72216796875 0.7314453125 0.0986328125 0.09765625
0 0.59765625 0.7216796875 0.0859375 0.0859375
0 0.49853515625 0.724609375 0.0986328125 0.09765625
0 0.37646484375 0.720703125 0.0986328125 0.09765625
0 0.4375 0.81494140625 0.123046875 0.1220703125
0 0.5419921875 0.81201171875 0.123046875 0.1220703125
0 0.6611328125 0.81201171875 0.123046875 0.1220703125
0 0.7607421875 0.80908203125 0.111328125 0.1103515625
0 0.8759765625 0.81396484375 0.123046875 0.1220703125
0 0.93017578125 0.9111328125 0.1103515625 0.109375
0 0.8359375 0.91943359375 0.123046875 0.1220703125
0 0.7158203125 0.90966796875 0.123046875 0.1220703125
0 0.58984375 0.91064453125 0.123046875 0.1220703125
0 0.48583984375 0.90283203125 0.1103515625 0.1103515625
0 0.375 0.90380859375 0.123046875 0.1220703125
0 0.27001953125 0.90478515625 0.1103515625 0.1103515625
0 0.15478515625 0.90185546875 0.1103515625 0.1103515625
0 0.32373046875 0.80859375 0.1103515625 0.109375
0 0.22607421875 0.8046875 0.0986328125 0.09765625
0 0.11181640625 0.8154296875 0.0986328125 0.09765625
0 0.27001953125 0.7099609375 0.0986328125 0.09765625
0 0.16650390625 0.7119140625 0.0986328125 0.09765625
0 0.32958984375 0.62060546875 0.0869140625 0.0849609375
0 0.27294921875 0.5107421875 0.0498046875 0.048828125
0 0.31494140625 0.4296875 0.0986328125 0.09765625
0 0.3251953125 0.05322265625 0.037109375 0.0361328125
0 0.37890625 0.15576171875 0.037109375 0.0361328125
0 0.11865234375 0.0517578125 0.0498046875 0.048828125
0 0.201171875 0.2236328125 0.048828125 0.048828125
0 0.3212890625 0.236328125 0.048828125 0.048828125
0 0.29296875 0.318359375 0.037109375 0.037109375
0 0.1455078125 0.3095703125 0.037109375 0.037109375
0 0.1884765625 0.4580078125 0.037109375 0.037109375
0 0.0625 0.50830078125 0.037109375 0.0361328125
0 0.20703125 0.6162109375 0.037109375 0.037109375
0 0.1005859375 0.21240234375 0.037109375 0.0361328125
0 0.3740234375 0.3349609375 0.09765625 0.09765625