0 0.65380859375 0.044921875 0.0849609375 0.0859375
0 0.5791015625 0.193359375 0.048828125 0.048828125
0 0.6533203125 0.255859375 0.048828125 0.048828125
0 0.57861328125 0.08349609375 0.0615234375 0.0615234375
0 0.47607421875 0.04345703125 0.0615234375 0.0615234375
0 0.08740234375 0.23095703125 0.0615234375 0.0615234375
0 0.64697265625 0.91845703125 0.0615234375 0.0615234375
0 0.26806640625 0.919921875 0.0732421875 0.07421875
0 0.1787109375 0.96337890625 0.060546875 0.0615234375
0 0.078125 0.69189453125 0.060546875 0.0615234375
0 0.1953125 0.72412109375 0.060546875 0.0615234375
0 0.076171875 0.80908203125 0.060546875 0.0615234375
0 0.080078125 0.91748046875 0.060546875 0.0615234375
0 0.7529296875 0.310546875 0.048828125 0.048828125
0 0.7529296875 0.42919921875 0.060546875 0.0615234375
0 0.75390625 0.2041015625 0.048828125 0.048828125
0 0.75341796875 0.76123046875 0.0615234375 0.0615234375
0 0.8466796875 0.47900390625 0.048828125 0.0498046875
0 0.751953125 0.52392578125 0.060546875 0.0615234375
0 0.75390625 0.86962890625 0.060546875 0.0615234375
0 0.76318359375 0.64306640625 0.0732421875 0.0732421875
0 0.837890625 0.91943359375 0.060546875 0.0615234375
0 0.556640625 0.98046875 0.037109375 0.037109375
0 0.185546875 0.8525390625 0.048828125 0.048828125
0 0.75146484375 0.0712890625 0.0849609375 0.0859375
0 0.943359375 0.85498046875 0.09765625 0.0986328125
0 0.943359375 0.765625 0.109375 0.111328125
0 0.6640625 0.13427734375 0.060546875 0.0615234375
0 0.6640625 0.361328125 0.037109375 0.037109375
0 0.28173828125 0.35400390625 0.0244140625 0.0244140625
0 0.27880859375 0.14990234375 0.0244140625 0.0244140625
0 0.0810546875 0.3466796875 0.037109375 0.037109375
0 0.20458984375 0.3212890625 0.0361328125 0.037109375
0 0.08447265625 0.09814453125 0.0244140625 0.0244140625
0 0.8427734375 0.3701171875 0.037109375 0.037109375
0 0.8427734375 0.60009765625 0.048828125 0.0498046875
0 0.8466796875 0.705078125 0.048828125 0.048828125
0 0.84130859375 0.81005859375 0.0615234375 0.0615234375
0 0.8486328125 0.146484375 0.048828125 0.048828125
0 0.849609375 0.2470703125 0.048828125 0.048828125
0 0.3798828125 0.7578125 0.048828125 0.048828125
0 0.4560546875 0.921875 0.037109375 0.037109375
0 0.37158203125 0.87060546875 0.0244140625 0.0244140625
0 0.2685546875 0.80908203125 0.048828125 0.0498046875
0 0.27001953125 0.685546875 0.0244140625 0.025390625
0 0.2744140625 0.578125 0.037109375 0.037109375
0 0.2001953125 0.53125 0.037109375 0.037109375
0 0.1943359375 0.62744140625 0.060546875 0.0615234375
0 0.0830078125 0.4658203125 0.037109375 0.037109375
0 0.08203125 0.5830078125 0.037109375 0.037109375
0 0.1962890625 0.4248046875 0.037109375 0.037109375