0 0.63037109375 0.37109375 0.0732421875 0.07421875
0 0.9140625 0.36474609375 0.060546875 0.0615234375
0 0.560546875 0.8505859375 0.048828125 0.048828125
0 0.5634765625 0.6494140625 0.048828125 0.048828125
0 0.5595703125 0.7568359375 0.048828125 0.048828125
0 0.5556640625 0.96630859375 0.060546875 0.0615234375
0 0.8291015625 0.81494140625 0.060546875 0.0615234375
0 0.9150390625 0.57275390625 0.060546875 0.0615234375
0 0.91796875 0.45947265625 0.060546875 0.0615234375
0 0.55908203125 0.53369140625 0.0615234375 0.0615234375
0 0.7451171875 0.6328125 0.048828125 0.048828125
0 0.6337890625 0.6982421875 0.037109375 0.037109375
0 0.744140625 0.5390625 0.048828125 0.048828125
0 0.921875 0.6669921875 0.048828125 0.048828125
0 0.833984375 0.7041015625 0.060546875 0.060546875
0 0.63427734375 0.583984375 0.0732421875 0.07421875
0 0.83740234375 0.62744140625 0.0615234375 0.0615234375
0 0.6328125 0.91455078125 0.060546875 0.0615234375
0 0.9052734375 0.955078125 0.048828125 0.048828125
0 0.625 0.8115234375 0.048828125 0.048828125
0 0.82470703125 0.90234375 0.0732421875 0.07421875
0 0.63427734375 0.482421875 0.0732421875 0.07421875
0 0.0341796875 0.34423828125 0.048828125 0.0498046875
0 0.345703125 0.93701171875 0.048828125 0.0498046875
0 0.3564453125 0.63037109375 0.048828125 0.0498046875
0 0.44677734375 0.57861328125 0.0615234375 0.0615234375
0 0.2451171875 0.67333984375 0.060546875 0.0615234375
0 0.3505859375 0.8291015625 0.048828125 0.048828125
0 0.2421875 0.92236328125 0.048828125 0.0498046875
0 0.4443359375 0.81201171875 0.060546875 0.0615234375
0 0.353515625 0.72900390625 0.048828125 0.0498046875
0 0.2490234375 0.59326171875 0.060546875 0.0615234375
0 0.353515625 0.5322265625 0.037109375 0.037109375
0 0.4423828125 0.69384765625 0.048828125 0.0498046875
0 0.2490234375 0.47119140625 0.048828125 0.0498046875
0 0.45556640625 0.4765625 0.0361328125 0.037109375
0 0.75537109375 0.26025390625 0.0615234375 0.0615234375
0 0.90966796875 0.13427734375 0.0615234375 0.0615234375
0 0.6396484375 0.2666015625 0.048828125 0.048828125
0 0.7431640625 0.06689453125 0.048828125 0.0498046875
0 0.9267578125 0.03955078125 0.060546875 0.0615234375
0 0.9140625 0.8623046875 0.037109375 0.037109375
0 0.7490234375 0.853515625 0.048828125 0.048828125
0 0.44482421875 0.91015625 0.0361328125 0.037109375
0 0.36181640625 0.087890625 0.0244140625 0.025390625
0 0.462890625 0.0322265625 0.048828125 0.048828125
0 0.640625 0.03857421875 0.048828125 0.0498046875
0 0.833984375 0.03857421875 0.048828125 0.0498046875
0 0.91796875 0.24658203125 0.048828125 0.0498046875
0 0.837890625 0.22412109375 0.048828125 0.0498046875
0 0.83251953125 0.32763671875 0.0615234375 0.0615234375
0 0.8359375 0.408203125 0.048828125 0.048828125
0 0.837890625 0.490234375 0.048828125 0.048828125
0 0.74609375 0.427734375 0.048828125 0.048828125
0 0.7509765625 0.3349609375 0.048828125 0.048828125
0 0.748046875 0.16748046875 0.048828125 0.0498046875
0 0.6357421875 0.15234375 0.048828125 0.048828125
0 0.56201171875 0.19580078125 0.0244140625 0.0244140625
0 0.56689453125 0.32080078125 0.0244140625 0.0244140625
0 0.56884765625 0.435546875 0.0244140625 0.025390625
0 0.45263671875 0.36279296875 0.0244140625 0.0244140625
0 0.45263671875 0.12451171875 0.0244140625 0.0244140625
0 0.9169921875 0.7685546875 0.048828125 0.048828125
0 0.74560546875 0.71923828125 0.0244140625 0.0244140625
0 0.75244140625 0.94873046875 0.0244140625 0.0244140625
0 0.14990234375 0.51416015625 0.0244140625 0.0244140625
0 0.14990234375 0.62109375 0.0361328125 0.037109375
0 0.2568359375 0.0380859375 0.048828125 0.048828125
0 0.259765625 0.1494140625 0.048828125 0.048828125
0 0.154296875 0.40185546875 0.037109375 0.0361328125
0 0.1591796875 0.28515625 0.048828125 0.048828125
0 0.1591796875 0.1806640625 0.048828125 0.048828125
0 0.166015625 0.0693359375 0.048828125 0.048828125
0 0.0478515625 0.03466796875 0.0234375 0.0244140625
0 0.0419921875 0.1376953125 0.048828125 0.048828125
0 0.03125 0.25048828125 0.037109375 0.0361328125
0 0.36083984375 0.30908203125 0.0244140625 0.0244140625
0 0.24462890625 0.396484375 0.0361328125 0.037109375