0 0.177734375 0.77978515625 0.048828125 0.0498046875
0 0.091796875 0.79248046875 0.060546875 0.0615234375
0 0.4560546875 0.81689453125 0.048828125 0.0498046875
0 0.177734375 0.90380859375 0.060546875 0.0615234375
0 0.095703125 0.88720703125 0.060546875 0.0615234375
0 0.26611328125 0.84619140625 0.0615234375 0.0615234375
0 0.46484375 0.2705078125 0.048828125 0.048828125
0 0.45947265625 0.37548828125 0.0615234375 0.0615234375
0 0.46435546875 0.17333984375 0.0615234375 0.0615234375
0 0.462890625 0.06005859375 0.060546875 0.0615234375
0 0.46240234375 0.48974609375 0.0615234375 0.0615234375
0 0.4560546875 0.70458984375 0.060546875 0.0615234375
0 0.4599609375 0.59033203125 0.060546875 0.0615234375
0 0.53515625 0.669921875 0.048828125 0.048828125
0 0.95703125 0.13671875 0.048828125 0.048828125
0 0.84765625 0.0830078125 0.048828125 0.048828125
0 0.54345703125 0.33056640625 0.0478515625 0.0498046875
0 0.955078125 0.25146484375 0.048828125 0.0498046875
0 0.64306640625 0.3837890625 0.0732421875 0.07421875
0 0.7568359375 0.125 0.048828125 0.048828125
0 0.76318359375 0.24462890625 0.0615234375 0.0615234375
0 0.8427734375 0.2958984375 0.048828125 0.048828125
0 0.55078125 0.11865234375 0.060546875 0.0615234375
0 0.6484375 0.27197265625 0.060546875 0.0615234375
0 0.54052734375 0.55908203125 0.0732421875 0.0732421875
0 0.64892578125 0.60400390625 0.0615234375 0.0615234375
0 0.65087890625 0.18359375 0.0615234375 0.060546875
0 0.65625 0.06494140625 0.060546875 0.0615234375
0 0.53125 0.88525390625 0.048828125 0.0498046875
0 0.08740234375 0.56201171875 0.0615234375 0.0615234375
0 0.1044921875 0.46728515625 0.060546875 0.0615234375
0 0.37939453125 0.21533203125 0.0615234375 0.0615234375
0 0.2880859375 0.080078125 0.037109375 0.037109375
0 0.27294921875 0.72607421875 0.0615234375 0.0615234375
0 0.3779296875 0.11572265625 0.048828125 0.0498046875
0 0.37548828125 0.34228515625 0.0615234375 0.0615234375
0 0.3720703125 0.4345703125 0.048828125 0.048828125
0 0.95458984375 0.02392578125 0.0244140625 0.0244140625
0 0.77734375 0.36181640625 0.048828125 0.0498046875
0 0.75830078125 0.01708984375 0.0244140625 0.0244140625
0 0.54736328125 0.2353515625 0.0361328125 0.037109375
0 0.54345703125 0.4375 0.0849609375 0.0859375
0 0.837890625 0.39599609375 0.048828125 0.0498046875
0 0.84326171875 0.72705078125 0.0244140625 0.0244140625
0 0.84033203125 0.52294921875 0.0244140625 0.0244140625
0 0.642578125 0.7197265625 0.037109375 0.037109375
0 0.76611328125 0.6943359375 0.0361328125 0.037109375
0 0.64599609375 0.47119140625 0.0244140625 0.0244140625
0 0.8359375 0.951171875 0.037109375 0.037109375
0 0.76171875 0.904296875 0.037109375 0.037109375
0 0.64453125 0.8388671875 0.037109375 0.037109375
0 0.6435546875 0.9560546875 0.037109375 0.037109375
0 0.45458984375 0.9404296875 0.0361328125 0.037109375
0 0.5361328125 0.78125 0.048828125 0.048828125
0 0.7578125 0.7978515625 0.037109375 0.037109375
0 0.28125 0.1787109375 0.037109375 0.037109375
0 0.279296875 0.294921875 0.037109375 0.037109375
0 0.28125 0.3994140625 0.037109375 0.037109375
0 0.27734375 0.4970703125 0.037109375 0.037109375
0 0.2021484375 0.1201171875 0.048828125 0.048828125
0 0.09326171875 0.130859375 0.0361328125 0.037109375
0 0.10498046875 0.2568359375 0.0361328125 0.037109375
0 0.1044921875 0.33984375 0.048828125 0.048828125
0 0.1982421875 0.23291015625 0.060546875 0.0615234375
0 0.18603515625 0.5478515625 0.0361328125 0.037109375
0 0.181640625 0.67626953125 0.048828125 0.0498046875
0 0.26708984375 0.94580078125 0.0361328125 0.0361328125
0 0.3662109375 0.76171875 0.037109375 0.037109375
0 0.095703125 0.67431640625 0.048828125 0.0498046875