0 0.2919921875 0.65478515625 0.060546875 0.0615234375
0 0.37353515625 0.7236328125 0.0849609375 0.0859375
0 0.298828125 0.8720703125 0.048828125 0.048828125
0 0.373046875 0.9345703125 0.048828125 0.048828125
0 0.29833984375 0.76220703125 0.0615234375 0.0615234375
0 0.291015625 0.42578125 0.048828125 0.048828125
0 0.115234375 0.4423828125 0.048828125 0.048828125
0 0.11328125 0.55712890625 0.048828125 0.0498046875
0 0.19580078125 0.72216796875 0.0615234375 0.0615234375
0 0.1953125 0.60986328125 0.048828125 0.0498046875
0 0.2861328125 0.21337890625 0.048828125 0.0498046875
0 0.11328125 0.22607421875 0.048828125 0.0498046875
0 0.19580078125 0.16357421875 0.0615234375 0.0615234375
0 0.4736328125 0.8828125 0.048828125 0.048828125
0 0.8583984375 0.11083984375 0.09765625 0.0986328125
0 0.7646484375 0.15625 0.09765625 0.09765625
0 0.7626953125 0.2626953125 0.09765625 0.09765625
0 0.748046875 0.3828125 0.09765625 0.09765625
0 0.85693359375 0.21240234375 0.1103515625 0.1103515625
0 0.857421875 0.33203125 0.109375 0.111328125
0 0.48583984375 0.091796875 0.1220703125 0.123046875
0 0.3828125 0.15673828125 0.109375 0.1103515625
0 0.4765625 0.19970703125 0.09765625 0.0986328125
0 0.5732421875 0.1494140625 0.09765625 0.09765625
0 0.3916015625 0.26025390625 0.109375 0.1103515625
0 0.38818359375 0.37890625 0.0849609375 0.0859375
0 0.482421875 0.32470703125 0.09765625 0.0986328125
0 0.56982421875 0.26220703125 0.1103515625 0.1103515625
0 0.56884765625 0.37646484375 0.1103515625 0.1103515625
0 0.67138671875 0.3193359375 0.1220703125 0.123046875
0 0.67333984375 0.2119140625 0.1220703125 0.123046875
0 0.2861328125 0.0888671875 0.048828125 0.048828125
0 0.85498046875 0.5546875 0.1220703125 0.123046875
0 0.865234375 0.44189453125 0.109375 0.1103515625
0 0.86474609375 0.662109375 0.1220703125 0.123046875
0 0.759765625 0.61376953125 0.09765625 0.0986328125
0 0.7626953125 0.49462890625 0.109375 0.1103515625
0 0.57080078125 0.4833984375 0.1220703125 0.123046875
0 0.673828125 0.55517578125 0.09765625 0.0986328125
0 0.67529296875 0.4326171875 0.1220703125 0.123046875
0 0.67724609375 0.658203125 0.1103515625 0.111328125
0 0.5712890625 0.603515625 0.109375 0.111328125
0 0.4814453125 0.658203125 0.109375 0.111328125
0 0.4775390625 0.544921875 0.109375 0.111328125
0 0.48046875 0.4306640625 0.109375 0.111328125
0 0.3896484375 0.486328125 0.09765625 0.09765625
0 0.3779296875 0.609375 0.09765625 0.09765625
0 0.47119140625 0.75 0.0849609375 0.0859375
0 0.56591796875 0.71240234375 0.1103515625 0.1103515625
0 0.6650390625 0.77685546875 0.109375 0.1103515625
0 0.6650390625 0.88623046875 0.109375 0.1103515625
0 0.759765625 0.93408203125 0.109375 0.1103515625
0 0.7666015625 0.82177734375 0.109375 0.1103515625
0 0.75341796875 0.71240234375 0.1103515625 0.1103515625
0 0.85009765625 0.767578125 0.1220703125 0.123046875
0 0.85986328125 0.86962890625 0.1103515625 0.1103515625
0 0.94287109375 0.84033203125 0.1103515625 0.1103515625
0 0.2041015625 0.05224609375 0.048828125 0.0498046875
0 0.12353515625 0.09228515625 0.0244140625 0.0244140625
0 0.19921875 0.2744140625 0.048828125 0.048828125
0 0.28564453125 0.31591796875 0.0244140625 0.0244140625
0 0.2802734375 0.5419921875 0.048828125 0.048828125
0 0.1962890625 0.51171875 0.037109375 0.037109375
0 0.1982421875 0.3857421875 0.048828125 0.048828125
0 0.11279296875 0.32958984375 0.0244140625 0.0244140625
0 0.3837890625 0.81298828125 0.060546875 0.0615234375
0 0.568359375 0.8251953125 0.048828125 0.048828125
0 0.5693359375 0.92578125 0.048828125 0.048828125