0 0.16015625 0.82470703125 0.07421875 0.0732421875
0 0.833984375 0.64990234375 0.123046875 0.1220703125
0 0.708984375 0.65478515625 0.123046875 0.1220703125
0 0.599609375 0.65478515625 0.123046875 0.1220703125
0 0.4921875 0.64892578125 0.123046875 0.1220703125
0 0.39697265625 0.63916015625 0.1220703125 0.1220703125
0 0.2841796875 0.64306640625 0.123046875 0.1220703125
0 0.2177734375 0.55224609375 0.0859375 0.0849609375
0 0.33203125 0.55517578125 0.123046875 0.1220703125
0 0.43359375 0.55126953125 0.123046875 0.1220703125
0 0.56103515625 0.55517578125 0.1220703125 0.1220703125
0 0.6611328125 0.55810546875 0.123046875 0.1220703125
0 0.7666015625 0.56298828125 0.123046875 0.1220703125
0 0.8447265625 0.55712890625 0.123046875 0.1220703125
0 0.9423828125 0.46240234375 0.111328125 0.1103515625
0 0.8251953125 0.46337890625 0.123046875 0.1220703125
0 0.71728515625 0.47412109375 0.1220703125 0.1220703125
0 0.6015625 0.46240234375 0.123046875 0.1220703125
0 0.4990234375 0.45849609375 0.123046875 0.1220703125
0 0.38427734375 0.45556640625 0.1103515625 0.1103515625
0 0.28369140625 0.46044921875 0.1103515625 0.1103515625
0 0.173828125 0.45654296875 0.123046875 0.1220703125
0 0.1240234375 0.36474609375 0.111328125 0.1103515625
0 0.21875 0.36572265625 0.123046875 0.1220703125
0 0.3515625 0.36865234375 0.0859375 0.0849609375
0 0.453125 0.3662109375 0.0859375 0.0859375
0 0.5517578125 0.37646484375 0.0859375 0.0849609375
0 0.6669921875 0.376953125 0.0859375 0.0859375
0 0.787109375 0.38330078125 0.0859375 0.0849609375
0 0.8837890625 0.38232421875 0.0859375 0.0849609375
0 0.8359375 0.2802734375 0.09765625 0.09765625
0 0.7158203125 0.27880859375 0.0859375 0.0849609375
0 0.61181640625 0.2783203125 0.0986328125 0.09765625
0 0.50439453125 0.2734375 0.0986328125 0.09765625
0 0.40673828125 0.2705078125 0.0986328125 0.09765625
0 0.2802734375 0.27685546875 0.123046875 0.1220703125
0 0.1669921875 0.26220703125 0.123046875 0.1220703125
0 0.23095703125 0.17333984375 0.1220703125 0.1220703125
0 0.34033203125 0.18115234375 0.1220703125 0.1220703125
0 0.451171875 0.17919921875 0.123046875 0.1220703125
0 0.890625 0.19189453125 0.123046875 0.1220703125
0 0.7724609375 0.18701171875 0.123046875 0.1220703125
0 0.6630859375 0.18798828125 0.123046875 0.1220703125
0 0.55078125 0.19189453125 0.123046875 0.1220703125
0 0.8359375 0.10302734375 0.123046875 0.1220703125
0 0.7138671875 0.09814453125 0.123046875 0.1220703125
0 0.61328125 0.09130859375 0.123046875 0.1220703125
0 0.5029296875 0.09228515625 0.123046875 0.1220703125
0 0.3974609375 0.08837890625 0.123046875 0.1220703125
0 0.28466796875 0.07666015625 0.1103515625 0.1103515625
0 0.1650390625 0.07763671875 0.123046875 0.1220703125
0 0.05859375 0.45263671875 0.0859375 0.0849609375
0 0.1025390625 0.17333984375 0.123046875 0.1220703125
0 0.076171875 0.2607421875 0.09765625 0.09765625
0 0.88330078125 0.74169921875 0.1220703125 0.1220703125
0 0.7646484375 0.73779296875 0.123046875 0.1220703125
0 0.6611328125 0.744140625 0.0859375 0.0859375
0 0.5439453125 0.73779296875 0.123046875 0.1220703125
0 0.439453125 0.73486328125 0.123046875 0.1220703125
0 0.3330078125 0.73583984375 0.123046875 0.1220703125
0 0.376953125 0.82763671875 0.123046875 0.1220703125
0 0.267578125 0.83544921875 0.123046875 0.1220703125
0 0.49951171875 0.83056640625 0.1220703125 0.1220703125
0 0.599609375 0.83544921875 0.123046875 0.1220703125
0 0.712890625 0.83251953125 0.123046875 0.1220703125
0 0.82470703125 0.84130859375 0.0869140625 0.0849609375
0 0.951171875 0.83642578125 0.0859375 0.0849609375
0 0.876953125 0.9423828125 0.0859375 0.0859375
0 0.7646484375 0.947265625 0.0859375 0.0859375
0 0.6552734375 0.935546875 0.0859375 0.0859375
0 0.541015625 0.939453125 0.0859375 0.0859375
0 0.4248046875 0.93798828125 0.0859375 0.0849609375
0 0.32666015625 0.9326171875 0.0615234375 0.060546875
0 0.2080078125 0.92578125 0.09765625 0.09765625
0 0.0947265625 0.91796875 0.09765625 0.09765625