0 0.044921875 0.44873046875 0.07421875 0.0732421875
0 0.02587890625 0.0791015625 0.0498046875 0.048828125
0 0.03857421875 0.1650390625 0.0615234375 0.060546875
0 0.72705078125 0.1669921875 0.0615234375 0.060546875
0 0.7353515625 0.525390625 0.048828125 0.048828125
0 0.80078125 0.4462890625 0.048828125 0.048828125
0 0.78466796875 0.26318359375 0.0615234375 0.0615234375
0 0.67626953125 0.443359375 0.0615234375 0.060546875
0 0.5244140625 0.5185546875 0.048828125 0.048828125
0 0.3232421875 0.515625 0.048828125 0.048828125
0 0.4306640625 0.51953125 0.048828125 0.048828125
0 0.64013671875 0.5234375 0.0615234375 0.060546875
0 0.48876953125 0.25 0.0615234375 0.060546875
0 0.24658203125 0.1640625 0.0615234375 0.060546875
0 0.14990234375 0.0791015625 0.0615234375 0.060546875
0 0.13330078125 0.1611328125 0.0615234375 0.060546875
0 0.20751953125 0.52001953125 0.0615234375 0.0615234375
0 0.306640625 0.333984375 0.048828125 0.048828125
0 0.3720703125 0.4453125 0.037109375 0.037109375
0 0.212890625 0.3349609375 0.048828125 0.048828125
0 0.3408203125 0.1572265625 0.048828125 0.048828125
0 0.3779296875 0.2451171875 0.060546875 0.060546875
0 0.2578125 0.44482421875 0.07421875 0.0732421875
0 0.30126953125 0.24169921875 0.0615234375 0.0615234375
0 0.58837890625 0.4462890625 0.0615234375 0.060546875
0 0.3720703125 0.0888671875 0.048828125 0.048828125
0 0.62890625 0.173828125 0.048828125 0.048828125
0 0.4853515625 0.4541015625 0.048828125 0.048828125
0 0.576171875 0.25439453125 0.07421875 0.0732421875
0 0.15625 0.44482421875 0.07421875 0.0732421875
0 0.76904296875 0.6376953125 0.0498046875 0.048828125
0 0.67236328125 0.6337890625 0.0498046875 0.048828125
0 0.61083984375 0.7333984375 0.0498046875 0.048828125
0 0.30419921875 0.72265625 0.0498046875 0.048828125
0 0.70947265625 0.72705078125 0.0615234375 0.0615234375
0 0.25244140625 0.63232421875 0.0615234375 0.0615234375
0 0.34716796875 0.833984375 0.0615234375 0.060546875
0 0.5029296875 0.728515625 0.048828125 0.048828125
0 0.59619140625 0.8369140625 0.0498046875 0.048828125
0 0.67724609375 0.826171875 0.0498046875 0.048828125
0 0.77294921875 0.826171875 0.0498046875 0.048828125
0 0.8115234375 0.9326171875 0.048828125 0.048828125
0 0.81103515625 0.728515625 0.0498046875 0.048828125
0 0.48583984375 0.634765625 0.0615234375 0.060546875
0 0.40283203125 0.7255859375 0.0498046875 0.048828125
0 0.26708984375 0.830078125 0.0615234375 0.060546875
0 0.2060546875 0.7255859375 0.037109375 0.037109375
0 0.36767578125 0.63671875 0.0498046875 0.048828125
0 0.14501953125 0.830078125 0.0498046875 0.048828125
0 0.150390625 0.62353515625 0.037109375 0.0361328125
0 0.95751953125 0.16845703125 0.0615234375 0.0615234375
0 0.89111328125 0.26708984375 0.0615234375 0.0615234375
0 0.861328125 0.162109375 0.060546875 0.060546875
0 0.888671875 0.0966796875 0.060546875 0.060546875
0 0.6748046875 0.08984375 0.048828125 0.048828125
0 0.787109375 0.080078125 0.037109375 0.037109375
0 0.5361328125 0.1650390625 0.037109375 0.037109375
0 0.68359375 0.2548828125 0.048828125 0.048828125
0 0.7392578125 0.337890625 0.048828125 0.048828125
0 0.83740234375 0.3427734375 0.0615234375 0.060546875
0 0.52734375 0.330078125 0.048828125 0.048828125
0 0.84033203125 0.53173828125 0.0244140625 0.0244140625
0 0.583984375 0.63427734375 0.037109375 0.0361328125
0 0.87109375 0.82421875 0.048828125 0.048828125
0 0.7099609375 0.9296875 0.048828125 0.048828125
0 0.25390625 0.08984375 0.037109375 0.037109375
0 0.08203125 0.2431640625 0.048828125 0.048828125
0 0.1640625 0.2412109375 0.048828125 0.048828125
0 0.1015625 0.3330078125 0.048828125 0.048828125
0 0.109375 0.51025390625 0.025390625 0.0244140625
0 0.03662109375 0.62646484375 0.0244140625 0.0244140625
0 0.4423828125 0.162109375 0.048828125 0.048828125
0 0.4736328125 0.0859375 0.037109375 0.037109375
0 0.39306640625 0.33349609375 0.0244140625 0.0244140625
0 0.62255859375 0.32666015625 0.0244140625 0.0244140625
0 0.18798828125 0.92919921875 0.0244140625 0.0244140625
0 0.294921875 0.92919921875 0.037109375 0.0361328125
0 0.07568359375 0.9248046875 0.0361328125 0.037109375
0 0.0703125 0.83447265625 0.037109375 0.0361328125
0 0.87353515625 0.62451171875 0.0244140625 0.0244140625