0 0.0595703125 0.23779296875 0.109375 0.1103515625
0 0.06640625 0.33349609375 0.109375 0.1103515625
0 0.146484375 0.41845703125 0.109375 0.1103515625
0 0.14990234375 0.29833984375 0.1103515625 0.1103515625
0 0.14697265625 0.19677734375 0.1103515625 0.1103515625
0 0.15380859375 0.0791015625 0.1103515625 0.111328125
0 0.2451171875 0.1328125 0.109375 0.111328125
0 0.23828125 0.2412109375 0.09765625 0.09765625
0 0.2451171875 0.35595703125 0.09765625 0.0986328125
0 0.24365234375 0.47412109375 0.1103515625 0.1103515625
0 0.3369140625 0.52294921875 0.09765625 0.0986328125
0 0.3427734375 0.421875 0.09765625 0.09765625
0 0.3310546875 0.3076171875 0.109375 0.111328125
0 0.34619140625 0.1875 0.1220703125 0.123046875
0 0.34521484375 0.072265625 0.0732421875 0.07421875
0 0.43017578125 0.13427734375 0.1103515625 0.1103515625
0 0.4267578125 0.2373046875 0.09765625 0.09765625
0 0.423828125 0.357421875 0.109375 0.111328125
0 0.427734375 0.47412109375 0.109375 0.1103515625
0 0.53515625 0.4150390625 0.109375 0.111328125
0 0.52197265625 0.30712890625 0.1103515625 0.1103515625
0 0.52490234375 0.18994140625 0.1103515625 0.1103515625
0 0.52978515625 0.08837890625 0.1103515625 0.1103515625
0 0.619140625 0.13232421875 0.109375 0.1103515625
0 0.623046875 0.22802734375 0.09765625 0.0986328125
0 0.62451171875 0.36474609375 0.1103515625 0.1103515625
0 0.62158203125 0.47265625 0.1103515625 0.111328125
0 0.51806640625 0.5263671875 0.1103515625 0.111328125
0 0.7158203125 0.525390625 0.09765625 0.09765625
0 0.708984375 0.41943359375 0.109375 0.1103515625
0 0.71484375 0.30517578125 0.109375 0.1103515625
0 0.7158203125 0.19384765625 0.109375 0.1103515625
0 0.708984375 0.07470703125 0.09765625 0.0986328125
0 0.80859375 0.13916015625 0.09765625 0.0986328125
0 0.8115234375 0.24560546875 0.09765625 0.0986328125
0 0.8115234375 0.35986328125 0.109375 0.1103515625
0 0.806640625 0.47119140625 0.109375 0.1103515625
0 0.90576171875 0.52490234375 0.1103515625 0.1103515625
0 0.92529296875 0.41357421875 0.0732421875 0.0732421875
0 0.9013671875 0.30224609375 0.09765625 0.0986328125
0 0.9072265625 0.19189453125 0.09765625 0.0986328125
0 0.91162109375 0.08544921875 0.1103515625 0.1103515625
0 0.91015625 0.64697265625 0.109375 0.1103515625
0 0.90625 0.74658203125 0.109375 0.1103515625
0 0.9091796875 0.84521484375 0.09765625 0.0986328125
0 0.8076171875 0.57958984375 0.109375 0.1103515625
0 0.8056640625 0.68701171875 0.109375 0.1103515625
0 0.8076171875 0.80126953125 0.09765625 0.0986328125
0 0.80419921875 0.90625 0.1103515625 0.111328125
0 0.71142578125 0.63818359375 0.1103515625 0.1103515625
0 0.7158203125 0.748046875 0.09765625 0.09765625
0 0.7099609375 0.8544921875 0.09765625 0.09765625
0 0.623046875 0.58056640625 0.09765625 0.0986328125
0 0.626953125 0.69140625 0.09765625 0.09765625
0 0.6279296875 0.798828125 0.09765625 0.09765625
0 0.6171875 0.91162109375 0.109375 0.1103515625
0 0.517578125 0.6318359375 0.109375 0.111328125
0 0.5126953125 0.7421875 0.109375 0.111328125
0 0.517578125 0.85107421875 0.109375 0.1103515625
0 0.4287109375 0.572265625 0.109375 0.111328125
0 0.421875 0.68798828125 0.109375 0.1103515625
0 0.42431640625 0.78857421875 0.1103515625 0.1103515625
0 0.41650390625 0.89892578125 0.1103515625 0.1103515625
0 0.330078125 0.63134765625 0.09765625 0.0986328125
0 0.333984375 0.73583984375 0.09765625 0.0986328125
0 0.33203125 0.85009765625 0.09765625 0.0986328125
0 0.240234375 0.57470703125 0.09765625 0.0986328125
0 0.23388671875 0.68017578125 0.1103515625 0.1103515625
0 0.2294921875 0.79833984375 0.109375 0.1103515625
0 0.236328125 0.91357421875 0.109375 0.1103515625
0 0.1455078125 0.51904296875 0.09765625 0.0986328125
0 0.14453125 0.62939453125 0.109375 0.1103515625
0 0.1455078125 0.73681640625 0.109375 0.1103515625
0 0.1435546875 0.85009765625 0.109375 0.1103515625
0 0.0537109375 0.56787109375 0.09765625 0.0986328125
0 0.05615234375 0.67626953125 0.1103515625 0.1103515625