0 0.3421875 0.04921875 0.059375 0.0609375
0 0.1625 0.04453125 0.071875 0.0734375
0 0.23828125 0.09609375 0.0484375 0.0484375
0 0.065625 0.09375 0.071875 0.071875
0 0.5234375 0.28203125 0.071875 0.0734375
0 0.0546875 0.59296875 0.084375 0.0859375
0 0.23671875 0.31171875 0.0609375 0.0609375
0 0.33671875 0.25546875 0.0484375 0.0484375
0 0.1390625 0.74296875 0.084375 0.0859375
0 0.06796875 0.20390625 0.0609375 0.0609375
0 0.23515625 0.20859375 0.0609375 0.0609375
0 0.43515625 0.22421875 0.0484375 0.0484375
0 0.221875 0.909375 0.071875 0.071875
0 0.63359375 0.10703125 0.0609375 0.0609375
0 0.828125 0.09453125 0.059375 0.0609375
0 0.62578125 0.33359375 0.0609375 0.0609375
0 0.80625 0.2703125 0.071875 0.071875
0 0.82890625 0.16484375 0.0484375 0.0484375
0 0.9296875 0.16171875 0.059375 0.0609375
0 0.9203125 0.253125 0.071875 0.071875
0 0.9109375 0.55234375 0.096875 0.0984375
0 0.91328125 0.65859375 0.0859375 0.0859375
0 0.9234375 0.75625 0.096875 0.096875
0 0.921875 0.86875 0.109375 0.109375
0 0.8171875 0.921875 0.096875 0.096875
0 0.825 0.81328125 0.109375 0.1109375
0 0.821875 0.7109375 0.096875 0.096875
0 0.834375 0.61484375 0.084375 0.0859375
0 0.821875 0.53359375 0.084375 0.0859375
0 0.70078125 0.53203125 0.0859375 0.0859375
0 0.6921875 0.76640625 0.096875 0.0984375
0 0.7015625 0.878125 0.096875 0.096875
0 0.6015625 0.91796875 0.096875 0.0984375
0 0.6046875 0.8265625 0.109375 0.109375
0 0.60546875 0.69765625 0.0859375 0.0859375
0 0.6140625 0.58984375 0.084375 0.0859375
0 0.5203125 0.64609375 0.096875 0.0984375
0 0.5234375 0.75625 0.109375 0.109375
0 0.515625 0.859375 0.096875 0.096875
0 0.05234375 0.68203125 0.0859375 0.0859375
0 0.05703125 0.79453125 0.0859375 0.0859375
0 0.04609375 0.90390625 0.0859375 0.0859375
0 0.1375 0.9421875 0.096875 0.096875
0 0.134375 0.82265625 0.084375 0.0859375
0 0.1421875 0.63828125 0.084375 0.0859375
0 0.2265625 0.58203125 0.084375 0.0859375
0 0.21875 0.69921875 0.084375 0.0859375
0 0.2234375 0.80390625 0.084375 0.0859375
0 0.409375 0.89765625 0.096875 0.0984375
0 0.4234375 0.79609375 0.096875 0.0984375
0 0.428125 0.6765625 0.096875 0.096875
0 0.421875 0.58671875 0.084375 0.0859375
0 0.3296875 0.6453125 0.121875 0.121875
0 0.3296875 0.74921875 0.096875 0.0984375
0 0.315625 0.95078125 0.084375 0.0859375
0 0.91484375 0.33984375 0.0484375 0.0484375
0 0.71796875 0.15078125 0.0484375 0.0484375
0 0.72109375 0.26328125 0.0484375 0.0484375
0 0.62578125 0.21796875 0.0609375 0.0609375
0 0.43828125 0.11484375 0.0359375 0.0359375
0 0.33515625 0.16484375 0.0359375 0.0359375
0 0.1546875 0.14453125 0.071875 0.0734375
0 0.15390625 0.26640625 0.0359375 0.0359375
0 0.06640625 0.29296875 0.0484375 0.0484375