0 0.3828125 0.25537109375 0.07421875 0.0732421875
0 0.17431640625 0.25146484375 0.0615234375 0.0615234375
0 0.275390625 0.076171875 0.048828125 0.048828125
0 0.15673828125 0.07958984375 0.0615234375 0.0615234375
0 0.06005859375 0.61669921875 0.0615234375 0.0615234375
0 0.09912109375 0.92578125 0.0986328125 0.09765625
0 0.19189453125 0.91796875 0.1103515625 0.109375
0 0.306640625 0.92236328125 0.123046875 0.1220703125
0 0.427734375 0.92138671875 0.123046875 0.1220703125
0 0.5390625 0.92138671875 0.123046875 0.1220703125
0 0.6572265625 0.92236328125 0.07421875 0.0732421875
0 0.5966796875 0.830078125 0.09765625 0.09765625
0 0.4677734375 0.82666015625 0.123046875 0.1220703125
0 0.37158203125 0.8271484375 0.1103515625 0.109375
0 0.25927734375 0.826171875 0.1103515625 0.109375
0 0.14697265625 0.8291015625 0.1103515625 0.109375
0 0.11572265625 0.72998046875 0.1103515625 0.1103515625
0 0.21630859375 0.73193359375 0.1103515625 0.1103515625
0 0.32568359375 0.73583984375 0.1103515625 0.1103515625
0 0.43896484375 0.736328125 0.1103515625 0.109375
0 0.54931640625 0.732421875 0.1103515625 0.109375
0 0.654296875 0.7353515625 0.09765625 0.09765625
0 0.59814453125 0.63720703125 0.1103515625 0.1103515625
0 0.48779296875 0.6435546875 0.0986328125 0.09765625
0 0.36669921875 0.634765625 0.0986328125 0.09765625
0 0.26123046875 0.63623046875 0.1103515625 0.1103515625
0 0.14990234375 0.6357421875 0.0986328125 0.09765625
0 0.64697265625 0.54833984375 0.1103515625 0.1103515625
0 0.54443359375 0.53857421875 0.1103515625 0.1103515625
0 0.42919921875 0.53564453125 0.1103515625 0.1103515625
0 0.32763671875 0.5439453125 0.1103515625 0.109375
0 0.18505859375 0.5400390625 0.1103515625 0.109375
0 0.087890625 0.5361328125 0.0859375 0.0859375
0 0.59423828125 0.44921875 0.1103515625 0.109375
0 0.48779296875 0.447265625 0.1103515625 0.109375
0 0.37158203125 0.4453125 0.1103515625 0.109375
0 0.25927734375 0.44140625 0.1103515625 0.109375
0 0.16162109375 0.45068359375 0.1103515625 0.1103515625
0 0.53955078125 0.353515625 0.0986328125 0.09765625
0 0.43310546875 0.345703125 0.1103515625 0.109375
0 0.32568359375 0.34326171875 0.1103515625 0.1103515625
0 0.2041015625 0.34521484375 0.0859375 0.0849609375
0 0.0966796875 0.34716796875 0.07421875 0.0732421875
0 0.59765625 0.25830078125 0.0859375 0.0849609375
0 0.48193359375 0.24853515625 0.1103515625 0.1103515625
0 0.2705078125 0.25732421875 0.07421875 0.0732421875
0 0.0927734375 0.26025390625 0.07421875 0.0732421875
0 0.64990234375 0.16845703125 0.1103515625 0.1103515625
0 0.55126953125 0.15478515625 0.1103515625 0.1103515625
0 0.4482421875 0.15576171875 0.07421875 0.0732421875
0 0.34765625 0.15625 0.0859375 0.0859375
0 0.255859375 0.1640625 0.0859375 0.0859375
0 0.13720703125 0.1669921875 0.0986328125 0.09765625
0 0.3681640625 0.078125 0.037109375 0.037109375
0 0.59228515625 0.0810546875 0.1103515625 0.109375
0 0.4921875 0.0703125 0.111328125 0.109375
0 0.861328125 0.91552734375 0.123046875 0.1220703125
0 0.767578125 0.92529296875 0.123046875 0.1220703125
0 0.90966796875 0.83349609375 0.1103515625 0.1103515625
0 0.810546875 0.8349609375 0.09765625 0.09765625
0 0.7041015625 0.822265625 0.111328125 0.109375
0 0.8583984375 0.73828125 0.09765625 0.09765625
0 0.751953125 0.7294921875 0.111328125 0.109375
0 0.9248046875 0.6455078125 0.09765625 0.09765625
0 0.814453125 0.6376953125 0.111328125 0.109375
0 0.71826171875 0.63232421875 0.1103515625 0.1103515625
0 0.75830078125 0.54833984375 0.1103515625 0.1103515625
0 0.87451171875 0.55029296875 0.1103515625 0.1103515625
0 0.9248046875 0.44873046875 0.123046875 0.1220703125
0 0.80859375 0.45458984375 0.123046875 0.1220703125
0 0.70849609375 0.44873046875 0.1220703125 0.1220703125
0 0.87255859375 0.3505859375 0.1103515625 0.109375
0 0.76416015625 0.3505859375 0.1103515625 0.109375
0 0.65478515625 0.349609375 0.1103515625 0.109375
0 0.92431640625 0.26611328125 0.1103515625 0.1103515625
0 0.82373046875 0.27099609375 0.0869140625 0.0849609375
0 0.69677734375 0.26318359375 0.1103515625 0.1103515625
0 0.86767578125 0.16650390625 0.1103515625 0.1103515625
0 0.75634765625 0.169921875 0.0986328125 0.09765625
0 0.92626953125 0.080078125 0.1103515625 0.109375
0 0.81005859375 0.0791015625 0.0986328125 0.09765625
0 0.69970703125 0.076171875 0.1103515625 0.109375