0 0.10498046875 0.826171875 0.0849609375 0.0859375
0 0.68017578125 0.13916015625 0.0615234375 0.0615234375
0 0.58154296875 0.07275390625 0.0615234375 0.0615234375
0 0.93310546875 0.208984375 0.0732421875 0.07421875
0 0.84326171875 0.14013671875 0.0615234375 0.0615234375
0 0.6865234375 0.04296875 0.060546875 0.060546875
0 0.67919921875 0.23388671875 0.0615234375 0.0615234375
0 0.75146484375 0.1962890625 0.0732421875 0.07421875
0 0.8408203125 0.02734375 0.048828125 0.048828125
0 0.751953125 0.0703125 0.060546875 0.060546875
0 0.939453125 0.10009765625 0.060546875 0.0615234375
0 0.92822265625 0.89697265625 0.1220703125 0.1220703125
0 0.93115234375 0.796875 0.1220703125 0.123046875
0 0.93603515625 0.69140625 0.1220703125 0.123046875
0 0.93017578125 0.61328125 0.1220703125 0.123046875
0 0.83544921875 0.515625 0.1103515625 0.111328125
0 0.83642578125 0.6328125 0.1220703125 0.123046875
0 0.84716796875 0.74072265625 0.1220703125 0.1220703125
0 0.83544921875 0.8564453125 0.1220703125 0.123046875
0 0.74951171875 0.90625 0.0849609375 0.0859375
0 0.75 0.791015625 0.0859375 0.0859375
0 0.75634765625 0.6708984375 0.0849609375 0.0859375
0 0.75537109375 0.57421875 0.0849609375 0.0859375
0 0.6533203125 0.6220703125 0.09765625 0.09765625
0 0.65185546875 0.7421875 0.0849609375 0.0859375
0 0.6513671875 0.84619140625 0.09765625 0.0986328125
0 0.56494140625 0.5673828125 0.1220703125 0.123046875
0 0.56005859375 0.685546875 0.1220703125 0.123046875
0 0.56103515625 0.794921875 0.1220703125 0.123046875
0 0.56494140625 0.9072265625 0.1220703125 0.123046875
0 0.47607421875 0.6220703125 0.1220703125 0.123046875
0 0.47119140625 0.744140625 0.1220703125 0.123046875
0 0.46435546875 0.8447265625 0.1220703125 0.123046875
0 0.37109375 0.89892578125 0.109375 0.1103515625
0 0.37548828125 0.7919921875 0.1220703125 0.123046875
0 0.373046875 0.68017578125 0.09765625 0.0986328125
0 0.36865234375 0.560546875 0.0849609375 0.0859375
0 0.291015625 0.6162109375 0.0859375 0.0859375
0 0.28466796875 0.732421875 0.0849609375 0.0859375
0 0.2763671875 0.837890625 0.09765625 0.09765625
0 0.1865234375 0.669921875 0.0859375 0.0859375
0 0.18359375 0.7802734375 0.0859375 0.0859375
0 0.17578125 0.900390625 0.0859375 0.0859375
0 0.1025390625 0.70361328125 0.09765625 0.0986328125
0 0.0986328125 0.61279296875 0.09765625 0.0986328125
0 0.31689453125 0.02197265625 0.0244140625 0.0244140625
0 0.22412109375 0.05517578125 0.0244140625 0.0244140625