0 0.84375 0.45849609375 0.060546875 0.0615234375
0 0.4853515625 0.466796875 0.048828125 0.048828125
0 0.564453125 0.5322265625 0.048828125 0.048828125
0 0.74755859375 0.51611328125 0.0615234375 0.0615234375
0 0.5673828125 0.40771484375 0.060546875 0.0615234375
0 0.4921875 0.255859375 0.048828125 0.048828125
0 0.4951171875 0.0546875 0.048828125 0.048828125
0 0.4912109375 0.162109375 0.048828125 0.048828125
0 0.4873046875 0.37158203125 0.060546875 0.0615234375
0 0.7607421875 0.22021484375 0.060546875 0.0615234375
0 0.6767578125 0.0380859375 0.048828125 0.048828125
0 0.5654296875 0.103515625 0.037109375 0.037109375
0 0.853515625 0.072265625 0.048828125 0.048828125
0 0.765625 0.109375 0.060546875 0.060546875
0 0.76904296875 0.03271484375 0.0615234375 0.0615234375
0 0.564453125 0.31982421875 0.060546875 0.0615234375
0 0.921875 0.103515625 0.048828125 0.048828125
0 0.8369140625 0.3603515625 0.048828125 0.048828125
0 0.556640625 0.216796875 0.048828125 0.048828125
0 0.75634765625 0.3076171875 0.0732421875 0.07421875
0 0.373046875 0.50048828125 0.048828125 0.0498046875
0 0.376953125 0.40380859375 0.048828125 0.0498046875
0 0.27734375 0.34228515625 0.048828125 0.0498046875
0 0.2880859375 0.03564453125 0.048828125 0.0498046875
0 0.28369140625 0.44091796875 0.0615234375 0.0615234375
0 0.1767578125 0.07861328125 0.060546875 0.0615234375
0 0.2822265625 0.234375 0.048828125 0.048828125
0 0.173828125 0.32763671875 0.048828125 0.0498046875
0 0.1845703125 0.40869140625 0.048828125 0.0498046875
0 0.1845703125 0.50439453125 0.048828125 0.0498046875
0 0.078125 0.54296875 0.048828125 0.048828125
0 0.2822265625 0.54248046875 0.048828125 0.0498046875
0 0.3759765625 0.21728515625 0.060546875 0.0615234375
0 0.28515625 0.13427734375 0.048828125 0.0498046875
0 0.3740234375 0.09912109375 0.048828125 0.0498046875
0 0.84228515625 0.68896484375 0.0615234375 0.0615234375
0 0.74365234375 0.62255859375 0.0615234375 0.0615234375
0 0.8486328125 0.5927734375 0.060546875 0.060546875
0 0.84130859375 0.78369140625 0.0615234375 0.0615234375
0 0.91357421875 0.74609375 0.0732421875 0.07421875
0 0.9140625 0.6201171875 0.060546875 0.060546875
0 0.9208984375 0.40625 0.048828125 0.048828125
0 0.9306640625 0.5185546875 0.037109375 0.037109375
0 0.845703125 0.267578125 0.037109375 0.037109375
0 0.755859375 0.4150390625 0.048828125 0.048828125
0 0.6728515625 0.470703125 0.048828125 0.048828125
0 0.66796875 0.56884765625 0.060546875 0.0615234375
0 0.6806640625 0.2587890625 0.048828125 0.048828125
0 0.47900390625 0.57177734375 0.0244140625 0.0244140625
0 0.37646484375 0.3154296875 0.0361328125 0.037109375
0 0.1865234375 0.6025390625 0.048828125 0.048828125
0 0.0810546875 0.44140625 0.048828125 0.048828125
0 0.8486328125 0.173828125 0.048828125 0.048828125
0 0.9248046875 0.205078125 0.037109375 0.037109375
0 0.67724609375 0.12451171875 0.0244140625 0.0244140625
0 0.68408203125 0.35400390625 0.0244140625 0.0244140625
0 0.08154296875 0.0263671875 0.0361328125 0.037109375
0 0.38623046875 0.60498046875 0.0244140625 0.0244140625