0 0.12841796875 0.27490234375 0.0615234375 0.0615234375
0 0.220703125 0.353515625 0.048828125 0.048828125
0 0.2255859375 0.23486328125 0.048828125 0.0498046875
0 0.318359375 0.28466796875 0.048828125 0.0498046875
0 0.32861328125 0.05029296875 0.0732421875 0.0732421875
0 0.33056640625 0.16162109375 0.0732421875 0.0732421875
0 0.2294921875 0.11669921875 0.060546875 0.0615234375
0 0.8916015625 0.29638671875 0.060546875 0.0615234375
0 0.71142578125 0.2919921875 0.0732421875 0.07421875
0 0.80810546875 0.13818359375 0.0615234375 0.0615234375
0 0.40283203125 0.23779296875 0.0615234375 0.0615234375
0 0.61669921875 0.212890625 0.0732421875 0.07421875
0 0.787109375 0.34375 0.048828125 0.048828125
0 0.890625 0.19873046875 0.060546875 0.0615234375
0 0.70751953125 0.0693359375 0.0732421875 0.07421875
0 0.5126953125 0.2783203125 0.048828125 0.048828125
0 0.61474609375 0.34130859375 0.0732421875 0.0732421875
0 0.517578125 0.16943359375 0.060546875 0.0615234375
0 0.79736328125 0.2431640625 0.0615234375 0.060546875
0 0.6181640625 0.11279296875 0.060546875 0.0615234375
0 0.51953125 0.06689453125 0.060546875 0.0615234375
0 0.71533203125 0.1689453125 0.0732421875 0.07421875
0 0.40771484375 0.34228515625 0.0615234375 0.0615234375
0 0.21923828125 0.5576171875 0.0732421875 0.07421875
0 0.12939453125 0.48876953125 0.0615234375 0.0615234375
0 0.3173828125 0.5029296875 0.048828125 0.048828125
0 0.322265625 0.39501953125 0.048828125 0.0498046875
0 0.03759765625 0.544921875 0.0732421875 0.07421875
0 0.126953125 0.3759765625 0.048828125 0.048828125
0 0.0380859375 0.4189453125 0.060546875 0.060546875
0 0.2255859375 0.44873046875 0.060546875 0.0615234375
0 0.60400390625 0.83984375 0.0849609375 0.0859375
0 0.78564453125 0.55810546875 0.0615234375 0.0615234375
0 0.8857421875 0.5029296875 0.048828125 0.048828125
0 0.61669921875 0.45068359375 0.0615234375 0.0615234375
0 0.78466796875 0.45556640625 0.0615234375 0.0615234375
0 0.51123046875 0.39990234375 0.0615234375 0.0615234375
0 0.31689453125 0.8671875 0.1220703125 0.123046875
0 0.12158203125 0.8642578125 0.1103515625 0.111328125
0 0.39990234375 0.830078125 0.0849609375 0.0859375
0 0.40087890625 0.92333984375 0.1220703125 0.1220703125
0 0.49560546875 0.85546875 0.0849609375 0.0859375
0 0.6015625 0.9296875 0.0859375 0.0859375
0 0.69189453125 0.884765625 0.0849609375 0.0859375
0 0.77587890625 0.8291015625 0.0849609375 0.0859375
0 0.76806640625 0.94580078125 0.0849609375 0.0869140625
0 0.87939453125 0.892578125 0.1220703125 0.123046875
0 0.88330078125 0.412109375 0.0361328125 0.037109375
0 0.70361328125 0.3916015625 0.0732421875 0.07421875
0 0.7021484375 0.5126953125 0.037109375 0.037109375
0 0.615234375 0.54052734375 0.048828125 0.0498046875
0 0.51171875 0.58154296875 0.048828125 0.0498046875
0 0.41357421875 0.1240234375 0.0361328125 0.037109375
0 0.4130859375 0.45166015625 0.048828125 0.0498046875
0 0.3232421875 0.58203125 0.048828125 0.048828125
0 0.13134765625 0.1953125 0.0361328125 0.037109375
0 0.1455078125 0.07373046875 0.037109375 0.0361328125
0 0.044921875 0.205078125 0.048828125 0.048828125
0 0.0546875 0.3173828125 0.037109375 0.037109375
0 0.8955078125 0.0712890625 0.037109375 0.037109375
0 0.81103515625 0.02001953125 0.0244140625 0.0244140625