0 0.56982421875 0.64990234375 0.0615234375 0.0615234375
0 0.55908203125 0.53662109375 0.0615234375 0.0615234375
0 0.3642578125 0.76513671875 0.060546875 0.0615234375
0 0.18408203125 0.7607421875 0.0732421875 0.07421875
0 0.28076171875 0.60693359375 0.0615234375 0.0615234375
0 0.08935546875 0.681640625 0.0732421875 0.07421875
0 0.259765625 0.8125 0.048828125 0.048828125
0 0.36328125 0.66748046875 0.060546875 0.0615234375
0 0.18017578125 0.5380859375 0.0732421875 0.07421875
0 0.08740234375 0.81005859375 0.0732421875 0.0732421875
0 0.27001953125 0.7119140625 0.0615234375 0.060546875
0 0.0908203125 0.58154296875 0.060546875 0.0615234375
0 0.107421875 0.34228515625 0.060546875 0.0615234375
0 0.18798828125 0.6376953125 0.0732421875 0.07421875
0 0.3583984375 0.9716796875 0.048828125 0.048828125
0 0.08935546875 0.91943359375 0.0615234375 0.0615234375
0 0.25732421875 0.92431640625 0.0615234375 0.0615234375
0 0.4560546875 0.939453125 0.048828125 0.048828125
0 0.6650390625 0.04736328125 0.060546875 0.0615234375
0 0.66552734375 0.37939453125 0.0615234375 0.0615234375
0 0.7587890625 0.09716796875 0.048828125 0.0498046875
0 0.6640625 0.14208984375 0.060546875 0.0615234375
0 0.666015625 0.48779296875 0.060546875 0.0615234375
0 0.65478515625 0.72021484375 0.0615234375 0.0615234375
0 0.67529296875 0.26123046875 0.0732421875 0.0732421875
0 0.65478515625 0.82275390625 0.0615234375 0.0615234375
0 0.849609375 0.81005859375 0.060546875 0.0615234375
0 0.849609375 0.88037109375 0.048828125 0.0498046875
0 0.951171875 0.87744140625 0.060546875 0.0615234375
0 0.75 0.53759765625 0.060546875 0.0615234375
0 0.75 0.64599609375 0.048828125 0.0498046875
0 0.7490234375 0.74072265625 0.048828125 0.0498046875
0 0.7392578125 0.86669921875 0.048828125 0.0498046875
0 0.64794921875 0.93408203125 0.0615234375 0.0615234375
0 0.6669921875 0.60888671875 0.048828125 0.0498046875
0 0.46875 0.5986328125 0.037109375 0.037109375
0 0.4580078125 0.7041015625 0.048828125 0.048828125
0 0.458984375 0.8310546875 0.037109375 0.037109375
0 0.35595703125 0.880859375 0.0361328125 0.037109375
0 0.859375 0.5810546875 0.0859375 0.0859375
0 0.85986328125 0.6875 0.1220703125 0.123046875
0 0.17626953125 0.8603515625 0.0732421875 0.07421875
0 0.09765625 0.470703125 0.048828125 0.048828125
0 0.86083984375 0.14599609375 0.1103515625 0.1103515625
0 0.85546875 0.47314453125 0.09765625 0.0986328125
0 0.85546875 0.3837890625 0.109375 0.111328125
0 0.86279296875 0.267578125 0.1103515625 0.111328125
0 0.7548828125 0.21826171875 0.048828125 0.0498046875
0 0.7587890625 0.3232421875 0.048828125 0.048828125
0 0.75341796875 0.42822265625 0.0615234375 0.0615234375
0 0.2919921875 0.3759765625 0.048828125 0.048828125
0 0.3681640625 0.5400390625 0.037109375 0.037109375
0 0.28369140625 0.48876953125 0.0244140625 0.0244140625
0 0.1806640625 0.42724609375 0.048828125 0.0498046875
0 0.18212890625 0.3037109375 0.0244140625 0.025390625
0 0.1865234375 0.1962890625 0.037109375 0.037109375
0 0.1123046875 0.1494140625 0.037109375 0.037109375
0 0.1064453125 0.24560546875 0.060546875 0.0615234375
0 0.1083984375 0.04296875 0.037109375 0.037109375