0 0.2265625 0.775390625 0.0859375 0.0859375
0 0.07080078125 0.3037109375 0.0849609375 0.0859375
0 0.89111328125 0.7177734375 0.0849609375 0.0859375
0 0.89404296875 0.603515625 0.1220703125 0.123046875
0 0.89013671875 0.501953125 0.1220703125 0.123046875
0 0.89404296875 0.37451171875 0.1220703125 0.1220703125
0 0.89697265625 0.2744140625 0.1220703125 0.123046875
0 0.90185546875 0.1689453125 0.1220703125 0.123046875
0 0.89599609375 0.0908203125 0.1220703125 0.123046875
0 0.80224609375 0.1103515625 0.1220703125 0.123046875
0 0.81298828125 0.21826171875 0.1220703125 0.1220703125
0 0.80126953125 0.333984375 0.1220703125 0.123046875
0 0.79736328125 0.4365234375 0.1220703125 0.123046875
0 0.79443359375 0.55126953125 0.1103515625 0.1103515625
0 0.79931640625 0.65185546875 0.1103515625 0.1103515625
0 0.79541015625 0.76171875 0.1220703125 0.123046875
0 0.70361328125 0.8115234375 0.1103515625 0.111328125
0 0.70458984375 0.716796875 0.1220703125 0.123046875
0 0.70751953125 0.583984375 0.0849609375 0.0859375
0 0.705078125 0.482421875 0.0859375 0.0859375
0 0.71533203125 0.3837890625 0.0849609375 0.0859375
0 0.7158203125 0.2685546875 0.0859375 0.0859375
0 0.72216796875 0.1484375 0.0849609375 0.0859375
0 0.72119140625 0.0517578125 0.0849609375 0.0859375
0 0.619140625 0.099609375 0.09765625 0.09765625
0 0.61767578125 0.2197265625 0.0849609375 0.0859375
0 0.6171875 0.32373046875 0.09765625 0.0986328125
0 0.6123046875 0.43115234375 0.09765625 0.0986328125
0 0.609375 0.52880859375 0.09765625 0.0986328125
0 0.61572265625 0.6552734375 0.1220703125 0.123046875
0 0.60107421875 0.7685546875 0.1220703125 0.123046875
0 0.51220703125 0.70458984375 0.1220703125 0.1220703125
0 0.52001953125 0.59521484375 0.1220703125 0.1220703125
0 0.51806640625 0.484375 0.1220703125 0.123046875
0 0.52587890625 0.1630859375 0.1220703125 0.123046875
0 0.52685546875 0.2724609375 0.1220703125 0.123046875
0 0.53076171875 0.384765625 0.1220703125 0.123046875
0 0.44189453125 0.099609375 0.1220703125 0.123046875
0 0.43701171875 0.2216796875 0.1220703125 0.123046875
0 0.43017578125 0.322265625 0.1220703125 0.123046875
0 0.43115234375 0.4326171875 0.1220703125 0.123046875
0 0.42724609375 0.5380859375 0.1220703125 0.123046875
0 0.41552734375 0.65087890625 0.1103515625 0.1103515625
0 0.41650390625 0.7705078125 0.1220703125 0.123046875
0 0.32470703125 0.71337890625 0.0732421875 0.0732421875
0 0.3330078125 0.57958984375 0.109375 0.1103515625
0 0.3369140625 0.47509765625 0.109375 0.1103515625
0 0.3369140625 0.37646484375 0.109375 0.1103515625
0 0.34130859375 0.26953125 0.1220703125 0.123046875
0 0.3388671875 0.15771484375 0.09765625 0.0986328125
0 0.2568359375 0.09375 0.0859375 0.0859375
0 0.25048828125 0.2099609375 0.0849609375 0.0859375
0 0.2421875 0.3154296875 0.09765625 0.09765625
0 0.2373046875 0.43212890625 0.09765625 0.0986328125
0 0.236328125 0.53662109375 0.09765625 0.0986328125
0 0.14013671875 0.58447265625 0.0849609375 0.0869140625
0 0.15234375 0.1474609375 0.0859375 0.0859375
0 0.1494140625 0.2578125 0.0859375 0.0859375
0 0.1416015625 0.3779296875 0.0859375 0.0859375
0 0.068359375 0.18115234375 0.09765625 0.0986328125
0 0.064453125 0.09033203125 0.09765625 0.0986328125
0 0.13623046875 0.71435546875 0.1103515625 0.1103515625
0 0.79150390625 0.876953125 0.0849609375 0.0859375
0 0.89453125 0.92724609375 0.09765625 0.0986328125
0 0.13623046875 0.80859375 0.1220703125 0.123046875
0 0.13720703125 0.9228515625 0.1220703125 0.123046875
0 0.22998046875 0.8642578125 0.1220703125 0.123046875
0 0.3173828125 0.9189453125 0.09765625 0.09765625
0 0.51513671875 0.9296875 0.1220703125 0.123046875
0 0.51220703125 0.8330078125 0.1220703125 0.123046875
0 0.599609375 0.859375 0.09765625 0.09765625
0 0.6943359375 0.9443359375 0.0859375 0.0859375
0 0.06494140625 0.515625 0.0732421875 0.07421875