0 0.03759765625 0.412109375 0.0732421875 0.07421875
0 0.4072265625 0.39306640625 0.048828125 0.0498046875
0 0.3212890625 0.40576171875 0.060546875 0.0615234375
0 0.68017578125 0.88720703125 0.0732421875 0.0732421875
0 0.68017578125 0.65087890625 0.0615234375 0.0615234375
0 0.5810546875 0.95361328125 0.060546875 0.0615234375
0 0.685546875 0.43017578125 0.048828125 0.0498046875
0 0.6806640625 0.77490234375 0.060546875 0.0615234375
0 0.59423828125 0.8154296875 0.0361328125 0.037109375
0 0.236328125 0.85595703125 0.060546875 0.0615234375
0 0.322265625 0.61376953125 0.060546875 0.0615234375
0 0.4072265625 0.51708984375 0.060546875 0.0615234375
0 0.3251953125 0.50048828125 0.060546875 0.0615234375
0 0.15234375 0.673828125 0.048828125 0.048828125
0 0.041015625 0.7392578125 0.037109375 0.037109375
0 0.1513671875 0.580078125 0.048828125 0.048828125
0 0.3291015625 0.7080078125 0.048828125 0.048828125
0 0.2412109375 0.7451171875 0.060546875 0.060546875
0 0.49560546875 0.45947265625 0.0615234375 0.0615234375
0 0.04150390625 0.625 0.0732421875 0.07421875
0 0.24462890625 0.66845703125 0.0615234375 0.0615234375
0 0.0400390625 0.95556640625 0.060546875 0.0615234375
0 0.3974609375 0.7392578125 0.048828125 0.048828125
0 0.0322265625 0.8525390625 0.048828125 0.048828125
0 0.23193359375 0.943359375 0.0732421875 0.07421875
0 0.04150390625 0.5234375 0.0732421875 0.07421875
0 0.69189453125 0.10302734375 0.0615234375 0.0615234375
0 0.685546875 0.31787109375 0.060546875 0.0615234375
0 0.689453125 0.20361328125 0.060546875 0.0615234375
0 0.7646484375 0.283203125 0.048828125 0.048828125
0 0.77001953125 0.17236328125 0.0732421875 0.0732421875
0 0.87841796875 0.21728515625 0.0615234375 0.0615234375
0 0.76171875 0.73291015625 0.060546875 0.0615234375
0 0.869140625 0.67822265625 0.060546875 0.0615234375
0 0.8671875 0.79541015625 0.060546875 0.0615234375
0 0.87109375 0.90380859375 0.060546875 0.0615234375
0 0.7607421875 0.49853515625 0.048828125 0.0498046875
0 0.763671875 0.85888671875 0.060546875 0.0615234375
0 0.16259765625 0.30126953125 0.0615234375 0.0615234375
0 0.31689453125 0.17529296875 0.0615234375 0.0615234375
0 0.046875 0.3076171875 0.048828125 0.048828125
0 0.150390625 0.10791015625 0.048828125 0.0498046875
0 0.333984375 0.08056640625 0.060546875 0.0615234375
0 0.50244140625 0.33935546875 0.0615234375 0.0615234375
0 0.6015625 0.0478515625 0.048828125 0.048828125
0 0.76513671875 0.9609375 0.0361328125 0.037109375
0 0.4970703125 0.91064453125 0.037109375 0.0361328125
0 0.3212890625 0.9033203125 0.037109375 0.037109375
0 0.15625 0.89453125 0.048828125 0.048828125
0 0.77294921875 0.05078125 0.0849609375 0.0859375
0 0.8720703125 0.3330078125 0.037109375 0.037109375
0 0.87548828125 0.08447265625 0.0244140625 0.0244140625
0 0.8740234375 0.4521484375 0.037109375 0.037109375
0 0.873046875 0.5693359375 0.037109375 0.037109375
0 0.76171875 0.6376953125 0.048828125 0.048828125
0 0.68408203125 0.5537109375 0.0361328125 0.037109375
0 0.765625 0.39453125 0.048828125 0.048828125
0 0.5068359375 0.1103515625 0.037109375 0.037109375
0 0.0478515625 0.07958984375 0.048828125 0.0498046875
0 0.2412109375 0.07958984375 0.048828125 0.0498046875
0 0.41552734375 0.1611328125 0.0361328125 0.037109375
0 0.4111328125 0.28955078125 0.048828125 0.0498046875
0 0.49658203125 0.55908203125 0.0361328125 0.0361328125
0 0.595703125 0.375 0.037109375 0.037109375
0 0.3251953125 0.28759765625 0.048828125 0.0498046875
0 0.396484375 0.62109375 0.037109375 0.037109375
0 0.2451171875 0.26513671875 0.048828125 0.0498046875
0 0.23974609375 0.36865234375 0.0615234375 0.0615234375
0 0.2431640625 0.44921875 0.048828125 0.048828125
0 0.2451171875 0.53125 0.048828125 0.048828125
0 0.1533203125 0.46875 0.048828125 0.048828125
0 0.158203125 0.3759765625 0.048828125 0.048828125
0 0.1552734375 0.20849609375 0.048828125 0.0498046875
0 0.04296875 0.193359375 0.048828125 0.048828125
0 0.58935546875 0.70556640625 0.0361328125 0.0361328125
0 0.4921875 0.7998046875 0.037109375 0.037109375
0 0.32421875 0.8095703125 0.048828125 0.048828125
0 0.400390625 0.8408203125 0.037109375 0.037109375
0 0.15283203125 0.76025390625 0.0244140625 0.0244140625