0 0.3134765625 0.81640625 0.048828125 0.048828125
0 0.03955078125 0.2421875 0.0615234375 0.060546875
0 0.2421875 0.07080078125 0.048828125 0.0498046875
0 0.1376953125 0.2919921875 0.060546875 0.060546875
0 0.142578125 0.1083984375 0.048828125 0.048828125
0 0.2470703125 0.15234375 0.048828125 0.048828125
0 0.2333984375 0.236328125 0.048828125 0.048828125
0 0.33154296875 0.169921875 0.0361328125 0.037109375
0 0.31201171875 0.92236328125 0.0615234375 0.0615234375
0 0.919921875 0.09521484375 0.09765625 0.0986328125
0 0.927734375 0.19482421875 0.09765625 0.0986328125
0 0.732421875 0.29736328125 0.060546875 0.0615234375
0 0.7294921875 0.19677734375 0.048828125 0.0498046875
0 0.802734375 0.8369140625 0.048828125 0.048828125
0 0.80078125 0.943359375 0.048828125 0.048828125
0 0.8876953125 0.8779296875 0.048828125 0.048828125
0 0.423828125 0.87890625 0.048828125 0.048828125
0 0.421875 0.966796875 0.048828125 0.048828125
0 0.5244140625 0.9794921875 0.037109375 0.037109375
0 0.5302734375 0.857421875 0.037109375 0.037109375
0 0.974609375 0.68017578125 0.037109375 0.0361328125
0 0.90625 0.4111328125 0.048828125 0.048828125
0 0.90576171875 0.52685546875 0.0244140625 0.0244140625
0 0.89892578125 0.65380859375 0.0244140625 0.0244140625
0 0.892578125 0.76806640625 0.048828125 0.0498046875
0 0.81298828125 0.46435546875 0.0361328125 0.0361328125
0 0.81298828125 0.59423828125 0.0244140625 0.0244140625
0 0.80712890625 0.70361328125 0.0244140625 0.0244140625
0 0.7392578125 0.39404296875 0.037109375 0.0361328125
0 0.7421875 0.51318359375 0.048828125 0.0498046875
0 0.736328125 0.64453125 0.037109375 0.037109375
0 0.73828125 0.7470703125 0.048828125 0.048828125
0 0.73583984375 0.876953125 0.0361328125 0.037109375
0 0.64892578125 0.43701171875 0.0361328125 0.0361328125
0 0.4150390625 0.7666015625 0.048828125 0.048828125
0 0.81494140625 0.14453125 0.0361328125 0.037109375
0 0.73486328125 0.0791015625 0.0361328125 0.037109375
0 0.6318359375 0.1337890625 0.037109375 0.037109375
0 0.5341796875 0.18701171875 0.037109375 0.0361328125
0 0.43408203125 0.23388671875 0.0361328125 0.0361328125
0 0.41259765625 0.3583984375 0.0361328125 0.037109375
0 0.52880859375 0.31005859375 0.0361328125 0.0361328125
0 0.6474609375 0.25244140625 0.048828125 0.0498046875
0 0.6484375 0.34130859375 0.037109375 0.0361328125
0 0.9091796875 0.3046875 0.048828125 0.048828125
0 0.81640625 0.2421875 0.048828125 0.048828125
0 0.81689453125 0.34375 0.0361328125 0.037109375
0 0.04052734375 0.12890625 0.0361328125 0.037109375
0 0.033203125 0.33984375 0.048828125 0.048828125
0 0.1484375 0.2021484375 0.037109375 0.037109375
0 0.23779296875 0.3818359375 0.0244140625 0.025390625
0 0.31884765625 0.3818359375 0.0361328125 0.037109375
0 0.48095703125 0.08056640625 0.0361328125 0.0361328125
0 0.8212890625 0.0302734375 0.037109375 0.037109375
0 0.0400390625 0.568359375 0.037109375 0.037109375
0 0.0302734375 0.66064453125 0.037109375 0.0361328125
0 0.0390625 0.77392578125 0.037109375 0.0361328125
0 0.0361328125 0.85595703125 0.037109375 0.0361328125
0 0.0341796875 0.9453125 0.037109375 0.037109375
0 0.140625 0.85986328125 0.048828125 0.0498046875
0 0.1455078125 0.76123046875 0.037109375 0.0361328125
0 0.1494140625 0.6796875 0.037109375 0.037109375
0 0.15966796875 0.5625 0.0361328125 0.037109375
0 0.24267578125 0.5986328125 0.0361328125 0.037109375
0 0.24755859375 0.6884765625 0.0361328125 0.037109375
0 0.23779296875 0.7822265625 0.0361328125 0.037109375
0 0.22900390625 0.88330078125 0.0361328125 0.0361328125
0 0.3134765625 0.720703125 0.037109375 0.037109375
0 0.3134765625 0.6357421875 0.037109375 0.037109375
0 0.3125 0.5625 0.037109375 0.037109375