0 0.07666015625 0.47607421875 0.0732421875 0.0732421875
0 0.17138671875 0.53857421875 0.0732421875 0.0732421875
0 0.080078125 0.3603515625 0.060546875 0.060546875
0 0.26416015625 0.2578125 0.0732421875 0.07421875
0 0.25634765625 0.46728515625 0.0732421875 0.0732421875
0 0.17333984375 0.20263671875 0.0615234375 0.0615234375
0 0.1787109375 0.29638671875 0.060546875 0.0615234375
0 0.3515625 0.5625 0.0859375 0.0859375
0 0.26220703125 0.59716796875 0.0732421875 0.0732421875
0 0.3662109375 0.03759765625 0.048828125 0.0498046875
0 0.35302734375 0.4345703125 0.0732421875 0.07421875
0 0.35498046875 0.6572265625 0.0849609375 0.0859375
0 0.25830078125 0.8984375 0.0732421875 0.07421875
0 0.25341796875 0.7900390625 0.0732421875 0.07421875
0 0.36181640625 0.95263671875 0.0732421875 0.0732421875
0 0.25927734375 0.7041015625 0.0732421875 0.07421875
0 0.45263671875 0.59375 0.0732421875 0.07421875
0 0.451171875 0.49853515625 0.060546875 0.0615234375
0 0.64599609375 0.5029296875 0.0849609375 0.0859375
0 0.34375 0.7587890625 0.09765625 0.09765625
0 0.34619140625 0.8408203125 0.0849609375 0.0859375
0 0.44921875 0.92431640625 0.09765625 0.0986328125
0 0.44775390625 0.814453125 0.1220703125 0.123046875
0 0.4482421875 0.71044921875 0.109375 0.1103515625
0 0.16943359375 0.41943359375 0.0615234375 0.0615234375
0 0.16650390625 0.6611328125 0.0849609375 0.0859375
0 0.16796875 0.7509765625 0.0859375 0.0859375
0 0.15869140625 0.8505859375 0.0849609375 0.0859375
0 0.08154296875 0.58154296875 0.0849609375 0.0869140625
0 0.076171875 0.708984375 0.0859375 0.0859375
0 0.0732421875 0.7958984375 0.0859375 0.0859375
0 0.06689453125 0.904296875 0.0849609375 0.0859375
0 0.359375 0.20703125 0.048828125 0.048828125
0 0.35546875 0.3115234375 0.048828125 0.048828125
0 0.26416015625 0.3525390625 0.0732421875 0.07421875
0 0.08447265625 0.2421875 0.0849609375 0.0859375
0 0.8427734375 0.462890625 0.0859375 0.0859375
0 0.64599609375 0.7021484375 0.1220703125 0.123046875
0 0.64208984375 0.82177734375 0.1103515625 0.1103515625
0 0.64013671875 0.9306640625 0.1220703125 0.123046875
0 0.5556640625 0.66015625 0.109375 0.111328125
0 0.53759765625 0.77978515625 0.1220703125 0.1220703125
0 0.54541015625 0.87890625 0.1220703125 0.123046875
0 0.740234375 0.7734375 0.109375 0.111328125
0 0.73974609375 0.8740234375 0.1220703125 0.123046875
0 0.8330078125 0.92822265625 0.09765625 0.0986328125
0 0.83447265625 0.82421875 0.0849609375 0.0859375
0 0.82958984375 0.7216796875 0.0849609375 0.0859375
0 0.95166015625 0.8701171875 0.0732421875 0.07421875