0 0.56494140625 0.12548828125 0.0732421875 0.0732421875
0 0.65966796875 0.18798828125 0.0732421875 0.0732421875
0 0.74462890625 0.11669921875 0.0732421875 0.0732421875
0 0.83984375 0.2119140625 0.0859375 0.0859375
0 0.75048828125 0.24658203125 0.0732421875 0.0732421875
0 0.84130859375 0.083984375 0.0732421875 0.07421875
0 0.84326171875 0.306640625 0.0849609375 0.0859375
0 0.74658203125 0.5478515625 0.0732421875 0.07421875
0 0.74365234375 0.68017578125 0.0732421875 0.0732421875
0 0.84130859375 0.71923828125 0.0732421875 0.0732421875
0 0.74169921875 0.439453125 0.0732421875 0.07421875
0 0.85009765625 0.60205078125 0.0732421875 0.0732421875
0 0.74755859375 0.353515625 0.0732421875 0.07421875
0 0.94091796875 0.2431640625 0.0732421875 0.07421875
0 0.939453125 0.14794921875 0.060546875 0.0615234375
0 0.84423828125 0.8330078125 0.0732421875 0.07421875
0 0.93359375 0.78173828125 0.060546875 0.0615234375
0 0.93017578125 0.88916015625 0.0732421875 0.0732421875
0 0.740234375 0.892578125 0.0859375 0.0859375
0 0.6396484375 0.837890625 0.09765625 0.09765625
0 0.55078125 0.884765625 0.09765625 0.09765625
0 0.4521484375 0.84130859375 0.109375 0.1103515625
0 0.365234375 0.8896484375 0.09765625 0.09765625
0 0.27001953125 0.8271484375 0.1220703125 0.123046875
0 0.16650390625 0.8857421875 0.1220703125 0.123046875
0 0.08056640625 0.83203125 0.1220703125 0.123046875
0 0.83203125 0.408203125 0.09765625 0.09765625
0 0.83447265625 0.490234375 0.0849609375 0.0859375
0 0.9296875 0.6591796875 0.0859375 0.0859375
0 0.9375 0.57373046875 0.09765625 0.0986328125
0 0.93603515625 0.4638671875 0.1220703125 0.123046875
0 0.9365234375 0.35986328125 0.109375 0.1103515625
0 0.65771484375 0.06884765625 0.0615234375 0.0615234375
0 0.65478515625 0.310546875 0.0849609375 0.0859375
0 0.65625 0.400390625 0.0859375 0.0859375
0 0.64697265625 0.5 0.0849609375 0.0859375
0 0.6533203125 0.6123046875 0.0859375 0.0859375
0 0.56982421875 0.23095703125 0.0849609375 0.0869140625
0 0.564453125 0.3583984375 0.0859375 0.0859375
0 0.5615234375 0.4453125 0.0859375 0.0859375
0 0.55517578125 0.5537109375 0.0849609375 0.0859375
0 0.55859375 0.66796875 0.0859375 0.0859375
0 0.73974609375 0.7880859375 0.0849609375 0.0859375
0 0.64697265625 0.73046875 0.1220703125 0.123046875
0 0.55322265625 0.77734375 0.1220703125 0.123046875
0 0.462890625 0.068359375 0.09765625 0.09765625
0 0.46875 0.18896484375 0.09765625 0.0986328125
0 0.46630859375 0.29345703125 0.1103515625 0.1103515625
0 0.4599609375 0.39599609375 0.09765625 0.0986328125
0 0.4580078125 0.5078125 0.109375 0.111328125
0 0.45166015625 0.61962890625 0.1103515625 0.1103515625
0 0.45556640625 0.73681640625 0.1103515625 0.1103515625
0 0.3623046875 0.7783203125 0.0859375 0.0859375
0 0.3583984375 0.66796875 0.09765625 0.09765625
0 0.3662109375 0.5654296875 0.0859375 0.0859375
0 0.36279296875 0.4443359375 0.0849609375 0.0859375
0 0.36767578125 0.33203125 0.0849609375 0.0859375
0 0.3759765625 0.228515625 0.0859375 0.0859375
0 0.36669921875 0.1044921875 0.0849609375 0.0859375
0 0.2841796875 0.048828125 0.0859375 0.0859375
0 0.27783203125 0.18115234375 0.1220703125 0.1220703125
0 0.28173828125 0.2841796875 0.1220703125 0.123046875
0 0.27392578125 0.3935546875 0.1220703125 0.123046875
0 0.27294921875 0.5048828125 0.1220703125 0.123046875
0 0.26806640625 0.62353515625 0.1103515625 0.1103515625
0 0.2626953125 0.72216796875 0.109375 0.1103515625
0 0.16748046875 0.77685546875 0.1220703125 0.1220703125
0 0.16748046875 0.6611328125 0.1220703125 0.123046875
0 0.16748046875 0.5478515625 0.1220703125 0.123046875
0 0.16845703125 0.4453125 0.1220703125 0.123046875
0 0.18408203125 0.3359375 0.1220703125 0.123046875
0 0.1845703125 0.2265625 0.09765625 0.09765625
0 0.18505859375 0.0693359375 0.1220703125 0.123046875
0 0.08154296875 0.0732421875 0.1220703125 0.123046875
0 0.07861328125 0.1806640625 0.1220703125 0.123046875
0 0.080078125 0.28271484375 0.09765625 0.0986328125
0 0.08056640625 0.40087890625 0.1220703125 0.1220703125
0 0.07177734375 0.5087890625 0.1220703125 0.123046875
0 0.07958984375 0.59716796875 0.1103515625 0.1103515625
0 0.07666015625 0.728515625 0.1220703125 0.123046875