0 0.11962890625 0.9189453125 0.1103515625 0.109375
0 0.2353515625 0.91845703125 0.123046875 0.1220703125
0 0.326171875 0.91064453125 0.111328125 0.1103515625
0 0.1650390625 0.81689453125 0.123046875 0.1220703125
0 0.27197265625 0.8291015625 0.1103515625 0.109375
0 0.3681640625 0.82080078125 0.123046875 0.1220703125
0 0.11572265625 0.72900390625 0.1103515625 0.1103515625
0 0.17529296875 0.64501953125 0.1220703125 0.1220703125
0 0.255859375 0.72412109375 0.123046875 0.1220703125
0 0.357421875 0.72021484375 0.123046875 0.1220703125
0 0.25732421875 0.62548828125 0.1103515625 0.1103515625
0 0.22119140625 0.537109375 0.1103515625 0.109375
0 0.09912109375 0.5302734375 0.1103515625 0.109375
0 0.15478515625 0.435546875 0.1103515625 0.109375
0 0.25048828125 0.4287109375 0.1103515625 0.109375
0 0.38525390625 0.44677734375 0.1220703125 0.1220703125
0 0.33544921875 0.3486328125 0.1103515625 0.109375
0 0.21533203125 0.34521484375 0.1103515625 0.1103515625
0 0.11376953125 0.34814453125 0.1103515625 0.1103515625
0 0.158203125 0.2568359375 0.09765625 0.09765625
0 0.27294921875 0.25 0.0986328125 0.09765625
0 0.39111328125 0.25146484375 0.1103515625 0.1103515625
0 0.43994140625 0.158203125 0.0986328125 0.09765625
0 0.3388671875 0.15234375 0.09765625 0.09765625
0 0.224609375 0.1640625 0.111328125 0.109375
0 0.1044921875 0.14892578125 0.123046875 0.1220703125
0 0.154296875 0.068359375 0.09765625 0.09765625
0 0.2744140625 0.0712890625 0.111328125 0.109375
0 0.39111328125 0.0673828125 0.1103515625 0.109375
0 0.4892578125 0.06640625 0.111328125 0.109375
0 0.60498046875 0.0732421875 0.1103515625 0.109375
0 0.70556640625 0.07080078125 0.1103515625 0.1103515625
0 0.81591796875 0.07861328125 0.1103515625 0.1103515625
0 0.89892578125 0.06884765625 0.0732421875 0.0732421875
0 0.54833984375 0.1650390625 0.0986328125 0.09765625
0 0.65283203125 0.1611328125 0.0986328125 0.09765625
0 0.76708984375 0.1630859375 0.0986328125 0.09765625
0 0.87939453125 0.16748046875 0.1103515625 0.1103515625
0 0.49169921875 0.2548828125 0.0986328125 0.09765625
0 0.59716796875 0.26123046875 0.1103515625 0.1103515625
0 0.71533203125 0.265625 0.1103515625 0.109375
0 0.83056640625 0.2587890625 0.1103515625 0.109375
0 0.43603515625 0.349609375 0.0986328125 0.09765625
0 0.54638671875 0.3505859375 0.1103515625 0.109375
0 0.65380859375 0.349609375 0.1103515625 0.109375
0 0.76708984375 0.3515625 0.1103515625 0.109375
0 0.48486328125 0.44140625 0.0986328125 0.09765625
0 0.59326171875 0.43896484375 0.1103515625 0.1103515625
0 0.71728515625 0.44189453125 0.1103515625 0.1103515625
0 0.82763671875 0.44775390625 0.1103515625 0.1103515625
0 0.44775390625 0.529296875 0.0986328125 0.09765625
0 0.54345703125 0.541015625 0.0986328125 0.09765625
0 0.66162109375 0.544921875 0.0986328125 0.09765625
0 0.5078125 0.63525390625 0.123046875 0.1220703125
0 0.59521484375 0.63671875 0.0986328125 0.09765625
0 0.70703125 0.638671875 0.09765625 0.09765625
0 0.8134765625 0.640625 0.09765625 0.09765625
0 0.93359375 0.6552734375 0.09765625 0.09765625
0 0.76318359375 0.54638671875 0.1103515625 0.1103515625
0 0.8828125 0.5458984375 0.111328125 0.109375
0 0.93310546875 0.44873046875 0.1103515625 0.1103515625
0 0.87744140625 0.35693359375 0.1103515625 0.1103515625
0 0.94091796875 0.255859375 0.1103515625 0.109375
0 0.5595703125 0.73876953125 0.123046875 0.1220703125
0 0.591796875 0.82373046875 0.111328125 0.1103515625
0 0.642578125 0.91748046875 0.123046875 0.1220703125
0 0.75048828125 0.9267578125 0.0986328125 0.09765625
0 0.7001953125 0.830078125 0.09765625 0.09765625
0 0.87548828125 0.9208984375 0.0986328125 0.09765625
0 0.81298828125 0.83349609375 0.1103515625 0.1103515625
0 0.92724609375 0.83447265625 0.1103515625 0.1103515625
0 0.8701171875 0.73193359375 0.123046875 0.1220703125
0 0.7626953125 0.72998046875 0.123046875 0.1220703125