0 0.94921875 0.8291015625 0.048828125 0.048828125
0 0.138671875 0.23046875 0.0859375 0.0859375
0 0.06591796875 0.0341796875 0.0615234375 0.060546875
0 0.52001953125 0.359375 0.0498046875 0.048828125
0 0.80615234375 0.037109375 0.0498046875 0.048828125
0 0.84912109375 0.1484375 0.0615234375 0.060546875
0 0.90478515625 0.0400390625 0.0498046875 0.048828125
0 0.76904296875 0.14453125 0.0615234375 0.060546875
0 0.7080078125 0.0400390625 0.037109375 0.037109375
0 0.64697265625 0.14453125 0.0498046875 0.048828125
0 0.98046875 0.728515625 0.037109375 0.037109375
0 0.0888671875 0.3369140625 0.0859375 0.0859375
0 0.04345703125 0.6044921875 0.0615234375 0.060546875
0 0.263671875 0.03173828125 0.025390625 0.0244140625
0 0.5830078125 0.5341796875 0.048828125 0.048828125
0 0.689453125 0.5361328125 0.048828125 0.048828125
0 0.7861328125 0.54296875 0.037109375 0.037109375
0 0.875 0.5419921875 0.037109375 0.037109375
0 0.6240234375 0.44921875 0.048828125 0.048828125
0 0.73779296875 0.447265625 0.0615234375 0.060546875
0 0.8583984375 0.45703125 0.037109375 0.037109375
0 0.75537109375 0.38232421875 0.0615234375 0.0615234375
0 0.8544921875 0.390625 0.048828125 0.048828125
0 0.68994140625 0.24365234375 0.0244140625 0.0244140625
0 0.796875 0.24365234375 0.037109375 0.0361328125
0 0.625 0.9130859375 0.048828125 0.048828125
0 0.712890625 0.9150390625 0.048828125 0.048828125
0 0.81689453125 0.91064453125 0.0361328125 0.0361328125
0 0.89892578125 0.9169921875 0.0498046875 0.048828125
0 0.8359375 0.822265625 0.037109375 0.037109375
0 0.798828125 0.76025390625 0.037109375 0.0361328125
0 0.7255859375 0.8125 0.037109375 0.037109375
0 0.603515625 0.806640625 0.037109375 0.037109375
0 0.2138671875 0.13671875 0.048828125 0.048828125
0 0.3251953125 0.1337890625 0.048828125 0.048828125
0 0.57763671875 0.2392578125 0.0361328125 0.037109375
0 0.4609375 0.234375 0.048828125 0.048828125
0 0.3564453125 0.234375 0.048828125 0.048828125
0 0.2451171875 0.2275390625 0.048828125 0.048828125
0 0.21044921875 0.345703125 0.0244140625 0.0234375
0 0.3134765625 0.3515625 0.048828125 0.048828125
0 0.42626953125 0.3623046875 0.0361328125 0.037109375
0 0.1572265625 0.4306640625 0.048828125 0.048828125
0 0.27294921875 0.43115234375 0.0244140625 0.0244140625
0 0.39990234375 0.43798828125 0.0244140625 0.0244140625
0 0.51416015625 0.4443359375 0.0498046875 0.048828125
0 0.21044921875 0.52392578125 0.0361328125 0.0361328125
0 0.34033203125 0.52392578125 0.0244140625 0.0244140625
0 0.44970703125 0.52978515625 0.0244140625 0.0244140625
0 0.14013671875 0.59765625 0.0361328125 0.037109375
0 0.25927734375 0.5947265625 0.0498046875 0.048828125
0 0.390625 0.6005859375 0.037109375 0.037109375
0 0.4931640625 0.5986328125 0.048828125 0.048828125
0 0.623046875 0.60107421875 0.037109375 0.0361328125
0 0.18310546875 0.68798828125 0.0361328125 0.0361328125
0 0.5126953125 0.921875 0.048828125 0.048828125
0 0.10302734375 0.12841796875 0.0244140625 0.0244140625
0 0.1044921875 0.92431640625 0.037109375 0.0361328125
0 0.05615234375 0.80810546875 0.0361328125 0.0361328125
0 0.08740234375 0.6884765625 0.0361328125 0.037109375
0 0.05078125 0.427734375 0.048828125 0.048828125
0 0.08984375 0.52001953125 0.037109375 0.0361328125
0 0.73828125 0.5966796875 0.048828125 0.048828125
0 0.48486328125 0.03271484375 0.0244140625 0.0244140625
0 0.572265625 0.14892578125 0.037109375 0.0361328125