0 0.45654296875 0.751953125 0.0732421875 0.07421875
0 0.826171875 0.73291015625 0.048828125 0.0498046875
0 0.740234375 0.74560546875 0.060546875 0.0615234375
0 0.7412109375 0.95361328125 0.060546875 0.0615234375
0 0.826171875 0.85693359375 0.060546875 0.0615234375
0 0.744140625 0.84033203125 0.060546875 0.0615234375
0 0.38525390625 0.91455078125 0.0615234375 0.0615234375
0 0.5703125 0.919921875 0.048828125 0.048828125
0 0.91455078125 0.79931640625 0.0615234375 0.0615234375
0 0.46044921875 0.86328125 0.0732421875 0.07421875
0 0.283203125 0.19384765625 0.060546875 0.0615234375
0 0.185546875 0.27099609375 0.060546875 0.0615234375
0 0.18408203125 0.373046875 0.0732421875 0.07421875
0 0.0888671875 0.1953125 0.048828125 0.048828125
0 0.27294921875 0.95947265625 0.0615234375 0.0615234375
0 0.1796875 0.9130859375 0.037109375 0.037109375
0 0.0751953125 0.85205078125 0.048828125 0.0498046875
0 0.28173828125 0.857421875 0.0361328125 0.037109375
0 0.58154296875 0.64111328125 0.0615234375 0.0615234375
0 0.46923828125 0.08740234375 0.0615234375 0.0615234375
0 0.37744140625 0.04248046875 0.0615234375 0.0615234375
0 0.73583984375 0.51513671875 0.0615234375 0.0615234375
0 0.6611328125 0.32177734375 0.060546875 0.0615234375
0 0.4658203125 0.6474609375 0.048828125 0.048828125
0 0.5693359375 0.44775390625 0.048828125 0.0498046875
0 0.7529296875 0.42041015625 0.060546875 0.0615234375
0 0.9365234375 0.033203125 0.037109375 0.037109375
0 0.92138671875 0.67919921875 0.0615234375 0.0615234375
0 0.47119140625 0.31787109375 0.0615234375 0.0615234375
0 0.6591796875 0.09375 0.048828125 0.048828125
0 0.5673828125 0.33251953125 0.048828125 0.0498046875
0 0.3916015625 0.25634765625 0.048828125 0.0498046875
0 0.9296875 0.1318359375 0.037109375 0.037109375
0 0.927734375 0.248046875 0.037109375 0.037109375
0 0.9296875 0.3525390625 0.037109375 0.037109375
0 0.92578125 0.4501953125 0.037109375 0.037109375
0 0.8505859375 0.0732421875 0.048828125 0.048828125
0 0.74169921875 0.083984375 0.0361328125 0.037109375
0 0.75341796875 0.2099609375 0.0361328125 0.037109375
0 0.7529296875 0.29296875 0.048828125 0.048828125
0 0.8466796875 0.18603515625 0.060546875 0.0615234375
0 0.658203125 0.203125 0.037109375 0.037109375
0 0.560546875 0.25390625 0.048828125 0.048828125
0 0.5634765625 0.1494140625 0.037109375 0.037109375
0 0.4658203125 0.20068359375 0.048828125 0.0498046875
0 0.392578125 0.34814453125 0.048828125 0.0498046875
0 0.38818359375 0.15673828125 0.0615234375 0.0615234375
0 0.2744140625 0.08154296875 0.048828125 0.0498046875
0 0.189453125 0.14404296875 0.060546875 0.0615234375
0 0.18798828125 0.46875 0.0244140625 0.025390625
0 0.2890625 0.4130859375 0.048828125 0.048828125
0 0.283203125 0.29541015625 0.048828125 0.0498046875
0 0.466796875 0.41943359375 0.048828125 0.0498046875
0 0.66015625 0.41943359375 0.048828125 0.0498046875
0 0.83447265625 0.5009765625 0.0361328125 0.037109375
0 0.830078125 0.62939453125 0.048828125 0.0498046875
0 0.91552734375 0.89892578125 0.0361328125 0.0361328125
0 0.744140625 0.62744140625 0.048828125 0.0498046875
0 0.8154296875 0.9609375 0.037109375 0.037109375
0 0.6640625 0.60498046875 0.048828125 0.0498046875
0 0.65869140625 0.70849609375 0.0615234375 0.0615234375
0 0.662109375 0.7890625 0.048828125 0.048828125
0 0.6640625 0.87109375 0.048828125 0.048828125
0 0.572265625 0.80859375 0.048828125 0.048828125
0 0.5771484375 0.7158203125 0.048828125 0.048828125
0 0.57421875 0.54833984375 0.048828125 0.0498046875
0 0.4619140625 0.533203125 0.048828125 0.048828125
0 0.38818359375 0.57666015625 0.0244140625 0.0244140625
0 0.39306640625 0.70166015625 0.0244140625 0.0244140625
0 0.39501953125 0.81640625 0.0244140625 0.025390625
0 0.27880859375 0.74365234375 0.0244140625 0.0244140625
0 0.27880859375 0.50537109375 0.0244140625 0.0244140625
0 0.0830078125 0.4189453125 0.048828125 0.048828125
0 0.0859375 0.5302734375 0.048828125 0.048828125
0 0.08984375 0.09765625 0.048828125 0.048828125
0 0.09130859375 0.30810546875 0.0244140625 0.0244140625
0 0.18701171875 0.68994140625 0.0244140625 0.0244140625
0 0.07080078125 0.77734375 0.0361328125 0.037109375