0 0.08447265625 0.9287109375 0.0732421875 0.07421875
0 0.83154296875 0.73046875 0.0732421875 0.07421875
0 0.66162109375 0.181640625 0.1220703125 0.123046875
0 0.66162109375 0.291015625 0.1220703125 0.123046875
0 0.65576171875 0.3984375 0.1220703125 0.123046875
0 0.64599609375 0.49365234375 0.1220703125 0.1220703125
0 0.64990234375 0.6064453125 0.1220703125 0.123046875
0 0.55908203125 0.6728515625 0.0849609375 0.0859375
0 0.56201171875 0.55859375 0.1220703125 0.123046875
0 0.55810546875 0.45703125 0.1220703125 0.123046875
0 0.56201171875 0.32958984375 0.1220703125 0.1220703125
0 0.56494140625 0.2294921875 0.1220703125 0.123046875
0 0.56982421875 0.1240234375 0.1220703125 0.123046875
0 0.47021484375 0.0654296875 0.1220703125 0.123046875
0 0.48095703125 0.17333984375 0.1220703125 0.1220703125
0 0.46923828125 0.2890625 0.1220703125 0.123046875
0 0.46533203125 0.3916015625 0.1220703125 0.123046875
0 0.46240234375 0.50634765625 0.1103515625 0.1103515625
0 0.46728515625 0.60693359375 0.1103515625 0.1103515625
0 0.46337890625 0.716796875 0.1220703125 0.123046875
0 0.37158203125 0.7666015625 0.1103515625 0.111328125
0 0.37255859375 0.671875 0.1220703125 0.123046875
0 0.37548828125 0.5390625 0.0849609375 0.0859375
0 0.373046875 0.4375 0.0859375 0.0859375
0 0.38330078125 0.3388671875 0.0849609375 0.0859375
0 0.3837890625 0.2236328125 0.0859375 0.0859375
0 0.39013671875 0.103515625 0.0849609375 0.0859375
0 0.287109375 0.0546875 0.09765625 0.09765625
0 0.28564453125 0.1748046875 0.0849609375 0.0859375
0 0.28515625 0.27880859375 0.09765625 0.0986328125
0 0.2802734375 0.38623046875 0.09765625 0.0986328125
0 0.27734375 0.48388671875 0.09765625 0.0986328125
0 0.28369140625 0.6103515625 0.1220703125 0.123046875
0 0.26904296875 0.7236328125 0.1220703125 0.123046875
0 0.18017578125 0.65966796875 0.1220703125 0.1220703125
0 0.18798828125 0.55029296875 0.1220703125 0.1220703125
0 0.18603515625 0.439453125 0.1220703125 0.123046875
0 0.19384765625 0.1181640625 0.1220703125 0.123046875
0 0.19482421875 0.2275390625 0.1220703125 0.123046875
0 0.19873046875 0.33984375 0.1220703125 0.123046875
0 0.10498046875 0.1767578125 0.1220703125 0.123046875
0 0.09814453125 0.27734375 0.1220703125 0.123046875
0 0.09912109375 0.3876953125 0.1220703125 0.123046875
0 0.09521484375 0.4931640625 0.1220703125 0.123046875
0 0.08349609375 0.60595703125 0.1103515625 0.1103515625
0 0.08447265625 0.7255859375 0.1220703125 0.123046875
0 0.45947265625 0.83203125 0.0849609375 0.0859375
0 0.5625 0.88232421875 0.09765625 0.0986328125
0 0.65185546875 0.84130859375 0.1103515625 0.1103515625
0 0.64501953125 0.93603515625 0.1103515625 0.1103515625
0 0.7451171875 0.87744140625 0.09765625 0.0986328125
0 0.18310546875 0.884765625 0.1220703125 0.123046875
0 0.18017578125 0.7880859375 0.1220703125 0.123046875
0 0.267578125 0.814453125 0.09765625 0.09765625
0 0.271484375 0.943359375 0.09765625 0.09765625
0 0.3623046875 0.8994140625 0.0859375 0.0859375
0 0.74462890625 0.1259765625 0.1220703125 0.123046875
0 0.7509765625 0.2294921875 0.0859375 0.0859375
0 0.74462890625 0.3466796875 0.1220703125 0.123046875
0 0.74169921875 0.451171875 0.1220703125 0.123046875
0 0.74267578125 0.5576171875 0.1220703125 0.123046875
0 0.83447265625 0.513671875 0.1220703125 0.123046875
0 0.84228515625 0.623046875 0.1220703125 0.123046875
0 0.83740234375 0.39111328125 0.1220703125 0.1220703125
0 0.84228515625 0.291015625 0.1220703125 0.123046875
0 0.83935546875 0.177734375 0.1220703125 0.123046875
0 0.84814453125 0.06591796875 0.0849609375 0.0869140625
0 0.9541015625 0.1259765625 0.0859375 0.0859375
0 0.9423828125 0.2353515625 0.0859375 0.0859375
0 0.9462890625 0.349609375 0.0859375 0.0859375
0 0.94482421875 0.4658203125 0.0849609375 0.0859375
0 0.939453125 0.56396484375 0.060546875 0.0615234375
0 0.9326171875 0.6826171875 0.09765625 0.09765625
0 0.9248046875 0.7958984375 0.09765625 0.09765625
0 0.9296875 0.8935546875 0.09765625 0.09765625