0 0.70556640625 0.0654296875 0.0849609375 0.0859375
0 0.78857421875 0.23291015625 0.0732421875 0.0732421875
0 0.50048828125 0.7216796875 0.0732421875 0.07421875
0 0.33056640625 0.1728515625 0.1220703125 0.123046875
0 0.33056640625 0.2822265625 0.1220703125 0.123046875
0 0.32470703125 0.3896484375 0.1220703125 0.123046875
0 0.31494140625 0.48486328125 0.1220703125 0.1220703125
0 0.31884765625 0.59765625 0.1220703125 0.123046875
0 0.22802734375 0.6640625 0.0849609375 0.0859375
0 0.23095703125 0.5498046875 0.1220703125 0.123046875
0 0.22705078125 0.4482421875 0.1220703125 0.123046875
0 0.23095703125 0.32080078125 0.1220703125 0.1220703125
0 0.23388671875 0.220703125 0.1220703125 0.123046875
0 0.23876953125 0.115234375 0.1220703125 0.123046875
0 0.14990234375 0.16455078125 0.1220703125 0.1220703125
0 0.13818359375 0.2802734375 0.1220703125 0.123046875
0 0.13427734375 0.3828125 0.1220703125 0.123046875
0 0.13134765625 0.49755859375 0.1103515625 0.1103515625
0 0.13623046875 0.59814453125 0.1103515625 0.1103515625
0 0.13232421875 0.7080078125 0.1220703125 0.123046875
0 0.04443359375 0.5302734375 0.0849609375 0.0859375
0 0.05224609375 0.330078125 0.0849609375 0.0859375
0 0.052734375 0.21484375 0.0859375 0.0859375
0 0.05908203125 0.0947265625 0.0849609375 0.0859375
0 0.12841796875 0.8232421875 0.0849609375 0.0859375
0 0.2314453125 0.87353515625 0.09765625 0.0986328125
0 0.32080078125 0.83251953125 0.1103515625 0.1103515625
0 0.31396484375 0.92724609375 0.1103515625 0.1103515625
0 0.4140625 0.86865234375 0.09765625 0.0986328125
0 0.515625 0.9365234375 0.109375 0.111328125
0 0.41357421875 0.1171875 0.1220703125 0.123046875
0 0.419921875 0.220703125 0.0859375 0.0859375
0 0.41357421875 0.337890625 0.1220703125 0.123046875
0 0.41064453125 0.4423828125 0.1220703125 0.123046875
0 0.41162109375 0.548828125 0.1220703125 0.123046875
0 0.50341796875 0.5048828125 0.1220703125 0.123046875
0 0.51123046875 0.6142578125 0.1220703125 0.123046875
0 0.50634765625 0.38232421875 0.1220703125 0.1220703125
0 0.51123046875 0.2822265625 0.1220703125 0.123046875
0 0.50830078125 0.1689453125 0.1220703125 0.123046875
0 0.51708984375 0.05712890625 0.0849609375 0.0869140625
0 0.623046875 0.1171875 0.0859375 0.0859375
0 0.611328125 0.2265625 0.0859375 0.0859375
0 0.615234375 0.3408203125 0.0859375 0.0859375
0 0.61376953125 0.45703125 0.0849609375 0.0859375
0 0.6083984375 0.55517578125 0.060546875 0.0615234375
0 0.6015625 0.673828125 0.09765625 0.09765625
0 0.68603515625 0.5908203125 0.1220703125 0.123046875
0 0.6923828125 0.5009765625 0.109375 0.111328125
0 0.69921875 0.3876953125 0.0859375 0.0859375
0 0.7041015625 0.265625 0.09765625 0.09765625
0 0.70068359375 0.14453125 0.0849609375 0.0859375
0 0.78955078125 0.1259765625 0.0849609375 0.0859375
0 0.8759765625 0.3759765625 0.048828125 0.048828125
0 0.783203125 0.3466796875 0.0859375 0.0859375
0 0.78955078125 0.4501953125 0.1220703125 0.123046875
0 0.78662109375 0.5634765625 0.1220703125 0.123046875
0 0.7861328125 0.67041015625 0.09765625 0.0986328125
0 0.876953125 0.61669921875 0.09765625 0.0986328125
0 0.87939453125 0.5048828125 0.1220703125 0.123046875
0 0.8955078125 0.07080078125 0.09765625 0.0986328125
0 0.59375 0.787109375 0.09765625 0.09765625
0 0.5986328125 0.884765625 0.09765625 0.09765625
0 0.693359375 0.83544921875 0.09765625 0.0986328125
0 0.68701171875 0.7236328125 0.1220703125 0.123046875
0 0.78515625 0.791015625 0.09765625 0.09765625
0 0.78515625 0.89013671875 0.09765625 0.0986328125
0 0.8701171875 0.94580078125 0.09765625 0.0986328125
0 0.87646484375 0.83935546875 0.1220703125 0.1220703125
0 0.8759765625 0.72998046875 0.09765625 0.0986328125
0 0.88134765625 0.2724609375 0.0849609375 0.0859375