0 0.326171875 0.796875 0.048828125 0.048828125
0 0.89013671875 0.7998046875 0.0615234375 0.060546875
0 0.49462890625 0.89306640625 0.0615234375 0.0615234375
0 0.83935546875 0.89501953125 0.0615234375 0.0615234375
0 0.93701171875 0.89111328125 0.0615234375 0.0615234375
0 0.43212890625 0.79833984375 0.0615234375 0.0615234375
0 0.845703125 0.6083984375 0.048828125 0.048828125
0 0.8701171875 0.6884765625 0.048828125 0.048828125
0 0.53076171875 0.7978515625 0.0498046875 0.048828125
0 0.63134765625 0.798828125 0.0498046875 0.048828125
0 0.8408203125 0.50390625 0.048828125 0.048828125
0 0.712890625 0.6025390625 0.048828125 0.048828125
0 0.923828125 0.5078125 0.048828125 0.048828125
0 0.9228515625 0.423828125 0.048828125 0.048828125
0 0.28369140625 0.1328125 0.0498046875 0.048828125
0 0.744140625 0.501953125 0.037109375 0.037109375
0 0.947265625 0.611328125 0.048828125 0.048828125
0 0.7548828125 0.685546875 0.037109375 0.037109375
0 0.3466796875 0.3076171875 0.048828125 0.048828125
0 0.453125 0.3095703125 0.048828125 0.048828125
0 0.5498046875 0.31640625 0.037109375 0.037109375
0 0.638671875 0.3154296875 0.037109375 0.037109375
0 0.3876953125 0.22265625 0.048828125 0.048828125
0 0.50146484375 0.220703125 0.0615234375 0.060546875
0 0.6220703125 0.23046875 0.037109375 0.037109375
0 0.51904296875 0.15576171875 0.0615234375 0.0615234375
0 0.6181640625 0.1640625 0.048828125 0.048828125
0 0.45361328125 0.01708984375 0.0244140625 0.0244140625
0 0.388671875 0.6865234375 0.048828125 0.048828125
0 0.4765625 0.6884765625 0.048828125 0.048828125
0 0.58056640625 0.68408203125 0.0361328125 0.0361328125
0 0.66259765625 0.6904296875 0.0498046875 0.048828125
0 0.599609375 0.595703125 0.037109375 0.037109375
0 0.5625 0.53369140625 0.037109375 0.0361328125
0 0.4892578125 0.5859375 0.037109375 0.037109375
0 0.3671875 0.580078125 0.037109375 0.037109375
0 0.0771484375 0.125 0.048828125 0.048828125
0 0.18994140625 0.1357421875 0.0361328125 0.037109375
0 0.03662109375 0.20458984375 0.0244140625 0.0244140625
0 0.16357421875 0.21142578125 0.0244140625 0.0244140625
0 0.27783203125 0.2177734375 0.0498046875 0.048828125
0 0.10400390625 0.29736328125 0.0244140625 0.0244140625
0 0.21337890625 0.30322265625 0.0244140625 0.0244140625
0 0.154296875 0.3740234375 0.037109375 0.037109375
0 0.2568359375 0.3720703125 0.048828125 0.048828125
0 0.38671875 0.37451171875 0.037109375 0.0361328125
0 0.2763671875 0.6953125 0.048828125 0.048828125
0 0.36962890625 0.9697265625 0.0498046875 0.048828125
0 0.27099609375 0.96484375 0.0361328125 0.037109375
0 0.189453125 0.9609375 0.037109375 0.037109375
0 0.072265625 0.95068359375 0.037109375 0.0361328125
0 0.1083984375 0.86767578125 0.037109375 0.0361328125
0 0.1982421875 0.86279296875 0.037109375 0.0361328125
0 0.2919921875 0.87255859375 0.037109375 0.0361328125
0 0.39306640625 0.88134765625 0.0361328125 0.0361328125
0 0.23046875 0.796875 0.037109375 0.037109375
0 0.1455078125 0.796875 0.037109375 0.037109375
0 0.072265625 0.7978515625 0.037109375 0.037109375
0 0.6015625 0.89111328125 0.037109375 0.0361328125
0 0.501953125 0.3701171875 0.048828125 0.048828125