0 0.125 0.07568359375 0.060546875 0.0615234375
0 0.77978515625 0.7802734375 0.0732421875 0.07421875
0 0.12548828125 0.40771484375 0.0615234375 0.0615234375
0 0.21875 0.12548828125 0.048828125 0.0498046875
0 0.1240234375 0.17041015625 0.060546875 0.0615234375
0 0.1259765625 0.51611328125 0.060546875 0.0615234375
0 0.11474609375 0.74853515625 0.0615234375 0.0615234375
0 0.13525390625 0.28955078125 0.0732421875 0.0732421875
0 0.11474609375 0.85107421875 0.0615234375 0.0615234375
0 0.3095703125 0.83837890625 0.060546875 0.0615234375
0 0.6005859375 0.8876953125 0.048828125 0.048828125
0 0.3095703125 0.90869140625 0.048828125 0.0498046875
0 0.4111328125 0.90576171875 0.060546875 0.0615234375
0 0.50146484375 0.96240234375 0.0615234375 0.0615234375
0 0.8779296875 0.62353515625 0.09765625 0.0986328125
0 0.8701171875 0.72998046875 0.109375 0.1103515625
0 0.86767578125 0.83740234375 0.1103515625 0.1103515625
0 0.78271484375 0.5654296875 0.0849609375 0.0859375
0 0.77294921875 0.68115234375 0.1103515625 0.1103515625
0 0.78173828125 0.892578125 0.0732421875 0.07421875
0 0.69287109375 0.51318359375 0.1103515625 0.1103515625
0 0.67919921875 0.61181640625 0.1103515625 0.1103515625
0 0.68017578125 0.71484375 0.0732421875 0.07421875
0 0.6806640625 0.8154296875 0.0859375 0.0859375
0 0.6884765625 0.9072265625 0.0859375 0.0859375
0 0.6025390625 0.794921875 0.037109375 0.037109375
0 0.50927734375 0.85546875 0.0361328125 0.037109375
0 0.2099609375 0.56591796875 0.060546875 0.0615234375
0 0.2099609375 0.67431640625 0.048828125 0.0498046875
0 0.208984375 0.76904296875 0.048828125 0.0498046875
0 0.19921875 0.89501953125 0.048828125 0.0498046875
0 0.10791015625 0.96240234375 0.0615234375 0.0615234375
0 0.126953125 0.63720703125 0.048828125 0.0498046875
0 0.60546875 0.57080078125 0.109375 0.1103515625
0 0.5947265625 0.6708984375 0.109375 0.111328125
0 0.51708984375 0.5263671875 0.1220703125 0.123046875
0 0.50634765625 0.6259765625 0.1103515625 0.111328125
0 0.50439453125 0.73193359375 0.1103515625 0.1103515625
0 0.41845703125 0.572265625 0.1103515625 0.111328125
0 0.41943359375 0.67529296875 0.1103515625 0.1103515625
0 0.41064453125 0.78759765625 0.1103515625 0.1103515625
0 0.3193359375 0.609375 0.0859375 0.0859375
0 0.31982421875 0.7158203125 0.1220703125 0.123046875
0 0.87353515625 0.07666015625 0.1103515625 0.1103515625
0 0.884765625 0.18408203125 0.109375 0.1103515625
0 0.875 0.29052734375 0.109375 0.1103515625
0 0.875 0.39892578125 0.109375 0.1103515625
0 0.8740234375 0.50830078125 0.109375 0.1103515625
0 0.32080078125 0.06201171875 0.1103515625 0.1103515625
0 0.32080078125 0.17431640625 0.1103515625 0.1103515625
0 0.421875 0.12158203125 0.09765625 0.0986328125
0 0.5107421875 0.06298828125 0.109375 0.1103515625
0 0.5166015625 0.17431640625 0.09765625 0.0986328125
0 0.59716796875 0.12353515625 0.1103515625 0.1103515625
0 0.69873046875 0.07763671875 0.1103515625 0.1103515625
0 0.783203125 0.12548828125 0.109375 0.1103515625
0 0.79052734375 0.23876953125 0.1103515625 0.1103515625
0 0.79541015625 0.33935546875 0.0849609375 0.0869140625
0 0.78759765625 0.46630859375 0.1103515625 0.1103515625
0 0.69482421875 0.19287109375 0.1103515625 0.1103515625
0 0.69091796875 0.29541015625 0.1103515625 0.1103515625
0 0.6943359375 0.40673828125 0.09765625 0.0986328125
0 0.6044921875 0.23681640625 0.109375 0.1103515625
0 0.603515625 0.35302734375 0.09765625 0.0986328125
0 0.6005859375 0.46337890625 0.109375 0.1103515625
0 0.513671875 0.30322265625 0.09765625 0.0986328125
0 0.5146484375 0.3935546875 0.09765625 0.09765625
0 0.41064453125 0.24169921875 0.1103515625 0.1103515625
0 0.4208984375 0.3486328125 0.09765625 0.09765625
0 0.41650390625 0.4599609375 0.1103515625 0.111328125
0 0.3154296875 0.50146484375 0.09765625 0.0986328125
0 0.3154296875 0.412109375 0.109375 0.111328125
0 0.32275390625 0.2958984375 0.1103515625 0.111328125
0 0.21484375 0.24658203125 0.048828125 0.0498046875
0 0.21875 0.3515625 0.048828125 0.048828125
0 0.21337890625 0.45654296875 0.0615234375 0.0615234375