0 0.0615234375 0.1826171875 0.09765625 0.09765625
0 0.1494140625 0.1376953125 0.09765625 0.09765625
0 0.1513671875 0.25 0.109375 0.111328125
0 0.24462890625 0.0693359375 0.1220703125 0.123046875
0 0.24072265625 0.18359375 0.1220703125 0.123046875
0 0.35498046875 0.1259765625 0.1220703125 0.123046875
0 0.35498046875 0.234375 0.1220703125 0.123046875
0 0.244140625 0.3056640625 0.09765625 0.09765625
0 0.251953125 0.4111328125 0.09765625 0.09765625
0 0.240234375 0.5341796875 0.09765625 0.09765625
0 0.244140625 0.62255859375 0.09765625 0.0986328125
0 0.1416015625 0.68994140625 0.09765625 0.0986328125
0 0.1552734375 0.5712890625 0.0859375 0.0859375
0 0.1484375 0.4658203125 0.0859375 0.0859375
0 0.1533203125 0.3544921875 0.09765625 0.09765625
0 0.052734375 0.30078125 0.09765625 0.09765625
0 0.0546875 0.42041015625 0.09765625 0.0986328125
0 0.0546875 0.51220703125 0.09765625 0.0986328125
0 0.05517578125 0.73486328125 0.0849609375 0.0869140625
0 0.91845703125 0.1435546875 0.1220703125 0.123046875
0 0.43896484375 0.08056640625 0.1103515625 0.1103515625
0 0.44775390625 0.18701171875 0.1220703125 0.1220703125
0 0.53662109375 0.12548828125 0.1103515625 0.1103515625
0 0.62451171875 0.0693359375 0.1220703125 0.123046875
0 0.63232421875 0.1953125 0.1220703125 0.123046875
0 0.72314453125 0.1328125 0.1220703125 0.123046875
0 0.81591796875 0.076171875 0.1103515625 0.111328125
0 0.82861328125 0.1962890625 0.1103515625 0.111328125
0 0.35205078125 0.3408203125 0.1220703125 0.123046875
0 0.34716796875 0.45458984375 0.1220703125 0.1220703125
0 0.35009765625 0.55712890625 0.1103515625 0.1103515625
0 0.3427734375 0.68798828125 0.09765625 0.0986328125
0 0.240234375 0.7373046875 0.0859375 0.0859375
0 0.34130859375 0.80029296875 0.1103515625 0.1103515625
0 0.43408203125 0.73828125 0.0849609375 0.0859375
0 0.4375 0.63720703125 0.09765625 0.0986328125
0 0.435546875 0.51904296875 0.09765625 0.0986328125
0 0.4404296875 0.40966796875 0.09765625 0.0986328125
0 0.44091796875 0.306640625 0.1220703125 0.123046875
0 0.53662109375 0.2353515625 0.0966796875 0.09765625
0 0.52734375 0.345703125 0.09765625 0.09765625
0 0.5458984375 0.45068359375 0.09765625 0.0986328125
0 0.5361328125 0.5751953125 0.0859375 0.0859375
0 0.5390625 0.67431640625 0.09765625 0.0986328125
0 0.53515625 0.79638671875 0.09765625 0.0986328125
0 0.62939453125 0.7353515625 0.1220703125 0.123046875
0 0.62646484375 0.630859375 0.1220703125 0.123046875
0 0.62646484375 0.51171875 0.1220703125 0.123046875
0 0.62353515625 0.412109375 0.1103515625 0.111328125
0 0.62841796875 0.296875 0.1220703125 0.123046875
0 0.7255859375 0.24267578125 0.109375 0.1103515625
0 0.73388671875 0.3369140625 0.1220703125 0.123046875
0 0.72412109375 0.45703125 0.1220703125 0.123046875
0 0.72509765625 0.5830078125 0.1220703125 0.123046875
0 0.71728515625 0.68701171875 0.1103515625 0.1103515625
0 0.71826171875 0.7978515625 0.1220703125 0.123046875
0 0.8212890625 0.73583984375 0.109375 0.1103515625
0 0.8271484375 0.626953125 0.09765625 0.09765625
0 0.81787109375 0.5224609375 0.1220703125 0.123046875
0 0.81884765625 0.4150390625 0.1220703125 0.123046875
0 0.8173828125 0.30224609375 0.09765625 0.0986328125
0 0.91845703125 0.24072265625 0.1103515625 0.1103515625
0 0.91357421875 0.35693359375 0.1103515625 0.1103515625
0 0.92041015625 0.45263671875 0.1103515625 0.1103515625
0 0.91357421875 0.57421875 0.1220703125 0.123046875
0 0.90966796875 0.6826171875 0.1220703125 0.123046875
0 0.908203125 0.80029296875 0.109375 0.1103515625
0 0.9072265625 0.8935546875 0.09765625 0.09765625
0 0.8212890625 0.8388671875 0.09765625 0.09765625
0 0.71923828125 0.90283203125 0.1103515625 0.1103515625
0 0.623046875 0.84912109375 0.109375 0.1103515625
0 0.619140625 0.94677734375 0.09765625 0.0986328125
0 0.5244140625 0.90283203125 0.09765625 0.0986328125
0 0.43505859375 0.84326171875 0.0849609375 0.0869140625
0 0.3251953125 0.89990234375 0.048828125 0.0498046875
0 0.244140625 0.85791015625 0.09765625 0.0986328125
0 0.0380859375 0.9716796875 0.048828125 0.048828125
0 0.05078125 0.8515625 0.048828125 0.048828125
0 0.1328125 0.8798828125 0.037109375 0.037109375
0 0.4306640625 0.9658203125 0.037109375 0.037109375
0 0.1494140625 0.798828125 0.09765625 0.09765625