0 0.95068359375 0.3427734375 0.0615234375 0.060546875
0 0.955078125 0.16259765625 0.07421875 0.0732421875
0 0.9033203125 0.23828125 0.048828125 0.048828125
0 0.90576171875 0.06591796875 0.0732421875 0.0732421875
0 0.71875 0.52490234375 0.07421875 0.0732421875
0 0.4072265625 0.05517578125 0.0859375 0.0849609375
0 0.68896484375 0.23681640625 0.0615234375 0.0615234375
0 0.744140625 0.3369140625 0.048828125 0.048828125
0 0.2568359375 0.14013671875 0.0859375 0.0849609375
0 0.79638671875 0.06787109375 0.0615234375 0.0615234375
0 0.79150390625 0.23583984375 0.0615234375 0.0615234375
0 0.7763671875 0.4345703125 0.048828125 0.048828125
0 0.08935546875 0.22314453125 0.0732421875 0.0732421875
0 0.89306640625 0.63330078125 0.0615234375 0.0615234375
0 0.90576171875 0.828125 0.0615234375 0.060546875
0 0.66650390625 0.62646484375 0.0615234375 0.0615234375
0 0.72900390625 0.80712890625 0.0732421875 0.0732421875
0 0.83544921875 0.828125 0.0498046875 0.048828125
0 0.83837890625 0.9296875 0.0615234375 0.060546875
0 0.74658203125 0.92041015625 0.0732421875 0.0732421875
0 0.44775390625 0.912109375 0.0986328125 0.09765625
0 0.3408203125 0.9130859375 0.0859375 0.0859375
0 0.2431640625 0.9248046875 0.09765625 0.09765625
0 0.13037109375 0.921875 0.1103515625 0.109375
0 0.078125 0.818359375 0.09765625 0.09765625
0 0.1875 0.8251953125 0.111328125 0.109375
0 0.2890625 0.8232421875 0.09765625 0.09765625
0 0.384765625 0.83447265625 0.0859375 0.0849609375
0 0.4658203125 0.82275390625 0.0859375 0.0849609375
0 0.46875 0.7001953125 0.0859375 0.0859375
0 0.23291015625 0.693359375 0.0986328125 0.09765625
0 0.12109375 0.7021484375 0.09765625 0.09765625
0 0.08251953125 0.6025390625 0.0986328125 0.09765625
0 0.17236328125 0.60546875 0.1103515625 0.109375
0 0.3017578125 0.60546875 0.0859375 0.0859375
0 0.41015625 0.61474609375 0.0859375 0.0849609375
0 0.35400390625 0.5205078125 0.0986328125 0.09765625
0 0.24267578125 0.5244140625 0.1103515625 0.109375
0 0.1396484375 0.5166015625 0.09765625 0.09765625
0 0.3173828125 0.052734375 0.0859375 0.0859375
0 0.205078125 0.0576171875 0.0859375 0.0859375
0 0.095703125 0.0458984375 0.0859375 0.0859375
0 0.056640625 0.138671875 0.09765625 0.09765625
0 0.177734375 0.13525390625 0.0859375 0.0849609375
0 0.3623046875 0.14306640625 0.0859375 0.0849609375
0 0.41796875 0.22705078125 0.0859375 0.0849609375
0 0.30126953125 0.21923828125 0.0869140625 0.0849609375
0 0.1962890625 0.22412109375 0.0859375 0.0849609375
0 0.10302734375 0.41015625 0.0986328125 0.09765625
0 0.20361328125 0.4248046875 0.0986328125 0.09765625
0 0.3232421875 0.4287109375 0.09765625 0.09765625
0 0.4140625 0.42333984375 0.0859375 0.0849609375
0 0.3544921875 0.33056640625 0.123046875 0.1220703125
0 0.25146484375 0.330078125 0.0986328125 0.09765625
0 0.0498046875 0.31591796875 0.0859375 0.0849609375
0 0.65966796875 0.9150390625 0.0498046875 0.048828125
0 0.84912109375 0.7177734375 0.0498046875 0.048828125
0 0.736328125 0.7216796875 0.048828125 0.048828125
0 0.78173828125 0.62646484375 0.0615234375 0.0615234375
0 0.884765625 0.4375 0.037109375 0.037109375
0 0.8349609375 0.33447265625 0.037109375 0.0361328125
0 0.85546875 0.15478515625 0.07421875 0.0732421875
0 0.734375 0.1533203125 0.037109375 0.037109375
0 0.70654296875 0.06640625 0.0498046875 0.048828125