0 0.4677734375 0.9033203125 0.048828125 0.048828125
0 0.46728515625 0.80615234375 0.0615234375 0.0615234375
0 0.4658203125 0.69287109375 0.060546875 0.0615234375
0 0.9599609375 0.76953125 0.048828125 0.048828125
0 0.8505859375 0.7158203125 0.048828125 0.048828125
0 0.5576171875 0.6396484375 0.048828125 0.048828125
0 0.54638671875 0.96337890625 0.0478515625 0.0498046875
0 0.9580078125 0.88427734375 0.048828125 0.0498046875
0 0.759765625 0.7578125 0.048828125 0.048828125
0 0.76611328125 0.87744140625 0.0615234375 0.0615234375
0 0.845703125 0.9287109375 0.048828125 0.048828125
0 0.5537109375 0.75146484375 0.060546875 0.0615234375
0 0.6513671875 0.90478515625 0.060546875 0.0615234375
0 0.65380859375 0.81640625 0.0615234375 0.060546875
0 0.6591796875 0.69775390625 0.060546875 0.0615234375
0 0.38232421875 0.84814453125 0.0615234375 0.0615234375
0 0.291015625 0.712890625 0.037109375 0.037109375
0 0.02099609375 0.66796875 0.0361328125 0.037109375
0 0.380859375 0.74853515625 0.048828125 0.0498046875
0 0.1025390625 0.642578125 0.037109375 0.037109375
0 0.38330078125 0.65283203125 0.0615234375 0.0615234375
0 0.20263671875 0.53369140625 0.0732421875 0.0732421875
0 0.46435546875 0.5966796875 0.0732421875 0.07421875
0 0.28173828125 0.35888671875 0.0615234375 0.0615234375
0 0.2041015625 0.44091796875 0.048828125 0.0498046875
0 0.29150390625 0.26318359375 0.0615234375 0.0615234375
0 0.466796875 0.40185546875 0.060546875 0.0615234375
0 0.4677734375 0.4951171875 0.048828125 0.048828125
0 0.5595703125 0.4375 0.048828125 0.048828125
0 0.65673828125 0.48583984375 0.0615234375 0.0615234375
0 0.9599609375 0.32568359375 0.060546875 0.0615234375
0 0.55810546875 0.53955078125 0.0615234375 0.0615234375
0 0.56787109375 0.33447265625 0.0615234375 0.0615234375
0 0.755859375 0.43115234375 0.048828125 0.0498046875
0 0.9580078125 0.55322265625 0.048828125 0.0498046875
0 0.85302734375 0.38232421875 0.0732421875 0.0732421875
0 0.755859375 0.31689453125 0.060546875 0.0615234375
0 0.65625 0.37841796875 0.060546875 0.0615234375
0 0.8525390625 0.5986328125 0.048828125 0.048828125
0 0.10400390625 0.1640625 0.1220703125 0.123046875
0 0.201171875 0.11572265625 0.09765625 0.0986328125
0 0.21337890625 0.23046875 0.1220703125 0.123046875
0 0.5625 0.11083984375 0.09765625 0.0986328125
0 0.6630859375 0.05810546875 0.109375 0.1103515625
0 0.65673828125 0.15966796875 0.1103515625 0.1103515625
0 0.7587890625 0.11083984375 0.09765625 0.0986328125
0 0.8486328125 0.05712890625 0.09765625 0.0986328125
0 0.8466796875 0.16748046875 0.09765625 0.0986328125
0 0.75390625 0.24267578125 0.09765625 0.0986328125
0 0.66259765625 0.2685546875 0.0849609375 0.0859375
0 0.2060546875 0.32861328125 0.109375 0.1103515625
0 0.1123046875 0.26513671875 0.109375 0.1103515625
0 0.11181640625 0.36767578125 0.1103515625 0.1103515625
0 0.10595703125 0.54248046875 0.1220703125 0.1220703125
0 0.96826171875 0.41943359375 0.0244140625 0.0244140625
0 0.9541015625 0.2255859375 0.048828125 0.048828125
0 0.8525390625 0.27197265625 0.037109375 0.0361328125
0 0.8544921875 0.4912109375 0.037109375 0.037109375
0 0.5673828125 0.21142578125 0.037109375 0.0361328125
0 0.95751953125 0.65673828125 0.0244140625 0.0244140625
0 0.76123046875 0.64990234375 0.0244140625 0.0244140625
0 0.76123046875 0.53662109375 0.0244140625 0.0244140625
0 0.65869140625 0.58935546875 0.0244140625 0.0244140625
0 0.55029296875 0.8681640625 0.0361328125 0.037109375
0 0.46533203125 0.1923828125 0.0361328125 0.037109375
0 0.48974609375 0.33251953125 0.0244140625 0.0244140625
0 0.3818359375 0.3134765625 0.037109375 0.037109375
0 0.3857421875 0.2177734375 0.037109375 0.037109375
0 0.38671875 0.1015625 0.037109375 0.037109375
0 0.28173828125 0.47998046875 0.0361328125 0.0361328125
0 0.388671875 0.4365234375 0.037109375 0.037109375
0 0.3876953125 0.54736328125 0.048828125 0.0498046875
0 0.28564453125 0.58740234375 0.0361328125 0.0361328125
0 0.2841796875 0.8115234375 0.037109375 0.037109375
0 0.2822265625 0.927734375 0.037109375 0.037109375
0 0.205078125 0.7529296875 0.048828125 0.048828125
0 0.09619140625 0.763671875 0.0361328125 0.037109375
0 0.10791015625 0.8896484375 0.0361328125 0.037109375
0 0.107421875 0.97265625 0.048828125 0.048828125
0 0.201171875 0.86572265625 0.060546875 0.0615234375