0 0.744140625 0.10498046875 0.07421875 0.0732421875
0 0.26416015625 0.3916015625 0.0498046875 0.048828125
0 0.18603515625 0.486328125 0.0498046875 0.048828125
0 0.03271484375 0.3837890625 0.0498046875 0.048828125
0 0.19580078125 0.2783203125 0.0361328125 0.037109375
0 0.1083984375 0.1884765625 0.048828125 0.048828125
0 0.09130859375 0.48486328125 0.0361328125 0.0361328125
0 0.90625 0.7744140625 0.09765625 0.09765625
0 0.80078125 0.7822265625 0.09765625 0.09765625
0 0.677734375 0.7705078125 0.09765625 0.09765625
0 0.58935546875 0.7744140625 0.0986328125 0.09765625
0 0.52197265625 0.671875 0.0986328125 0.09765625
0 0.640625 0.685546875 0.0859375 0.0859375
0 0.74609375 0.6787109375 0.0859375 0.0859375
0 0.857421875 0.68359375 0.09765625 0.09765625
0 0.9111328125 0.5830078125 0.09765625 0.09765625
0 0.79150390625 0.5849609375 0.0986328125 0.09765625
0 0.69970703125 0.5849609375 0.0986328125 0.09765625
0 0.58349609375 0.578125 0.0986328125 0.09765625
0 0.47705078125 0.58544921875 0.0869140625 0.0849609375
0 0.63427734375 0.48974609375 0.1103515625 0.1103515625
0 0.75244140625 0.48828125 0.0986328125 0.09765625
0 0.85888671875 0.48779296875 0.1103515625 0.1103515625
0 0.91259765625 0.39453125 0.0986328125 0.09765625
0 0.81787109375 0.3876953125 0.0986328125 0.09765625
0 0.68896484375 0.390625 0.1103515625 0.109375
0 0.58349609375 0.38671875 0.1103515625 0.109375
0 0.63916015625 0.291015625 0.0986328125 0.09765625
0 0.74853515625 0.2978515625 0.0986328125 0.09765625
0 0.88037109375 0.306640625 0.0986328125 0.09765625
0 0.92626953125 0.2001953125 0.0986328125 0.09765625
0 0.79736328125 0.2001953125 0.0986328125 0.09765625
0 0.70361328125 0.2041015625 0.0986328125 0.09765625
0 0.5869140625 0.1962890625 0.09765625 0.09765625
0 0.537109375 0.09033203125 0.0859375 0.0849609375
0 0.6357421875 0.09619140625 0.0859375 0.0849609375
0 0.87060546875 0.1044921875 0.0986328125 0.09765625
0 0.5283203125 0.2900390625 0.048828125 0.048828125
0 0.46484375 0.1884765625 0.048828125 0.048828125
0 0.52099609375 0.4912109375 0.0615234375 0.060546875
0 0.470703125 0.3984375 0.048828125 0.048828125
0 0.87109375 0.88232421875 0.123046875 0.1220703125
0 0.75732421875 0.87744140625 0.1220703125 0.1220703125
0 0.65478515625 0.88037109375 0.1103515625 0.1103515625
0 0.52392578125 0.873046875 0.0986328125 0.09765625
0 0.474609375 0.7705078125 0.0859375 0.0859375
0 0.41162109375 0.87158203125 0.1103515625 0.1103515625
0 0.31201171875 0.85546875 0.0498046875 0.048828125
0 0.35400390625 0.7744140625 0.0986328125 0.09765625
0 0.24755859375 0.19189453125 0.0615234375 0.0615234375
0 0.35986328125 0.189453125 0.0498046875 0.048828125
0 0.31689453125 0.287109375 0.0498046875 0.048828125
0 0.3642578125 0.39794921875 0.037109375 0.0361328125
0 0.17041015625 0.08935546875 0.0615234375 0.0615234375
0 0.294921875 0.0927734375 0.048828125 0.048828125
0 0.41259765625 0.09228515625 0.0361328125 0.0361328125
0 0.41796875 0.50048828125 0.037109375 0.0361328125
0 0.064453125 0.09033203125 0.037109375 0.0361328125
0 0.15771484375 0.396484375 0.0498046875 0.048828125
0 0.02001953125 0.58740234375 0.0361328125 0.0361328125
0 0.240234375 0.568359375 0.048828125 0.048828125
0 0.3603515625 0.5810546875 0.048828125 0.048828125
0 0.33203125 0.6630859375 0.037109375 0.037109375
0 0.1845703125 0.654296875 0.037109375 0.037109375
0 0.2275390625 0.802734375 0.037109375 0.037109375
0 0.1015625 0.85302734375 0.037109375 0.0361328125
0 0.24609375 0.9609375 0.037109375 0.037109375
0 0.0419921875 0.771484375 0.037109375 0.037109375
0 0.1396484375 0.55712890625 0.037109375 0.0361328125
0 0.4130859375 0.6796875 0.09765625 0.09765625