0 0.61181640625 0.666015625 0.0732421875 0.07421875
0 0.1416015625 0.72412109375 0.060546875 0.0615234375
0 0.60791015625 0.87451171875 0.0615234375 0.0615234375
0 0.3330078125 0.96142578125 0.048828125 0.0498046875
0 0.4326171875 0.7734375 0.048828125 0.048828125
0 0.12060546875 0.90087890625 0.0732421875 0.0732421875
0 0.1416015625 0.79443359375 0.048828125 0.0498046875
0 0.43603515625 0.89208984375 0.0615234375 0.0615234375
0 0.2431640625 0.79150390625 0.060546875 0.0615234375
0 0.33349609375 0.84814453125 0.0615234375 0.0615234375
0 0.23388671875 0.88330078125 0.0732421875 0.0732421875
0 0.90478515625 0.40185546875 0.1103515625 0.1103515625
0 0.89501953125 0.50439453125 0.1103515625 0.1103515625
0 0.89208984375 0.61962890625 0.1103515625 0.1103515625
0 0.900390625 0.72119140625 0.109375 0.1103515625
0 0.896484375 0.86376953125 0.109375 0.1103515625
0 0.8056640625 0.45458984375 0.109375 0.1103515625
0 0.8037109375 0.56103515625 0.109375 0.1103515625
0 0.8017578125 0.67724609375 0.109375 0.1103515625
0 0.7978515625 0.78955078125 0.109375 0.1103515625
0 0.80712890625 0.88720703125 0.1103515625 0.1103515625
0 0.7099609375 0.50927734375 0.09765625 0.0986328125
0 0.7021484375 0.61572265625 0.109375 0.1103515625
0 0.69970703125 0.72314453125 0.1103515625 0.1103515625
0 0.70166015625 0.8447265625 0.0849609375 0.0859375
0 0.70361328125 0.9521484375 0.0732421875 0.07421875
0 0.61474609375 0.451171875 0.0849609375 0.0859375
0 0.60498046875 0.56689453125 0.1103515625 0.1103515625
0 0.61376953125 0.7783203125 0.0732421875 0.07421875
0 0.61669921875 0.9560546875 0.0732421875 0.07421875
0 0.52490234375 0.39892578125 0.1103515625 0.1103515625
0 0.51123046875 0.49755859375 0.1103515625 0.1103515625
0 0.51220703125 0.6005859375 0.0732421875 0.07421875
0 0.5126953125 0.701171875 0.0859375 0.0859375
0 0.5205078125 0.79296875 0.0859375 0.0859375
0 0.5234375 0.91162109375 0.09765625 0.0986328125
0 0.4345703125 0.6806640625 0.037109375 0.037109375
0 0.34130859375 0.7412109375 0.0361328125 0.037109375
0 0.228515625 0.97021484375 0.048828125 0.0498046875
0 0.0419921875 0.45166015625 0.060546875 0.0615234375
0 0.0419921875 0.56005859375 0.048828125 0.0498046875
0 0.041015625 0.65478515625 0.048828125 0.0498046875
0 0.03125 0.78076171875 0.048828125 0.0498046875
0 0.03515625 0.8935546875 0.048828125 0.048828125
0 0.4375 0.45654296875 0.109375 0.1103515625
0 0.4267578125 0.556640625 0.109375 0.111328125
0 0.34912109375 0.412109375 0.1220703125 0.123046875
0 0.33837890625 0.51171875 0.1103515625 0.111328125
0 0.33642578125 0.61767578125 0.1103515625 0.1103515625
0 0.25048828125 0.4580078125 0.1103515625 0.111328125
0 0.25146484375 0.56103515625 0.1103515625 0.1103515625
0 0.24267578125 0.67333984375 0.1103515625 0.1103515625
0 0.1513671875 0.4951171875 0.0859375 0.0859375
0 0.15185546875 0.6015625 0.1220703125 0.123046875
0 0.89990234375 0.0712890625 0.1103515625 0.111328125
0 0.90478515625 0.29052734375 0.1103515625 0.1103515625
0 0.90673828125 0.17431640625 0.1103515625 0.1103515625
0 0.80517578125 0.1240234375 0.1220703125 0.123046875
0 0.81103515625 0.240234375 0.1220703125 0.123046875
0 0.80517578125 0.34033203125 0.1220703125 0.1220703125
0 0.716796875 0.06982421875 0.109375 0.1103515625
0 0.70703125 0.17626953125 0.109375 0.1103515625
0 0.70703125 0.28466796875 0.109375 0.1103515625
0 0.7060546875 0.39404296875 0.109375 0.1103515625
0 0.15283203125 0.06005859375 0.1103515625 0.1103515625
0 0.3486328125 0.06005859375 0.09765625 0.0986328125
0 0.62255859375 0.12451171875 0.1103515625 0.1103515625
0 0.62744140625 0.22509765625 0.0849609375 0.0869140625
0 0.61962890625 0.35205078125 0.1103515625 0.1103515625
0 0.52685546875 0.07861328125 0.1103515625 0.1103515625
0 0.52294921875 0.18115234375 0.1103515625 0.1103515625
0 0.5263671875 0.29248046875 0.09765625 0.0986328125
0 0.4365234375 0.12255859375 0.109375 0.1103515625
0 0.435546875 0.23876953125 0.09765625 0.0986328125
0 0.4326171875 0.34912109375 0.109375 0.1103515625
0 0.345703125 0.18896484375 0.09765625 0.0986328125
0 0.3466796875 0.279296875 0.09765625 0.09765625
0 0.24267578125 0.12744140625 0.1103515625 0.1103515625
0 0.2529296875 0.234375 0.09765625 0.09765625
0 0.24853515625 0.345703125 0.1103515625 0.111328125
0 0.1474609375 0.38720703125 0.09765625 0.0986328125
0 0.1474609375 0.2978515625 0.109375 0.111328125
0 0.15478515625 0.181640625 0.1103515625 0.111328125
0 0.046875 0.13232421875 0.048828125 0.0498046875
0 0.05078125 0.2373046875 0.048828125 0.048828125
0 0.04541015625 0.34228515625 0.0615234375 0.0615234375