0 0.7998046875 0.498046875 0.048828125 0.048828125
0 0.87890625 0.5634765625 0.048828125 0.048828125
0 0.8818359375 0.43896484375 0.060546875 0.0615234375
0 0.806640625 0.287109375 0.048828125 0.048828125
0 0.8095703125 0.0859375 0.048828125 0.048828125
0 0.8056640625 0.193359375 0.048828125 0.048828125
0 0.8017578125 0.40283203125 0.060546875 0.0615234375
0 0.8798828125 0.134765625 0.037109375 0.037109375
0 0.87890625 0.35107421875 0.060546875 0.0615234375
0 0.87109375 0.248046875 0.048828125 0.048828125
0 0.6875 0.53173828125 0.048828125 0.0498046875
0 0.69140625 0.43505859375 0.048828125 0.0498046875
0 0.591796875 0.37353515625 0.048828125 0.0498046875
0 0.6025390625 0.06689453125 0.048828125 0.0498046875
0 0.59814453125 0.47216796875 0.0615234375 0.0615234375
0 0.4912109375 0.10986328125 0.060546875 0.0615234375
0 0.5966796875 0.265625 0.048828125 0.048828125
0 0.48828125 0.35888671875 0.048828125 0.0498046875
0 0.4990234375 0.43994140625 0.048828125 0.0498046875
0 0.4990234375 0.53564453125 0.048828125 0.0498046875
0 0.392578125 0.57421875 0.048828125 0.048828125
0 0.5966796875 0.57373046875 0.048828125 0.0498046875
0 0.6904296875 0.24853515625 0.060546875 0.0615234375
0 0.599609375 0.16552734375 0.048828125 0.0498046875
0 0.6884765625 0.13037109375 0.048828125 0.0498046875
0 0.0595703125 0.7529296875 0.048828125 0.048828125
0 0.0693359375 0.650390625 0.048828125 0.048828125
0 0.79345703125 0.60302734375 0.0244140625 0.0244140625
0 0.69091796875 0.3466796875 0.0361328125 0.037109375
0 0.5009765625 0.6337890625 0.048828125 0.048828125
0 0.3955078125 0.47265625 0.048828125 0.048828125
0 0.306640625 0.52734375 0.048828125 0.048828125
0 0.0966796875 0.046875 0.037109375 0.037109375
0 0.09765625 0.1357421875 0.037109375 0.037109375
0 0.1826171875 0.119140625 0.037109375 0.037109375
0 0.2490234375 0.115234375 0.048828125 0.048828125
0 0.39599609375 0.0576171875 0.0361328125 0.037109375
0 0.70068359375 0.63623046875 0.0244140625 0.0244140625