0 0.30029296875 0.7158203125 0.0732421875 0.07421875
0 0.669921875 0.69677734375 0.048828125 0.0498046875
0 0.583984375 0.70947265625 0.060546875 0.0615234375
0 0.94287109375 0.95458984375 0.0615234375 0.0615234375
0 0.9482421875 0.73388671875 0.048828125 0.0498046875
0 0.5849609375 0.91748046875 0.060546875 0.0615234375
0 0.669921875 0.82080078125 0.060546875 0.0615234375
0 0.587890625 0.80419921875 0.060546875 0.0615234375
0 0.22900390625 0.87841796875 0.0615234375 0.0615234375
0 0.4140625 0.8837890625 0.048828125 0.048828125
0 0.75830078125 0.76318359375 0.0615234375 0.0615234375
0 0.30419921875 0.9287109375 0.0732421875 0.07421875
0 0.30419921875 0.8271484375 0.0732421875 0.07421875
0 0.95703125 0.1875 0.048828125 0.048828125
0 0.95166015625 0.29248046875 0.0615234375 0.0615234375
0 0.95654296875 0.09033203125 0.0615234375 0.0615234375
0 0.95458984375 0.40673828125 0.0615234375 0.0615234375
0 0.9482421875 0.62158203125 0.060546875 0.0615234375
0 0.9521484375 0.50732421875 0.060546875 0.0615234375
0 0.126953125 0.15771484375 0.060546875 0.0615234375
0 0.11669921875 0.92333984375 0.0615234375 0.0615234375
0 0.0234375 0.876953125 0.037109375 0.037109375
0 0.12548828125 0.8212890625 0.0361328125 0.037109375
0 0.42529296875 0.60498046875 0.0615234375 0.0615234375
0 0.31298828125 0.05126953125 0.0615234375 0.0615234375
0 0.57958984375 0.47900390625 0.0615234375 0.0615234375
0 0.5048828125 0.28564453125 0.060546875 0.0615234375
0 0.3095703125 0.611328125 0.048828125 0.048828125
0 0.4130859375 0.41162109375 0.048828125 0.0498046875
0 0.5966796875 0.38427734375 0.060546875 0.0615234375
0 0.87158203125 0.13232421875 0.0615234375 0.0615234375
0 0.76513671875 0.64306640625 0.0615234375 0.0615234375
0 0.31494140625 0.28173828125 0.0615234375 0.0615234375
0 0.8701171875 0.03271484375 0.048828125 0.0498046875
0 0.5029296875 0.0576171875 0.048828125 0.048828125
0 0.4111328125 0.29638671875 0.048828125 0.0498046875
0 0.86767578125 0.25927734375 0.0615234375 0.0615234375
0 0.8642578125 0.3515625 0.048828125 0.048828125
0 0.2353515625 0.22021484375 0.048828125 0.0498046875
0 0.94677734375 0.857421875 0.0361328125 0.037109375
0 0.7734375 0.095703125 0.037109375 0.037109375
0 0.771484375 0.2119140625 0.037109375 0.037109375
0 0.7734375 0.31640625 0.037109375 0.037109375
0 0.76953125 0.4140625 0.037109375 0.037109375
0 0.6943359375 0.037109375 0.048828125 0.048828125
0 0.58544921875 0.0478515625 0.0361328125 0.037109375
0 0.59716796875 0.173828125 0.0361328125 0.037109375
0 0.5966796875 0.2568359375 0.048828125 0.048828125
0 0.6904296875 0.14990234375 0.060546875 0.0615234375
0 0.501953125 0.1669921875 0.037109375 0.037109375
0 0.404296875 0.2177734375 0.048828125 0.048828125
0 0.4072265625 0.11328125 0.037109375 0.037109375
0 0.3095703125 0.16455078125 0.048828125 0.0498046875
0 0.236328125 0.31201171875 0.048828125 0.0498046875
0 0.23193359375 0.12060546875 0.0615234375 0.0615234375
0 0.1181640625 0.04541015625 0.048828125 0.0498046875
0 0.033203125 0.10791015625 0.060546875 0.0615234375
0 0.03173828125 0.4326171875 0.0244140625 0.025390625
0 0.1328125 0.376953125 0.048828125 0.048828125
0 0.126953125 0.25927734375 0.048828125 0.0498046875
0 0.310546875 0.38330078125 0.048828125 0.0498046875
0 0.50390625 0.38330078125 0.048828125 0.0498046875
0 0.67822265625 0.46484375 0.0361328125 0.037109375
0 0.673828125 0.59326171875 0.048828125 0.0498046875
0 0.75927734375 0.86279296875 0.0361328125 0.0361328125
0 0.8583984375 0.6787109375 0.037109375 0.037109375
0 0.587890625 0.59130859375 0.048828125 0.0498046875
0 0.6591796875 0.9248046875 0.037109375 0.037109375
0 0.5078125 0.56884765625 0.048828125 0.0498046875
0 0.50244140625 0.67236328125 0.0615234375 0.0615234375
0 0.505859375 0.7529296875 0.048828125 0.048828125
0 0.5078125 0.8349609375 0.048828125 0.048828125
0 0.416015625 0.7724609375 0.048828125 0.048828125
0 0.4208984375 0.6796875 0.048828125 0.048828125
0 0.41796875 0.51220703125 0.048828125 0.0498046875
0 0.3056640625 0.4970703125 0.048828125 0.048828125
0 0.23193359375 0.54052734375 0.0244140625 0.0244140625
0 0.23681640625 0.66552734375 0.0244140625 0.0244140625
0 0.23876953125 0.7802734375 0.0244140625 0.025390625
0 0.12255859375 0.70751953125 0.0244140625 0.0244140625
0 0.12255859375 0.46923828125 0.0244140625 0.0244140625
0 0.03076171875 0.65380859375 0.0244140625 0.0244140625