0 0.892578125 0.18603515625 0.123046875 0.1220703125
0 0.892578125 0.38720703125 0.123046875 0.1220703125
0 0.56591796875 0.93798828125 0.1220703125 0.1220703125
0 0.78857421875 0.943359375 0.1103515625 0.109375
0 0.83251953125 0.84765625 0.1103515625 0.109375
0 0.73095703125 0.841796875 0.0986328125 0.09765625
0 0.6171875 0.84912109375 0.123046875 0.1220703125
0 0.498046875 0.84814453125 0.123046875 0.1220703125
0 0.388671875 0.84814453125 0.123046875 0.1220703125
0 0.45361328125 0.73828125 0.1103515625 0.109375
0 0.55712890625 0.75390625 0.1103515625 0.109375
0 0.66650390625 0.748046875 0.0986328125 0.09765625
0 0.77587890625 0.74658203125 0.1103515625 0.1103515625
0 0.89501953125 0.75146484375 0.1220703125 0.1220703125
0 0.8359375 0.65966796875 0.123046875 0.1220703125
0 0.71826171875 0.6533203125 0.1103515625 0.109375
0 0.61767578125 0.6552734375 0.0986328125 0.09765625
0 0.5068359375 0.64794921875 0.123046875 0.1220703125
0 0.3984375 0.65576171875 0.123046875 0.1220703125
0 0.4619140625 0.55419921875 0.123046875 0.1220703125
0 0.578125 0.5595703125 0.09765625 0.09765625
0 0.6865234375 0.55810546875 0.123046875 0.1220703125
0 0.791015625 0.55419921875 0.123046875 0.1220703125
0 0.896484375 0.56103515625 0.123046875 0.1220703125
0 0.83984375 0.46826171875 0.123046875 0.1220703125
0 0.7392578125 0.46435546875 0.123046875 0.1220703125
0 0.623046875 0.46435546875 0.123046875 0.1220703125
0 0.505859375 0.46240234375 0.123046875 0.1220703125
0 0.3935546875 0.45263671875 0.123046875 0.1220703125
0 0.7890625 0.37255859375 0.111328125 0.1103515625
0 0.68359375 0.37255859375 0.111328125 0.1103515625
0 0.56494140625 0.3662109375 0.1103515625 0.109375
0 0.45166015625 0.365234375 0.1103515625 0.109375
0 0.39990234375 0.2744140625 0.1103515625 0.109375
0 0.52099609375 0.2744140625 0.1103515625 0.109375
0 0.62060546875 0.28125 0.1103515625 0.109375
0 0.73046875 0.27734375 0.111328125 0.109375
0 0.8388671875 0.28125 0.111328125 0.109375
0 0.78271484375 0.17578125 0.1103515625 0.109375
0 0.68408203125 0.1748046875 0.1103515625 0.109375
0 0.56103515625 0.17236328125 0.1103515625 0.1103515625
0 0.45751953125 0.16650390625 0.1103515625 0.1103515625
0 0.39794921875 0.08056640625 0.1103515625 0.1103515625
0 0.51123046875 0.07080078125 0.1103515625 0.1103515625
0 0.62451171875 0.08056640625 0.1103515625 0.1103515625
0 0.73974609375 0.08544921875 0.1103515625 0.1103515625
0 0.84765625 0.08251953125 0.123046875 0.1220703125
0 0.34521484375 0.373046875 0.1103515625 0.109375
0 0.34912109375 0.17626953125 0.1103515625 0.1103515625
0 0.28466796875 0.078125 0.1103515625 0.109375
0 0.28076171875 0.28173828125 0.1103515625 0.1103515625
0 0.18017578125 0.07421875 0.1103515625 0.109375
0 0.06787109375 0.076171875 0.0986328125 0.09765625
0 0.23681640625 0.17138671875 0.1103515625 0.1103515625
0 0.12646484375 0.17138671875 0.1103515625 0.1103515625
0 0.18701171875 0.26708984375 0.1103515625 0.1103515625
0 0.06787109375 0.259765625 0.0986328125 0.09765625
0 0.234375 0.3583984375 0.111328125 0.109375
0 0.12451171875 0.3603515625 0.1103515625 0.109375
0 0.2880859375 0.46826171875 0.123046875 0.1220703125
0 0.1962890625 0.46630859375 0.123046875 0.1220703125
0 0.064453125 0.46142578125 0.123046875 0.1220703125
0 0.34765625 0.55615234375 0.123046875 0.1220703125
0 0.2509765625 0.56005859375 0.123046875 0.1220703125
0 0.1328125 0.55615234375 0.123046875 0.1220703125
0 0.0732421875 0.65185546875 0.111328125 0.1103515625
0 0.2939453125 0.64599609375 0.123046875 0.1220703125
0 0.2138671875 0.73779296875 0.123046875 0.1220703125
0 0.333984375 0.74072265625 0.123046875 0.1220703125
0 0.18310546875 0.65478515625 0.1103515625 0.1103515625
0 0.11474609375 0.7421875 0.1103515625 0.109375
0 0.26708984375 0.84521484375 0.1220703125 0.1220703125
0 0.1748046875 0.84521484375 0.123046875 0.1220703125
0 0.0693359375 0.84423828125 0.123046875 0.1220703125
0 0.11865234375 0.93212890625 0.1103515625 0.1103515625
0 0.22998046875 0.93310546875 0.1103515625 0.1103515625