0 0.45068359375 0.7744140625 0.0732421875 0.07421875
0 0.52099609375 0.92529296875 0.0615234375 0.0615234375
0 0.45458984375 0.33447265625 0.0615234375 0.0615234375
0 0.728515625 0.392578125 0.0859375 0.0859375
0 0.35693359375 0.916015625 0.0849609375 0.0859375
0 0.06982421875 0.8662109375 0.0732421875 0.07421875
0 0.07177734375 0.751953125 0.0732421875 0.07421875
0 0.0703125 0.65576171875 0.09765625 0.0986328125
0 0.07958984375 0.54736328125 0.1103515625 0.1103515625
0 0.0810546875 0.43408203125 0.109375 0.1103515625
0 0.0771484375 0.322265625 0.0859375 0.0859375
0 0.0849609375 0.20263671875 0.09765625 0.0986328125
0 0.17578125 0.15771484375 0.109375 0.1103515625
0 0.18212890625 0.2578125 0.1220703125 0.123046875
0 0.16845703125 0.38525390625 0.0732421875 0.0732421875
0 0.16357421875 0.48681640625 0.1103515625 0.1103515625
0 0.16064453125 0.6103515625 0.1220703125 0.123046875
0 0.162109375 0.71435546875 0.109375 0.1103515625
0 0.1611328125 0.80908203125 0.09765625 0.0986328125
0 0.1630859375 0.91748046875 0.09765625 0.0986328125
0 0.25927734375 0.8642578125 0.1220703125 0.123046875
0 0.25537109375 0.77294921875 0.1220703125 0.1220703125
0 0.26025390625 0.66845703125 0.1103515625 0.1103515625
0 0.27099609375 0.5556640625 0.1103515625 0.111328125
0 0.26953125 0.43603515625 0.109375 0.1103515625
0 0.26708984375 0.32763671875 0.1103515625 0.1103515625
0 0.26708984375 0.21875 0.1103515625 0.111328125
0 0.36181640625 0.171875 0.1103515625 0.111328125
0 0.361328125 0.2734375 0.0859375 0.0859375
0 0.35791015625 0.375 0.0732421875 0.07421875
0 0.35498046875 0.4921875 0.0849609375 0.0859375
0 0.35595703125 0.615234375 0.0849609375 0.0859375
0 0.357421875 0.716796875 0.0859375 0.0859375
0 0.34423828125 0.81689453125 0.1103515625 0.1103515625
0 0.4462890625 0.87060546875 0.0859375 0.0869140625
0 0.4453125 0.6640625 0.0859375 0.0859375
0 0.4501953125 0.55078125 0.09765625 0.09765625
0 0.45166015625 0.4384765625 0.0849609375 0.0859375
0 0.45458984375 0.21630859375 0.1103515625 0.1103515625
0 0.55029296875 0.16845703125 0.1103515625 0.1103515625
0 0.5478515625 0.28173828125 0.109375 0.1103515625
0 0.54638671875 0.39697265625 0.1103515625 0.1103515625
0 0.537109375 0.51318359375 0.09765625 0.0986328125
0 0.529296875 0.61181640625 0.109375 0.1103515625
0 0.5341796875 0.69677734375 0.109375 0.1103515625
0 0.52880859375 0.8212890625 0.1103515625 0.111328125
0 0.62060546875 0.869140625 0.1220703125 0.123046875
0 0.62353515625 0.76025390625 0.1103515625 0.1103515625
0 0.63232421875 0.66162109375 0.1103515625 0.1103515625
0 0.63525390625 0.54443359375 0.1103515625 0.1103515625
0 0.6416015625 0.4453125 0.0859375 0.0859375
0 0.6279296875 0.3310546875 0.109375 0.111328125
0 0.630859375 0.2373046875 0.09765625 0.09765625
0 0.7353515625 0.18408203125 0.0859375 0.0869140625
0 0.736328125 0.283203125 0.0859375 0.0859375
0 0.73486328125 0.48583984375 0.1103515625 0.1103515625
0 0.72802734375 0.61328125 0.1103515625 0.111328125
0 0.712890625 0.72412109375 0.09765625 0.0986328125
0 0.7177734375 0.82421875 0.09765625 0.09765625
0 0.826171875 0.87646484375 0.09765625 0.0986328125
0 0.8251953125 0.76953125 0.0859375 0.0859375
0 0.8134765625 0.671875 0.09765625 0.09765625
0 0.81640625 0.55908203125 0.109375 0.1103515625
0 0.8212890625 0.4521484375 0.109375 0.111328125
0 0.82421875 0.3388671875 0.109375 0.111328125
0 0.82177734375 0.208984375 0.0849609375 0.0859375
0 0.9150390625 0.181640625 0.09765625 0.09765625
0 0.9208984375 0.287109375 0.0859375 0.0859375
0 0.923828125 0.39599609375 0.09765625 0.0986328125
0 0.919921875 0.5068359375 0.09765625 0.09765625
0 0.9130859375 0.6162109375 0.109375 0.111328125
0 0.9150390625 0.7177734375 0.09765625 0.09765625
0 0.90380859375 0.8134765625 0.0849609375 0.0859375
0 0.91552734375 0.89453125 0.0849609375 0.0859375
0 0.9287109375 0.064453125 0.048828125 0.048828125
0 0.8232421875 0.1259765625 0.0859375 0.0859375
0 0.73486328125 0.064453125 0.0732421875 0.07421875
0 0.64111328125 0.1044921875 0.0849609375 0.0859375
0 0.5556640625 0.05615234375 0.109375 0.1103515625
0 0.271484375 0.10546875 0.109375 0.111328125
0 0.09033203125 0.11474609375 0.1103515625 0.1103515625
0 0.4580078125 0.1123046875 0.109375 0.111328125