0 0.974609375 0.1484375 0.048828125 0.048828125
0 0.87939453125 0.74365234375 0.1103515625 0.1103515625
0 0.88330078125 0.859375 0.1103515625 0.111328125
0 0.78076171875 0.8896484375 0.1220703125 0.123046875
0 0.77294921875 0.798828125 0.1103515625 0.111328125
0 0.69140625 0.85302734375 0.109375 0.1103515625
0 0.68310546875 0.7568359375 0.1220703125 0.123046875
0 0.58642578125 0.869140625 0.1220703125 0.123046875
0 0.58251953125 0.767578125 0.1220703125 0.123046875
0 0.48779296875 0.86767578125 0.1103515625 0.1103515625
0 0.3994140625 0.90380859375 0.109375 0.1103515625
0 0.291015625 0.87451171875 0.109375 0.1103515625
0 0.30908203125 0.73974609375 0.1220703125 0.1220703125
0 0.2109375 0.78955078125 0.109375 0.1103515625
0 0.20751953125 0.90966796875 0.1103515625 0.1103515625
0 0.1123046875 0.85205078125 0.09765625 0.0986328125
0 0.11376953125 0.73388671875 0.1103515625 0.1103515625
0 0.1171875 0.63330078125 0.09765625 0.0986328125
0 0.12353515625 0.52783203125 0.1103515625 0.1103515625
0 0.1279296875 0.40966796875 0.109375 0.1103515625
0 0.12109375 0.29443359375 0.109375 0.1103515625
0 0.2119140625 0.68896484375 0.09765625 0.0986328125
0 0.212890625 0.57861328125 0.109375 0.1103515625
0 0.2119140625 0.47119140625 0.109375 0.1103515625
0 0.2138671875 0.35791015625 0.109375 0.1103515625
0 0.3037109375 0.64013671875 0.09765625 0.0986328125
0 0.30126953125 0.53173828125 0.1103515625 0.1103515625
0 0.30419921875 0.40771484375 0.1103515625 0.1103515625
0 0.31005859375 0.29736328125 0.1103515625 0.1103515625
0 0.3916015625 0.67724609375 0.09765625 0.0986328125
0 0.4033203125 0.58154296875 0.09765625 0.0986328125
0 0.4072265625 0.46337890625 0.09765625 0.0986328125
0 0.49755859375 0.6171875 0.1220703125 0.123046875
0 0.4990234375 0.52978515625 0.09765625 0.0986328125
0 0.5009765625 0.41796875 0.09765625 0.09765625
0 0.5029296875 0.3115234375 0.09765625 0.09765625
0 0.517578125 0.19140625 0.09765625 0.09765625
0 0.40869140625 0.36181640625 0.1103515625 0.1103515625
0 0.408203125 0.2421875 0.109375 0.111328125
0 0.31103515625 0.19189453125 0.1103515625 0.1103515625
0 0.21923828125 0.24755859375 0.1103515625 0.1103515625
0 0.1181640625 0.18408203125 0.109375 0.1103515625
0 0.60107421875 0.5654296875 0.1220703125 0.123046875
0 0.68603515625 0.533203125 0.1103515625 0.111328125
0 0.77978515625 0.482421875 0.1220703125 0.123046875
0 0.8828125 0.41748046875 0.109375 0.1103515625
0 0.7890625 0.37451171875 0.09765625 0.0986328125
0 0.6923828125 0.4248046875 0.09765625 0.09765625
0 0.8740234375 0.31396484375 0.109375 0.1103515625
0 0.87744140625 0.1953125 0.0849609375 0.0859375
0 0.783203125 0.24951171875 0.09765625 0.0986328125
0 0.69580078125 0.31201171875 0.1103515625 0.1103515625
0 0.69677734375 0.19775390625 0.1103515625 0.1103515625
0 0.59423828125 0.2548828125 0.1220703125 0.123046875
0 0.59228515625 0.3623046875 0.1220703125 0.123046875
0 0.1259765625 0.06982421875 0.109375 0.1103515625
0 0.21533203125 0.13525390625 0.1103515625 0.1103515625
0 0.31689453125 0.09130859375 0.1103515625 0.1103515625
0 0.400390625 0.13232421875 0.109375 0.1103515625
0 0.5029296875 0.07958984375 0.109375 0.1103515625
0 0.69482421875 0.0908203125 0.1220703125 0.123046875
0 0.59033203125 0.1416015625 0.1220703125 0.123046875
0 0.78515625 0.1435546875 0.109375 0.111328125
0 0.8759765625 0.087890625 0.09765625 0.09765625
0 0.97998046875 0.25830078125 0.0244140625 0.0244140625