0 0.1484375 0.103125 0.121875 0.121875
0 0.35 0.103125 0.121875 0.121875
0 0.90625 0.0828125 0.121875 0.121875
0 0.903125 0.5546875 0.121875 0.121875
0 0.9015625 0.4296875 0.121875 0.121875
0 0.903125 0.315625 0.121875 0.121875
0 0.90625 0.20625 0.109375 0.109375
0 0.8109375 0.1625 0.109375 0.109375
0 0.8046875 0.26484375 0.096875 0.0984375
0 0.8125 0.378125 0.121875 0.121875
0 0.8109375 0.496875 0.121875 0.121875
0 0.8109375 0.60625 0.121875 0.121875
0 0.7015625 0.5421875 0.109375 0.109375
0 0.7171875 0.4375 0.109375 0.109375
0 0.7109375 0.32890625 0.096875 0.0984375
0 0.709375 0.21875 0.109375 0.109375
0 0.7140625 0.1 0.121875 0.121875
0 0.6234375 0.159375 0.121875 0.121875
0 0.6171875 0.2765625 0.109375 0.109375
0 0.61875 0.37890625 0.096875 0.0984375
0 0.6109375 0.4890625 0.121875 0.121875
0 0.61875 0.596875 0.121875 0.121875
0 0.5171875 0.5328125 0.121875 0.121875
0 0.5234375 0.4171875 0.096875 0.096875
0 0.521875 0.309375 0.121875 0.121875
0 0.5171875 0.2046875 0.121875 0.121875
0 0.5234375 0.0984375 0.121875 0.121875
0 0.43125 0.15625 0.121875 0.121875
0 0.428125 0.25625 0.121875 0.121875
0 0.428125 0.371875 0.121875 0.121875
0 0.425 0.4890625 0.121875 0.121875
0 0.415625 0.6015625 0.121875 0.121875
0 0.3359375 0.20703125 0.109375 0.1109375
0 0.3359375 0.31328125 0.109375 0.1109375
0 0.3296875 0.4296875 0.109375 0.109375
0 0.328125 0.54375 0.109375 0.109375
0 0.2375 0.5953125 0.109375 0.109375
0 0.2375 0.475 0.109375 0.109375
0 0.24375 0.375 0.109375 0.109375
0 0.240625 0.26640625 0.109375 0.1109375
0 0.24375 0.15703125 0.109375 0.1109375
0 0.1390625 0.2125 0.109375 0.109375
0 0.1375 0.3109375 0.109375 0.109375
0 0.1359375 0.434375 0.109375 0.109375
0 0.1296875 0.5375 0.109375 0.109375
0 0.3359375 0.65 0.109375 0.109375
0 0.1390625 0.646875 0.109375 0.109375
0 0.2453125 0.7140625 0.109375 0.109375
0 0.134375 0.7578125 0.109375 0.109375
0 0.134375 0.86875 0.109375 0.109375
0 0.2296875 0.8078125 0.109375 0.109375
0 0.2234375 0.92890625 0.096875 0.0984375
0 0.321875 0.76171875 0.109375 0.1109375
0 0.3234375 0.8703125 0.109375 0.109375
0 0.43125 0.7078125 0.121875 0.121875
0 0.4296875 0.7984375 0.121875 0.121875
0 0.425 0.93125 0.121875 0.121875
0 0.51875 0.6484375 0.121875 0.121875
0 0.5234375 0.74375 0.121875 0.121875
0 0.51875 0.8625 0.121875 0.121875
0 0.615625 0.92265625 0.109375 0.1109375
0 0.609375 0.7015625 0.121875 0.121875
0 0.7015625 0.78125 0.121875 0.121875
0 0.703125 0.6609375 0.121875 0.121875
0 0.6171875 0.8125 0.109375 0.109375
0 0.7046875 0.88125 0.109375 0.109375
0 0.8078125 0.728125 0.121875 0.121875
0 0.8078125 0.8203125 0.121875 0.121875
0 0.8078125 0.9265625 0.121875 0.121875
0 0.8953125 0.8765625 0.109375 0.109375
0 0.896875 0.765625 0.109375 0.109375
0 0.909375 0.653125 0.109375 0.109375