0 0.83837890625 0.0478515625 0.0498046875 0.048828125
0 0.96142578125 0.06005859375 0.0732421875 0.0732421875
0 0.94189453125 0.82666015625 0.0615234375 0.0615234375
0 0.82666015625 0.62109375 0.0615234375 0.060546875
0 0.8310546875 0.44091796875 0.07421875 0.0732421875
0 0.88525390625 0.13232421875 0.0615234375 0.0615234375
0 0.91015625 0.34619140625 0.07421875 0.0732421875
0 0.779296875 0.5166015625 0.048828125 0.048828125
0 0.92431640625 0.6201171875 0.0615234375 0.060546875
0 0.8447265625 0.2421875 0.048828125 0.048828125
0 0.78173828125 0.34423828125 0.0732421875 0.0732421875
0 0.95361328125 0.2470703125 0.0615234375 0.060546875
0 0.8798828125 0.52685546875 0.060546875 0.0615234375
0 0.9541015625 0.44482421875 0.07421875 0.0732421875
0 0.78076171875 0.13720703125 0.0615234375 0.0615234375
0 0.6201171875 0.046875 0.048828125 0.048828125
0 0.72802734375 0.0517578125 0.0498046875 0.048828125
0 0.5947265625 0.80322265625 0.07421875 0.0732421875
0 0.283203125 0.33349609375 0.0859375 0.0849609375
0 0.56494140625 0.51513671875 0.0615234375 0.0615234375
0 0.6201171875 0.615234375 0.048828125 0.048828125
0 0.1328125 0.41845703125 0.0859375 0.0849609375
0 0.67236328125 0.34619140625 0.0615234375 0.0615234375
0 0.66748046875 0.51416015625 0.0615234375 0.0615234375
0 0.72314453125 0.24072265625 0.0615234375 0.0615234375
0 0.65234375 0.712890625 0.048828125 0.048828125
0 0.87158203125 0.91162109375 0.0615234375 0.0615234375
0 0.76904296875 0.91162109375 0.0615234375 0.0615234375
0 0.54248046875 0.90478515625 0.0615234375 0.0615234375
0 0.177734375 0.8837890625 0.0859375 0.0859375
0 0.2861328125 0.89306640625 0.0859375 0.0849609375
0 0.22998046875 0.798828125 0.0986328125 0.09765625
0 0.11865234375 0.802734375 0.1103515625 0.109375
0 0.29296875 0.12939453125 0.0859375 0.0849609375
0 0.19970703125 0.13037109375 0.1220703125 0.1220703125
0 0.0810546875 0.12646484375 0.123046875 0.1220703125
0 0.14111328125 0.22998046875 0.0869140625 0.0849609375
0 0.267578125 0.22509765625 0.0859375 0.0849609375
0 0.193359375 0.3310546875 0.0859375 0.0859375
0 0.0810546875 0.3359375 0.0859375 0.0859375
0 0.0537109375 0.41357421875 0.0859375 0.0849609375
0 0.23828125 0.42138671875 0.0859375 0.0849609375
0 0.2939453125 0.50537109375 0.0859375 0.0849609375
0 0.17724609375 0.49755859375 0.0869140625 0.0849609375
0 0.072265625 0.50244140625 0.0859375 0.0849609375
0 0.07958984375 0.703125 0.0986328125 0.09765625
0 0.19921875 0.70703125 0.09765625 0.09765625
0 0.2900390625 0.70166015625 0.0859375 0.0849609375
0 0.23046875 0.60888671875 0.123046875 0.1220703125
0 0.12744140625 0.6083984375 0.0986328125 0.09765625
0 0.65771484375 0.90478515625 0.0615234375 0.0615234375
0 0.8876953125 0.71484375 0.048828125 0.048828125
0 0.7607421875 0.7158203125 0.037109375 0.037109375
0 0.7109375 0.61279296875 0.037109375 0.0361328125
0 0.7314453125 0.43310546875 0.07421875 0.0732421875
0 0.6103515625 0.431640625 0.037109375 0.037109375
0 0.58251953125 0.3447265625 0.0498046875 0.048828125
0 0.54150390625 0.2412109375 0.0498046875 0.048828125
0 0.67138671875 0.142578125 0.0498046875 0.048828125
0 0.541015625 0.052734375 0.048828125 0.048828125