0 0.63232421875 0.5517578125 0.0732421875 0.07421875
0 0.916015625 0.54541015625 0.060546875 0.0615234375
0 0.5654296875 0.830078125 0.048828125 0.048828125
0 0.5615234375 0.9375 0.048828125 0.048828125
0 0.9169921875 0.75341796875 0.060546875 0.0615234375
0 0.919921875 0.64013671875 0.060546875 0.0615234375
0 0.56103515625 0.71435546875 0.0615234375 0.0615234375
0 0.7470703125 0.8134765625 0.048828125 0.048828125
0 0.6357421875 0.87890625 0.037109375 0.037109375
0 0.74609375 0.7197265625 0.048828125 0.048828125
0 0.923828125 0.84765625 0.048828125 0.048828125
0 0.8359375 0.884765625 0.060546875 0.060546875
0 0.63623046875 0.7646484375 0.0732421875 0.07421875
0 0.83935546875 0.80810546875 0.0615234375 0.0615234375
0 0.63623046875 0.6630859375 0.0732421875 0.07421875
0 0.1650390625 0.1435546875 0.0859375 0.0859375
0 0.361328125 0.07080078125 0.060546875 0.0615234375
0 0.35986328125 0.1728515625 0.0732421875 0.07421875
0 0.0361328125 0.52490234375 0.048828125 0.0498046875
0 0.3583984375 0.81103515625 0.048828125 0.0498046875
0 0.44873046875 0.75927734375 0.0615234375 0.0615234375
0 0.2470703125 0.85400390625 0.060546875 0.0615234375
0 0.35546875 0.90966796875 0.048828125 0.0498046875
0 0.2509765625 0.77392578125 0.060546875 0.0615234375
0 0.35546875 0.712890625 0.037109375 0.037109375
0 0.4443359375 0.87451171875 0.048828125 0.0498046875
0 0.2509765625 0.65185546875 0.048828125 0.0498046875
0 0.45751953125 0.6572265625 0.0361328125 0.037109375
0 0.75732421875 0.44091796875 0.0615234375 0.0615234375
0 0.91162109375 0.31494140625 0.0615234375 0.0615234375
0 0.8369140625 0.12158203125 0.060546875 0.0615234375
0 0.6416015625 0.447265625 0.048828125 0.048828125
0 0.7451171875 0.24755859375 0.048828125 0.0498046875
0 0.9287109375 0.22021484375 0.060546875 0.0615234375
0 0.64697265625 0.11767578125 0.0615234375 0.0615234375
0 0.7431640625 0.13232421875 0.048828125 0.0498046875
0 0.5673828125 0.05615234375 0.048828125 0.0498046875
0 0.1640625 0.05126953125 0.09765625 0.0986328125
0 0.05859375 0.09375 0.0859375 0.0859375
0 0.9287109375 0.0927734375 0.048828125 0.048828125
0 0.736328125 0.0537109375 0.048828125 0.048828125
0 0.568359375 0.14794921875 0.048828125 0.0498046875
0 0.36376953125 0.2685546875 0.0244140625 0.025390625
0 0.46484375 0.212890625 0.048828125 0.048828125
0 0.458984375 0.09521484375 0.048828125 0.0498046875
0 0.642578125 0.21923828125 0.048828125 0.0498046875
0 0.8359375 0.21923828125 0.048828125 0.0498046875
0 0.919921875 0.42724609375 0.048828125 0.0498046875
0 0.83984375 0.40478515625 0.048828125 0.0498046875
0 0.83447265625 0.50830078125 0.0615234375 0.0615234375
0 0.837890625 0.5888671875 0.048828125 0.048828125
0 0.83984375 0.6708984375 0.048828125 0.048828125
0 0.748046875 0.6083984375 0.048828125 0.048828125
0 0.7529296875 0.515625 0.048828125 0.048828125
0 0.75 0.34814453125 0.048828125 0.0498046875
0 0.6376953125 0.3330078125 0.048828125 0.048828125
0 0.56396484375 0.37646484375 0.0244140625 0.0244140625
0 0.56884765625 0.50146484375 0.0244140625 0.0244140625
0 0.57080078125 0.6162109375 0.0244140625 0.025390625
0 0.45458984375 0.54345703125 0.0244140625 0.0244140625
0 0.45458984375 0.30517578125 0.0244140625 0.0244140625
0 0.9189453125 0.94921875 0.048828125 0.048828125
0 0.74755859375 0.89990234375 0.0244140625 0.0244140625
0 0.15185546875 0.69482421875 0.0244140625 0.0244140625
0 0.15185546875 0.8017578125 0.0361328125 0.037109375
0 0.2587890625 0.21875 0.048828125 0.048828125
0 0.26171875 0.330078125 0.048828125 0.048828125
0 0.15625 0.58251953125 0.037109375 0.0361328125
0 0.1611328125 0.4658203125 0.048828125 0.048828125
0 0.1611328125 0.361328125 0.048828125 0.048828125
0 0.16796875 0.25 0.048828125 0.048828125
0 0.0498046875 0.21533203125 0.0234375 0.0244140625
0 0.0439453125 0.318359375 0.048828125 0.048828125
0 0.033203125 0.43115234375 0.037109375 0.0361328125
0 0.26708984375 0.10791015625 0.0244140625 0.0244140625
0 0.36279296875 0.48974609375 0.0244140625 0.0244140625
0 0.24658203125 0.5771484375 0.0361328125 0.037109375