0 0.77783203125 0.10693359375 0.1103515625 0.1103515625
0 0.8935546875 0.10302734375 0.111328125 0.1103515625
0 0.923828125 0.20556640625 0.123046875 0.1220703125
0 0.8330078125 0.21337890625 0.111328125 0.1103515625
0 0.88720703125 0.294921875 0.1103515625 0.109375
0 0.791015625 0.30322265625 0.123046875 0.1220703125
0 0.9033203125 0.39990234375 0.123046875 0.1220703125
0 0.8017578125 0.40380859375 0.123046875 0.1220703125
0 0.90185546875 0.49853515625 0.1103515625 0.1103515625
0 0.93798828125 0.5869140625 0.1103515625 0.109375
0 0.90869140625 0.6953125 0.1103515625 0.109375
0 0.77392578125 0.67724609375 0.1220703125 0.1220703125
0 0.82373046875 0.775390625 0.1103515625 0.109375
0 0.94384765625 0.77880859375 0.1103515625 0.1103515625
0 0.88623046875 0.8740234375 0.0986328125 0.09765625
0 0.76806640625 0.87255859375 0.1103515625 0.1103515625
0 0.66748046875 0.869140625 0.0986328125 0.09765625
0 0.56201171875 0.86279296875 0.1103515625 0.1103515625
0 0.44384765625 0.8583984375 0.1103515625 0.109375
0 0.32861328125 0.865234375 0.1103515625 0.109375
0 0.72314453125 0.7744140625 0.0986328125 0.09765625
0 0.61279296875 0.7734375 0.1103515625 0.109375
0 0.50537109375 0.7744140625 0.1103515625 0.109375
0 0.39208984375 0.7724609375 0.1103515625 0.109375
0 0.67431640625 0.6826171875 0.0986328125 0.09765625
0 0.56591796875 0.68505859375 0.1103515625 0.1103515625
0 0.44189453125 0.68212890625 0.1103515625 0.1103515625
0 0.33154296875 0.67626953125 0.1103515625 0.1103515625
0 0.71142578125 0.5947265625 0.0986328125 0.09765625
0 0.61572265625 0.5830078125 0.0986328125 0.09765625
0 0.49755859375 0.5791015625 0.0986328125 0.09765625
0 0.6513671875 0.48876953125 0.123046875 0.1220703125
0 0.56396484375 0.4873046875 0.0986328125 0.09765625
0 0.4521484375 0.4853515625 0.09765625 0.09765625
0 0.345703125 0.4833984375 0.09765625 0.09765625
0 0.2255859375 0.46875 0.09765625 0.09765625
0 0.39599609375 0.57763671875 0.1103515625 0.1103515625
0 0.2763671875 0.578125 0.111328125 0.109375
0 0.22607421875 0.67529296875 0.1103515625 0.1103515625
0 0.28173828125 0.76708984375 0.1103515625 0.1103515625
0 0.21826171875 0.8681640625 0.1103515625 0.109375
0 0.599609375 0.38525390625 0.123046875 0.1220703125
0 0.5673828125 0.30029296875 0.111328125 0.1103515625
0 0.5166015625 0.20654296875 0.123046875 0.1220703125
0 0.45166015625 0.103515625 0.1103515625 0.109375
0 0.40869140625 0.197265625 0.0986328125 0.09765625
0 0.458984375 0.2939453125 0.09765625 0.09765625
0 0.34814453125 0.1123046875 0.1103515625 0.109375
0 0.2294921875 0.10888671875 0.0859375 0.0849609375
0 0.28369140625 0.203125 0.0986328125 0.09765625
0 0.34619140625 0.29052734375 0.1103515625 0.1103515625
0 0.23193359375 0.28955078125 0.1103515625 0.1103515625
0 0.2890625 0.39208984375 0.123046875 0.1220703125
0 0.396484375 0.39404296875 0.123046875 0.1220703125
0 0.10400390625 0.8603515625 0.1103515625 0.109375
0 0.06103515625 0.7666015625 0.0986328125 0.09765625
0 0.16943359375 0.77099609375 0.1103515625 0.1103515625
0 0.12548828125 0.66943359375 0.1103515625 0.1103515625
0 0.16650390625 0.5859375 0.1103515625 0.109375
0 0.11376953125 0.4833984375 0.1103515625 0.109375
0 0.125 0.29150390625 0.123046875 0.1220703125
0 0.05322265625 0.39453125 0.0986328125 0.09765625
0 0.17578125 0.39599609375 0.123046875 0.1220703125
0 0.0634765625 0.1982421875 0.111328125 0.109375
0 0.177734375 0.201171875 0.111328125 0.109375
0 0.1220703125 0.1103515625 0.09765625 0.09765625