0 0.0654296875 0.29443359375 0.0859375 0.0849609375
0 0.23291015625 0.21142578125 0.0732421875 0.0732421875
0 0.7216796875 0.49951171875 0.07421875 0.0732421875
0 0.1728515625 0.66943359375 0.123046875 0.1220703125
0 0.2822265625 0.66943359375 0.123046875 0.1220703125
0 0.3896484375 0.67529296875 0.123046875 0.1220703125
0 0.48486328125 0.68505859375 0.1220703125 0.1220703125
0 0.59765625 0.68115234375 0.123046875 0.1220703125
0 0.6640625 0.77197265625 0.0859375 0.0849609375
0 0.5498046875 0.76904296875 0.123046875 0.1220703125
0 0.4482421875 0.77294921875 0.123046875 0.1220703125
0 0.32080078125 0.76904296875 0.1220703125 0.1220703125
0 0.220703125 0.76611328125 0.123046875 0.1220703125
0 0.115234375 0.76123046875 0.123046875 0.1220703125
0 0.16455078125 0.85009765625 0.1220703125 0.1220703125
0 0.2802734375 0.86181640625 0.123046875 0.1220703125
0 0.3828125 0.86572265625 0.123046875 0.1220703125
0 0.49755859375 0.86865234375 0.1103515625 0.1103515625
0 0.59814453125 0.86376953125 0.1103515625 0.1103515625
0 0.7080078125 0.86767578125 0.123046875 0.1220703125
0 0.5302734375 0.95556640625 0.0859375 0.0849609375
0 0.330078125 0.94775390625 0.0859375 0.0849609375
0 0.21484375 0.947265625 0.0859375 0.0859375
0 0.0947265625 0.94091796875 0.0859375 0.0849609375
0 0.8232421875 0.87158203125 0.0859375 0.0849609375
0 0.87353515625 0.7685546875 0.0986328125 0.09765625
0 0.83251953125 0.67919921875 0.1103515625 0.1103515625
0 0.92724609375 0.68603515625 0.1103515625 0.1103515625
0 0.86865234375 0.5859375 0.0986328125 0.09765625
0 0.9365234375 0.484375 0.111328125 0.109375
0 0.1171875 0.58642578125 0.123046875 0.1220703125
0 0.220703125 0.580078125 0.0859375 0.0859375
0 0.337890625 0.58642578125 0.123046875 0.1220703125
0 0.4423828125 0.58935546875 0.123046875 0.1220703125
0 0.548828125 0.58837890625 0.123046875 0.1220703125
0 0.5048828125 0.49658203125 0.123046875 0.1220703125
0 0.6142578125 0.48876953125 0.123046875 0.1220703125
0 0.38232421875 0.49365234375 0.1220703125 0.1220703125
0 0.2822265625 0.48876953125 0.123046875 0.1220703125
0 0.1689453125 0.49169921875 0.123046875 0.1220703125
0 0.05712890625 0.48291015625 0.0869140625 0.0849609375
0 0.1171875 0.376953125 0.0859375 0.0859375
0 0.2265625 0.388671875 0.0859375 0.0859375
0 0.3408203125 0.384765625 0.0859375 0.0859375
0 0.45703125 0.38623046875 0.0859375 0.0849609375
0 0.55517578125 0.3916015625 0.0615234375 0.060546875
0 0.673828125 0.3984375 0.09765625 0.09765625
0 0.5908203125 0.31396484375 0.123046875 0.1220703125
0 0.5009765625 0.3076171875 0.111328125 0.109375
0 0.3876953125 0.30078125 0.0859375 0.0859375
0 0.265625 0.2958984375 0.09765625 0.09765625
0 0.14453125 0.29931640625 0.0859375 0.0849609375
0 0.1259765625 0.21044921875 0.0859375 0.0849609375
0 0.3759765625 0.1240234375 0.048828125 0.048828125
0 0.3466796875 0.216796875 0.0859375 0.0859375
0 0.4501953125 0.21044921875 0.123046875 0.1220703125
0 0.5634765625 0.21337890625 0.123046875 0.1220703125
0 0.67041015625 0.2138671875 0.0986328125 0.09765625
0 0.61669921875 0.123046875 0.0986328125 0.09765625
0 0.5048828125 0.12060546875 0.123046875 0.1220703125
0 0.07080078125 0.1044921875 0.0986328125 0.09765625
0 0.787109375 0.40625 0.09765625 0.09765625
0 0.884765625 0.4013671875 0.09765625 0.09765625
0 0.83544921875 0.306640625 0.0986328125 0.09765625
0 0.7236328125 0.31298828125 0.123046875 0.1220703125
0 0.791015625 0.21484375 0.09765625 0.09765625
0 0.89013671875 0.21484375 0.0986328125 0.09765625
0 0.94580078125 0.1298828125 0.0986328125 0.09765625
0 0.83935546875 0.12353515625 0.1220703125 0.1220703125
0 0.72998046875 0.1240234375 0.0986328125 0.09765625
0 0.2724609375 0.11865234375 0.0859375 0.0849609375