0 0.94384765625 0.216796875 0.1103515625 0.109375
0 0.8798828125 0.12939453125 0.111328125 0.1103515625
0 0.8798828125 0.31396484375 0.123046875 0.1220703125
0 0.9228515625 0.40185546875 0.123046875 0.1220703125
0 0.89306640625 0.67822265625 0.1103515625 0.1103515625
0 0.8798828125 0.87353515625 0.123046875 0.1220703125
0 0.7451171875 0.5908203125 0.037109375 0.037109375
0 0.77001953125 0.86328125 0.1103515625 0.109375
0 0.67138671875 0.8623046875 0.1103515625 0.109375
0 0.54833984375 0.85986328125 0.1103515625 0.1103515625
0 0.44482421875 0.85400390625 0.1103515625 0.1103515625
0 0.38525390625 0.76806640625 0.1103515625 0.1103515625
0 0.49853515625 0.75830078125 0.1103515625 0.1103515625
0 0.61181640625 0.76806640625 0.1103515625 0.1103515625
0 0.72705078125 0.77294921875 0.1103515625 0.1103515625
0 0.8349609375 0.77001953125 0.123046875 0.1220703125
0 0.78662109375 0.6943359375 0.1103515625 0.109375
0 0.66650390625 0.681640625 0.0986328125 0.09765625
0 0.54736328125 0.67333984375 0.0732421875 0.0732421875
0 0.44091796875 0.673828125 0.0986328125 0.09765625
0 0.3798828125 0.580078125 0.09765625 0.09765625
0 0.4326171875 0.50048828125 0.037109375 0.0361328125
0 0.6220703125 0.5830078125 0.0859375 0.0859375
0 0.4970703125 0.5810546875 0.0859375 0.0859375
0 0.77978515625 0.50146484375 0.1220703125 0.1220703125
0 0.83203125 0.40380859375 0.123046875 0.1220703125
0 0.57763671875 0.39794921875 0.1103515625 0.1103515625
0 0.658203125 0.30322265625 0.123046875 0.1220703125
0 0.77392578125 0.3056640625 0.1103515625 0.109375
0 0.5634765625 0.3056640625 0.111328125 0.109375
0 0.4423828125 0.30908203125 0.123046875 0.1220703125
0 0.3486328125 0.30810546875 0.123046875 0.1220703125
0 0.38427734375 0.21240234375 0.1103515625 0.1103515625
0 0.4931640625 0.21240234375 0.123046875 0.1220703125
0 0.6181640625 0.21923828125 0.123046875 0.1220703125
0 0.712890625 0.21142578125 0.123046875 0.1220703125
0 0.82958984375 0.21484375 0.1103515625 0.109375
0 0.7783203125 0.12548828125 0.111328125 0.1103515625
0 0.6572265625 0.11865234375 0.123046875 0.1220703125
0 0.55419921875 0.12841796875 0.1103515625 0.1103515625
0 0.44287109375 0.12646484375 0.1103515625 0.1103515625
0 0.35009765625 0.115234375 0.0986328125 0.09765625
0 0.8408203125 0.5927734375 0.0859375 0.0859375
0 0.33642578125 0.86376953125 0.1103515625 0.1103515625
0 0.27197265625 0.765625 0.1103515625 0.109375
0 0.3232421875 0.66162109375 0.123046875 0.1220703125
0 0.2607421875 0.57373046875 0.07421875 0.0732421875
0 0.22216796875 0.6689453125 0.1103515625 0.109375
0 0.2587890625 0.21142578125 0.123046875 0.1220703125
0 0.2236328125 0.12060546875 0.123046875 0.1220703125
0 0.2216796875 0.30322265625 0.123046875 0.1220703125
0 0.103515625 0.11767578125 0.123046875 0.1220703125
0 0.0634765625 0.20751953125 0.123046875 0.1220703125
0 0.166015625 0.2109375 0.09765625 0.09765625
0 0.1240234375 0.30712890625 0.123046875 0.1220703125
0 0.123046875 0.66845703125 0.0859375 0.0849609375
0 0.16748046875 0.76171875 0.1103515625 0.109375
0 0.05517578125 0.763671875 0.0986328125 0.09765625
0 0.22412109375 0.85888671875 0.1103515625 0.1103515625
0 0.11376953125 0.85888671875 0.1103515625 0.1103515625
0 0.05517578125 0.947265625 0.0986328125 0.09765625