0 0.2783203125 0.79443359375 0.048828125 0.0498046875
0 0.373046875 0.87255859375 0.048828125 0.0498046875
0 0.1650390625 0.86279296875 0.037109375 0.0361328125
0 0.0751953125 0.9501953125 0.048828125 0.048828125
0 0.37158203125 0.96728515625 0.0361328125 0.0361328125
0 0.37939453125 0.087890625 0.1220703125 0.123046875
0 0.568359375 0.0966796875 0.109375 0.111328125
0 0.77197265625 0.0810546875 0.1220703125 0.123046875
0 0.6611328125 0.15234375 0.09765625 0.09765625
0 0.6689453125 0.2578125 0.09765625 0.09765625
0 0.6572265625 0.380859375 0.09765625 0.09765625
0 0.6611328125 0.46923828125 0.09765625 0.0986328125
0 0.55859375 0.53662109375 0.09765625 0.0986328125
0 0.572265625 0.41796875 0.0859375 0.0859375
0 0.5654296875 0.3125 0.0859375 0.0859375
0 0.5703125 0.201171875 0.09765625 0.09765625
0 0.4697265625 0.1474609375 0.09765625 0.09765625
0 0.4716796875 0.26708984375 0.09765625 0.0986328125
0 0.4716796875 0.35888671875 0.09765625 0.0986328125
0 0.46484375 0.47509765625 0.09765625 0.0986328125
0 0.47216796875 0.58154296875 0.0849609375 0.0869140625
0 0.37646484375 0.42431640625 0.1103515625 0.1103515625
0 0.375 0.30615234375 0.09765625 0.0986328125
0 0.37451171875 0.19970703125 0.1103515625 0.1103515625
0 0.28125 0.14599609375 0.09765625 0.0986328125
0 0.2744140625 0.24072265625 0.09765625 0.0986328125
0 0.27734375 0.36962890625 0.109375 0.1103515625
0 0.2734375 0.47509765625 0.109375 0.1103515625
0 0.177734375 0.41943359375 0.09765625 0.0986328125
0 0.1845703125 0.31005859375 0.09765625 0.0986328125
0 0.193359375 0.17822265625 0.09765625 0.0986328125
0 0.1806640625 0.09228515625 0.09765625 0.0986328125
0 0.0869140625 0.13232421875 0.09765625 0.0986328125
0 0.0869140625 0.26123046875 0.09765625 0.0986328125
0 0.0908203125 0.35498046875 0.09765625 0.0986328125
0 0.0830078125 0.4716796875 0.09765625 0.09765625
0 0.1767578125 0.5302734375 0.048828125 0.048828125
0 0.0751953125 0.59375 0.048828125 0.048828125
0 0.3779296875 0.53759765625 0.060546875 0.0615234375
0 0.28515625 0.587890625 0.048828125 0.048828125
0 0.76904296875 0.1875 0.1220703125 0.123046875
0 0.76416015625 0.30126953125 0.1220703125 0.1220703125
0 0.76708984375 0.40380859375 0.1103515625 0.1103515625
0 0.759765625 0.53466796875 0.09765625 0.0986328125
0 0.6572265625 0.583984375 0.0859375 0.0859375
0 0.75830078125 0.64697265625 0.1103515625 0.1103515625
0 0.85107421875 0.5849609375 0.0849609375 0.0859375
0 0.8544921875 0.48388671875 0.09765625 0.0986328125
0 0.8525390625 0.36572265625 0.09765625 0.0986328125
0 0.857421875 0.25634765625 0.09765625 0.0986328125
0 0.85791015625 0.1533203125 0.1220703125 0.123046875
0 0.9443359375 0.1923828125 0.09765625 0.09765625
0 0.953125 0.421875 0.0859375 0.0859375
0 0.94140625 0.74951171875 0.09765625 0.0986328125
0 0.943359375 0.85302734375 0.09765625 0.0986328125
0 0.85205078125 0.68994140625 0.0849609375 0.0869140625
0 0.7421875 0.74658203125 0.048828125 0.0498046875
0 0.6611328125 0.70458984375 0.09765625 0.0986328125
0 0.07861328125 0.81103515625 0.0615234375 0.0615234375
0 0.076171875 0.69873046875 0.048828125 0.0498046875
0 0.173828125 0.74169921875 0.048828125 0.0498046875
0 0.28466796875 0.6943359375 0.0361328125 0.037109375
0 0.38720703125 0.640625 0.0361328125 0.037109375
0 0.283203125 0.90087890625 0.048828125 0.0498046875
0 0.455078125 0.818359375 0.048828125 0.048828125
0 0.4677734375 0.6982421875 0.048828125 0.048828125
0 0.5498046875 0.7265625 0.037109375 0.037109375
0 0.541015625 0.8740234375 0.037109375 0.037109375
0 0.689453125 0.8310546875 0.037109375 0.037109375
0 0.73974609375 0.95703125 0.0361328125 0.037109375
0 0.84765625 0.8125 0.037109375 0.037109375
0 0.44384765625 0.9189453125 0.0361328125 0.037109375
0 0.56640625 0.6455078125 0.09765625 0.09765625