0 0.5947265625 0.50146484375 0.09765625 0.0986328125
0 0.025390625 0.390625 0.048828125 0.048828125
0 0.1181640625 0.66552734375 0.048828125 0.0498046875
0 0.88330078125 0.11669921875 0.1103515625 0.1103515625
0 0.78515625 0.07177734375 0.109375 0.1103515625
0 0.7890625 0.17138671875 0.109375 0.1103515625
0 0.70068359375 0.12158203125 0.1103515625 0.1103515625
0 0.59619140625 0.16650390625 0.1103515625 0.1103515625
0 0.59765625 0.05517578125 0.09765625 0.0986328125
0 0.5087890625 0.09716796875 0.109375 0.1103515625
0 0.40673828125 0.0625 0.1220703125 0.123046875
0 0.41650390625 0.169921875 0.1220703125 0.123046875
0 0.3115234375 0.12158203125 0.09765625 0.0986328125
0 0.2255859375 0.06298828125 0.09765625 0.0986328125
0 0.22900390625 0.166015625 0.1103515625 0.111328125
0 0.123046875 0.111328125 0.109375 0.111328125
0 0.88330078125 0.548828125 0.1103515625 0.111328125
0 0.88330078125 0.451171875 0.0732421875 0.07421875
0 0.88818359375 0.34765625 0.1220703125 0.123046875
0 0.8837890625 0.22412109375 0.109375 0.1103515625
0 0.87255859375 0.7783203125 0.1220703125 0.123046875
0 0.87841796875 0.89453125 0.1220703125 0.123046875
0 0.86962890625 0.67041015625 0.1103515625 0.1103515625
0 0.77294921875 0.61669921875 0.1103515625 0.1103515625
0 0.7841796875 0.72412109375 0.109375 0.1103515625
0 0.7744140625 0.83056640625 0.109375 0.1103515625
0 0.7744140625 0.93896484375 0.109375 0.1103515625
0 0.11767578125 0.22021484375 0.1103515625 0.1103515625
0 0.216796875 0.28466796875 0.109375 0.1103515625
0 0.216796875 0.39404296875 0.109375 0.1103515625
0 0.21923828125 0.50244140625 0.1103515625 0.1103515625
0 0.22021484375 0.60205078125 0.1103515625 0.1103515625
0 0.22021484375 0.71435546875 0.1103515625 0.1103515625
0 0.3212890625 0.66162109375 0.09765625 0.0986328125
0 0.3173828125 0.55029296875 0.09765625 0.0986328125
0 0.3115234375 0.44189453125 0.109375 0.1103515625
0 0.318359375 0.32958984375 0.109375 0.1103515625
0 0.30517578125 0.22021484375 0.1103515625 0.1103515625
0 0.40185546875 0.275390625 0.1220703125 0.123046875
0 0.41162109375 0.37744140625 0.1103515625 0.1103515625
0 0.4140625 0.49853515625 0.109375 0.1103515625
0 0.41015625 0.60302734375 0.109375 0.1103515625
0 0.416015625 0.71435546875 0.09765625 0.0986328125
0 0.49658203125 0.66357421875 0.1103515625 0.1103515625
0 0.50439453125 0.55810546875 0.1103515625 0.1103515625
0 0.50048828125 0.44384765625 0.1103515625 0.1103515625
0 0.49462890625 0.34814453125 0.1103515625 0.1103515625
0 0.5 0.220703125 0.109375 0.111328125
0 0.59765625 0.279296875 0.109375 0.111328125
0 0.599609375 0.38818359375 0.109375 0.1103515625
0 0.59814453125 0.61767578125 0.1103515625 0.1103515625
0 0.6826171875 0.66552734375 0.109375 0.1103515625
0 0.68359375 0.54638671875 0.109375 0.1103515625
0 0.6904296875 0.4521484375 0.109375 0.111328125
0 0.6875 0.33203125 0.09765625 0.09765625
0 0.69189453125 0.2197265625 0.1103515625 0.111328125
0 0.78759765625 0.27783203125 0.1103515625 0.1103515625
0 0.7841796875 0.388671875 0.09765625 0.09765625
0 0.78466796875 0.5029296875 0.1103515625 0.111328125
0 0.68994140625 0.77880859375 0.1103515625 0.1103515625
0 0.69482421875 0.87939453125 0.0849609375 0.0869140625
0 0.59423828125 0.73291015625 0.1103515625 0.1103515625
0 0.59033203125 0.83544921875 0.1103515625 0.1103515625
0 0.59375 0.94677734375 0.09765625 0.0986328125
0 0.50390625 0.77685546875 0.109375 0.1103515625
0 0.5029296875 0.89306640625 0.09765625 0.0986328125
0 0.4130859375 0.84326171875 0.09765625 0.0986328125
0 0.4140625 0.93359375 0.09765625 0.09765625
0 0.31005859375 0.78173828125 0.1103515625 0.1103515625
0 0.3203125 0.888671875 0.09765625 0.09765625
0 0.22216796875 0.8359375 0.1103515625 0.111328125
0 0.1142578125 0.556640625 0.037109375 0.037109375
0 0.1142578125 0.78662109375 0.048828125 0.0498046875
0 0.1181640625 0.8916015625 0.048828125 0.048828125
0 0.1201171875 0.3330078125 0.048828125 0.048828125
0 0.12109375 0.43359375 0.048828125 0.048828125