0 0.94287109375 0.25830078125 0.1103515625 0.1103515625
0 0.9296875 0.45361328125 0.123046875 0.1220703125
0 0.9296875 0.65478515625 0.123046875 0.1220703125
0 0.794921875 0.1708984375 0.037109375 0.037109375
0 0.873046875 0.92724609375 0.123046875 0.1220703125
0 0.75537109375 0.9208984375 0.1103515625 0.109375
0 0.65478515625 0.9228515625 0.0986328125 0.09765625
0 0.5439453125 0.91552734375 0.123046875 0.1220703125
0 0.435546875 0.92333984375 0.123046875 0.1220703125
0 0.4990234375 0.82177734375 0.123046875 0.1220703125
0 0.615234375 0.8271484375 0.09765625 0.09765625
0 0.7236328125 0.82568359375 0.123046875 0.1220703125
0 0.828125 0.82177734375 0.123046875 0.1220703125
0 0.93359375 0.82861328125 0.123046875 0.1220703125
0 0.876953125 0.73583984375 0.123046875 0.1220703125
0 0.7763671875 0.73193359375 0.123046875 0.1220703125
0 0.66015625 0.73193359375 0.123046875 0.1220703125
0 0.54296875 0.72998046875 0.123046875 0.1220703125
0 0.4306640625 0.72021484375 0.123046875 0.1220703125
0 0.826171875 0.64013671875 0.111328125 0.1103515625
0 0.720703125 0.64013671875 0.111328125 0.1103515625
0 0.60205078125 0.6337890625 0.1103515625 0.109375
0 0.48876953125 0.6328125 0.1103515625 0.109375
0 0.43701171875 0.5419921875 0.1103515625 0.109375
0 0.55810546875 0.5419921875 0.1103515625 0.109375
0 0.65771484375 0.548828125 0.1103515625 0.109375
0 0.767578125 0.544921875 0.111328125 0.109375
0 0.8759765625 0.548828125 0.111328125 0.109375
0 0.81982421875 0.443359375 0.1103515625 0.109375
0 0.72119140625 0.4423828125 0.1103515625 0.109375
0 0.59814453125 0.43994140625 0.1103515625 0.1103515625
0 0.49462890625 0.43408203125 0.1103515625 0.1103515625
0 0.43505859375 0.34814453125 0.1103515625 0.1103515625
0 0.54833984375 0.33837890625 0.1103515625 0.1103515625
0 0.66162109375 0.34814453125 0.1103515625 0.1103515625
0 0.77685546875 0.35302734375 0.1103515625 0.1103515625
0 0.884765625 0.35009765625 0.123046875 0.1220703125
0 0.83642578125 0.2744140625 0.1103515625 0.109375
0 0.71630859375 0.26171875 0.0986328125 0.09765625
0 0.59716796875 0.25341796875 0.0732421875 0.0732421875
0 0.49072265625 0.25390625 0.0986328125 0.09765625
0 0.4296875 0.16015625 0.09765625 0.09765625
0 0.482421875 0.08056640625 0.037109375 0.0361328125
0 0.671875 0.1630859375 0.0859375 0.0859375
0 0.546875 0.1611328125 0.0859375 0.0859375
0 0.82958984375 0.08154296875 0.1220703125 0.1220703125
0 0.890625 0.1728515625 0.0859375 0.0859375
0 0.38232421875 0.640625 0.1103515625 0.109375
0 0.38623046875 0.44384765625 0.1103515625 0.1103515625
0 0.32177734375 0.345703125 0.1103515625 0.109375
0 0.373046875 0.24169921875 0.123046875 0.1220703125
0 0.310546875 0.15380859375 0.07421875 0.0732421875
0 0.27197265625 0.2490234375 0.1103515625 0.109375
0 0.31787109375 0.54931640625 0.1103515625 0.1103515625
0 0.1728515625 0.24853515625 0.0859375 0.0849609375
0 0.21728515625 0.341796875 0.1103515625 0.109375
0 0.10498046875 0.34375 0.0986328125 0.09765625
0 0.27392578125 0.43896484375 0.1103515625 0.1103515625
0 0.16357421875 0.43896484375 0.1103515625 0.1103515625
0 0.22412109375 0.53466796875 0.1103515625 0.1103515625
0 0.10498046875 0.52734375 0.0986328125 0.09765625
0 0.271484375 0.6259765625 0.111328125 0.109375
0 0.16162109375 0.6279296875 0.1103515625 0.109375
0 0.3251953125 0.73583984375 0.123046875 0.1220703125
0 0.2333984375 0.73388671875 0.123046875 0.1220703125
0 0.1015625 0.72900390625 0.123046875 0.1220703125
0 0.384765625 0.82373046875 0.123046875 0.1220703125
0 0.2880859375 0.82763671875 0.123046875 0.1220703125
0 0.169921875 0.82373046875 0.123046875 0.1220703125
0 0.1103515625 0.91943359375 0.111328125 0.1103515625
0 0.3310546875 0.91357421875 0.123046875 0.1220703125
0 0.22021484375 0.92236328125 0.1103515625 0.1103515625