0 0.49658203125 0.09228515625 0.1103515625 0.1103515625
0 0.3876953125 0.09228515625 0.123046875 0.1220703125
0 0.2626953125 0.08544921875 0.123046875 0.1220703125
0 0.16796875 0.09326171875 0.123046875 0.1220703125
0 0.1025390625 0.17919921875 0.111328125 0.1103515625
0 0.2236328125 0.18603515625 0.123046875 0.1220703125
0 0.32666015625 0.17626953125 0.1103515625 0.1103515625
0 0.43798828125 0.17822265625 0.1103515625 0.1103515625
0 0.53076171875 0.189453125 0.0986328125 0.09765625
0 0.48583984375 0.27880859375 0.1220703125 0.1220703125
0 0.3916015625 0.28564453125 0.123046875 0.1220703125
0 0.2734375 0.29150390625 0.123046875 0.1220703125
0 0.171875 0.26806640625 0.123046875 0.1220703125
0 0.09912109375 0.3720703125 0.1103515625 0.109375
0 0.21826171875 0.376953125 0.1103515625 0.109375
0 0.3203125 0.37451171875 0.123046875 0.1220703125
0 0.42919921875 0.37451171875 0.1220703125 0.1220703125
0 0.53076171875 0.375 0.0986328125 0.09765625
0 0.49169921875 0.4775390625 0.0986328125 0.09765625
0 0.38720703125 0.4853515625 0.0986328125 0.09765625
0 0.27294921875 0.4755859375 0.0986328125 0.09765625
0 0.16552734375 0.47265625 0.1103515625 0.109375
0 0.12060546875 0.57080078125 0.1103515625 0.1103515625
0 0.21923828125 0.5673828125 0.0986328125 0.09765625
0 0.32373046875 0.56787109375 0.1103515625 0.1103515625
0 0.44189453125 0.564453125 0.1103515625 0.109375
0 0.486328125 0.66552734375 0.123046875 0.1220703125
0 0.36083984375 0.66796875 0.1103515625 0.109375
0 0.24609375 0.65087890625 0.123046875 0.1220703125
0 0.14501953125 0.66015625 0.0986328125 0.09765625
0 0.10888671875 0.7548828125 0.1103515625 0.109375
0 0.21826171875 0.7548828125 0.1103515625 0.109375
0 0.32275390625 0.7568359375 0.0986328125 0.09765625
0 0.4501953125 0.75244140625 0.123046875 0.1220703125
0 0.6220703125 0.09326171875 0.123046875 0.1220703125
0 0.6572265625 0.18408203125 0.123046875 0.1220703125
0 0.06005859375 0.8623046875 0.0986328125 0.09765625
0 0.16455078125 0.8359375 0.0986328125 0.09765625
0 0.28173828125 0.84619140625 0.1103515625 0.1103515625
0 0.3828125 0.85498046875 0.111328125 0.1103515625
0 0.5029296875 0.84228515625 0.111328125 0.1103515625
0 0.6435546875 0.93701171875 0.123046875 0.1220703125
0 0.93359375 0.84375 0.09765625 0.09765625
0 0.8291015625 0.85302734375 0.123046875 0.1220703125
0 0.7216796875 0.85205078125 0.123046875 0.1220703125
0 0.60888671875 0.853515625 0.0986328125 0.09765625
0 0.54736328125 0.75244140625 0.1103515625 0.1103515625
0 0.58935546875 0.662109375 0.1103515625 0.109375
0 0.70751953125 0.66162109375 0.1103515625 0.1103515625
0 0.66357421875 0.75732421875 0.1103515625 0.1103515625
0 0.75927734375 0.75048828125 0.1103515625 0.1103515625
0 0.880859375 0.75732421875 0.123046875 0.1220703125
0 0.9375 0.66259765625 0.123046875 0.1220703125
0 0.80517578125 0.66015625 0.0986328125 0.09765625
0 0.55224609375 0.568359375 0.1103515625 0.109375
0 0.66650390625 0.57177734375 0.1220703125 0.1220703125
0 0.7783203125 0.57275390625 0.123046875 0.1220703125
0 0.8798828125 0.57080078125 0.123046875 0.1220703125
0 0.82470703125 0.47314453125 0.1220703125 0.1220703125
0 0.71533203125 0.47314453125 0.1220703125 0.1220703125
0 0.61181640625 0.482421875 0.0986328125 0.09765625
0 0.6494140625 0.37451171875 0.123046875 0.1220703125
0 0.7646484375 0.37158203125 0.123046875 0.1220703125
0 0.87451171875 0.37548828125 0.1220703125 0.1220703125
0 0.94775390625 0.2705078125 0.0986328125 0.09765625
0 0.8447265625 0.28076171875 0.123046875 0.1220703125
0 0.7158203125 0.27392578125 0.123046875 0.1220703125
0 0.5908203125 0.26904296875 0.123046875 0.1220703125
0 0.77734375 0.18701171875 0.123046875 0.1220703125
0 0.8779296875 0.19287109375 0.123046875 0.1220703125
0 0.935546875 0.09228515625 0.123046875 0.1220703125
0 0.8173828125 0.09716796875 0.123046875 0.1220703125
0 0.71484375 0.09375 0.09765625 0.09765625