0 0.1513671875 0.83935546875 0.060546875 0.0615234375
0 0.0537109375 0.91650390625 0.060546875 0.0615234375
0 0.435546875 0.6435546875 0.048828125 0.048828125
0 0.33740234375 0.73291015625 0.0615234375 0.0615234375
0 0.24560546875 0.68798828125 0.0615234375 0.0615234375
0 0.529296875 0.96728515625 0.060546875 0.0615234375
0 0.89599609375 0.81396484375 0.0615234375 0.0615234375
0 0.8046875 0.6787109375 0.037109375 0.037109375
0 0.53466796875 0.6337890625 0.0361328125 0.037109375
0 0.33935546875 0.96337890625 0.0615234375 0.0615234375
0 0.89453125 0.71435546875 0.048828125 0.0498046875
0 0.6162109375 0.6083984375 0.037109375 0.037109375
0 0.52734375 0.7392578125 0.048828125 0.048828125
0 0.89208984375 0.94091796875 0.0615234375 0.0615234375
0 0.259765625 0.90185546875 0.048828125 0.0498046875
0 0.89697265625 0.61865234375 0.0615234375 0.0615234375
0 0.71630859375 0.49951171875 0.0732421875 0.0732421875
0 0.79541015625 0.32470703125 0.0615234375 0.0615234375
0 0.7177734375 0.40673828125 0.048828125 0.0498046875
0 0.80517578125 0.22900390625 0.0615234375 0.0615234375
0 0.06201171875 0.1162109375 0.1220703125 0.123046875
0 0.14306640625 0.0673828125 0.1220703125 0.123046875
0 0.13916015625 0.185546875 0.1220703125 0.123046875
0 0.23876953125 0.13671875 0.1220703125 0.123046875
0 0.34228515625 0.068359375 0.1220703125 0.123046875
0 0.34130859375 0.181640625 0.1220703125 0.123046875
0 0.43505859375 0.14892578125 0.1220703125 0.1220703125
0 0.53271484375 0.080078125 0.1220703125 0.123046875
0 0.61767578125 0.1298828125 0.1220703125 0.123046875
0 0.71484375 0.08154296875 0.09765625 0.0986328125
0 0.72705078125 0.1962890625 0.1220703125 0.123046875
0 0.52392578125 0.16943359375 0.0849609375 0.0869140625
0 0.7197265625 0.29443359375 0.109375 0.1103515625
0 0.6259765625 0.23095703125 0.109375 0.1103515625
0 0.62548828125 0.33349609375 0.1103515625 0.1103515625
0 0.61962890625 0.50830078125 0.1220703125 0.1220703125
0 0.5205078125 0.52001953125 0.09765625 0.0986328125
0 0.51708984375 0.41748046875 0.1103515625 0.1103515625
0 0.5263671875 0.29052734375 0.09765625 0.0986328125
0 0.427734375 0.28955078125 0.09765625 0.0986328125
0 0.42822265625 0.4296875 0.1220703125 0.123046875
0 0.427734375 0.56396484375 0.109375 0.1103515625
0 0.33984375 0.29248046875 0.09765625 0.0986328125
0 0.33837890625 0.396484375 0.1220703125 0.123046875
0 0.3388671875 0.51416015625 0.09765625 0.0986328125
0 0.24365234375 0.58203125 0.1103515625 0.111328125
0 0.23046875 0.24072265625 0.09765625 0.0986328125
0 0.2421875 0.35400390625 0.09765625 0.0986328125
0 0.234375 0.4599609375 0.09765625 0.09765625
0 0.146484375 0.28857421875 0.09765625 0.0986328125
0 0.1494140625 0.400390625 0.09765625 0.09765625
0 0.146484375 0.513671875 0.109375 0.111328125
0 0.15234375 0.609375 0.0859375 0.0859375
0 0.06982421875 0.2939453125 0.1220703125 0.123046875
0 0.05859375 0.435546875 0.109375 0.111328125
0 0.06298828125 0.666015625 0.1220703125 0.123046875
0 0.97900390625 0.158203125 0.0361328125 0.037109375
0 0.8955078125 0.279296875 0.037109375 0.037109375
0 0.8994140625 0.18359375 0.037109375 0.037109375
0 0.900390625 0.0673828125 0.037109375 0.037109375
0 0.79541015625 0.44580078125 0.0361328125 0.0361328125
0 0.90234375 0.40234375 0.037109375 0.037109375
0 0.9013671875 0.51318359375 0.048828125 0.0498046875
0 0.79931640625 0.55322265625 0.0361328125 0.0361328125
0 0.7978515625 0.77734375 0.037109375 0.037109375
0 0.7958984375 0.8935546875 0.037109375 0.037109375
0 0.71875 0.71875 0.048828125 0.048828125
0 0.60986328125 0.7294921875 0.0361328125 0.037109375
0 0.62158203125 0.85546875 0.0361328125 0.037109375
0 0.62109375 0.9384765625 0.048828125 0.048828125
0 0.71484375 0.83154296875 0.060546875 0.0615234375
0 0.5263671875 0.8486328125 0.037109375 0.037109375
0 0.4287109375 0.8994140625 0.048828125 0.048828125
0 0.431640625 0.794921875 0.037109375 0.037109375
0 0.3388671875 0.638671875 0.048828125 0.048828125
0 0.333984375 0.84619140625 0.048828125 0.0498046875
0 0.25634765625 0.80224609375 0.0615234375 0.0615234375
0 0.142578125 0.72705078125 0.048828125 0.0498046875
0 0.0576171875 0.78955078125 0.060546875 0.0615234375
0 0.1513671875 0.94091796875 0.048828125 0.0498046875