0 0.06005859375 0.29296875 0.0732421875 0.07421875
0 0.2666015625 0.05712890625 0.048828125 0.0498046875
0 0.361328125 0.13525390625 0.048828125 0.0498046875
0 0.2587890625 0.28857421875 0.048828125 0.0498046875
0 0.1533203125 0.12548828125 0.037109375 0.0361328125
0 0.0634765625 0.212890625 0.048828125 0.048828125
0 0.35986328125 0.22998046875 0.0361328125 0.0361328125
0 0.05908203125 0.3955078125 0.0615234375 0.060546875
0 0.14892578125 0.55859375 0.0615234375 0.060546875
0 0.3515625 0.38720703125 0.048828125 0.0498046875
0 0.2470703125 0.6083984375 0.060546875 0.060546875
0 0.251953125 0.4248046875 0.048828125 0.048828125
0 0.3564453125 0.46875 0.048828125 0.048828125
0 0.3427734375 0.552734375 0.048828125 0.048828125
0 0.44091796875 0.486328125 0.0361328125 0.037109375
0 0.81591796875 0.29443359375 0.0615234375 0.0615234375
0 0.931640625 0.11572265625 0.09765625 0.0986328125
0 0.9365234375 0.23388671875 0.09765625 0.0986328125
0 0.06689453125 0.07373046875 0.0615234375 0.0615234375
0 0.841796875 0.61376953125 0.060546875 0.0615234375
0 0.8388671875 0.51318359375 0.048828125 0.0498046875
0 0.92236328125 0.78076171875 0.0361328125 0.0361328125
0 0.92236328125 0.91064453125 0.0244140625 0.0244140625
0 0.8486328125 0.71044921875 0.037109375 0.0361328125
0 0.8515625 0.82958984375 0.048828125 0.0498046875
0 0.845703125 0.9609375 0.037109375 0.037109375
0 0.75830078125 0.75341796875 0.0361328125 0.0361328125
0 0.92431640625 0.4609375 0.0361328125 0.037109375
0 0.84423828125 0.3955078125 0.0361328125 0.037109375
0 0.7412109375 0.4501953125 0.037109375 0.037109375
0 0.6435546875 0.50341796875 0.037109375 0.0361328125
0 0.54345703125 0.55029296875 0.0361328125 0.0361328125
0 0.52197265625 0.6748046875 0.0361328125 0.037109375
0 0.63818359375 0.62646484375 0.0361328125 0.0361328125
0 0.7568359375 0.56884765625 0.048828125 0.0498046875
0 0.7578125 0.65771484375 0.037109375 0.0361328125
0 0.92578125 0.55859375 0.048828125 0.048828125
0 0.92626953125 0.66015625 0.0361328125 0.037109375
0 0.1494140625 0.333984375 0.037109375 0.037109375
0 0.271484375 0.16357421875 0.048828125 0.0498046875
0 0.46240234375 0.30126953125 0.0361328125 0.0361328125
0 0.443359375 0.0810546875 0.048828125 0.048828125
0 0.529296875 0.13671875 0.037109375 0.037109375
0 0.677734375 0.09375 0.037109375 0.037109375
0 0.72802734375 0.2197265625 0.0361328125 0.037109375
0 0.8359375 0.0751953125 0.037109375 0.037109375
0 0.646484375 0.279296875 0.037109375 0.037109375
0 0.74072265625 0.32080078125 0.0244140625 0.0244140625
0 0.43212890625 0.181640625 0.0361328125 0.037109375
0 0.056640625 0.61669921875 0.060546875 0.0615234375
0 0.056640625 0.6923828125 0.048828125 0.048828125
0 0.14990234375 0.4453125 0.0361328125 0.037109375
0 0.142578125 0.65625 0.048828125 0.048828125
0 0.2578125 0.5185546875 0.037109375 0.037109375
0 0.34716796875 0.6982421875 0.0244140625 0.025390625
0 0.42822265625 0.6982421875 0.0361328125 0.037109375
0 0.59033203125 0.39697265625 0.0361328125 0.0361328125
0 0.9306640625 0.3466796875 0.037109375 0.037109375
0 0.1494140625 0.884765625 0.037109375 0.037109375
0 0.1396484375 0.97705078125 0.037109375 0.0361328125
0 0.26904296875 0.87890625 0.0361328125 0.037109375
0 0.35205078125 0.9150390625 0.0361328125 0.037109375
0 0.4228515625 0.9521484375 0.037109375 0.037109375
0 0.421875 0.87890625 0.037109375 0.037109375