0 0.08642578125 0.95556640625 0.0615234375 0.0615234375
0 0.19970703125 0.9541015625 0.0615234375 0.060546875
0 0.21484375 0.41015625 0.048828125 0.048828125
0 0.12548828125 0.31201171875 0.0615234375 0.0615234375
0 0.17041015625 0.22021484375 0.0615234375 0.0615234375
0 0.04443359375 0.87060546875 0.0615234375 0.0615234375
0 0.1796875 0.779296875 0.037109375 0.037109375
0 0.224609375 0.50927734375 0.037109375 0.0361328125
0 0.14404296875 0.869140625 0.0498046875 0.048828125
0 0.25 0.5908203125 0.037109375 0.037109375
0 0.119140625 0.501953125 0.048828125 0.048828125
0 0.23974609375 0.87158203125 0.0615234375 0.0615234375
0 0.35888671875 0.69091796875 0.0732421875 0.0732421875
0 0.2958984375 0.95263671875 0.07421875 0.0732421875
0 0.53369140625 0.77001953125 0.0615234375 0.0615234375
0 0.45166015625 0.6923828125 0.0498046875 0.048828125
0 0.62939453125 0.77978515625 0.0615234375 0.0615234375
0 0.49072265625 0.955078125 0.0615234375 0.060546875
0 0.3974609375 0.9560546875 0.048828125 0.048828125
0 0.8955078125 0.12158203125 0.123046875 0.1220703125
0 0.791015625 0.11767578125 0.123046875 0.1220703125
0 0.6728515625 0.11376953125 0.123046875 0.1220703125
0 0.7216796875 0.21337890625 0.123046875 0.1220703125
0 0.8359375 0.21337890625 0.123046875 0.1220703125
0 0.90087890625 0.31689453125 0.1220703125 0.1220703125
0 0.7900390625 0.31689453125 0.123046875 0.1220703125
0 0.6767578125 0.31591796875 0.123046875 0.1220703125
0 0.70947265625 0.40966796875 0.1220703125 0.1220703125
0 0.82763671875 0.421875 0.0986328125 0.09765625
0 0.9306640625 0.41162109375 0.123046875 0.1220703125
0 0.8974609375 0.49951171875 0.123046875 0.1220703125
0 0.7783203125 0.50732421875 0.123046875 0.1220703125
0 0.728515625 0.59228515625 0.123046875 0.1220703125
0 0.83984375 0.60009765625 0.123046875 0.1220703125
0 0.876953125 0.69091796875 0.123046875 0.1220703125
0 0.77685546875 0.689453125 0.0986328125 0.09765625
0 0.662109375 0.70166015625 0.123046875 0.1220703125
0 0.68896484375 0.49853515625 0.0869140625 0.0849609375
0 0.56396484375 0.6943359375 0.1103515625 0.109375
0 0.62744140625 0.6005859375 0.1103515625 0.109375
0 0.52490234375 0.60009765625 0.1103515625 0.1103515625
0 0.35009765625 0.59423828125 0.1220703125 0.1220703125
0 0.33837890625 0.4951171875 0.0986328125 0.09765625
0 0.44091796875 0.49169921875 0.1103515625 0.1103515625
0 0.56787109375 0.5009765625 0.0986328125 0.09765625
0 0.56884765625 0.40234375 0.0986328125 0.09765625
0 0.4287109375 0.40283203125 0.123046875 0.1220703125
0 0.29443359375 0.40234375 0.1103515625 0.109375
0 0.56591796875 0.314453125 0.0986328125 0.09765625
0 0.4619140625 0.31298828125 0.123046875 0.1220703125
0 0.34423828125 0.3134765625 0.0986328125 0.09765625
0 0.2763671875 0.21826171875 0.111328125 0.1103515625
0 0.61767578125 0.205078125 0.0986328125 0.09765625
0 0.50439453125 0.216796875 0.0986328125 0.09765625
0 0.3984375 0.208984375 0.09765625 0.09765625
0 0.56982421875 0.12109375 0.0986328125 0.09765625
0 0.4580078125 0.1240234375 0.09765625 0.09765625
0 0.3447265625 0.12109375 0.111328125 0.109375
0 0.2490234375 0.126953125 0.0859375 0.0859375
0 0.7001953125 0.95361328125 0.037109375 0.0361328125
0 0.56005859375 0.97802734375 0.0244140625 0.0244140625
0 0.5791015625 0.8701171875 0.037109375 0.037109375
0 0.6748046875 0.8740234375 0.037109375 0.037109375
0 0.791015625 0.875 0.037109375 0.037109375
0 0.41259765625 0.77001953125 0.0361328125 0.0361328125
0 0.4560546875 0.876953125 0.037109375 0.037109375
0 0.34521484375 0.8759765625 0.0498046875 0.048828125
0 0.30517578125 0.77392578125 0.0361328125 0.0361328125
0 0.0810546875 0.7724609375 0.037109375 0.037109375
0 0.1396484375 0.693359375 0.048828125 0.048828125
0 0.12890625 0.58447265625 0.037109375 0.0361328125
0 0.0634765625 0.40625 0.037109375 0.037109375
0 0.2197265625 0.3134765625 0.048828125 0.048828125
0 0.05615234375 0.23095703125 0.0615234375 0.0615234375
0 0.13134765625 0.1171875 0.0498046875 0.048828125
0 0.06884765625 0.0322265625 0.0615234375 0.060546875