0 0.6396484375 0.4287109375 0.048828125 0.048828125
0 0.71875 0.494140625 0.048828125 0.048828125
0 0.90185546875 0.47802734375 0.0615234375 0.0615234375
0 0.7216796875 0.36962890625 0.060546875 0.0615234375
0 0.646484375 0.2177734375 0.048828125 0.048828125
0 0.6455078125 0.1240234375 0.048828125 0.048828125
0 0.6416015625 0.33349609375 0.060546875 0.0615234375
0 0.9150390625 0.18212890625 0.060546875 0.0615234375
0 0.7197265625 0.0654296875 0.037109375 0.037109375
0 0.919921875 0.0712890625 0.060546875 0.060546875
0 0.71875 0.28173828125 0.060546875 0.0615234375
0 0.7109375 0.1787109375 0.048828125 0.048828125
0 0.91064453125 0.26953125 0.0732421875 0.07421875
0 0.52734375 0.46240234375 0.048828125 0.0498046875
0 0.53125 0.36572265625 0.048828125 0.0498046875
0 0.431640625 0.30419921875 0.048828125 0.0498046875
0 0.43798828125 0.40283203125 0.0615234375 0.0615234375
0 0.3310546875 0.04052734375 0.060546875 0.0615234375
0 0.4365234375 0.1962890625 0.048828125 0.048828125
0 0.328125 0.28955078125 0.048828125 0.0498046875
0 0.3388671875 0.37060546875 0.048828125 0.0498046875
0 0.3388671875 0.46630859375 0.048828125 0.0498046875
0 0.232421875 0.5048828125 0.048828125 0.048828125
0 0.4365234375 0.50439453125 0.048828125 0.0498046875
0 0.5302734375 0.17919921875 0.060546875 0.0615234375
0 0.439453125 0.09619140625 0.048828125 0.0498046875
0 0.5283203125 0.06103515625 0.048828125 0.0498046875
0 0.89794921875 0.58447265625 0.0615234375 0.0615234375
0 0.91015625 0.376953125 0.048828125 0.048828125
0 0.8271484375 0.4326171875 0.048828125 0.048828125
0 0.822265625 0.53076171875 0.060546875 0.0615234375
0 0.8349609375 0.220703125 0.048828125 0.048828125
0 0.63330078125 0.53369140625 0.0244140625 0.0244140625
0 0.53076171875 0.27734375 0.0361328125 0.037109375
0 0.3408203125 0.564453125 0.048828125 0.048828125
0 0.2353515625 0.4033203125 0.048828125 0.048828125
0 0.146484375 0.4580078125 0.048828125 0.048828125
0 0.83154296875 0.08642578125 0.0244140625 0.0244140625
0 0.83837890625 0.31591796875 0.0244140625 0.0244140625
0 0.0224609375 0.0498046875 0.037109375 0.037109375
0 0.0888671875 0.0458984375 0.048828125 0.048828125
0 0.54052734375 0.56689453125 0.0244140625 0.0244140625