0 0.9208984375 0.9150390625 0.048828125 0.048828125
0 0.92041015625 0.81787109375 0.0615234375 0.0615234375
0 0.9189453125 0.70458984375 0.060546875 0.0615234375
0 0.0908203125 0.88525390625 0.060546875 0.0615234375
0 0.375 0.689453125 0.048828125 0.048828125
0 0.27685546875 0.77880859375 0.0615234375 0.0615234375
0 0.18505859375 0.73388671875 0.0615234375 0.0615234375
0 0.83544921875 0.85986328125 0.0615234375 0.0615234375
0 0.744140625 0.724609375 0.037109375 0.037109375
0 0.47412109375 0.6796875 0.0361328125 0.037109375
0 0.833984375 0.76025390625 0.048828125 0.0498046875
0 0.5556640625 0.654296875 0.037109375 0.037109375
0 0.466796875 0.78515625 0.048828125 0.048828125
0 0.19921875 0.94775390625 0.048828125 0.0498046875
0 0.83642578125 0.66455078125 0.0615234375 0.0615234375
0 0.65576171875 0.54541015625 0.0732421875 0.0732421875
0 0.91748046875 0.6083984375 0.0732421875 0.07421875
0 0.73486328125 0.37060546875 0.0615234375 0.0615234375
0 0.6572265625 0.45263671875 0.048828125 0.0498046875
0 0.74462890625 0.27490234375 0.0615234375 0.0615234375
0 0.919921875 0.41357421875 0.060546875 0.0615234375
0 0.9208984375 0.5068359375 0.048828125 0.048828125
0 0.08251953125 0.11328125 0.1220703125 0.123046875
0 0.07861328125 0.2314453125 0.1220703125 0.123046875
0 0.17822265625 0.1826171875 0.1220703125 0.123046875
0 0.17822265625 0.068359375 0.1220703125 0.123046875
0 0.28173828125 0.1142578125 0.1220703125 0.123046875
0 0.28076171875 0.2275390625 0.1220703125 0.123046875
0 0.37451171875 0.19482421875 0.1220703125 0.1220703125
0 0.38671875 0.07666015625 0.09765625 0.0986328125
0 0.47216796875 0.1259765625 0.1220703125 0.123046875
0 0.55712890625 0.17578125 0.1220703125 0.123046875
0 0.56494140625 0.064453125 0.1220703125 0.123046875
0 0.654296875 0.12744140625 0.09765625 0.0986328125
0 0.66650390625 0.2421875 0.1220703125 0.123046875
0 0.46337890625 0.21533203125 0.0849609375 0.0869140625
0 0.6591796875 0.34033203125 0.109375 0.1103515625
0 0.5654296875 0.27685546875 0.109375 0.1103515625
0 0.56494140625 0.37939453125 0.1103515625 0.1103515625
0 0.55908203125 0.55419921875 0.1220703125 0.1220703125
0 0.4599609375 0.56591796875 0.09765625 0.0986328125
0 0.45654296875 0.46337890625 0.1103515625 0.1103515625
0 0.4658203125 0.33642578125 0.09765625 0.0986328125
0 0.3671875 0.33544921875 0.09765625 0.0986328125
0 0.36767578125 0.4755859375 0.1220703125 0.123046875
0 0.3671875 0.60986328125 0.109375 0.1103515625
0 0.279296875 0.33837890625 0.09765625 0.0986328125
0 0.27783203125 0.4423828125 0.1220703125 0.123046875
0 0.2783203125 0.56005859375 0.09765625 0.0986328125
0 0.18310546875 0.6279296875 0.1103515625 0.111328125
0 0.169921875 0.28662109375 0.09765625 0.0986328125
0 0.181640625 0.39990234375 0.09765625 0.0986328125
0 0.173828125 0.505859375 0.09765625 0.09765625
0 0.0859375 0.33447265625 0.09765625 0.0986328125
0 0.0888671875 0.4462890625 0.09765625 0.09765625
0 0.0859375 0.5595703125 0.109375 0.111328125
0 0.091796875 0.6552734375 0.0859375 0.0859375
0 0.91845703125 0.2041015625 0.0361328125 0.037109375
0 0.94287109375 0.34423828125 0.0244140625 0.0244140625
0 0.8349609375 0.3251953125 0.037109375 0.037109375
0 0.8388671875 0.2294921875 0.037109375 0.037109375
0 0.83984375 0.11328125 0.037109375 0.037109375
0 0.73486328125 0.49169921875 0.0361328125 0.0361328125
0 0.841796875 0.4482421875 0.037109375 0.037109375
0 0.8408203125 0.55908203125 0.048828125 0.0498046875
0 0.73876953125 0.59912109375 0.0361328125 0.0361328125
0 0.7373046875 0.8232421875 0.037109375 0.037109375
0 0.7353515625 0.939453125 0.037109375 0.037109375
0 0.658203125 0.7646484375 0.048828125 0.048828125
0 0.54931640625 0.775390625 0.0361328125 0.037109375
0 0.56103515625 0.9013671875 0.0361328125 0.037109375
0 0.654296875 0.87744140625 0.060546875 0.0615234375
0 0.4658203125 0.89453125 0.037109375 0.037109375
0 0.3681640625 0.9453125 0.048828125 0.048828125
0 0.37109375 0.8408203125 0.037109375 0.037109375
0 0.2783203125 0.6845703125 0.048828125 0.048828125
0 0.2734375 0.89208984375 0.048828125 0.0498046875
0 0.19580078125 0.84814453125 0.0615234375 0.0615234375
0 0.08203125 0.77294921875 0.048828125 0.0498046875