0 0.06396484375 0.1181640625 0.1220703125 0.123046875
0 0.15185546875 0.0751953125 0.1220703125 0.123046875
0 0.42822265625 0.10498046875 0.1103515625 0.1103515625
0 0.62353515625 0.1181640625 0.1220703125 0.123046875
0 0.71826171875 0.064453125 0.1220703125 0.123046875
0 0.82470703125 0.1181640625 0.1220703125 0.123046875
0 0.90771484375 0.06201171875 0.1103515625 0.1103515625
0 0.3408203125 0.2529296875 0.037109375 0.037109375
0 0.90576171875 0.1708984375 0.1220703125 0.123046875
0 0.90185546875 0.271484375 0.1220703125 0.123046875
0 0.90185546875 0.3876953125 0.1220703125 0.123046875
0 0.89990234375 0.5048828125 0.1220703125 0.123046875
0 0.89013671875 0.6171875 0.1220703125 0.123046875
0 0.81005859375 0.2216796875 0.1103515625 0.111328125
0 0.81005859375 0.3271484375 0.1103515625 0.111328125
0 0.8037109375 0.44580078125 0.109375 0.1103515625
0 0.802734375 0.55908203125 0.109375 0.1103515625
0 0.7119140625 0.61083984375 0.109375 0.1103515625
0 0.7119140625 0.48974609375 0.109375 0.1103515625
0 0.71875 0.39013671875 0.109375 0.1103515625
0 0.71484375 0.2802734375 0.109375 0.111328125
0 0.71875 0.171875 0.109375 0.111328125
0 0.61328125 0.22802734375 0.109375 0.1103515625
0 0.6123046875 0.32666015625 0.109375 0.1103515625
0 0.60986328125 0.44970703125 0.1103515625 0.1103515625
0 0.60400390625 0.55322265625 0.1103515625 0.1103515625
0 0.51806640625 0.61279296875 0.1103515625 0.1103515625
0 0.50830078125 0.49951171875 0.1103515625 0.1103515625
0 0.51806640625 0.38623046875 0.1103515625 0.1103515625
0 0.52294921875 0.27099609375 0.1103515625 0.1103515625
0 0.52001953125 0.1630859375 0.1220703125 0.123046875
0 0.4443359375 0.21142578125 0.109375 0.1103515625
0 0.431640625 0.33154296875 0.09765625 0.0986328125
0 0.42333984375 0.45068359375 0.0732421875 0.0732421875
0 0.423828125 0.55712890625 0.09765625 0.0986328125
0 0.330078125 0.6181640625 0.09765625 0.09765625
0 0.25048828125 0.5654296875 0.0361328125 0.037109375
0 0.3330078125 0.3759765625 0.0859375 0.0859375
0 0.3310546875 0.5009765625 0.0859375 0.0859375
0 0.25146484375 0.21826171875 0.1220703125 0.1220703125
0 0.15380859375 0.166015625 0.1220703125 0.123046875
0 0.14794921875 0.42041015625 0.1103515625 0.1103515625
0 0.0556640625 0.22412109375 0.109375 0.1103515625
0 0.0556640625 0.4345703125 0.109375 0.111328125
0 0.3427734375 0.1572265625 0.0859375 0.0859375
0 0.810546875 0.66552734375 0.109375 0.1103515625
0 0.61376953125 0.66162109375 0.1103515625 0.1103515625
0 0.515625 0.72607421875 0.109375 0.1103515625
0 0.41162109375 0.6748046875 0.1220703125 0.123046875
0 0.32373046875 0.7373046875 0.0732421875 0.07421875
0 0.4189453125 0.77587890625 0.109375 0.1103515625
0 0.71923828125 0.72998046875 0.1103515625 0.1103515625
0 0.41845703125 0.875 0.0849609375 0.0859375
0 0.51171875 0.83056640625 0.109375 0.1103515625
0 0.513671875 0.94287109375 0.09765625 0.0986328125
0 0.60888671875 0.77392578125 0.1103515625 0.1103515625
0 0.60888671875 0.88427734375 0.1103515625 0.1103515625
0 0.70458984375 0.82373046875 0.1103515625 0.1103515625
0 0.697265625 0.94287109375 0.09765625 0.0986328125
0 0.7958984375 0.7763671875 0.109375 0.111328125
0 0.7978515625 0.88623046875 0.109375 0.1103515625
0 0.90576171875 0.72265625 0.1220703125 0.123046875
0 0.90380859375 0.814453125 0.1220703125 0.123046875