0 0.37939453125 0.189453125 0.0498046875 0.048828125
0 0.36669921875 0.103515625 0.0615234375 0.060546875
0 0.12158203125 0.46240234375 0.0615234375 0.0615234375
0 0.34228515625 0.4677734375 0.0498046875 0.048828125
0 0.15869140625 0.1044921875 0.0615234375 0.060546875
0 0.25537109375 0.189453125 0.0615234375 0.060546875
0 0.27197265625 0.107421875 0.0615234375 0.060546875
0 0.064453125 0.111328125 0.048828125 0.048828125
0 0.31298828125 0.27783203125 0.0615234375 0.0615234375
0 0.033203125 0.1796875 0.048828125 0.048828125
0 0.888671875 0.4765625 0.048828125 0.048828125
0 0.78369140625 0.47119140625 0.0615234375 0.0615234375
0 0.66943359375 0.47412109375 0.0615234375 0.0615234375
0 0.45458984375 0.4677734375 0.0615234375 0.060546875
0 0.56884765625 0.4716796875 0.0615234375 0.060546875
0 0.4892578125 0.546875 0.048828125 0.048828125
0 0.82861328125 0.55517578125 0.0498046875 0.0478515625
0 0.90771484375 0.966796875 0.0498046875 0.048828125
0 0.775390625 0.65478515625 0.07421875 0.0732421875
0 0.91455078125 0.77490234375 0.0615234375 0.0615234375
0 0.86328125 0.8544921875 0.048828125 0.048828125
0 0.88720703125 0.66015625 0.0615234375 0.060546875
0 0.60009765625 0.55224609375 0.0732421875 0.0732421875
0 0.55517578125 0.66064453125 0.0615234375 0.0615234375
0 0.03955078125 0.5439453125 0.0615234375 0.060546875
0 0.09423828125 0.6513671875 0.0615234375 0.060546875
0 0.06201171875 0.7685546875 0.0615234375 0.060546875
0 0.27392578125 0.54296875 0.0498046875 0.048828125
0 0.59716796875 0.09912109375 0.0615234375 0.0615234375
0 0.69189453125 0.1162109375 0.0615234375 0.060546875
0 0.94384765625 0.39111328125 0.0615234375 0.0615234375
0 0.43310546875 0.28466796875 0.0615234375 0.0615234375
0 0.81689453125 0.38720703125 0.0615234375 0.0615234375
0 0.724609375 0.3837890625 0.048828125 0.048828125
0 0.79736328125 0.7890625 0.0498046875 0.048828125
0 0.923828125 0.55908203125 0.037109375 0.0361328125
0 0.7216796875 0.55517578125 0.0859375 0.0849609375
0 0.76318359375 0.849609375 0.0498046875 0.048828125
0 0.43212890625 0.85498046875 0.0244140625 0.0244140625
0 0.63623046875 0.85205078125 0.0244140625 0.0244140625
0 0.439453125 0.654296875 0.037109375 0.037109375
0 0.46484375 0.77783203125 0.037109375 0.0361328125
0 0.68798828125 0.65771484375 0.0244140625 0.0244140625
0 0.0283203125 0.953125 0.048828125 0.048828125
0 0.1005859375 0.84326171875 0.025390625 0.0244140625
0 0.2080078125 0.84765625 0.037109375 0.037109375
0 0.2548828125 0.7734375 0.037109375 0.037109375
0 0.15869140625 0.767578125 0.0615234375 0.060546875
0 0.3203125 0.65625 0.037109375 0.037109375
0 0.203125 0.6552734375 0.037109375 0.037109375
0 0.134765625 0.5439453125 0.048828125 0.048828125
0 0.21875 0.46630859375 0.037109375 0.0361328125
0 0.3779296875 0.5478515625 0.048828125 0.048828125
0 0.361328125 0.76953125 0.037109375 0.037109375
0 0.98046875 0.29296875 0.037109375 0.037109375
0 0.8642578125 0.291015625 0.037109375 0.037109375
0 0.759765625 0.29296875 0.037109375 0.037109375
0 0.662109375 0.2890625 0.037109375 0.037109375
0 0.90234375 0.11669921875 0.037109375 0.0361328125
0 0.8193359375 0.1162109375 0.048828125 0.048828125
0 0.92626953125 0.2099609375 0.0615234375 0.060546875
0 0.9091796875 0.021484375 0.037109375 0.037109375
0 0.611328125 0.19775390625 0.037109375 0.0361328125
0 0.48291015625 0.193359375 0.0498046875 0.048828125
0 0.21337890625 0.27880859375 0.0361328125 0.0361328125
0 0.3974609375 0.3779296875 0.037109375 0.037109375
0 0.48486328125 0.107421875 0.0498046875 0.048828125
0 0.1513671875 0.1787109375 0.037109375 0.037109375
0 0.50732421875 0.02734375 0.0498046875 0.048828125
0 0.3232421875 0.025390625 0.048828125 0.048828125
0 0.2412109375 0.02734375 0.048828125 0.048828125
0 0.06689453125 0.37158203125 0.0361328125 0.0361328125