0 0.79345703125 0.92724609375 0.1103515625 0.1103515625
0 0.90234375 0.92724609375 0.123046875 0.1220703125
0 0.85205078125 0.84130859375 0.1103515625 0.1103515625
0 0.75927734375 0.830078125 0.0986328125 0.09765625
0 0.80419921875 0.74072265625 0.1220703125 0.1220703125
0 0.8984375 0.73388671875 0.123046875 0.1220703125
0 0.86083984375 0.64501953125 0.1220703125 0.1220703125
0 0.75927734375 0.64453125 0.0986328125 0.09765625
0 0.79833984375 0.5419921875 0.0986328125 0.09765625
0 0.90283203125 0.5341796875 0.0986328125 0.09765625
0 0.84814453125 0.455078125 0.1103515625 0.109375
0 0.8037109375 0.35400390625 0.123046875 0.1220703125
0 0.92919921875 0.3515625 0.1103515625 0.109375
0 0.83984375 0.26708984375 0.123046875 0.1220703125
0 0.66796875 0.92626953125 0.123046875 0.1220703125
0 0.6328125 0.83544921875 0.123046875 0.1220703125
0 0.8505859375 0.07177734375 0.123046875 0.1220703125
0 0.9072265625 0.16455078125 0.111328125 0.1103515625
0 0.787109375 0.17724609375 0.111328125 0.1103515625
0 0.74072265625 0.07421875 0.1103515625 0.109375
0 0.646484375 0.08251953125 0.123046875 0.1220703125
0 0.5263671875 0.07275390625 0.123046875 0.1220703125
0 0.400390625 0.07373046875 0.123046875 0.1220703125
0 0.29638671875 0.06591796875 0.1103515625 0.1103515625
0 0.185546875 0.06689453125 0.123046875 0.1220703125
0 0.24755859375 0.169921875 0.1103515625 0.109375
0 0.3564453125 0.17578125 0.09765625 0.09765625
0 0.4609375 0.16650390625 0.123046875 0.1220703125
0 0.568359375 0.16748046875 0.123046875 0.1220703125
0 0.68115234375 0.166015625 0.0986328125 0.09765625
0 0.74267578125 0.26708984375 0.1103515625 0.1103515625
0 0.70068359375 0.357421875 0.1103515625 0.109375
0 0.58251953125 0.35791015625 0.1103515625 0.1103515625
0 0.62646484375 0.26220703125 0.1103515625 0.1103515625
0 0.53076171875 0.26904296875 0.1103515625 0.1103515625
0 0.4091796875 0.26220703125 0.123046875 0.1220703125
0 0.30078125 0.25830078125 0.123046875 0.1220703125
0 0.18310546875 0.2568359375 0.1103515625 0.109375
0 0.2568359375 0.36376953125 0.123046875 0.1220703125
0 0.3525390625 0.35693359375 0.123046875 0.1220703125
0 0.48486328125 0.359375 0.0986328125 0.09765625
0 0.73779296875 0.451171875 0.1103515625 0.109375
0 0.62353515625 0.44775390625 0.1220703125 0.1220703125
0 0.51171875 0.44677734375 0.123046875 0.1220703125
0 0.41015625 0.44873046875 0.123046875 0.1220703125
0 0.3056640625 0.44482421875 0.123046875 0.1220703125
0 0.1875 0.44091796875 0.123046875 0.1220703125
0 0.236328125 0.54052734375 0.123046875 0.1220703125
0 0.3505859375 0.54052734375 0.123046875 0.1220703125
0 0.46533203125 0.54638671875 0.1220703125 0.1220703125
0 0.57470703125 0.54638671875 0.1220703125 0.1220703125
0 0.67822265625 0.537109375 0.0986328125 0.09765625
0 0.640625 0.64501953125 0.123046875 0.1220703125
0 0.525390625 0.64794921875 0.123046875 0.1220703125
0 0.41552734375 0.64404296875 0.1220703125 0.1220703125
0 0.3046875 0.64404296875 0.123046875 0.1220703125
0 0.19140625 0.64306640625 0.123046875 0.1220703125
0 0.22412109375 0.73681640625 0.1220703125 0.1220703125
0 0.34228515625 0.7490234375 0.0986328125 0.09765625
0 0.4453125 0.73876953125 0.123046875 0.1220703125
0 0.57421875 0.74560546875 0.123046875 0.1220703125
0 0.69921875 0.75048828125 0.123046875 0.1220703125
0 0.5126953125 0.83251953125 0.123046875 0.1220703125
0 0.412109375 0.82666015625 0.123046875 0.1220703125
0 0.29296875 0.83447265625 0.123046875 0.1220703125
0 0.2431640625 0.91943359375 0.123046875 0.1220703125
0 0.3544921875 0.92724609375 0.123046875 0.1220703125
0 0.47265625 0.92236328125 0.123046875 0.1220703125
0 0.5751953125 0.92578125 0.09765625 0.09765625
0 0.20361328125 0.82568359375 0.0869140625 0.0849609375
0 0.14208984375 0.927734375 0.1103515625 0.109375
0 0.08251953125 0.828125 0.0986328125 0.09765625
0 0.08349609375 0.7294921875 0.0986328125 0.09765625
0 0.08056640625 0.6416015625 0.0986328125 0.09765625
0 0.13232421875 0.5322265625 0.0986328125 0.09765625
0 0.08447265625 0.4482421875 0.0986328125 0.09765625
0 0.0791015625 0.37158203125 0.123046875 0.1220703125
0 0.08984375 0.255859375 0.09765625 0.09765625
0 0.14453125 0.169921875 0.09765625 0.09765625
0 0.08056640625 0.06787109375 0.1103515625 0.1103515625