0 0.36181640625 0.92041015625 0.0732421875 0.0732421875
0 0.44091796875 0.74560546875 0.0615234375 0.0615234375
0 0.36328125 0.82763671875 0.048828125 0.0498046875
0 0.45068359375 0.64990234375 0.0615234375 0.0615234375
0 0.6259765625 0.78857421875 0.060546875 0.0615234375
0 0.626953125 0.8818359375 0.048828125 0.048828125
0 0.71875 0.82421875 0.048828125 0.048828125
0 0.81591796875 0.87255859375 0.0615234375 0.0615234375
0 0.71728515625 0.92626953125 0.0615234375 0.0615234375
0 0.72705078125 0.72119140625 0.0615234375 0.0615234375
0 0.9150390625 0.81787109375 0.048828125 0.0498046875
0 0.9150390625 0.70361328125 0.060546875 0.0615234375
0 0.8154296875 0.76513671875 0.060546875 0.0615234375
0 0.82421875 0.11279296875 0.109375 0.1103515625
0 0.63232421875 0.1240234375 0.0732421875 0.07421875
0 0.7275390625 0.16259765625 0.109375 0.1103515625
0 0.27001953125 0.1259765625 0.1220703125 0.123046875
0 0.17919921875 0.1611328125 0.1220703125 0.123046875
0 0.36181640625 0.1630859375 0.1220703125 0.123046875
0 0.08056640625 0.56982421875 0.1220703125 0.1220703125
0 0.0927734375 0.45166015625 0.09765625 0.0986328125
0 0.08251953125 0.3486328125 0.1220703125 0.123046875
0 0.08935546875 0.2197265625 0.1220703125 0.123046875
0 0.09423828125 0.0947265625 0.1220703125 0.123046875
0 0.17626953125 0.28125 0.1220703125 0.123046875
0 0.17041015625 0.3818359375 0.1220703125 0.123046875
0 0.17822265625 0.5009765625 0.1220703125 0.123046875
0 0.26318359375 0.55078125 0.1220703125 0.123046875
0 0.27099609375 0.439453125 0.1220703125 0.123046875
0 0.26611328125 0.3212890625 0.1220703125 0.123046875
0 0.26953125 0.21875 0.09765625 0.09765625
0 0.36572265625 0.2607421875 0.1220703125 0.123046875
0 0.36181640625 0.40234375 0.1220703125 0.123046875
0 0.3603515625 0.50244140625 0.09765625 0.0986328125
0 0.37255859375 0.6171875 0.1220703125 0.123046875
0 0.16943359375 0.59033203125 0.0849609375 0.0869140625
0 0.72705078125 0.26171875 0.0849609375 0.0859375
0 0.71337890625 0.3740234375 0.1220703125 0.123046875
0 0.7216796875 0.49755859375 0.09765625 0.0986328125
0 0.8203125 0.21728515625 0.109375 0.1103515625
0 0.822265625 0.32958984375 0.09765625 0.0986328125
0 0.822265625 0.44482421875 0.109375 0.1103515625
0 0.81591796875 0.54638671875 0.1103515625 0.1103515625
0 0.91748046875 0.16064453125 0.1103515625 0.1103515625
0 0.91748046875 0.27099609375 0.1103515625 0.1103515625
0 0.92041015625 0.38818359375 0.1220703125 0.1220703125
0 0.91796875 0.49755859375 0.09765625 0.0986328125
0 0.9130859375 0.62939453125 0.09765625 0.0986328125
0 0.82177734375 0.6552734375 0.0849609375 0.0859375
0 0.365234375 0.71533203125 0.109375 0.1103515625
0 0.271484375 0.65185546875 0.109375 0.1103515625
0 0.27099609375 0.75439453125 0.1103515625 0.1103515625
0 0.26513671875 0.92919921875 0.1220703125 0.1220703125
0 0.166015625 0.94091796875 0.09765625 0.0986328125
0 0.16259765625 0.83837890625 0.1103515625 0.1103515625
0 0.171875 0.71142578125 0.09765625 0.0986328125
0 0.0732421875 0.71044921875 0.09765625 0.0986328125
0 0.07373046875 0.8505859375 0.1220703125 0.123046875
0 0.7265625 0.59814453125 0.037109375 0.0361328125
0 0.92041015625 0.92333984375 0.0244140625 0.0244140625
0 0.81787109375 0.97607421875 0.0244140625 0.0244140625
0 0.62451171875 0.5791015625 0.0361328125 0.037109375
0 0.64892578125 0.71923828125 0.0244140625 0.0244140625
0 0.541015625 0.7001953125 0.037109375 0.037109375
0 0.544921875 0.6044921875 0.037109375 0.037109375
0 0.5458984375 0.48828125 0.037109375 0.037109375
0 0.44091796875 0.86669921875 0.0361328125 0.0361328125
0 0.5478515625 0.8232421875 0.037109375 0.037109375
0 0.546875 0.93408203125 0.048828125 0.0498046875
0 0.44482421875 0.97412109375 0.0361328125 0.0361328125