0 0.83154296875 0.45654296875 0.0615234375 0.0615234375
0 0.7392578125 0.96728515625 0.060546875 0.0615234375
0 0.5576171875 0.3984375 0.0859375 0.0859375
0 0.24169921875 0.88232421875 0.0732421875 0.0732421875
0 0.55322265625 0.828125 0.0732421875 0.07421875
0 0.92431640625 0.619140625 0.1103515625 0.111328125
0 0.9248046875 0.517578125 0.0859375 0.0859375
0 0.92822265625 0.416015625 0.0732421875 0.07421875
0 0.93115234375 0.298828125 0.0849609375 0.0859375
0 0.93017578125 0.17578125 0.0849609375 0.0859375
0 0.9287109375 0.07421875 0.0859375 0.0859375
0 0.8408203125 0.126953125 0.0859375 0.0859375
0 0.8359375 0.240234375 0.09765625 0.09765625
0 0.83447265625 0.3525390625 0.0849609375 0.0859375
0 0.83154296875 0.57470703125 0.1103515625 0.1103515625
0 0.73583984375 0.62255859375 0.1103515625 0.1103515625
0 0.73828125 0.50927734375 0.109375 0.1103515625
0 0.73974609375 0.39404296875 0.1103515625 0.1103515625
0 0.7490234375 0.27783203125 0.09765625 0.0986328125
0 0.7568359375 0.17919921875 0.109375 0.1103515625
0 0.751953125 0.09423828125 0.109375 0.1103515625
0 0.65380859375 0.12939453125 0.1103515625 0.1103515625
0 0.65087890625 0.24658203125 0.1103515625 0.1103515625
0 0.64453125 0.345703125 0.0859375 0.0859375
0 0.658203125 0.4599609375 0.109375 0.111328125
0 0.6552734375 0.5537109375 0.09765625 0.09765625
0 0.55078125 0.60693359375 0.0859375 0.0869140625
0 0.5498046875 0.5078125 0.0859375 0.0859375
0 0.55126953125 0.30517578125 0.1103515625 0.1103515625
0 0.55810546875 0.177734375 0.1103515625 0.111328125
0 0.5732421875 0.06689453125 0.09765625 0.0986328125
0 0.47265625 0.119140625 0.09765625 0.09765625
0 0.4697265625 0.23193359375 0.109375 0.1103515625
0 0.46484375 0.3388671875 0.109375 0.111328125
0 0.4619140625 0.4521484375 0.109375 0.111328125
0 0.46435546875 0.58203125 0.0849609375 0.0859375
0 0.37109375 0.609375 0.09765625 0.09765625
0 0.365234375 0.50390625 0.0859375 0.0859375
0 0.3623046875 0.39501953125 0.09765625 0.0986328125
0 0.3662109375 0.2841796875 0.09765625 0.09765625
0 0.373046875 0.1748046875 0.109375 0.111328125
0 0.37109375 0.0732421875 0.09765625 0.09765625
0 0.2412109375 0.12939453125 0.09765625 0.0986328125
0 0.25 0.2412109375 0.09765625 0.09765625
0 0.24609375 0.34521484375 0.09765625 0.0986328125
0 0.2470703125 0.43212890625 0.09765625 0.0986328125
0 0.24462890625 0.5615234375 0.0849609375 0.0859375
0 0.154296875 0.615234375 0.0859375 0.0859375
0 0.15966796875 0.49462890625 0.1103515625 0.1103515625
0 0.158203125 0.38525390625 0.09765625 0.0986328125
0 0.150390625 0.27978515625 0.09765625 0.0986328125
0 0.1533203125 0.18994140625 0.109375 0.1103515625
0 0.1533203125 0.060546875 0.0859375 0.0859375
0 0.072265625 0.11962890625 0.109375 0.1103515625
0 0.064453125 0.22265625 0.09765625 0.09765625
0 0.0654296875 0.33349609375 0.109375 0.1103515625
0 0.06005859375 0.42333984375 0.1103515625 0.1103515625
0 0.0556640625 0.53857421875 0.09765625 0.0986328125
0 0.0615234375 0.6572265625 0.09765625 0.09765625
0 0.15673828125 0.720703125 0.0849609375 0.0859375
0 0.357421875 0.7265625 0.048828125 0.048828125
0 0.056640625 0.78564453125 0.09765625 0.0986328125
0 0.15234375 0.8173828125 0.09765625 0.09765625
0 0.1484375 0.931640625 0.09765625 0.09765625
0 0.24853515625 0.66650390625 0.0849609375 0.0869140625
0 0.24169921875 0.76904296875 0.0732421875 0.0732421875
0 0.359375 0.9501953125 0.09765625 0.09765625
0 0.37255859375 0.83447265625 0.0732421875 0.0732421875
0 0.462890625 0.6650390625 0.0859375 0.0859375
0 0.45263671875 0.7861328125 0.0732421875 0.07421875
0 0.458984375 0.8916015625 0.09765625 0.09765625
0 0.5478515625 0.94677734375 0.09765625 0.0986328125
0 0.55126953125 0.7265625 0.0732421875 0.07421875
0 0.64501953125 0.6865234375 0.0849609375 0.0859375
0 0.64892578125 0.7890625 0.1220703125 0.123046875
0 0.64794921875 0.8720703125 0.1220703125 0.123046875
0 0.73046875 0.73486328125 0.109375 0.1103515625
0 0.73388671875 0.8544921875 0.1220703125 0.123046875
0 0.83203125 0.9130859375 0.09765625 0.09765625
0 0.82958984375 0.7880859375 0.0732421875 0.07421875
0 0.9306640625 0.73876953125 0.109375 0.1103515625
0 0.92431640625 0.82470703125 0.0732421875 0.0732421875
0 0.92138671875 0.94677734375 0.0732421875 0.0732421875
0 0.828125 0.6787109375 0.109375 0.111328125