0 0.96044921875 0.94580078125 0.0361328125 0.0361328125
0 0.8974609375 0.04296875 0.048828125 0.048828125
0 0.96875 0.78857421875 0.048828125 0.0498046875
0 0.9638671875 0.70703125 0.048828125 0.048828125
0 0.87939453125 0.689453125 0.0361328125 0.037109375
0 0.50439453125 0.88134765625 0.0615234375 0.0615234375
0 0.1044921875 0.466796875 0.0859375 0.0859375
0 0.2333984375 0.08544921875 0.048828125 0.0498046875
0 0.103515625 0.88623046875 0.09765625 0.0986328125
0 0.0986328125 0.76611328125 0.0859375 0.0869140625
0 0.19873046875 0.82373046875 0.1220703125 0.1220703125
0 0.2880859375 0.88916015625 0.09765625 0.0986328125
0 0.291015625 0.76416015625 0.09765625 0.0986328125
0 0.3837890625 0.94189453125 0.09765625 0.0986328125
0 0.10498046875 0.6728515625 0.0849609375 0.0859375
0 0.10546875 0.55908203125 0.09765625 0.0986328125
0 0.2109375 0.5166015625 0.0859375 0.0859375
0 0.19921875 0.6064453125 0.0859375 0.0859375
0 0.1923828125 0.716796875 0.0859375 0.0859375
0 0.283203125 0.66455078125 0.09765625 0.0986328125
0 0.478515625 0.56201171875 0.060546875 0.0615234375
0 0.4814453125 0.66259765625 0.048828125 0.0498046875
0 0.11328125 0.02783203125 0.037109375 0.0361328125
0 0.1083984375 0.14453125 0.048828125 0.048828125
0 0.1083984375 0.2490234375 0.048828125 0.048828125
0 0.1015625 0.3603515625 0.048828125 0.048828125
0 0.2197265625 0.39501953125 0.0234375 0.0244140625
0 0.2255859375 0.2919921875 0.048828125 0.048828125
0 0.236328125 0.17919921875 0.037109375 0.0361328125
0 0.3046875 0.4482421875 0.048828125 0.048828125
0 0.30517578125 0.33251953125 0.0244140625 0.0244140625
0 0.31201171875 0.20556640625 0.0244140625 0.0244140625
0 0.318359375 0.09130859375 0.048828125 0.0498046875
0 0.39794921875 0.39501953125 0.0361328125 0.0361328125
0 0.39794921875 0.26513671875 0.0244140625 0.0244140625
0 0.40380859375 0.15576171875 0.0244140625 0.0244140625
0 0.4716796875 0.46533203125 0.037109375 0.0361328125
0 0.46875 0.34619140625 0.048828125 0.0498046875
0 0.474609375 0.21484375 0.037109375 0.037109375
0 0.47265625 0.1123046875 0.048828125 0.048828125
0 0.56201171875 0.42236328125 0.0361328125 0.0361328125
0 0.7958984375 0.0927734375 0.048828125 0.048828125
0 0.39599609375 0.71484375 0.0361328125 0.037109375
0 0.47607421875 0.7802734375 0.0361328125 0.037109375
0 0.5791015625 0.7255859375 0.037109375 0.037109375
0 0.6767578125 0.67236328125 0.037109375 0.0361328125
0 0.77685546875 0.62548828125 0.0361328125 0.0361328125
0 0.79833984375 0.5009765625 0.0361328125 0.037109375
0 0.68212890625 0.54931640625 0.0361328125 0.0361328125
0 0.5634765625 0.60693359375 0.048828125 0.0498046875
0 0.5625 0.51806640625 0.037109375 0.0361328125
0 0.3017578125 0.5546875 0.048828125 0.048828125
0 0.39453125 0.6171875 0.048828125 0.048828125
0 0.39404296875 0.515625 0.0361328125 0.037109375
0 0.85791015625 0.87451171875 0.0361328125 0.0361328125
0 0.59228515625 0.9560546875 0.0361328125 0.037109375
0 0.673828125 0.896484375 0.037109375 0.037109375
0 0.57958984375 0.85498046875 0.0244140625 0.0244140625
0 0.97314453125 0.4775390625 0.0244140625 0.025390625
0 0.89208984375 0.4775390625 0.0361328125 0.037109375
0 0.72998046875 0.77880859375 0.0361328125 0.0361328125
0 0.3896484375 0.8291015625 0.037109375 0.037109375
0 0.96826171875 0.2607421875 0.0361328125 0.037109375
0 0.96337890625 0.1708984375 0.0361328125 0.037109375
0 0.97314453125 0.0771484375 0.0361328125 0.037109375
0 0.8974609375 0.138671875 0.037109375 0.037109375
0 0.8974609375 0.2236328125 0.037109375 0.037109375
0 0.8984375 0.296875 0.037109375 0.037109375
0 0.02294921875 0.033203125 0.0361328125 0.037109375