0 0.6181640625 0.6943359375 0.048828125 0.048828125
0 0.61279296875 0.79931640625 0.0615234375 0.0615234375
0 0.61767578125 0.59716796875 0.0615234375 0.0615234375
0 0.6162109375 0.48388671875 0.060546875 0.0615234375
0 0.61572265625 0.91357421875 0.0615234375 0.0615234375
0 0.7080078125 0.4306640625 0.048828125 0.048828125
0 0.69677734375 0.75439453125 0.0478515625 0.0498046875
0 0.79638671875 0.8076171875 0.0732421875 0.07421875
0 0.91015625 0.548828125 0.048828125 0.048828125
0 0.91650390625 0.66845703125 0.0615234375 0.0615234375
0 0.7041015625 0.54248046875 0.060546875 0.0615234375
0 0.8017578125 0.69580078125 0.060546875 0.0615234375
0 0.80419921875 0.607421875 0.0615234375 0.060546875
0 0.8095703125 0.48876953125 0.060546875 0.0615234375
0 0.072265625 0.46875 0.048828125 0.048828125
0 0.166015625 0.79248046875 0.060546875 0.0615234375
0 0.07421875 0.91845703125 0.048828125 0.0498046875
0 0.2578125 0.89111328125 0.060546875 0.0615234375
0 0.53271484375 0.63916015625 0.0615234375 0.0615234375
0 0.44140625 0.50390625 0.037109375 0.037109375
0 0.17138671875 0.458984375 0.0361328125 0.037109375
0 0.53125 0.53955078125 0.048828125 0.0498046875
0 0.2529296875 0.43359375 0.037109375 0.037109375
0 0.1640625 0.564453125 0.048828125 0.048828125
0 0.072265625 0.80322265625 0.048828125 0.0498046875
0 0.52880859375 0.76611328125 0.0615234375 0.0615234375
0 0.525390625 0.8583984375 0.048828125 0.048828125
0 0.53369140625 0.44384765625 0.0615234375 0.0615234375
0 0.35302734375 0.32470703125 0.0732421875 0.0732421875
0 0.61474609375 0.3876953125 0.0732421875 0.07421875
0 0.43212890625 0.14990234375 0.0615234375 0.0615234375
0 0.3544921875 0.23193359375 0.048828125 0.0498046875
0 0.44189453125 0.05419921875 0.0615234375 0.0615234375
0 0.6171875 0.19287109375 0.060546875 0.0615234375
0 0.6181640625 0.2861328125 0.048828125 0.048828125
0 0.7099609375 0.228515625 0.048828125 0.048828125
0 0.80712890625 0.27685546875 0.0615234375 0.0615234375
0 0.70849609375 0.33056640625 0.0615234375 0.0615234375
0 0.71826171875 0.12548828125 0.0615234375 0.0615234375
0 0.90625 0.22216796875 0.048828125 0.0498046875
0 0.90625 0.10791015625 0.060546875 0.0615234375
0 0.806640625 0.16943359375 0.060546875 0.0615234375
0 0.81298828125 0.0595703125 0.0849609375 0.0859375
0 0.3564453125 0.11962890625 0.109375 0.1103515625
0 0.2626953125 0.05615234375 0.109375 0.1103515625
0 0.26220703125 0.15869140625 0.1103515625 0.1103515625
0 0.25634765625 0.33349609375 0.1220703125 0.1220703125
0 0.1572265625 0.34521484375 0.09765625 0.0986328125
0 0.15380859375 0.24267578125 0.1103515625 0.1103515625
0 0.1630859375 0.11572265625 0.09765625 0.0986328125
0 0.064453125 0.11474609375 0.09765625 0.0986328125
0 0.06494140625 0.2548828125 0.1220703125 0.123046875
0 0.064453125 0.38916015625 0.109375 0.1103515625
0 0.9306640625 0.78564453125 0.048828125 0.0498046875
0 0.91162109375 0.44091796875 0.0244140625 0.0244140625
0 0.91162109375 0.32763671875 0.0244140625 0.0244140625
0 0.80908203125 0.38037109375 0.0244140625 0.0244140625
0 0.70068359375 0.6591796875 0.0361328125 0.037109375
0 0.69677734375 0.861328125 0.0849609375 0.0859375
0 0.79931640625 0.89501953125 0.0244140625 0.0244140625
0 0.64013671875 0.12353515625 0.0244140625 0.0244140625
0 0.5322265625 0.1044921875 0.037109375 0.037109375
0 0.43212890625 0.27099609375 0.0361328125 0.0361328125
0 0.5390625 0.2275390625 0.037109375 0.037109375
0 0.5380859375 0.33837890625 0.048828125 0.0498046875
0 0.43603515625 0.37841796875 0.0361328125 0.0361328125
0 0.4345703125 0.6025390625 0.037109375 0.037109375
0 0.4326171875 0.71875 0.037109375 0.037109375
0 0.4345703125 0.8232421875 0.037109375 0.037109375
0 0.4306640625 0.9208984375 0.037109375 0.037109375
0 0.35546875 0.5439453125 0.048828125 0.048828125
0 0.24658203125 0.5546875 0.0361328125 0.037109375
0 0.25830078125 0.6806640625 0.0361328125 0.037109375
0 0.2578125 0.763671875 0.048828125 0.048828125
0 0.3515625 0.65673828125 0.060546875 0.0615234375
0 0.1630859375 0.673828125 0.037109375 0.037109375
0 0.0654296875 0.724609375 0.048828125 0.048828125
0 0.068359375 0.6201171875 0.037109375 0.037109375
0 0.1650390625 0.89013671875 0.048828125 0.0498046875
0 0.33935546875 0.9716796875 0.0361328125 0.037109375