0 0.23583984375 0.96435546875 0.0615234375 0.0615234375
0 0.130859375 0.9619140625 0.048828125 0.048828125
0 0.046875 0.9560546875 0.048828125 0.048828125
0 0.3544921875 0.96875 0.048828125 0.048828125
0 0.21875 0.85009765625 0.060546875 0.0615234375
0 0.25048828125 0.478515625 0.0615234375 0.060546875
0 0.23828125 0.7548828125 0.048828125 0.048828125
0 0.16748046875 0.3701171875 0.0615234375 0.060546875
0 0.171875 0.6552734375 0.048828125 0.048828125
0 0.21923828125 0.29345703125 0.0615234375 0.0615234375
0 0.2626953125 0.6474609375 0.048828125 0.048828125
0 0.19580078125 0.18115234375 0.0615234375 0.0615234375
0 0.2265625 0.56640625 0.048828125 0.048828125
0 0.11328125 0.7587890625 0.048828125 0.048828125
0 0.1884765625 0.0888671875 0.048828125 0.048828125
0 0.06787109375 0.46875 0.0615234375 0.060546875
0 0.11474609375 0.56005859375 0.0615234375 0.0615234375
0 0.0478515625 0.357421875 0.048828125 0.048828125
0 0.09375 0.8388671875 0.048828125 0.048828125
0 0.1015625 0.1767578125 0.048828125 0.048828125
0 0.1005859375 0.0927734375 0.048828125 0.048828125
0 0.90576171875 0.38134765625 0.0732421875 0.0732421875
0 0.43408203125 0.57275390625 0.0615234375 0.0615234375
0 0.29052734375 0.18310546875 0.0615234375 0.0615234375
0 0.41748046875 0.75927734375 0.0615234375 0.0615234375
0 0.43359375 0.654296875 0.060546875 0.060546875
0 0.37939453125 0.3681640625 0.0615234375 0.060546875
0 0.35400390625 0.6494140625 0.0615234375 0.060546875
0 0.32666015625 0.84619140625 0.0615234375 0.0615234375
0 0.63232421875 0.86181640625 0.0732421875 0.0732421875
0 0.43505859375 0.85595703125 0.0615234375 0.0615234375
0 0.33447265625 0.47900390625 0.0615234375 0.0615234375
0 0.43896484375 0.48095703125 0.0615234375 0.0615234375
0 0.7900390625 0.3779296875 0.060546875 0.060546875
0 0.3408203125 0.755859375 0.060546875 0.060546875
0 0.6875 0.19384765625 0.07421875 0.0732421875
0 0.28564453125 0.37109375 0.0615234375 0.060546875
0 0.34130859375 0.56298828125 0.0615234375 0.0615234375
0 0.6337890625 0.47705078125 0.07421875 0.0732421875
0 0.45556640625 0.37158203125 0.0615234375 0.0615234375
0 0.89697265625 0.20166015625 0.0732421875 0.0732421875
0 0.63232421875 0.28466796875 0.0615234375 0.0615234375
0 0.72607421875 0.279296875 0.0615234375 0.060546875
0 0.32275390625 0.2841796875 0.0615234375 0.060546875
0 0.41845703125 0.279296875 0.0615234375 0.060546875
0 0.38427734375 0.09814453125 0.0615234375 0.0615234375
0 0.28173828125 0.0986328125 0.0615234375 0.060546875
0 0.36962890625 0.18212890625 0.0615234375 0.0615234375
0 0.44677734375 0.17578125 0.0498046875 0.048828125
0 0.46728515625 0.091796875 0.0498046875 0.048828125
0 0.8642578125 0.10498046875 0.07421875 0.0732421875
0 0.84912109375 0.28857421875 0.0615234375 0.0615234375
0 0.8486328125 0.4833984375 0.09765625 0.09765625
0 0.884765625 0.57958984375 0.0859375 0.0849609375
0 0.8291015625 0.662109375 0.0859375 0.0859375
0 0.849609375 0.76123046875 0.123046875 0.1220703125
0 0.853515625 0.86474609375 0.123046875 0.1220703125
0 0.63671875 0.0986328125 0.048828125 0.048828125
0 0.7412109375 0.1025390625 0.048828125 0.048828125
0 0.7822265625 0.19384765625 0.07421875 0.0732421875
0 0.671875 0.37353515625 0.0859375 0.0849609375
0 0.7275390625 0.47607421875 0.0859375 0.0849609375
0 0.78076171875 0.56787109375 0.0869140625 0.0849609375
0 0.6884765625 0.5595703125 0.09765625 0.09765625
0 0.6181640625 0.654296875 0.0859375 0.0859375
0 0.720703125 0.662109375 0.09765625 0.09765625
0 0.6728515625 0.77197265625 0.0859375 0.0849609375
0 0.7705078125 0.7705078125 0.0859375 0.0859375
0 0.73388671875 0.85595703125 0.1103515625 0.1103515625
0 0.689453125 0.9501953125 0.0859375 0.0859375
0 0.08056640625 0.646484375 0.0615234375 0.060546875
0 0.125 0.2802734375 0.048828125 0.048828125
0 0.16552734375 0.47265625 0.0615234375 0.060546875