0 0.64501953125 0.08935546875 0.0615234375 0.0615234375
0 0.439453125 0.20458984375 0.060546875 0.0615234375
0 0.25927734375 0.2001953125 0.0732421875 0.07421875
0 0.35595703125 0.04638671875 0.0615234375 0.0615234375
0 0.16455078125 0.12109375 0.0732421875 0.07421875
0 0.3349609375 0.251953125 0.048828125 0.048828125
0 0.4384765625 0.10693359375 0.060546875 0.0615234375
0 0.060546875 0.1865234375 0.048828125 0.048828125
0 0.16259765625 0.24951171875 0.0732421875 0.0732421875
0 0.0654296875 0.07763671875 0.060546875 0.0615234375
0 0.34521484375 0.1513671875 0.0615234375 0.060546875
0 0.26318359375 0.0771484375 0.0732421875 0.07421875
0 0.62158203125 0.4365234375 0.0732421875 0.07421875
0 0.15185546875 0.748046875 0.0849609375 0.0859375
0 0.33349609375 0.46630859375 0.0615234375 0.0615234375
0 0.43359375 0.4111328125 0.048828125 0.048828125
0 0.23681640625 0.8984375 0.0849609375 0.0859375
0 0.16455078125 0.35888671875 0.0615234375 0.0615234375
0 0.33251953125 0.36376953125 0.0615234375 0.0615234375
0 0.05908203125 0.30810546875 0.0615234375 0.0615234375
0 0.53125 0.37890625 0.048828125 0.048828125
0 0.72998046875 0.15966796875 0.0615234375 0.0615234375
0 0.72998046875 0.26220703125 0.0615234375 0.0615234375
0 0.9248046875 0.24951171875 0.060546875 0.0615234375
0 0.72314453125 0.48876953125 0.0615234375 0.0615234375
0 0.90380859375 0.42626953125 0.0732421875 0.0732421875
0 0.9248046875 0.31982421875 0.048828125 0.0498046875
0 0.919921875 0.8662109375 0.09765625 0.09765625
0 0.93115234375 0.7705078125 0.0849609375 0.0859375
0 0.91943359375 0.689453125 0.0849609375 0.0859375
0 0.796875 0.6865234375 0.0859375 0.0859375
0 0.7900390625 0.92236328125 0.09765625 0.0986328125
0 0.7021484375 0.853515625 0.0859375 0.0859375
0 0.71142578125 0.7451171875 0.0849609375 0.0859375
0 0.6171875 0.80126953125 0.09765625 0.0986328125
0 0.62109375 0.91259765625 0.109375 0.1103515625
0 0.04833984375 0.89013671875 0.0849609375 0.0869140625
0 0.04345703125 0.763671875 0.0849609375 0.0859375
0 0.1494140625 0.837890625 0.0859375 0.0859375
0 0.154296875 0.9501953125 0.0859375 0.0859375
0 0.23974609375 0.79296875 0.0849609375 0.0859375
0 0.32373046875 0.7373046875 0.0849609375 0.0859375
0 0.31591796875 0.85400390625 0.0849609375 0.0869140625
0 0.525390625 0.83203125 0.09765625 0.09765625
0 0.52001953125 0.7412109375 0.0849609375 0.0859375
0 0.42724609375 0.80078125 0.1220703125 0.123046875
0 0.4267578125 0.90380859375 0.09765625 0.0986328125
0 0.8251953125 0.08544921875 0.048828125 0.0498046875
0 0.82421875 0.18017578125 0.048828125 0.0498046875
0 0.814453125 0.30615234375 0.048828125 0.0498046875
0 0.818359375 0.4189453125 0.048828125 0.048828125
0 0.72314453125 0.37353515625 0.0615234375 0.0615234375
0 0.7421875 0.04833984375 0.048828125 0.0498046875
0 0.5439453125 0.0380859375 0.037109375 0.037109375
0 0.533203125 0.1435546875 0.048828125 0.048828125
0 0.5341796875 0.2705078125 0.037109375 0.037109375
0 0.43115234375 0.3203125 0.0361328125 0.037109375
0 0.93505859375 0.126953125 0.1220703125 0.123046875
0 0.25146484375 0.2998046875 0.0732421875 0.07421875
0 0.25 0.4208984375 0.037109375 0.037109375
0 0.1630859375 0.44873046875 0.048828125 0.0498046875
0 0.0595703125 0.48974609375 0.048828125 0.0498046875