0 0.939453125 0.09228515625 0.109375 0.1103515625
0 0.74267578125 0.0830078125 0.1103515625 0.111328125
0 0.55908203125 0.08984375 0.0732421875 0.07421875
0 0.37744140625 0.07666015625 0.1103515625 0.1103515625
0 0.1923828125 0.09912109375 0.109375 0.1103515625
0 0.16943359375 0.2080078125 0.1220703125 0.123046875
0 0.17431640625 0.31591796875 0.1220703125 0.1220703125
0 0.07958984375 0.37158203125 0.1103515625 0.1103515625
0 0.08056640625 0.26025390625 0.1103515625 0.1103515625
0 0.09326171875 0.14794921875 0.1103515625 0.1103515625
0 0.16357421875 0.43115234375 0.1220703125 0.1220703125
0 0.08447265625 0.51171875 0.1220703125 0.123046875
0 0.08837890625 0.61328125 0.1220703125 0.123046875
0 0.18310546875 0.51318359375 0.1103515625 0.1103515625
0 0.271484375 0.47705078125 0.109375 0.1103515625
0 0.2783203125 0.35498046875 0.109375 0.1103515625
0 0.2705078125 0.25439453125 0.109375 0.1103515625
0 0.275390625 0.14697265625 0.109375 0.1103515625
0 0.37451171875 0.193359375 0.1220703125 0.123046875
0 0.37060546875 0.3056640625 0.1220703125 0.123046875
0 0.373046875 0.41064453125 0.109375 0.1103515625
0 0.3798828125 0.50634765625 0.109375 0.1103515625
0 0.36181640625 0.64111328125 0.1220703125 0.1220703125
0 0.4599609375 0.59130859375 0.109375 0.1103515625
0 0.46337890625 0.47119140625 0.1103515625 0.1103515625
0 0.46044921875 0.36962890625 0.1103515625 0.1103515625
0 0.46728515625 0.251953125 0.1103515625 0.111328125
0 0.46435546875 0.1474609375 0.1103515625 0.111328125
0 0.556640625 0.1943359375 0.109375 0.111328125
0 0.55859375 0.3056640625 0.109375 0.111328125
0 0.5517578125 0.4140625 0.09765625 0.09765625
0 0.55859375 0.52880859375 0.09765625 0.0986328125
0 0.55712890625 0.64697265625 0.1103515625 0.1103515625
0 0.650390625 0.69580078125 0.09765625 0.0986328125
0 0.65625 0.5947265625 0.09765625 0.09765625
0 0.64453125 0.48046875 0.109375 0.111328125
0 0.65966796875 0.3603515625 0.1220703125 0.123046875
0 0.65869140625 0.2451171875 0.0732421875 0.07421875
0 0.650390625 0.15087890625 0.09765625 0.0986328125
0 0.74365234375 0.2109375 0.1220703125 0.123046875
0 0.74365234375 0.30712890625 0.1103515625 0.1103515625
0 0.740234375 0.41015625 0.09765625 0.09765625
0 0.7373046875 0.5302734375 0.109375 0.111328125
0 0.7412109375 0.64697265625 0.109375 0.1103515625
0 0.8486328125 0.587890625 0.109375 0.111328125
0 0.83544921875 0.47998046875 0.1103515625 0.1103515625
0 0.83837890625 0.36279296875 0.1103515625 0.1103515625
0 0.84326171875 0.26123046875 0.1103515625 0.1103515625
0 0.84375 0.14013671875 0.109375 0.1103515625
0 0.9365234375 0.19873046875 0.109375 0.1103515625
0 0.9326171875 0.30517578125 0.109375 0.1103515625
0 0.9365234375 0.40087890625 0.09765625 0.0986328125
0 0.93798828125 0.53759765625 0.1103515625 0.1103515625
0 0.93505859375 0.6455078125 0.1103515625 0.111328125
0 0.83154296875 0.69921875 0.1103515625 0.111328125
0 0.9365234375 0.75341796875 0.09765625 0.0986328125
0 0.9404296875 0.8642578125 0.09765625 0.09765625
0 0.8310546875 0.8046875 0.109375 0.111328125
0 0.826171875 0.9150390625 0.109375 0.111328125
0 0.7421875 0.7451171875 0.109375 0.111328125
0 0.7353515625 0.86083984375 0.109375 0.1103515625
0 0.6435546875 0.80419921875 0.09765625 0.0986328125
0 0.6474609375 0.90869140625 0.09765625 0.0986328125
0 0.5537109375 0.74755859375 0.09765625 0.0986328125
0 0.54736328125 0.85302734375 0.1103515625 0.1103515625
0 0.458984375 0.69189453125 0.09765625 0.0986328125
0 0.4580078125 0.80224609375 0.109375 0.1103515625
0 0.458984375 0.90966796875 0.109375 0.1103515625
0 0.3671875 0.74072265625 0.09765625 0.0986328125
0 0.36962890625 0.84912109375 0.1103515625 0.1103515625
0 0.279296875 0.70361328125 0.09765625 0.0986328125
0 0.267578125 0.79931640625 0.09765625 0.0986328125
0 0.263671875 0.91748046875 0.09765625 0.0986328125
0 0.17333984375 0.763671875 0.1220703125 0.123046875
0 0.171875 0.85107421875 0.09765625 0.0986328125
0 0.06982421875 0.8154296875 0.1220703125 0.123046875