0 0.5615234375 0.6865234375 0.048828125 0.048828125
0 0.8544921875 0.0771484375 0.048828125 0.048828125
0 0.564453125 0.12255859375 0.060546875 0.0615234375
0 0.65771484375 0.51806640625 0.0615234375 0.0615234375
0 0.65966796875 0.17333984375 0.0615234375 0.0615234375
0 0.65576171875 0.07568359375 0.0615234375 0.0615234375
0 0.56298828125 0.58056640625 0.0615234375 0.0615234375
0 0.373046875 0.1669921875 0.048828125 0.048828125
0 0.453125 0.142578125 0.048828125 0.048828125
0 0.5625 0.48193359375 0.048828125 0.0498046875
0 0.5634765625 0.38134765625 0.048828125 0.0498046875
0 0.9345703125 0.0966796875 0.048828125 0.048828125
0 0.2685546875 0.171875 0.048828125 0.048828125
0 0.3671875 0.2998046875 0.048828125 0.048828125
0 0.2724609375 0.0888671875 0.048828125 0.048828125
0 0.1884765625 0.08984375 0.048828125 0.048828125
0 0.74365234375 0.19677734375 0.0615234375 0.0615234375
0 0.7421875 0.10986328125 0.060546875 0.0615234375
0 0.2666015625 0.2685546875 0.037109375 0.037109375
0 0.3759765625 0.0654296875 0.048828125 0.048828125
0 0.4501953125 0.2578125 0.037109375 0.037109375
0 0.8505859375 0.28173828125 0.048828125 0.0498046875
0 0.8505859375 0.1826171875 0.048828125 0.048828125
0 0.943359375 0.291015625 0.037109375 0.037109375
0 0.935546875 0.1865234375 0.048828125 0.048828125
0 0.072265625 0.666015625 0.048828125 0.048828125
0 0.07421875 0.5595703125 0.048828125 0.048828125
0 0.0810546875 0.462890625 0.037109375 0.037109375
0 0.080078125 0.3740234375 0.037109375 0.037109375
0 0.451171875 0.6240234375 0.048828125 0.048828125
0 0.453125 0.5361328125 0.048828125 0.048828125
0 0.44873046875 0.43212890625 0.0361328125 0.0361328125
0 0.455078125 0.35009765625 0.048828125 0.0498046875
0 0.3603515625 0.4130859375 0.037109375 0.037109375
0 0.29833984375 0.4501953125 0.0361328125 0.037109375
0 0.3505859375 0.5234375 0.037109375 0.037109375
0 0.3447265625 0.6455078125 0.037109375 0.037109375
0 0.06201171875 0.90869140625 0.0244140625 0.0244140625
0 0.06787109375 0.79931640625 0.0244140625 0.0244140625
0 0.138671875 0.8583984375 0.037109375 0.037109375
0 0.13671875 0.755859375 0.048828125 0.048828125
0 0.13916015625 0.6259765625 0.0361328125 0.037109375
0 0.4599609375 0.736328125 0.048828125 0.048828125
0 0.8349609375 0.9345703125 0.037109375 0.037109375
0 0.8447265625 0.84228515625 0.037109375 0.0361328125
0 0.8359375 0.72900390625 0.037109375 0.0361328125
0 0.8388671875 0.64697265625 0.037109375 0.0361328125
0 0.8408203125 0.5576171875 0.037109375 0.037109375
0 0.8466796875 0.4794921875 0.037109375 0.037109375
0 0.74609375 0.52685546875 0.048828125 0.0498046875
0 0.734375 0.64306640625 0.048828125 0.0498046875
0 0.7294921875 0.74169921875 0.037109375 0.0361328125
0 0.7255859375 0.8232421875 0.037109375 0.037109375
0 0.71533203125 0.9404296875 0.0361328125 0.037109375
0 0.63232421875 0.904296875 0.0361328125 0.037109375
0 0.62744140625 0.814453125 0.0361328125 0.037109375
0 0.63720703125 0.720703125 0.0361328125 0.037109375
0 0.64599609375 0.61962890625 0.0361328125 0.0361328125
0 0.5615234375 0.7822265625 0.037109375 0.037109375
0 0.5615234375 0.8671875 0.037109375 0.037109375
0 0.5625 0.9404296875 0.037109375 0.037109375
0 0.93212890625 0.501953125 0.0361328125 0.037109375
0 0.65576171875 0.4111328125 0.0361328125 0.037109375
0 0.7490234375 0.4169921875 0.037109375 0.037109375
0 0.85009765625 0.3857421875 0.0361328125 0.037109375
0 0.93994140625 0.3876953125 0.0361328125 0.037109375
0 0.134765625 0.5107421875 0.048828125 0.048828125