0 0.36474609375 0.93701171875 0.0615234375 0.0615234375
0 0.9345703125 0.28466796875 0.109375 0.1103515625
0 0.9345703125 0.16357421875 0.109375 0.1103515625
0 0.94140625 0.06396484375 0.109375 0.1103515625
0 0.83251953125 0.12353515625 0.1103515625 0.1103515625
0 0.82666015625 0.22705078125 0.1103515625 0.1103515625
0 0.74072265625 0.28662109375 0.1103515625 0.1103515625
0 0.73095703125 0.17333984375 0.1103515625 0.1103515625
0 0.74072265625 0.06005859375 0.1103515625 0.1103515625
0 0.64599609375 0.12451171875 0.0732421875 0.0732421875
0 0.646484375 0.23095703125 0.09765625 0.0986328125
0 0.552734375 0.2919921875 0.09765625 0.09765625
0 0.47314453125 0.2392578125 0.0361328125 0.037109375
0 0.5556640625 0.0498046875 0.0859375 0.0859375
0 0.5537109375 0.1748046875 0.0859375 0.0859375
0 0.37060546875 0.09423828125 0.1103515625 0.1103515625
0 0.2783203125 0.1083984375 0.109375 0.111328125
0 0.28173828125 0.2294921875 0.1220703125 0.123046875
0 0.28076171875 0.3232421875 0.1220703125 0.123046875
0 0.18505859375 0.28759765625 0.1103515625 0.1103515625
0 0.18505859375 0.1787109375 0.1220703125 0.123046875
0 0.10107421875 0.11767578125 0.1103515625 0.1103515625
0 0.09912109375 0.22900390625 0.1103515625 0.1103515625
0 0.087890625 0.32177734375 0.09765625 0.0986328125
0 0.83642578125 0.33544921875 0.1103515625 0.1103515625
0 0.73828125 0.39990234375 0.109375 0.1103515625
0 0.63427734375 0.3486328125 0.1220703125 0.123046875
0 0.54638671875 0.4111328125 0.0732421875 0.07421875
0 0.6416015625 0.44970703125 0.109375 0.1103515625
0 0.94189453125 0.40380859375 0.1103515625 0.1103515625
0 0.18408203125 0.4130859375 0.1220703125 0.123046875
0 0.09326171875 0.4482421875 0.1220703125 0.123046875
0 0.27587890625 0.4501953125 0.1220703125 0.123046875
0 0.09033203125 0.568359375 0.1220703125 0.123046875
0 0.08447265625 0.6689453125 0.1220703125 0.123046875
0 0.09228515625 0.7880859375 0.1220703125 0.123046875
0 0.17724609375 0.837890625 0.1220703125 0.123046875
0 0.18505859375 0.7265625 0.1220703125 0.123046875
0 0.18017578125 0.6083984375 0.1220703125 0.123046875
0 0.18359375 0.505859375 0.09765625 0.09765625
0 0.27978515625 0.5478515625 0.1220703125 0.123046875
0 0.27587890625 0.689453125 0.1220703125 0.123046875
0 0.2744140625 0.78955078125 0.09765625 0.0986328125
0 0.28662109375 0.904296875 0.1220703125 0.123046875
0 0.08349609375 0.87744140625 0.0849609375 0.0869140625
0 0.64111328125 0.548828125 0.0849609375 0.0859375
0 0.62744140625 0.6611328125 0.1220703125 0.123046875
0 0.6357421875 0.78466796875 0.09765625 0.0986328125
0 0.734375 0.50439453125 0.109375 0.1103515625
0 0.736328125 0.61669921875 0.09765625 0.0986328125
0 0.736328125 0.73193359375 0.109375 0.1103515625
0 0.72998046875 0.83349609375 0.1103515625 0.1103515625
0 0.83154296875 0.44775390625 0.1103515625 0.1103515625
0 0.83154296875 0.55810546875 0.1103515625 0.1103515625
0 0.83447265625 0.67529296875 0.1220703125 0.1220703125
0 0.83203125 0.78466796875 0.09765625 0.0986328125
0 0.92724609375 0.49755859375 0.1103515625 0.1103515625
0 0.919921875 0.61669921875 0.09765625 0.0986328125
0 0.921875 0.73095703125 0.09765625 0.0986328125
0 0.919921875 0.84130859375 0.09765625 0.0986328125
0 0.8271484375 0.91650390625 0.09765625 0.0986328125
0 0.73583984375 0.9423828125 0.0849609375 0.0859375
0 0.185546875 0.93896484375 0.109375 0.1103515625
0 0.92578125 0.94580078125 0.037109375 0.0361328125
0 0.640625 0.88525390625 0.037109375 0.0361328125
0 0.53857421875 0.8662109375 0.0361328125 0.037109375
0 0.458984375 0.8916015625 0.037109375 0.037109375
0 0.4599609375 0.775390625 0.037109375 0.037109375