0 0.189453125 0.13818359375 0.060546875 0.0615234375
0 0.09765625 0.19140625 0.048828125 0.048828125
0 0.1015625 0.07958984375 0.060546875 0.0615234375
0 0.7333984375 0.1533203125 0.048828125 0.048828125
0 0.83154296875 0.06396484375 0.0615234375 0.0615234375
0 0.92333984375 0.10888671875 0.0615234375 0.0615234375
0 0.3642578125 0.1181640625 0.037109375 0.037109375
0 0.63427734375 0.1630859375 0.0361328125 0.037109375
0 0.2744140625 0.08251953125 0.048828125 0.0498046875
0 0.552734375 0.1884765625 0.037109375 0.037109375
0 0.6416015625 0.0576171875 0.048828125 0.048828125
0 0.27197265625 0.17822265625 0.0615234375 0.0615234375
0 0.45263671875 0.29736328125 0.0732421875 0.0732421875
0 0.19091796875 0.234375 0.0732421875 0.07421875
0 0.37353515625 0.47216796875 0.0615234375 0.0615234375
0 0.451171875 0.39013671875 0.048828125 0.0498046875
0 0.36376953125 0.56787109375 0.0615234375 0.0615234375
0 0.1884765625 0.42919921875 0.060546875 0.0615234375
0 0.1875 0.3359375 0.048828125 0.048828125
0 0.095703125 0.3935546875 0.048828125 0.048828125
0 0.09716796875 0.29150390625 0.0615234375 0.0615234375
0 0.08740234375 0.49658203125 0.0615234375 0.0615234375
0 0.93017578125 0.66015625 0.1220703125 0.123046875
0 0.93017578125 0.7744140625 0.1220703125 0.123046875
0 0.92431640625 0.88916015625 0.1220703125 0.1220703125
0 0.82666015625 0.83935546875 0.1220703125 0.1220703125
0 0.82666015625 0.728515625 0.1220703125 0.123046875
0 0.82763671875 0.615234375 0.1220703125 0.123046875
0 0.73388671875 0.64794921875 0.1220703125 0.1220703125
0 0.7216796875 0.76611328125 0.09765625 0.0986328125
0 0.73193359375 0.869140625 0.1220703125 0.123046875
0 0.63818359375 0.9365234375 0.1220703125 0.123046875
0 0.64404296875 0.8359375 0.1220703125 0.123046875
0 0.63623046875 0.716796875 0.1220703125 0.123046875
0 0.55126953125 0.6669921875 0.1220703125 0.123046875
0 0.54345703125 0.7783203125 0.1220703125 0.123046875
0 0.54833984375 0.896484375 0.1220703125 0.123046875
0 0.45263671875 0.8154296875 0.1220703125 0.123046875
0 0.4541015625 0.71533203125 0.09765625 0.0986328125
0 0.44189453125 0.6005859375 0.1220703125 0.123046875
0 0.64501953125 0.62744140625 0.0849609375 0.0869140625
0 0.08740234375 0.9560546875 0.0849609375 0.0859375
0 0.10107421875 0.84375 0.1220703125 0.123046875
0 0.0927734375 0.72021484375 0.09765625 0.0986328125
0 0.44921875 0.50244140625 0.109375 0.1103515625
0 0.54296875 0.56591796875 0.109375 0.1103515625
0 0.54345703125 0.46337890625 0.1103515625 0.1103515625
0 0.54931640625 0.28857421875 0.1220703125 0.1220703125
0 0.6484375 0.27685546875 0.09765625 0.0986328125
0 0.65185546875 0.37939453125 0.1103515625 0.1103515625
0 0.642578125 0.50634765625 0.09765625 0.0986328125
0 0.7412109375 0.50732421875 0.09765625 0.0986328125
0 0.74072265625 0.3671875 0.1220703125 0.123046875
0 0.7412109375 0.23291015625 0.109375 0.1103515625
0 0.8291015625 0.50439453125 0.09765625 0.0986328125
0 0.83056640625 0.400390625 0.1220703125 0.123046875
0 0.830078125 0.28271484375 0.09765625 0.0986328125
0 0.92529296875 0.21484375 0.1103515625 0.111328125
0 0.9384765625 0.55615234375 0.09765625 0.0986328125
0 0.9267578125 0.44287109375 0.09765625 0.0986328125
0 0.9345703125 0.3369140625 0.09765625 0.09765625
0 0.087890625 0.61962890625 0.037109375 0.0361328125
0 0.18994140625 0.638671875 0.0361328125 0.037109375
0 0.16552734375 0.49853515625 0.0244140625 0.0244140625
0 0.2734375 0.517578125 0.037109375 0.037109375
0 0.26953125 0.61328125 0.037109375 0.037109375
0 0.2685546875 0.7294921875 0.037109375 0.037109375
0 0.37353515625 0.35107421875 0.0361328125 0.0361328125
0 0.2666015625 0.39453125 0.037109375 0.037109375
0 0.267578125 0.28369140625 0.048828125 0.0498046875
0 0.36962890625 0.24365234375 0.0361328125 0.0361328125
0 0.37109375 0.01953125 0.037109375 0.037109375
0 0.4501953125 0.078125 0.048828125 0.048828125
0 0.55908203125 0.0673828125 0.0361328125 0.037109375
0 0.830078125 0.158203125 0.048828125 0.048828125