0 0.21826171875 0.50390625 0.0732421875 0.07421875
0 0.28515625 0.2255859375 0.048828125 0.048828125
0 0.2890625 0.1181640625 0.048828125 0.048828125
0 0.28955078125 0.34130859375 0.0615234375 0.0615234375
0 0.103515625 0.2421875 0.048828125 0.048828125
0 0.21484375 0.1767578125 0.037109375 0.037109375
0 0.1044921875 0.3359375 0.048828125 0.048828125
0 0.21435546875 0.291015625 0.0732421875 0.07421875
0 0.2236328125 0.0634765625 0.048828125 0.048828125
0 0.21435546875 0.392578125 0.0732421875 0.07421875
0 0.685546875 0.912109375 0.0859375 0.0859375
0 0.49072265625 0.8828125 0.0732421875 0.07421875
0 0.814453125 0.53076171875 0.048828125 0.0498046875
0 0.4921875 0.24462890625 0.048828125 0.0498046875
0 0.40185546875 0.29638671875 0.0615234375 0.0615234375
0 0.603515625 0.20166015625 0.060546875 0.0615234375
0 0.498046875 0.0458984375 0.048828125 0.048828125
0 0.404296875 0.06298828125 0.060546875 0.0615234375
0 0.4951171875 0.14599609375 0.048828125 0.0498046875
0 0.599609375 0.28173828125 0.060546875 0.0615234375
0 0.4951171875 0.3427734375 0.037109375 0.037109375
0 0.40625 0.18115234375 0.048828125 0.0498046875
0 0.599609375 0.40380859375 0.048828125 0.0498046875
0 0.39306640625 0.3984375 0.0361328125 0.037109375
0 0.09326171875 0.61474609375 0.0615234375 0.0615234375
0 0.208984375 0.6083984375 0.048828125 0.048828125
0 0.10546875 0.80810546875 0.048828125 0.0498046875
0 0.20361328125 0.93798828125 0.0615234375 0.0615234375
0 0.107421875 0.92333984375 0.048828125 0.0498046875
0 0.2822265625 0.90771484375 0.048828125 0.0498046875
0 0.48681640625 0.787109375 0.0244140625 0.025390625
0 0.3857421875 0.8427734375 0.048828125 0.048828125
0 0.3916015625 0.96044921875 0.048828125 0.0498046875
0 0.2080078125 0.83642578125 0.048828125 0.0498046875
0 0.1025390625 0.447265625 0.048828125 0.048828125
0 0.09765625 0.5400390625 0.048828125 0.048828125
0 0.1005859375 0.70751953125 0.048828125 0.0498046875
0 0.212890625 0.72265625 0.048828125 0.048828125
0 0.28662109375 0.67919921875 0.0244140625 0.0244140625
0 0.28173828125 0.55419921875 0.0244140625 0.0244140625
0 0.27978515625 0.439453125 0.0244140625 0.025390625
0 0.39599609375 0.51220703125 0.0244140625 0.0244140625
0 0.39599609375 0.75048828125 0.0244140625 0.0244140625
0 0.10302734375 0.15576171875 0.0244140625 0.0244140625
0 0.904296875 0.4267578125 0.048828125 0.048828125
0 0.90234375 0.31298828125 0.060546875 0.0615234375
0 0.912109375 0.1923828125 0.037109375 0.037109375
0 0.83740234375 0.29541015625 0.0615234375 0.0615234375
0 0.845703125 0.1962890625 0.048828125 0.048828125
0 0.69873046875 0.36083984375 0.0244140625 0.0244140625
0 0.69873046875 0.25390625 0.0361328125 0.037109375
0 0.591796875 0.8369140625 0.048828125 0.048828125
0 0.5888671875 0.7255859375 0.048828125 0.048828125
0 0.6943359375 0.47314453125 0.037109375 0.0361328125
0 0.689453125 0.58984375 0.048828125 0.048828125
0 0.689453125 0.6943359375 0.048828125 0.048828125
0 0.6826171875 0.8056640625 0.048828125 0.048828125
0 0.80078125 0.84033203125 0.0234375 0.0244140625
0 0.806640625 0.7373046875 0.048828125 0.048828125
0 0.8173828125 0.62451171875 0.037109375 0.0361328125
0 0.8857421875 0.8935546875 0.048828125 0.048828125
0 0.88623046875 0.77783203125 0.0244140625 0.0244140625
0 0.89306640625 0.65087890625 0.0244140625 0.0244140625
0 0.8994140625 0.53662109375 0.048828125 0.0498046875
0 0.97900390625 0.84033203125 0.0361328125 0.0361328125
0 0.97900390625 0.71044921875 0.0244140625 0.0244140625
0 0.98486328125 0.60107421875 0.0244140625 0.0244140625
0 0.58349609375 0.94775390625 0.0244140625 0.0244140625
0 0.97509765625 0.9609375 0.0361328125 0.037109375
0 0.48779296875 0.56591796875 0.0244140625 0.0244140625
0 0.60400390625 0.478515625 0.0361328125 0.037109375