0 0.15771484375 0.24951171875 0.0615234375 0.0615234375
0 0.236328125 0.1572265625 0.048828125 0.048828125
0 0.11767578125 0.15234375 0.0498046875 0.048828125
0 0.14013671875 0.41015625 0.0615234375 0.060546875
0 0.1484375 0.7685546875 0.048828125 0.048828125
0 0.2138671875 0.689453125 0.048828125 0.048828125
0 0.19775390625 0.50634765625 0.0615234375 0.0615234375
0 0.16748046875 0.0595703125 0.0498046875 0.048828125
0 0.08935546875 0.6865234375 0.0615234375 0.060546875
0 0.04443359375 0.04736328125 0.0732421875 0.0732421875
0 0.05322265625 0.7666015625 0.0615234375 0.060546875
0 0.0419921875 0.4169921875 0.048828125 0.048828125
0 0.18212890625 0.880859375 0.0498046875 0.048828125
0 0.08544921875 0.876953125 0.0498046875 0.048828125
0 0.22412109375 0.9716796875 0.0498046875 0.048828125
0 0.37060546875 0.41162109375 0.0615234375 0.0615234375
0 0.30419921875 0.51025390625 0.0615234375 0.0615234375
0 0.4404296875 0.15869140625 0.07421875 0.0732421875
0 0.37158203125 0.24853515625 0.0615234375 0.0615234375
0 0.2744140625 0.4052734375 0.060546875 0.060546875
0 0.46533203125 0.41259765625 0.0615234375 0.0615234375
0 0.3857421875 0.060546875 0.048828125 0.048828125
0 0.27783203125 0.0556640625 0.0498046875 0.048828125
0 0.427734375 0.34033203125 0.07421875 0.0732421875
0 0.2587890625 0.2509765625 0.048828125 0.048828125
0 0.3017578125 0.33984375 0.060546875 0.060546875
0 0.33154296875 0.15234375 0.0615234375 0.060546875
0 0.85546875 0.06884765625 0.123046875 0.1220703125
0 0.9228515625 0.15576171875 0.123046875 0.1220703125
0 0.8447265625 0.16162109375 0.123046875 0.1220703125
0 0.7470703125 0.25634765625 0.111328125 0.1103515625
0 0.8642578125 0.25537109375 0.123046875 0.1220703125
0 0.90234375 0.33544921875 0.0859375 0.0849609375
0 0.8056640625 0.33642578125 0.0859375 0.0849609375
0 0.853515625 0.4384765625 0.09765625 0.09765625
0 0.798828125 0.52685546875 0.123046875 0.1220703125
0 0.9169921875 0.53173828125 0.123046875 0.1220703125
0 0.853515625 0.61572265625 0.123046875 0.1220703125
0 0.91162109375 0.71875 0.0986328125 0.09765625
0 0.7919921875 0.72314453125 0.0859375 0.0849609375
0 0.84765625 0.80078125 0.0859375 0.0859375
0 0.9013671875 0.9052734375 0.0859375 0.0859375
0 0.46484375 0.0546875 0.048828125 0.048828125
0 0.078125 0.24658203125 0.037109375 0.0361328125
0 0.087890625 0.3330078125 0.048828125 0.048828125
0 0.2001953125 0.3232421875 0.037109375 0.037109375
0 0.0966796875 0.498046875 0.048828125 0.048828125
0 0.15234375 0.5810546875 0.048828125 0.048828125
0 0.25048828125 0.5859375 0.0615234375 0.060546875
0 0.25341796875 0.77490234375 0.0244140625 0.0244140625
0 0.03564453125 0.56982421875 0.0244140625 0.0244140625
0 0.28662109375 0.86767578125 0.0244140625 0.0244140625