0 0.708984375 0.31201171875 0.0859375 0.0849609375
0 0.55859375 0.39697265625 0.0859375 0.0849609375
0 0.39111328125 0.47998046875 0.0732421875 0.0732421875
0 0.96826171875 0.88330078125 0.0615234375 0.0615234375
0 0.53466796875 0.9501953125 0.0986328125 0.09765625
0 0.1025390625 0.95361328125 0.0859375 0.0849609375
0 0.048828125 0.86328125 0.0859375 0.0859375
0 0.16943359375 0.86865234375 0.1103515625 0.1103515625
0 0.27880859375 0.8671875 0.0986328125 0.09765625
0 0.38427734375 0.859375 0.0986328125 0.09765625
0 0.47412109375 0.8623046875 0.1103515625 0.109375
0 0.603515625 0.8623046875 0.0859375 0.0859375
0 0.7119140625 0.87158203125 0.0859375 0.0849609375
0 0.65576171875 0.77734375 0.0986328125 0.09765625
0 0.54443359375 0.78125 0.1103515625 0.109375
0 0.44140625 0.7734375 0.09765625 0.09765625
0 0.33056640625 0.7744140625 0.1103515625 0.109375
0 0.24072265625 0.76904296875 0.1103515625 0.1103515625
0 0.12548828125 0.7646484375 0.0986328125 0.09765625
0 0.71875 0.10791015625 0.0859375 0.0849609375
0 0.62548828125 0.10888671875 0.1220703125 0.1220703125
0 0.5068359375 0.10498046875 0.123046875 0.1220703125
0 0.4033203125 0.111328125 0.0859375 0.0859375
0 0.2861328125 0.10498046875 0.123046875 0.1220703125
0 0.181640625 0.10205078125 0.123046875 0.1220703125
0 0.0751953125 0.10302734375 0.123046875 0.1220703125
0 0.119140625 0.19482421875 0.123046875 0.1220703125
0 0.24169921875 0.19775390625 0.1220703125 0.1220703125
0 0.341796875 0.20263671875 0.123046875 0.1220703125
0 0.455078125 0.19970703125 0.123046875 0.1220703125
0 0.56689453125 0.20849609375 0.0869140625 0.0849609375
0 0.693359375 0.20361328125 0.0859375 0.0849609375
0 0.619140625 0.3095703125 0.0859375 0.0859375
0 0.5068359375 0.314453125 0.0859375 0.0859375
0 0.3974609375 0.302734375 0.0859375 0.0859375
0 0.283203125 0.306640625 0.0859375 0.0859375
0 0.1669921875 0.30517578125 0.0859375 0.0849609375
0 0.06884765625 0.2998046875 0.0615234375 0.060546875
0 0.123046875 0.3837890625 0.111328125 0.109375
0 0.236328125 0.390625 0.0859375 0.0859375
0 0.3583984375 0.3955078125 0.09765625 0.09765625
0 0.4794921875 0.39208984375 0.0859375 0.0849609375
0 0.6640625 0.39990234375 0.0859375 0.0849609375
0 0.7197265625 0.48388671875 0.0859375 0.0849609375
0 0.60302734375 0.47607421875 0.0869140625 0.0849609375
0 0.498046875 0.48095703125 0.0859375 0.0849609375
0 0.248046875 0.5673828125 0.048828125 0.048828125
0 0.27734375 0.474609375 0.0859375 0.0859375
0 0.173828125 0.48095703125 0.123046875 0.1220703125
0 0.119140625 0.57080078125 0.123046875 0.1220703125
0 0.06787109375 0.6611328125 0.0986328125 0.09765625
0 0.19970703125 0.671875 0.0986328125 0.09765625
0 0.30126953125 0.671875 0.0986328125 0.09765625
0 0.40478515625 0.6669921875 0.0986328125 0.09765625
0 0.50537109375 0.681640625 0.0986328125 0.09765625
0 0.625 0.685546875 0.09765625 0.09765625
0 0.7158203125 0.68017578125 0.0859375 0.0849609375
0 0.65625 0.58740234375 0.123046875 0.1220703125
0 0.55322265625 0.5869140625 0.0986328125 0.09765625
0 0.3515625 0.57275390625 0.0859375 0.0849609375
0 0.96728515625 0.2197265625 0.0498046875 0.048828125
0 0.966796875 0.03125 0.048828125 0.048828125