0 0.09140625 0.45859375 0.0484375 0.0484375
0 0.08671875 0.56328125 0.0609375 0.0609375
0 0.09140625 0.36171875 0.0609375 0.0609375
0 0.0890625 0.24921875 0.059375 0.0609375
0 0.08984375 0.67890625 0.0609375 0.0609375
0 0.0828125 0.89296875 0.059375 0.0609375
0 0.0859375 0.77890625 0.059375 0.0609375
0 0.16171875 0.85859375 0.0484375 0.0484375
0 0.759375 0.53828125 0.059375 0.0609375
0 0.8421875 0.60703125 0.084375 0.0859375
0 0.76796875 0.75546875 0.0484375 0.0484375
0 0.84140625 0.81796875 0.0484375 0.0484375
0 0.76640625 0.64453125 0.0609375 0.0609375
0 0.76015625 0.30859375 0.0484375 0.0484375
0 0.58359375 0.32578125 0.0484375 0.0484375
0 0.47421875 0.27109375 0.0484375 0.0484375
0 0.18203125 0.19609375 0.0484375 0.0484375
0 0.1703125 0.51953125 0.046875 0.0484375
0 0.58203125 0.43984375 0.0484375 0.0484375
0 0.26875 0.57265625 0.071875 0.0734375
0 0.38359375 0.31328125 0.0484375 0.0484375
0 0.38984375 0.43359375 0.0609375 0.0609375
0 0.46953125 0.48515625 0.0484375 0.0484375
0 0.1765625 0.30703125 0.059375 0.0609375
0 0.66484375 0.60546875 0.0609375 0.0609375
0 0.275 0.46015625 0.059375 0.0609375
0 0.1671875 0.746875 0.071875 0.071875
0 0.27578125 0.79296875 0.0609375 0.0609375
0 0.66484375 0.49296875 0.0484375 0.0484375
0 0.27734375 0.371875 0.0609375 0.059375
0 0.2828125 0.25390625 0.059375 0.0609375
0 0.0875 0.15234375 0.071875 0.0734375
0 0.09140625 0.05078125 0.0484375 0.0484375
0 0.75546875 0.09609375 0.0484375 0.0484375
0 0.28046875 0.04140625 0.0609375 0.0609375
0 0.18203125 0.09453125 0.0609375 0.0609375
0 0.58203125 0.10859375 0.0484375 0.0484375
0 0.66484375 0.04609375 0.0609375 0.0609375
0 0.47734375 0.15390625 0.0484375 0.0484375
0 0.94140625 0.87265625 0.0484375 0.0484375
0 0.94296875 0.76640625 0.0484375 0.0484375
0 0.9453125 0.08203125 0.096875 0.0984375
0 0.859375 0.1421875 0.109375 0.109375
0 0.85625 0.26171875 0.084375 0.0859375
0 0.8578125 0.36875 0.096875 0.096875
0 0.8453125 0.4921875 0.096875 0.096875
0 0.9390625 0.63359375 0.084375 0.0859375
0 0.47890625 0.04765625 0.0359375 0.0359375
0 0.66796875 0.15703125 0.0484375 0.0484375
0 0.75390625 0.19921875 0.0234375 0.0234375
0 0.74921875 0.42421875 0.0484375 0.0484375
0 0.66484375 0.39453125 0.0359375 0.0359375
0 0.66640625 0.26796875 0.0484375 0.0484375
0 0.58203125 0.21171875 0.0234375 0.0234375
0 0.40390625 0.55078125 0.0484375 0.0484375
0 0.38515625 0.20546875 0.0234375 0.0234375
0 0.38515625 0.09296875 0.0234375 0.0234375
0 0.28203125 0.14453125 0.0234375 0.0234375
0 0.17421875 0.42421875 0.0359375 0.0359375
0 0.1703125 0.62578125 0.084375 0.0859375
0 0.8515625 0.69609375 0.059375 0.0609375
0 0.85234375 0.92265625 0.0359375 0.0359375
0 0.46484375 0.58515625 0.0484375 0.0484375
0 0.46953125 0.91484375 0.0234375 0.0234375
0 0.46796875 0.71171875 0.0234375 0.0234375
0 0.26953125 0.90859375 0.0359375 0.0359375
0 0.39296875 0.88359375 0.0359375 0.0359375
0 0.27265625 0.66015625 0.0234375 0.0234375
0 0.16328125 0.96953125 0.0484375 0.0484375