0 0.11328125 0.7763671875 0.048828125 0.048828125
0 0.1083984375 0.56396484375 0.048828125 0.0498046875
0 0.1171875 0.13037109375 0.109375 0.1103515625
0 0.20849609375 0.18115234375 0.1103515625 0.1103515625
0 0.20458984375 0.0654296875 0.1103515625 0.111328125
0 0.31494140625 0.1259765625 0.1103515625 0.111328125
0 0.396484375 0.07177734375 0.109375 0.1103515625
0 0.40478515625 0.16796875 0.1220703125 0.123046875
0 0.50537109375 0.1572265625 0.1220703125 0.123046875
0 0.60009765625 0.05712890625 0.1103515625 0.1103515625
0 0.77880859375 0.18505859375 0.1220703125 0.1220703125
0 0.876953125 0.13525390625 0.109375 0.1103515625
0 0.8759765625 0.23583984375 0.09765625 0.0986328125
0 0.875 0.34619140625 0.109375 0.1103515625
0 0.8759765625 0.45361328125 0.109375 0.1103515625
0 0.8740234375 0.56689453125 0.109375 0.1103515625
0 0.7841796875 0.28466796875 0.09765625 0.0986328125
0 0.78662109375 0.39306640625 0.1103515625 0.1103515625
0 0.78369140625 0.51708984375 0.1103515625 0.1103515625
0 0.77783203125 0.62744140625 0.1103515625 0.1103515625
0 0.6962890625 0.24755859375 0.09765625 0.0986328125
0 0.6845703125 0.34326171875 0.09765625 0.0986328125
0 0.6806640625 0.46142578125 0.09765625 0.0986328125
0 0.59033203125 0.3076171875 0.1220703125 0.123046875
0 0.5888671875 0.39501953125 0.09765625 0.0986328125
0 0.5869140625 0.5068359375 0.09765625 0.09765625
0 0.5849609375 0.61328125 0.09765625 0.09765625
0 0.5703125 0.7333984375 0.09765625 0.09765625
0 0.67919921875 0.56298828125 0.1103515625 0.1103515625
0 0.6796875 0.6826171875 0.109375 0.111328125
0 0.77685546875 0.73291015625 0.1103515625 0.1103515625
0 0.86865234375 0.67724609375 0.1103515625 0.1103515625
0 0.48681640625 0.359375 0.1220703125 0.123046875
0 0.40185546875 0.3916015625 0.1103515625 0.111328125
0 0.30810546875 0.4423828125 0.1220703125 0.123046875
0 0.205078125 0.50732421875 0.109375 0.1103515625
0 0.298828125 0.55029296875 0.09765625 0.0986328125
0 0.3955078125 0.5 0.09765625 0.09765625
0 0.2138671875 0.61083984375 0.109375 0.1103515625
0 0.21044921875 0.7294921875 0.0849609375 0.0859375
0 0.3046875 0.67529296875 0.09765625 0.0986328125
0 0.39208984375 0.61279296875 0.1103515625 0.1103515625
0 0.39111328125 0.72705078125 0.1103515625 0.1103515625
0 0.49365234375 0.669921875 0.1220703125 0.123046875
0 0.49560546875 0.5625 0.1220703125 0.123046875
0 0.1083984375 0.439453125 0.048828125 0.048828125
0 0.8681640625 0.89794921875 0.09765625 0.0986328125
0 0.87255859375 0.78955078125 0.1103515625 0.1103515625
0 0.77099609375 0.83349609375 0.1103515625 0.1103515625
0 0.779296875 0.93994140625 0.109375 0.1103515625
0 0.67724609375 0.9052734375 0.1220703125 0.123046875
0 0.6875 0.79248046875 0.109375 0.1103515625
0 0.5849609375 0.84521484375 0.109375 0.1103515625
0 0.39306640625 0.833984375 0.1220703125 0.123046875
0 0.49609375 0.90576171875 0.09765625 0.0986328125
0 0.49755859375 0.783203125 0.1220703125 0.123046875
0 0.2998046875 0.8955078125 0.109375 0.111328125
0 0.302734375 0.78125 0.109375 0.111328125
0 0.2119140625 0.8369140625 0.09765625 0.09765625
0 0.111328125 0.234375 0.048828125 0.048828125
0 0.107421875 0.3427734375 0.048828125 0.048828125
0 0.0263671875 0.40283203125 0.048828125 0.0498046875
0 0.0322265625 0.181640625 0.048828125 0.048828125
0 0.10791015625 0.66650390625 0.0244140625 0.0244140625
0 0.1025390625 0.892578125 0.048828125 0.048828125