0 0.13232421875 0.1103515625 0.1103515625 0.109375
0 0.177734375 0.21630859375 0.111328125 0.1103515625
0 0.068359375 0.2138671875 0.09765625 0.09765625
0 0.126953125 0.3037109375 0.09765625 0.09765625
0 0.1845703125 0.39990234375 0.07421875 0.0732421875
0 0.078125 0.396484375 0.0859375 0.0859375
0 0.12451171875 0.4912109375 0.0986328125 0.09765625
0 0.072265625 0.57763671875 0.123046875 0.1220703125
0 0.17138671875 0.58154296875 0.1103515625 0.1103515625
0 0.12646484375 0.68505859375 0.1103515625 0.1103515625
0 0.07666015625 0.7724609375 0.0986328125 0.09765625
0 0.19384765625 0.7666015625 0.1103515625 0.109375
0 0.14453125 0.87158203125 0.123046875 0.1220703125
0 0.302734375 0.78955078125 0.123046875 0.1220703125
0 0.41064453125 0.78466796875 0.1220703125 0.1220703125
0 0.46630859375 0.87939453125 0.1103515625 0.1103515625
0 0.35498046875 0.87841796875 0.1103515625 0.1103515625
0 0.24267578125 0.86572265625 0.1103515625 0.1103515625
0 0.52587890625 0.79541015625 0.1220703125 0.1220703125
0 0.6064453125 0.87451171875 0.123046875 0.1220703125
0 0.7080078125 0.87060546875 0.123046875 0.1220703125
0 0.60791015625 0.77587890625 0.1103515625 0.1103515625
0 0.57177734375 0.6875 0.1103515625 0.109375
0 0.44970703125 0.6806640625 0.1103515625 0.109375
0 0.34912109375 0.6884765625 0.1103515625 0.109375
0 0.24169921875 0.68359375 0.1103515625 0.109375
0 0.2880859375 0.58447265625 0.123046875 0.1220703125
0 0.400390625 0.58837890625 0.123046875 0.1220703125
0 0.50537109375 0.5859375 0.1103515625 0.109375
0 0.60107421875 0.5791015625 0.1103515625 0.109375
0 0.73583984375 0.59716796875 0.1220703125 0.1220703125
0 0.68603515625 0.4990234375 0.1103515625 0.109375
0 0.56591796875 0.49560546875 0.1103515625 0.1103515625
0 0.46435546875 0.49853515625 0.1103515625 0.1103515625
0 0.3466796875 0.49169921875 0.111328125 0.1103515625
0 0.2421875 0.49462890625 0.111328125 0.1103515625
0 0.2890625 0.40234375 0.111328125 0.109375
0 0.400390625 0.400390625 0.111328125 0.109375
0 0.5087890625 0.4072265625 0.09765625 0.09765625
0 0.62353515625 0.400390625 0.0986328125 0.09765625
0 0.74169921875 0.40185546875 0.1103515625 0.1103515625
0 0.79052734375 0.30859375 0.0986328125 0.09765625
0 0.689453125 0.302734375 0.09765625 0.09765625
0 0.5751953125 0.314453125 0.111328125 0.109375
0 0.455078125 0.29931640625 0.123046875 0.1220703125
0 0.33984375 0.30029296875 0.07421875 0.0732421875
0 0.24560546875 0.30859375 0.0986328125 0.09765625
0 0.3056640625 0.21533203125 0.123046875 0.1220703125
0 0.40185546875 0.21533203125 0.1103515625 0.1103515625
0 0.5048828125 0.21875 0.09765625 0.09765625
0 0.625 0.2216796875 0.111328125 0.109375
0 0.74169921875 0.2177734375 0.1103515625 0.109375
0 0.6826171875 0.1103515625 0.111328125 0.109375
0 0.57470703125 0.12353515625 0.1103515625 0.1103515625
0 0.45751953125 0.12060546875 0.1103515625 0.1103515625
0 0.35595703125 0.11572265625 0.1103515625 0.1103515625
0 0.23486328125 0.115234375 0.1103515625 0.109375
0 0.7939453125 0.12744140625 0.111328125 0.1103515625
0 0.8994140625 0.1279296875 0.111328125 0.109375
0 0.83984375 0.216796875 0.111328125 0.109375
0 0.89892578125 0.3154296875 0.0986328125 0.09765625
0 0.84228515625 0.4052734375 0.0986328125 0.09765625
0 0.78662109375 0.5 0.0986328125 0.09765625
0 0.89697265625 0.5009765625 0.1103515625 0.109375
0 0.83544921875 0.591796875 0.0986328125 0.09765625
0 0.94384765625 0.58935546875 0.1103515625 0.1103515625
0 0.79833984375 0.6796875 0.0986328125 0.09765625
0 0.89404296875 0.69140625 0.0986328125 0.09765625
0 0.8583984375 0.78564453125 0.123046875 0.1220703125
0 0.94580078125 0.787109375 0.0986328125 0.09765625
0 0.91015625 0.88916015625 0.123046875 0.1220703125