0 0.4248046875 0.9306640625 0.048828125 0.048828125
0 0.42041015625 0.15478515625 0.0615234375 0.0615234375
0 0.43115234375 0.26806640625 0.0615234375 0.0615234375
0 0.6259765625 0.03955078125 0.060546875 0.0615234375
0 0.80615234375 0.0439453125 0.0732421875 0.07421875
0 0.70947265625 0.19775390625 0.0615234375 0.0615234375
0 0.90087890625 0.123046875 0.0732421875 0.07421875
0 0.626953125 0.13720703125 0.060546875 0.0615234375
0 0.81005859375 0.2666015625 0.0732421875 0.07421875
0 0.72021484375 0.0927734375 0.0615234375 0.060546875
0 0.8994140625 0.22314453125 0.060546875 0.0615234375
0 0.8828125 0.46240234375 0.060546875 0.0615234375
0 0.80224609375 0.1669921875 0.0732421875 0.07421875
0 0.3251953125 0.8759765625 0.048828125 0.048828125
0 0.3251953125 0.75732421875 0.060546875 0.0615234375
0 0.32470703125 0.42529296875 0.0615234375 0.0615234375
0 0.2314453125 0.70751953125 0.048828125 0.0498046875
0 0.326171875 0.66259765625 0.060546875 0.0615234375
0 0.32421875 0.31689453125 0.060546875 0.0615234375
0 0.33544921875 0.08447265625 0.0615234375 0.0615234375
0 0.31494140625 0.54345703125 0.0732421875 0.0732421875
0 0.240234375 0.26708984375 0.060546875 0.0615234375
0 0.240234375 0.15869140625 0.048828125 0.0498046875
0 0.2412109375 0.06396484375 0.048828125 0.0498046875
0 0.3232421875 0.19580078125 0.048828125 0.0498046875
0 0.521484375 0.2060546875 0.037109375 0.037109375
0 0.5322265625 0.1005859375 0.048828125 0.048828125
0 0.130859375 0.2236328125 0.0859375 0.0859375
0 0.13037109375 0.1171875 0.1220703125 0.123046875
0 0.892578125 0.333984375 0.048828125 0.048828125
0 0.13037109375 0.87060546875 0.1103515625 0.1103515625
0 0.12939453125 0.77099609375 0.1103515625 0.1103515625
0 0.12939453125 0.65869140625 0.1103515625 0.1103515625
0 0.134765625 0.33154296875 0.09765625 0.0986328125
0 0.134765625 0.4208984375 0.109375 0.111328125
0 0.12744140625 0.537109375 0.1103515625 0.111328125
0 0.4140625 0.8251953125 0.037109375 0.037109375
0 0.79638671875 0.83251953125 0.0244140625 0.0244140625
0 0.87353515625 0.865234375 0.0361328125 0.037109375
0 0.2353515625 0.81640625 0.037109375 0.037109375
0 0.2353515625 0.58642578125 0.048828125 0.0498046875
0 0.2314453125 0.4814453125 0.048828125 0.048828125
0 0.23681640625 0.37646484375 0.0615234375 0.0615234375
0 0.228515625 0.939453125 0.048828125 0.048828125
0 0.6982421875 0.4287109375 0.048828125 0.048828125
0 0.6220703125 0.2646484375 0.037109375 0.037109375
0 0.70654296875 0.31591796875 0.0244140625 0.0244140625
0 0.8095703125 0.37744140625 0.048828125 0.0498046875
0 0.80810546875 0.5009765625 0.0244140625 0.025390625
0 0.8037109375 0.6083984375 0.037109375 0.037109375
0 0.8779296875 0.6552734375 0.037109375 0.037109375
0 0.8837890625 0.55908203125 0.060546875 0.0615234375
0 0.8818359375 0.76171875 0.037109375 0.037109375