0 0.09033203125 0.140625 0.1220703125 0.123046875
0 0.17822265625 0.09765625 0.1220703125 0.123046875
0 0.45458984375 0.12744140625 0.1103515625 0.1103515625
0 0.37548828125 0.05224609375 0.0732421875 0.0732421875
0 0.54443359375 0.0810546875 0.1220703125 0.123046875
0 0.64990234375 0.140625 0.1220703125 0.123046875
0 0.74462890625 0.0869140625 0.1220703125 0.123046875
0 0.85107421875 0.140625 0.1220703125 0.123046875
0 0.93408203125 0.08447265625 0.1103515625 0.1103515625
0 0.3671875 0.275390625 0.037109375 0.037109375
0 0.93212890625 0.193359375 0.1220703125 0.123046875
0 0.92822265625 0.2939453125 0.1220703125 0.123046875
0 0.92822265625 0.41015625 0.1220703125 0.123046875
0 0.92626953125 0.52734375 0.1220703125 0.123046875
0 0.91650390625 0.6396484375 0.1220703125 0.123046875
0 0.83642578125 0.244140625 0.1103515625 0.111328125
0 0.83642578125 0.349609375 0.1103515625 0.111328125
0 0.830078125 0.46826171875 0.109375 0.1103515625
0 0.8291015625 0.58154296875 0.109375 0.1103515625
0 0.73828125 0.63330078125 0.109375 0.1103515625
0 0.73828125 0.51220703125 0.109375 0.1103515625
0 0.7451171875 0.41259765625 0.109375 0.1103515625
0 0.7412109375 0.302734375 0.109375 0.111328125
0 0.7451171875 0.1943359375 0.109375 0.111328125
0 0.6396484375 0.25048828125 0.109375 0.1103515625
0 0.638671875 0.34912109375 0.109375 0.1103515625
0 0.63623046875 0.47216796875 0.1103515625 0.1103515625
0 0.63037109375 0.57568359375 0.1103515625 0.1103515625
0 0.54443359375 0.63525390625 0.1103515625 0.1103515625
0 0.53466796875 0.52197265625 0.1103515625 0.1103515625
0 0.54443359375 0.40869140625 0.1103515625 0.1103515625
0 0.54931640625 0.29345703125 0.1103515625 0.1103515625
0 0.54638671875 0.185546875 0.1220703125 0.123046875
0 0.470703125 0.23388671875 0.109375 0.1103515625
0 0.4580078125 0.35400390625 0.09765625 0.0986328125
0 0.44970703125 0.47314453125 0.0732421875 0.0732421875
0 0.4501953125 0.57958984375 0.09765625 0.0986328125
0 0.3564453125 0.640625 0.09765625 0.09765625
0 0.27685546875 0.587890625 0.0361328125 0.037109375
0 0.359375 0.3984375 0.0859375 0.0859375
0 0.357421875 0.5234375 0.0859375 0.0859375
0 0.27783203125 0.24072265625 0.1220703125 0.1220703125
0 0.18017578125 0.1884765625 0.1220703125 0.123046875
0 0.17431640625 0.44287109375 0.1103515625 0.1103515625
0 0.07958984375 0.3623046875 0.1220703125 0.123046875
0 0.08203125 0.24658203125 0.109375 0.1103515625
0 0.08203125 0.45703125 0.109375 0.111328125
0 0.08544921875 0.578125 0.1220703125 0.123046875
0 0.08447265625 0.671875 0.1220703125 0.123046875
0 0.369140625 0.1796875 0.0859375 0.0859375
0 0.8369140625 0.68798828125 0.109375 0.1103515625
0 0.64013671875 0.68408203125 0.1103515625 0.1103515625
0 0.5419921875 0.74853515625 0.109375 0.1103515625
0 0.43798828125 0.697265625 0.1220703125 0.123046875
0 0.35009765625 0.759765625 0.0732421875 0.07421875
0 0.4453125 0.79833984375 0.109375 0.1103515625
0 0.74560546875 0.75244140625 0.1103515625 0.1103515625
0 0.07958984375 0.798828125 0.1220703125 0.123046875
0 0.08349609375 0.896484375 0.1220703125 0.123046875
0 0.44482421875 0.8974609375 0.0849609375 0.0859375
0 0.5380859375 0.85302734375 0.109375 0.1103515625
0 0.63525390625 0.79638671875 0.1103515625 0.1103515625
0 0.63525390625 0.90673828125 0.1103515625 0.1103515625
0 0.73095703125 0.84619140625 0.1103515625 0.1103515625
0 0.822265625 0.798828125 0.109375 0.111328125
0 0.82421875 0.90869140625 0.109375 0.1103515625
0 0.93212890625 0.7451171875 0.1220703125 0.123046875
0 0.93017578125 0.8369140625 0.1220703125 0.123046875