0 0.85205078125 0.91259765625 0.0732421875 0.0732421875
0 0.75732421875 0.85009765625 0.0732421875 0.0732421875
0 0.67236328125 0.92138671875 0.0732421875 0.0732421875
0 0.5771484375 0.826171875 0.0859375 0.0859375
0 0.66650390625 0.79150390625 0.0732421875 0.0732421875
0 0.57568359375 0.9541015625 0.0732421875 0.07421875
0 0.57373046875 0.7314453125 0.0849609375 0.0859375
0 0.67041015625 0.490234375 0.0732421875 0.07421875
0 0.67333984375 0.35791015625 0.0732421875 0.0732421875
0 0.57568359375 0.31884765625 0.0732421875 0.0732421875
0 0.67529296875 0.5986328125 0.0732421875 0.07421875
0 0.56689453125 0.43603515625 0.0732421875 0.0732421875
0 0.66943359375 0.6845703125 0.0732421875 0.07421875
0 0.47607421875 0.794921875 0.0732421875 0.07421875
0 0.4775390625 0.89013671875 0.060546875 0.0615234375
0 0.28271484375 0.8857421875 0.0849609375 0.0859375
0 0.29345703125 0.3525390625 0.1103515625 0.111328125
0 0.57275390625 0.205078125 0.0732421875 0.07421875
0 0.4833984375 0.25634765625 0.060546875 0.0615234375
0 0.48681640625 0.14892578125 0.0732421875 0.0732421875
0 0.38720703125 0.087890625 0.0615234375 0.060546875
0 0.39208984375 0.18115234375 0.0615234375 0.0615234375
0 0.5849609375 0.07666015625 0.09765625 0.0986328125
0 0.6767578125 0.1455078125 0.0859375 0.0859375
0 0.77734375 0.2001953125 0.09765625 0.09765625
0 0.76611328125 0.07421875 0.1220703125 0.123046875
0 0.8662109375 0.1533203125 0.09765625 0.09765625
0 0.5849609375 0.6298828125 0.09765625 0.09765625
0 0.58251953125 0.5478515625 0.0849609375 0.0859375
0 0.4873046875 0.37890625 0.0859375 0.0859375
0 0.4794921875 0.46435546875 0.09765625 0.0986328125
0 0.48095703125 0.57421875 0.1220703125 0.123046875
0 0.48046875 0.67822265625 0.109375 0.1103515625
0 0.76220703125 0.7275390625 0.0849609375 0.0859375
0 0.7607421875 0.6376953125 0.0859375 0.0859375
0 0.77001953125 0.5380859375 0.0849609375 0.0859375
0 0.763671875 0.42578125 0.0859375 0.0859375
0 0.84716796875 0.80712890625 0.0849609375 0.0869140625
0 0.8525390625 0.6796875 0.0859375 0.0859375
0 0.85546875 0.5927734375 0.0859375 0.0859375
0 0.86181640625 0.484375 0.0849609375 0.0859375
0 0.8583984375 0.3701171875 0.0859375 0.0859375
0 0.67724609375 0.25 0.0849609375 0.0859375
0 0.77001953125 0.3076171875 0.1220703125 0.123046875
0 0.86376953125 0.2607421875 0.1220703125 0.123046875
0 0.9482421875 0.84912109375 0.09765625 0.0986328125
0 0.0859375 0.92578125 0.0859375 0.0859375
0 0.28271484375 0.6865234375 0.1220703125 0.123046875
0 0.28662109375 0.56689453125 0.1103515625 0.1103515625
0 0.28857421875 0.4580078125 0.1220703125 0.123046875
0 0.40966796875 0.30078125 0.0849609375 0.0859375
0 0.373046875 0.728515625 0.109375 0.111328125
0 0.39111328125 0.60888671875 0.1220703125 0.1220703125
0 0.38330078125 0.509765625 0.1220703125 0.123046875
0 0.38623046875 0.40625 0.1220703125 0.123046875
0 0.1884765625 0.615234375 0.109375 0.111328125
0 0.18896484375 0.5146484375 0.1220703125 0.123046875
0 0.18994140625 0.40185546875 0.1220703125 0.1220703125
0 0.19287109375 0.2890625 0.1220703125 0.123046875
0 0.28369140625 0.2431640625 0.1220703125 0.123046875
0 0.10693359375 0.3447265625 0.1220703125 0.123046875
0 0.095703125 0.46044921875 0.09765625 0.0986328125
0 0.09423828125 0.564453125 0.0849609375 0.0859375
0 0.09912109375 0.6669921875 0.0849609375 0.0859375
0 0.09814453125 0.228515625 0.1220703125 0.123046875
0 0.3017578125 0.1328125 0.048828125 0.048828125
0 0.19677734375 0.078125 0.0361328125 0.037109375
0 0.1064453125 0.11669921875 0.09765625 0.0986328125
0 0.19970703125 0.185546875 0.1220703125 0.123046875