0 0.8115234375 0.57568359375 0.060546875 0.0615234375
0 0.453125 0.583984375 0.048828125 0.048828125
0 0.5322265625 0.6494140625 0.048828125 0.048828125
0 0.71533203125 0.63330078125 0.0615234375 0.0615234375
0 0.53515625 0.52490234375 0.060546875 0.0615234375
0 0.4599609375 0.373046875 0.048828125 0.048828125
0 0.462890625 0.171875 0.048828125 0.048828125
0 0.458984375 0.279296875 0.048828125 0.048828125
0 0.455078125 0.48876953125 0.060546875 0.0615234375
0 0.728515625 0.33740234375 0.060546875 0.0615234375
0 0.814453125 0.09521484375 0.060546875 0.0615234375
0 0.45849609375 0.05615234375 0.0615234375 0.0615234375
0 0.64453125 0.1552734375 0.048828125 0.048828125
0 0.533203125 0.220703125 0.037109375 0.037109375
0 0.6435546875 0.0615234375 0.048828125 0.048828125
0 0.8212890625 0.189453125 0.048828125 0.048828125
0 0.7333984375 0.2265625 0.060546875 0.060546875
0 0.53369140625 0.1064453125 0.0732421875 0.07421875
0 0.73681640625 0.14990234375 0.0615234375 0.0615234375
0 0.5322265625 0.43701171875 0.060546875 0.0615234375
0 0.8896484375 0.220703125 0.048828125 0.048828125
0 0.8046875 0.4775390625 0.048828125 0.048828125
0 0.5244140625 0.333984375 0.048828125 0.048828125
0 0.72412109375 0.4248046875 0.0732421875 0.07421875
0 0.3408203125 0.61767578125 0.048828125 0.0498046875
0 0.3447265625 0.52099609375 0.048828125 0.0498046875
0 0.2451171875 0.45947265625 0.048828125 0.0498046875
0 0.255859375 0.15283203125 0.048828125 0.0498046875
0 0.25146484375 0.55810546875 0.0615234375 0.0615234375
0 0.34619140625 0.10107421875 0.0615234375 0.0615234375
0 0.14453125 0.19580078125 0.060546875 0.0615234375
0 0.25 0.3515625 0.048828125 0.048828125
0 0.1416015625 0.44482421875 0.048828125 0.0498046875
0 0.15234375 0.52587890625 0.048828125 0.0498046875
0 0.15234375 0.62158203125 0.048828125 0.0498046875
0 0.0458984375 0.66015625 0.048828125 0.048828125
0 0.25 0.65966796875 0.048828125 0.0498046875
0 0.34375 0.33447265625 0.060546875 0.0615234375
0 0.2529296875 0.25146484375 0.048828125 0.0498046875
0 0.1484375 0.11572265625 0.060546875 0.0615234375
0 0.2529296875 0.0546875 0.037109375 0.037109375
0 0.341796875 0.21630859375 0.048828125 0.0498046875
0 0.81005859375 0.80615234375 0.0615234375 0.0615234375
0 0.71142578125 0.73974609375 0.0615234375 0.0615234375
0 0.81640625 0.7099609375 0.060546875 0.060546875
0 0.80908203125 0.90087890625 0.0615234375 0.0615234375
0 0.88134765625 0.86328125 0.0732421875 0.07421875
0 0.970703125 0.6943359375 0.048828125 0.048828125
0 0.8818359375 0.7373046875 0.060546875 0.060546875
0 0.97509765625 0.513671875 0.0361328125 0.037109375
0 0.888671875 0.5234375 0.048828125 0.048828125
0 0.8984375 0.6357421875 0.037109375 0.037109375
0 0.8134765625 0.384765625 0.037109375 0.037109375
0 0.7236328125 0.5322265625 0.048828125 0.048828125
0 0.640625 0.587890625 0.048828125 0.048828125
0 0.6357421875 0.68603515625 0.060546875 0.0615234375
0 0.6484375 0.3759765625 0.048828125 0.048828125
0 0.44677734375 0.68896484375 0.0244140625 0.0244140625
0 0.34423828125 0.4326171875 0.0361328125 0.037109375
0 0.154296875 0.7197265625 0.048828125 0.048828125
0 0.048828125 0.55859375 0.048828125 0.048828125
0 0.888671875 0.1025390625 0.037109375 0.037109375
0 0.81640625 0.291015625 0.048828125 0.048828125
0 0.892578125 0.322265625 0.037109375 0.037109375
0 0.64501953125 0.24169921875 0.0244140625 0.0244140625
0 0.65185546875 0.47119140625 0.0244140625 0.0244140625
0 0.04931640625 0.03662109375 0.0244140625 0.0244140625
0 0.04931640625 0.1435546875 0.0361328125 0.037109375
0 0.35400390625 0.72216796875 0.0244140625 0.0244140625