0 0.31201171875 0.51953125 0.0615234375 0.060546875
0 0.380859375 0.43798828125 0.0859375 0.0849609375
0 0.529296875 0.5126953125 0.048828125 0.048828125
0 0.591796875 0.4384765625 0.048828125 0.048828125
0 0.41943359375 0.51318359375 0.0615234375 0.0615234375
0 0.0830078125 0.5205078125 0.048828125 0.048828125
0 0.099609375 0.6962890625 0.048828125 0.048828125
0 0.0458984375 0.8056640625 0.048828125 0.048828125
0 0.21435546875 0.6982421875 0.0498046875 0.048828125
0 0.087890625 0.896484375 0.048828125 0.048828125
0 0.20751953125 0.89013671875 0.0615234375 0.0615234375
0 0.2587890625 0.810546875 0.048828125 0.048828125
0 0.37939453125 0.61572265625 0.0615234375 0.0615234375
0 0.26708984375 0.6162109375 0.0498046875 0.048828125
0 0.646484375 0.3388671875 0.048828125 0.048828125
0 0.76513671875 0.3388671875 0.0615234375 0.060546875
0 0.5400390625 0.337890625 0.048828125 0.048828125
0 0.81494140625 0.2451171875 0.0498046875 0.048828125
0 0.85986328125 0.33984375 0.0615234375 0.060546875
0 0.27099609375 0.0517578125 0.0986328125 0.09765625
0 0.140625 0.24072265625 0.123046875 0.1220703125
0 0.21240234375 0.1376953125 0.0986328125 0.09765625
0 0.08984375 0.13623046875 0.123046875 0.1220703125
0 0.3154296875 0.13427734375 0.111328125 0.1103515625
0 0.2607421875 0.240234375 0.111328125 0.109375
0 0.3154296875 0.330078125 0.111328125 0.109375
0 0.2021484375 0.333984375 0.111328125 0.109375
0 0.087890625 0.3310546875 0.111328125 0.109375
0 0.1435546875 0.421875 0.09765625 0.09765625
0 0.2666015625 0.43359375 0.09765625 0.09765625
0 0.4072265625 0.34033203125 0.0859375 0.0849609375
0 0.36962890625 0.24560546875 0.1103515625 0.1103515625
0 0.43408203125 0.146484375 0.1103515625 0.109375
0 0.54345703125 0.146484375 0.1103515625 0.109375
0 0.65185546875 0.14404296875 0.1103515625 0.1103515625
0 0.75146484375 0.14306640625 0.1103515625 0.1103515625
0 0.86376953125 0.14306640625 0.1103515625 0.1103515625
0 0.36962890625 0.05810546875 0.1103515625 0.1103515625
0 0.19921875 0.53125 0.048828125 0.048828125
0 0.1689453125 0.615234375 0.037109375 0.037109375
0 0.04296875 0.61328125 0.048828125 0.048828125
0 0.32470703125 0.8759765625 0.0498046875 0.048828125
0 0.47021484375 0.427734375 0.0615234375 0.060546875
0 0.697265625 0.427734375 0.037109375 0.037109375
0 0.35888671875 0.8154296875 0.0498046875 0.048828125
0 0.68994140625 0.81005859375 0.0244140625 0.0244140625
0 0.48583984375 0.81298828125 0.0244140625 0.0244140625
0 0.6572265625 0.88720703125 0.037109375 0.0361328125
0 0.7060546875 0.2490234375 0.037109375 0.037109375
0 0.93603515625 0.2490234375 0.0498046875 0.048828125
0 0.482421875 0.2431640625 0.048828125 0.048828125
0 0.5830078125 0.2421875 0.048828125 0.048828125
0 0.9140625 0.8173828125 0.037109375 0.037109375
0 0.8671875 0.8916015625 0.037109375 0.037109375
0 0.96337890625 0.8974609375 0.0615234375 0.060546875
0 0.7607421875 0.8955078125 0.037109375 0.037109375