0 0.05810546875 0.21630859375 0.0732421875 0.0732421875
0 0.15283203125 0.27880859375 0.0732421875 0.0732421875
0 0.0615234375 0.1005859375 0.060546875 0.060546875
0 0.23779296875 0.20751953125 0.0732421875 0.0732421875
0 0.16015625 0.03662109375 0.060546875 0.0615234375
0 0.3330078125 0.302734375 0.0859375 0.0859375
0 0.24365234375 0.33740234375 0.0732421875 0.0732421875
0 0.33447265625 0.1748046875 0.0732421875 0.07421875
0 0.33642578125 0.3974609375 0.0849609375 0.0859375
0 0.23974609375 0.638671875 0.0732421875 0.07421875
0 0.23681640625 0.77099609375 0.0732421875 0.0732421875
0 0.33447265625 0.81005859375 0.0732421875 0.0732421875
0 0.23486328125 0.5302734375 0.0732421875 0.07421875
0 0.34326171875 0.69287109375 0.0732421875 0.0732421875
0 0.24072265625 0.4443359375 0.0732421875 0.07421875
0 0.43408203125 0.333984375 0.0732421875 0.07421875
0 0.4326171875 0.23876953125 0.060546875 0.0615234375
0 0.62744140625 0.2431640625 0.0849609375 0.0859375
0 0.61669921875 0.7763671875 0.1103515625 0.111328125
0 0.33740234375 0.923828125 0.0732421875 0.07421875
0 0.4267578125 0.87255859375 0.060546875 0.0615234375
0 0.93896484375 0.3984375 0.0849609375 0.0859375
0 0.51806640625 0.94775390625 0.0615234375 0.0615234375
0 0.1328125 0.9287109375 0.09765625 0.09765625
0 0.3251953125 0.4990234375 0.09765625 0.09765625
0 0.32763671875 0.5810546875 0.0849609375 0.0859375
0 0.4228515625 0.75 0.0859375 0.0859375
0 0.4306640625 0.66455078125 0.09765625 0.0986328125
0 0.42919921875 0.5546875 0.1220703125 0.123046875
0 0.4296875 0.45068359375 0.109375 0.1103515625
0 0.15087890625 0.15966796875 0.0615234375 0.0615234375
0 0.14794921875 0.4013671875 0.0849609375 0.0859375
0 0.1494140625 0.4912109375 0.0859375 0.0859375
0 0.14013671875 0.5908203125 0.0849609375 0.0859375
0 0.146484375 0.703125 0.0859375 0.0859375
0 0.06298828125 0.32177734375 0.0849609375 0.0869140625
0 0.0576171875 0.44921875 0.0859375 0.0859375
0 0.0546875 0.5361328125 0.0859375 0.0859375
0 0.04833984375 0.64453125 0.0849609375 0.0859375
0 0.0517578125 0.7587890625 0.0859375 0.0859375
0 0.23291015625 0.87890625 0.0849609375 0.0859375
0 0.14013671875 0.8212890625 0.1220703125 0.123046875
0 0.3369140625 0.0517578125 0.048828125 0.048828125
0 0.24560546875 0.0927734375 0.0732421875 0.07421875
0 0.9365234375 0.27587890625 0.09765625 0.0986328125
0 0.9326171875 0.18505859375 0.09765625 0.0986328125
0 0.82421875 0.203125 0.0859375 0.0859375
0 0.62744140625 0.4423828125 0.1220703125 0.123046875
0 0.62353515625 0.56201171875 0.1103515625 0.1103515625
0 0.62158203125 0.6708984375 0.1220703125 0.123046875
0 0.50048828125 0.828125 0.0849609375 0.0859375
0 0.537109375 0.400390625 0.109375 0.111328125
0 0.51904296875 0.52001953125 0.1220703125 0.1220703125
0 0.52685546875 0.619140625 0.1220703125 0.123046875
0 0.52392578125 0.72265625 0.1220703125 0.123046875
0 0.7216796875 0.513671875 0.109375 0.111328125
0 0.72119140625 0.6142578125 0.1220703125 0.123046875
0 0.72021484375 0.72705078125 0.1220703125 0.1220703125
0 0.71728515625 0.83984375 0.1220703125 0.123046875
0 0.62646484375 0.8857421875 0.1220703125 0.123046875
0 0.80322265625 0.7841796875 0.1220703125 0.123046875
0 0.814453125 0.66845703125 0.09765625 0.0986328125
0 0.81591796875 0.564453125 0.0849609375 0.0859375
0 0.81103515625 0.4619140625 0.0849609375 0.0859375
0 0.81201171875 0.900390625 0.1220703125 0.123046875
0 0.90576171875 0.8466796875 0.1220703125 0.123046875
0 0.9150390625 0.74169921875 0.09765625 0.0986328125
0 0.93310546875 0.6103515625 0.0732421875 0.07421875