0 0.69970703125 0.24365234375 0.0615234375 0.0615234375
0 0.68896484375 0.13037109375 0.0615234375 0.0615234375
0 0.494140625 0.35888671875 0.060546875 0.0615234375
0 0.31396484375 0.3544921875 0.0732421875 0.07421875
0 0.41064453125 0.20068359375 0.0615234375 0.0615234375
0 0.21923828125 0.275390625 0.0732421875 0.07421875
0 0.3896484375 0.40625 0.048828125 0.048828125
0 0.4931640625 0.26123046875 0.060546875 0.0615234375
0 0.31005859375 0.1318359375 0.0732421875 0.07421875
0 0.115234375 0.3408203125 0.048828125 0.048828125
0 0.21728515625 0.40380859375 0.0732421875 0.0732421875
0 0.1201171875 0.23193359375 0.060546875 0.0615234375
0 0.39990234375 0.3056640625 0.0615234375 0.060546875
0 0.220703125 0.17529296875 0.060546875 0.0615234375
0 0.1220703125 0.12939453125 0.060546875 0.0615234375
0 0.31787109375 0.2314453125 0.0732421875 0.07421875
0 0.67626953125 0.5908203125 0.0732421875 0.07421875
0 0.20654296875 0.90234375 0.0849609375 0.0859375
0 0.38818359375 0.62060546875 0.0615234375 0.0615234375
0 0.48828125 0.5654296875 0.048828125 0.048828125
0 0.21923828125 0.51318359375 0.0615234375 0.0615234375
0 0.38720703125 0.51806640625 0.0615234375 0.0615234375
0 0.11376953125 0.46240234375 0.0615234375 0.0615234375
0 0.5859375 0.533203125 0.048828125 0.048828125
0 0.7958984375 0.08154296875 0.060546875 0.0615234375
0 0.78466796875 0.31396484375 0.0615234375 0.0615234375
0 0.78466796875 0.41650390625 0.0615234375 0.0615234375
0 0.77783203125 0.64306640625 0.0615234375 0.0615234375
0 0.95849609375 0.58056640625 0.0732421875 0.0732421875
0 0.8515625 0.8408203125 0.0859375 0.0859375
0 0.76611328125 0.8994140625 0.0849609375 0.0859375
0 0.09814453125 0.91796875 0.0849609375 0.0859375
0 0.29443359375 0.947265625 0.0849609375 0.0859375
0 0.37841796875 0.8916015625 0.0849609375 0.0859375
0 0.57470703125 0.8955078125 0.0849609375 0.0859375
0 0.8798828125 0.13134765625 0.060546875 0.0615234375
0 0.8798828125 0.23974609375 0.048828125 0.0498046875
0 0.87890625 0.33447265625 0.048828125 0.0498046875
0 0.869140625 0.46044921875 0.048828125 0.0498046875
0 0.873046875 0.5732421875 0.048828125 0.048828125
0 0.77783203125 0.52783203125 0.0615234375 0.0615234375
0 0.796875 0.20263671875 0.048828125 0.0498046875
0 0.5986328125 0.1923828125 0.037109375 0.037109375
0 0.587890625 0.2978515625 0.048828125 0.048828125
0 0.5888671875 0.4248046875 0.037109375 0.037109375
0 0.48583984375 0.474609375 0.0361328125 0.037109375
0 0.30615234375 0.4541015625 0.0732421875 0.07421875
0 0.3046875 0.5751953125 0.037109375 0.037109375
0 0.2177734375 0.60302734375 0.048828125 0.0498046875
0 0.1142578125 0.64404296875 0.048828125 0.0498046875
0 0.2275390625 0.064453125 0.048828125 0.048828125
0 0.498046875 0.1337890625 0.037109375 0.037109375
0 0.41357421875 0.08251953125 0.0244140625 0.0244140625