0 0.8955078125 0.63427734375 0.07421875 0.0732421875
0 0.87646484375 0.2646484375 0.0498046875 0.048828125
0 0.88916015625 0.3505859375 0.0615234375 0.060546875
0 0.94287109375 0.17626953125 0.0615234375 0.0615234375
0 0.33740234375 0.8076171875 0.0615234375 0.060546875
0 0.41455078125 0.9052734375 0.0615234375 0.060546875
0 0.5166015625 0.90673828125 0.07421875 0.0732421875
0 0.78466796875 0.50927734375 0.0615234375 0.0615234375
0 0.1416015625 0.5234375 0.048828125 0.048828125
0 0.23095703125 0.62158203125 0.0615234375 0.0615234375
0 0.18603515625 0.71337890625 0.0615234375 0.0615234375
0 0.65869140625 0.35498046875 0.0615234375 0.0615234375
0 0.46533203125 0.4296875 0.0615234375 0.060546875
0 0.791015625 0.625 0.048828125 0.048828125
0 0.59130859375 0.521484375 0.0498046875 0.048828125
0 0.56396484375 0.337890625 0.0615234375 0.060546875
0 0.31201171875 0.06298828125 0.0615234375 0.0615234375
0 0.1767578125 0.154296875 0.037109375 0.037109375
0 0.1318359375 0.42431640625 0.037109375 0.0361328125
0 0.82275390625 0.16943359375 0.0615234375 0.0615234375
0 0.46142578125 0.61962890625 0.0615234375 0.0615234375
0 0.21240234375 0.064453125 0.0498046875 0.048828125
0 0.1064453125 0.3427734375 0.037109375 0.037109375
0 0.2373046875 0.431640625 0.048828125 0.048828125
0 0.47607421875 0.5234375 0.0498046875 0.048828125
0 0.43896484375 0.06689453125 0.0615234375 0.0615234375
0 0.53125 0.0703125 0.048828125 0.048828125
0 0.39990234375 0.69921875 0.0498046875 0.048828125
0 0.11669921875 0.06201171875 0.0615234375 0.0615234375
0 0.06201171875 0.53125 0.1103515625 0.109375
0 0.080078125 0.71533203125 0.111328125 0.1103515625
0 0.107421875 0.806640625 0.0859375 0.0859375
0 0.1640625 0.89599609375 0.123046875 0.1220703125
0 0.05126953125 0.15966796875 0.0361328125 0.0361328125
0 0.275390625 0.1611328125 0.037109375 0.037109375
0 0.3916015625 0.1630859375 0.037109375 0.037109375
0 0.49609375 0.1611328125 0.037109375 0.037109375
0 0.59375 0.1650390625 0.037109375 0.037109375
0 0.216796875 0.240234375 0.048828125 0.048828125
0 0.2275390625 0.34912109375 0.037109375 0.0361328125
0 0.353515625 0.33740234375 0.037109375 0.0361328125
0 0.4365234375 0.337890625 0.048828125 0.048828125
0 0.32958984375 0.244140625 0.0615234375 0.060546875
0 0.3466796875 0.4326171875 0.037109375 0.037109375
0 0.3974609375 0.5302734375 0.048828125 0.048828125
0 0.29296875 0.52734375 0.037109375 0.037109375
0 0.13671875 0.6201171875 0.048828125 0.048828125
0 0.34423828125 0.625 0.0498046875 0.048828125
0 0.49169921875 0.6982421875 0.0498046875 0.048828125
0 0.30029296875 0.70263671875 0.0615234375 0.0615234375
0 0.22509765625 0.81640625 0.0498046875 0.048828125
0 0.28759765625 0.9013671875 0.0615234375 0.060546875
0 0.6123046875 0.90283203125 0.025390625 0.0244140625
0 0.556640625 0.8017578125 0.048828125 0.048828125
0 0.43896484375 0.8076171875 0.0498046875 0.048828125
0 0.56298828125 0.6240234375 0.0498046875 0.048828125
0 0.56298828125 0.4306640625 0.0498046875 0.048828125
0 0.64453125 0.25634765625 0.037109375 0.0361328125
0 0.77294921875 0.2607421875 0.0498046875 0.048828125
0 0.8583984375 0.076171875 0.037109375 0.037109375
0 0.77099609375 0.3466796875 0.0498046875 0.048828125
0 0.74853515625 0.4267578125 0.0498046875 0.048828125
0 0.85205078125 0.43212890625 0.0615234375 0.0615234375
0 0.9326171875 0.4287109375 0.048828125 0.048828125
0 0.9521484375 0.5185546875 0.048828125 0.048828125
0 0.859375 0.513671875 0.048828125 0.048828125
0 0.69189453125 0.5166015625 0.0498046875 0.048828125
0 0.6767578125 0.62890625 0.048828125 0.048828125
0 0.72021484375 0.70263671875 0.0244140625 0.0244140625
0 0.84521484375 0.69775390625 0.0244140625 0.0244140625
0 0.9599609375 0.69580078125 0.025390625 0.0244140625
0 0.88720703125 0.81201171875 0.0244140625 0.0244140625
0 0.64892578125 0.81201171875 0.0244140625 0.0244140625
0 0.83349609375 0.90380859375 0.0244140625 0.0244140625