0 0.2890625 0.34765625 0.048828125 0.048828125
0 0.2861328125 0.91162109375 0.060546875 0.0615234375
0 0.19287109375 0.51611328125 0.0615234375 0.0615234375
0 0.19091796875 0.86083984375 0.0615234375 0.0615234375
0 0.19482421875 0.95849609375 0.0615234375 0.0615234375
0 0.28759765625 0.45361328125 0.0615234375 0.0615234375
0 0.4775390625 0.8671875 0.048828125 0.048828125
0 0.3974609375 0.8916015625 0.048828125 0.048828125
0 0.2880859375 0.55224609375 0.048828125 0.0498046875
0 0.287109375 0.65283203125 0.048828125 0.0498046875
0 0.58203125 0.8623046875 0.048828125 0.048828125
0 0.4833984375 0.734375 0.048828125 0.048828125
0 0.578125 0.9453125 0.048828125 0.048828125
0 0.662109375 0.9443359375 0.048828125 0.048828125
0 0.953125 0.30517578125 0.048828125 0.0498046875
0 0.10693359375 0.83740234375 0.0615234375 0.0615234375
0 0.1083984375 0.92431640625 0.060546875 0.0615234375
0 0.583984375 0.765625 0.037109375 0.037109375
0 0.474609375 0.96875 0.048828125 0.048828125
0 0.400390625 0.7763671875 0.037109375 0.037109375
0 0.7783203125 0.3681640625 0.048828125 0.048828125
0 0.7763671875 0.474609375 0.048828125 0.048828125
0 0.76953125 0.5712890625 0.037109375 0.037109375
0 0.7705078125 0.66015625 0.037109375 0.037109375
0 0.86328125 0.4091796875 0.048828125 0.048828125
0 0.865234375 0.52294921875 0.060546875 0.0615234375
0 0.85546875 0.6435546875 0.037109375 0.037109375
0 0.93017578125 0.54052734375 0.0615234375 0.0615234375
0 0.921875 0.6396484375 0.048828125 0.048828125
0 0.3994140625 0.41015625 0.048828125 0.048828125
0 0.3974609375 0.498046875 0.048828125 0.048828125
0 0.40185546875 0.60205078125 0.0361328125 0.0361328125
0 0.3955078125 0.68408203125 0.048828125 0.0498046875
0 0.490234375 0.62109375 0.037109375 0.037109375
0 0.55224609375 0.583984375 0.0361328125 0.037109375
0 0.5 0.5107421875 0.037109375 0.037109375
0 0.505859375 0.388671875 0.037109375 0.037109375
0 0.9609375 0.0986328125 0.048828125 0.048828125
0 0.9501953125 0.21142578125 0.037109375 0.0361328125
0 0.88134765625 0.05810546875 0.0244140625 0.0244140625
0 0.87451171875 0.18505859375 0.0244140625 0.0244140625
0 0.8681640625 0.29931640625 0.048828125 0.0498046875
0 0.78857421875 0.12548828125 0.0244140625 0.0244140625
0 0.78271484375 0.23486328125 0.0244140625 0.0244140625
0 0.7177734375 0.04443359375 0.048828125 0.0498046875
0 0.7119140625 0.17578125 0.037109375 0.037109375
0 0.7138671875 0.2783203125 0.048828125 0.048828125
0 0.71142578125 0.408203125 0.0361328125 0.037109375
0 0.390625 0.2978515625 0.048828125 0.048828125
0 0.1044921875 0.50732421875 0.048828125 0.0498046875
0 0.1162109375 0.39111328125 0.048828125 0.0498046875
0 0.12109375 0.29248046875 0.037109375 0.0361328125
0 0.125 0.2109375 0.037109375 0.037109375
0 0.13525390625 0.09375 0.0361328125 0.037109375
0 0.21826171875 0.1298828125 0.0361328125 0.037109375
0 0.22314453125 0.2197265625 0.0361328125 0.037109375
0 0.21337890625 0.3134765625 0.0361328125 0.037109375
0 0.20458984375 0.41455078125 0.0361328125 0.0361328125
0 0.2890625 0.251953125 0.037109375 0.037109375
0 0.2890625 0.1669921875 0.037109375 0.037109375
0 0.2880859375 0.09375 0.037109375 0.037109375
0 0.19482421875 0.623046875 0.0361328125 0.037109375
0 0.1015625 0.6171875 0.037109375 0.037109375
0 0.7158203125 0.5234375 0.048828125 0.048828125