0 0.078125 0.42421875 0.084375 0.0859375
0 0.07890625 0.63515625 0.0484375 0.0484375
0 0.7484375 0.69453125 0.096875 0.0984375
0 0.17890625 0.68984375 0.0484375 0.0484375
0 0.178125 0.80859375 0.059375 0.0609375
0 0.18046875 0.58359375 0.0484375 0.0484375
0 0.27265625 0.85859375 0.0484375 0.0484375
0 0.1765625 0.90390625 0.059375 0.0609375
0 0.453125 0.0828125 0.096875 0.096875
0 0.659375 0.0828125 0.109375 0.109375
0 0.853125 0.090625 0.109375 0.109375
0 0.09375 0.08046875 0.084375 0.0859375
0 0.2734375 0.0765625 0.109375 0.109375
0 0.8453125 0.2046875 0.109375 0.109375
0 0.9390625 0.2640625 0.109375 0.109375
0 0.9421875 0.3640625 0.109375 0.109375
0 0.8546875 0.3140625 0.109375 0.109375
0 0.75 0.359375 0.109375 0.109375
0 0.7515625 0.24921875 0.096875 0.0984375
0 0.75625 0.1390625 0.109375 0.109375
0 0.6546875 0.1828125 0.109375 0.109375
0 0.6625 0.2890625 0.109375 0.109375
0 0.5609375 0.2546875 0.121875 0.121875
0 0.5703125 0.1421875 0.109375 0.109375
0 0.5703125 0.3625 0.121875 0.121875
0 0.465625 0.31484375 0.096875 0.0984375
0 0.46875 0.1953125 0.109375 0.109375
0 0.2765625 0.184375 0.121875 0.121875
0 0.3796875 0.25703125 0.096875 0.0984375
0 0.38125 0.1328125 0.121875 0.121875
0 0.3828125 0.36015625 0.109375 0.1109375
0 0.2765625 0.30546875 0.109375 0.1109375
0 0.1875 0.36015625 0.109375 0.1109375
0 0.1828125 0.24609375 0.109375 0.1109375
0 0.1859375 0.13203125 0.109375 0.1109375
0 0.0953125 0.1875 0.096875 0.096875
0 0.0828125 0.309375 0.096875 0.096875
0 0.9265625 0.809375 0.109375 0.109375
0 0.9375 0.9171875 0.109375 0.109375
0 0.1765625 0.45078125 0.084375 0.0859375
0 0.271875 0.4125 0.109375 0.109375
0 0.3703125 0.4765625 0.109375 0.109375
0 0.3703125 0.5859375 0.109375 0.109375
0 0.3734375 0.6953125 0.109375 0.109375
0 0.3734375 0.7953125 0.109375 0.109375
0 0.3734375 0.90625 0.109375 0.109375
0 0.475 0.85546875 0.096875 0.0984375
0 0.4703125 0.74296875 0.096875 0.0984375
0 0.465625 0.634375 0.109375 0.109375
0 0.471875 0.521875 0.109375 0.109375
0 0.459375 0.4125 0.109375 0.109375
0 0.5546875 0.46875 0.121875 0.121875
0 0.565625 0.5703125 0.109375 0.109375
0 0.5671875 0.690625 0.109375 0.109375
0 0.5640625 0.7953125 0.109375 0.109375
0 0.5703125 0.90703125 0.096875 0.0984375
0 0.65 0.85625 0.109375 0.109375
0 0.6578125 0.75 0.109375 0.109375
0 0.6546875 0.6359375 0.109375 0.109375
0 0.6484375 0.540625 0.109375 0.109375
0 0.653125 0.41484375 0.109375 0.1109375
0 0.7515625 0.47265625 0.109375 0.1109375
0 0.753125 0.58125 0.109375 0.109375
0 0.7515625 0.8109375 0.109375 0.109375
0 0.8359375 0.8578125 0.109375 0.109375
0 0.8375 0.7390625 0.109375 0.109375
0 0.84375 0.64609375 0.109375 0.1109375
0 0.840625 0.525 0.096875 0.096875
0 0.8453125 0.41328125 0.109375 0.1109375
0 0.940625 0.4703125 0.109375 0.109375
0 0.9375 0.58125 0.096875 0.096875
0 0.9375 0.69609375 0.109375 0.1109375
0 0.7484375 0.925 0.109375 0.109375
0 0.0890625 0.51484375 0.059375 0.0609375
0 0.08984375 0.74140625 0.0359375 0.0359375
0 0.26796875 0.75078125 0.0359375 0.0359375
0 0.27421875 0.52578125 0.0484375 0.0484375
0 0.27578125 0.62734375 0.0484375 0.0484375