0 0.68701171875 0.4091796875 0.0732421875 0.07421875
0 0.6171875 0.888671875 0.048828125 0.048828125
0 0.6201171875 0.6875 0.048828125 0.048828125
0 0.6162109375 0.794921875 0.048828125 0.048828125
0 0.8857421875 0.85302734375 0.060546875 0.0615234375
0 0.61572265625 0.57177734375 0.0615234375 0.0615234375
0 0.8017578125 0.6708984375 0.048828125 0.048828125
0 0.6904296875 0.736328125 0.037109375 0.037109375
0 0.80078125 0.5771484375 0.048828125 0.048828125
0 0.890625 0.7421875 0.060546875 0.060546875
0 0.69091796875 0.6220703125 0.0732421875 0.07421875
0 0.89404296875 0.66552734375 0.0615234375 0.0615234375
0 0.689453125 0.95263671875 0.060546875 0.0615234375
0 0.681640625 0.849609375 0.048828125 0.048828125
0 0.88134765625 0.9404296875 0.0732421875 0.07421875
0 0.69091796875 0.5205078125 0.0732421875 0.07421875
0 0.0908203125 0.38232421875 0.048828125 0.0498046875
0 0.4130859375 0.66845703125 0.048828125 0.0498046875
0 0.50341796875 0.61669921875 0.0615234375 0.0615234375
0 0.3017578125 0.71142578125 0.060546875 0.0615234375
0 0.4072265625 0.8671875 0.048828125 0.048828125
0 0.298828125 0.96044921875 0.048828125 0.0498046875
0 0.5009765625 0.85009765625 0.060546875 0.0615234375
0 0.41015625 0.76708984375 0.048828125 0.0498046875
0 0.3056640625 0.63134765625 0.060546875 0.0615234375
0 0.41015625 0.5703125 0.037109375 0.037109375
0 0.4990234375 0.73193359375 0.048828125 0.0498046875
0 0.3056640625 0.50927734375 0.048828125 0.0498046875
0 0.51220703125 0.5146484375 0.0361328125 0.037109375
0 0.81201171875 0.29833984375 0.0615234375 0.0615234375
0 0.96630859375 0.17236328125 0.0615234375 0.0615234375
0 0.6962890625 0.3046875 0.048828125 0.048828125
0 0.7998046875 0.10498046875 0.048828125 0.0498046875
0 0.970703125 0.900390625 0.037109375 0.037109375
0 0.8056640625 0.8916015625 0.048828125 0.048828125
0 0.50146484375 0.9482421875 0.0361328125 0.037109375
0 0.41845703125 0.1259765625 0.0244140625 0.025390625
0 0.51953125 0.0703125 0.048828125 0.048828125
0 0.697265625 0.07666015625 0.048828125 0.0498046875
0 0.890625 0.07666015625 0.048828125 0.0498046875
0 0.974609375 0.28466796875 0.048828125 0.0498046875
0 0.89453125 0.26220703125 0.048828125 0.0498046875
0 0.88916015625 0.36572265625 0.0615234375 0.0615234375
0 0.892578125 0.4462890625 0.048828125 0.048828125
0 0.89453125 0.5283203125 0.048828125 0.048828125
0 0.802734375 0.4658203125 0.048828125 0.048828125
0 0.8076171875 0.373046875 0.048828125 0.048828125
0 0.8046875 0.20556640625 0.048828125 0.0498046875
0 0.6923828125 0.1904296875 0.048828125 0.048828125
0 0.61865234375 0.23388671875 0.0244140625 0.0244140625
0 0.62353515625 0.35888671875 0.0244140625 0.0244140625
0 0.62548828125 0.4736328125 0.0244140625 0.025390625
0 0.50927734375 0.40087890625 0.0244140625 0.0244140625
0 0.50927734375 0.16259765625 0.0244140625 0.0244140625
0 0.9736328125 0.806640625 0.048828125 0.048828125
0 0.80224609375 0.75732421875 0.0244140625 0.0244140625
0 0.80908203125 0.98681640625 0.0244140625 0.0244140625
0 0.06787109375 0.61767578125 0.0615234375 0.0615234375
0 0.0595703125 0.716796875 0.048828125 0.048828125
0 0.20654296875 0.55224609375 0.0244140625 0.0244140625
0 0.20654296875 0.6591796875 0.0361328125 0.037109375
0 0.3134765625 0.076171875 0.048828125 0.048828125
0 0.31640625 0.1875 0.048828125 0.048828125
0 0.2109375 0.43994140625 0.037109375 0.0361328125
0 0.2158203125 0.3232421875 0.048828125 0.048828125
0 0.2158203125 0.21875 0.048828125 0.048828125
0 0.22265625 0.107421875 0.048828125 0.048828125
0 0.1044921875 0.07275390625 0.0234375 0.0244140625
0 0.0986328125 0.17578125 0.048828125 0.048828125
0 0.087890625 0.28857421875 0.037109375 0.0361328125
0 0.01904296875 0.13525390625 0.0244140625 0.0244140625
0 0.41748046875 0.34716796875 0.0244140625 0.0244140625
0 0.30126953125 0.4345703125 0.0361328125 0.037109375