0 0.033203125 0.0390625 0.048828125 0.048828125
0 0.84375 0.6376953125 0.0859375 0.0859375
0 0.91650390625 0.833984375 0.0615234375 0.060546875
0 0.814453125 0.83251953125 0.07421875 0.0732421875
0 0.46240234375 0.5087890625 0.0498046875 0.048828125
0 0.17626953125 0.8310546875 0.0498046875 0.048828125
0 0.22802734375 0.92138671875 0.0615234375 0.0615234375
0 0.13330078125 0.7197265625 0.0615234375 0.060546875
0 0.07763671875 0.828125 0.0498046875 0.048828125
0 0.21337890625 0.7236328125 0.0615234375 0.060546875
0 0.2744140625 0.828125 0.037109375 0.037109375
0 0.11279296875 0.9169921875 0.0498046875 0.048828125
0 0.33544921875 0.7236328125 0.0498046875 0.048828125
0 0.330078125 0.93017578125 0.037109375 0.0361328125
0 0.93603515625 0.63671875 0.0986328125 0.09765625
0 0.8935546875 0.53125 0.0859375 0.0859375
0 0.93896484375 0.263671875 0.0615234375 0.060546875
0 0.71875 0.83642578125 0.025390625 0.0244140625
0 0.7744140625 0.9375 0.048828125 0.048828125
0 0.89208984375 0.931640625 0.0498046875 0.048828125
0 0.44384765625 0.92724609375 0.0244140625 0.0244140625
0 0.68212890625 0.92724609375 0.0244140625 0.0244140625
0 0.3994140625 0.333984375 0.048828125 0.048828125
0 0.29296875 0.33203125 0.048828125 0.048828125
0 0.1962890625 0.3251953125 0.037109375 0.037109375
0 0.107421875 0.326171875 0.037109375 0.037109375
0 0.3583984375 0.4189453125 0.048828125 0.048828125
0 0.24462890625 0.4208984375 0.0615234375 0.060546875
0 0.1240234375 0.4111328125 0.037109375 0.037109375
0 0.22705078125 0.48583984375 0.0615234375 0.0615234375
0 0.1279296875 0.4775390625 0.048828125 0.048828125
0 0.29248046875 0.62451171875 0.0244140625 0.0244140625
0 0.185546875 0.62451171875 0.037109375 0.0361328125
0 0.146484375 0.0458984375 0.037109375 0.037109375
0 0.18359375 0.10791015625 0.037109375 0.0361328125
0 0.2568359375 0.0556640625 0.037109375 0.037109375
0 0.37890625 0.0615234375 0.037109375 0.037109375
0 0.7685546875 0.7314453125 0.048828125 0.048828125
0 0.6572265625 0.734375 0.048828125 0.048828125
0 0.40478515625 0.62890625 0.0361328125 0.037109375
0 0.521484375 0.6337890625 0.048828125 0.048828125
0 0.6259765625 0.6337890625 0.048828125 0.048828125
0 0.7373046875 0.640625 0.048828125 0.048828125
0 0.77197265625 0.5224609375 0.0244140625 0.0234375
0 0.6689453125 0.5166015625 0.048828125 0.048828125
0 0.55615234375 0.505859375 0.0361328125 0.037109375
0 0.8251953125 0.4375 0.048828125 0.048828125
0 0.70947265625 0.43701171875 0.0244140625 0.0244140625
0 0.58251953125 0.43017578125 0.0244140625 0.0244140625
0 0.46826171875 0.423828125 0.0498046875 0.048828125
0 0.77197265625 0.34423828125 0.0361328125 0.0361328125
0 0.64208984375 0.34423828125 0.0244140625 0.0244140625
0 0.53271484375 0.33837890625 0.0244140625 0.0244140625
0 0.84228515625 0.2705078125 0.0361328125 0.037109375
0 0.72314453125 0.2734375 0.0498046875 0.048828125
0 0.591796875 0.267578125 0.037109375 0.037109375
0 0.4892578125 0.26953125 0.048828125 0.048828125
0 0.359375 0.26708984375 0.037109375 0.0361328125
0 0.79931640625 0.18017578125 0.0361328125 0.0361328125
0 0.87939453125 0.73974609375 0.0244140625 0.0244140625
0 0.92626953125 0.06005859375 0.0361328125 0.0361328125
0 0.89501953125 0.1796875 0.0361328125 0.037109375
0 0.931640625 0.4404296875 0.048828125 0.048828125
0 0.892578125 0.34814453125 0.037109375 0.0361328125
0 0.244140625 0.271484375 0.048828125 0.048828125
0 0.49755859375 0.83544921875 0.0244140625 0.0244140625
0 0.41015625 0.71923828125 0.037109375 0.0361328125