0 0.05029296875 0.82861328125 0.0615234375 0.0615234375
0 0.052734375 0.7236328125 0.048828125 0.048828125
0 0.056640625 0.5595703125 0.048828125 0.048828125
0 0.05859375 0.6396484375 0.048828125 0.048828125
0 0.0556640625 0.458984375 0.048828125 0.048828125
0 0.0458984375 0.947265625 0.048828125 0.048828125
0 0.548828125 0.0966796875 0.048828125 0.048828125
0 0.16455078125 0.8115234375 0.0615234375 0.060546875
0 0.5361328125 0.84326171875 0.060546875 0.0615234375
0 0.259765625 0.8310546875 0.048828125 0.048828125
0 0.64453125 0.76025390625 0.060546875 0.0615234375
0 0.359375 0.7646484375 0.048828125 0.048828125
0 0.72119140625 0.81201171875 0.0615234375 0.0615234375
0 0.3671875 0.85546875 0.048828125 0.048828125
0 0.83349609375 0.78857421875 0.0615234375 0.0615234375
0 0.4482421875 0.8193359375 0.048828125 0.048828125
0 0.255859375 0.7060546875 0.048828125 0.048828125
0 0.92578125 0.78125 0.048828125 0.048828125
0 0.5458984375 0.66064453125 0.060546875 0.0615234375
0 0.45263671875 0.26513671875 0.0615234375 0.0615234375
0 0.45068359375 0.60986328125 0.0615234375 0.0615234375
0 0.45458984375 0.70751953125 0.0615234375 0.0615234375
0 0.54736328125 0.20263671875 0.0615234375 0.0615234375
0 0.7373046875 0.6162109375 0.048828125 0.048828125
0 0.6572265625 0.640625 0.048828125 0.048828125
0 0.5478515625 0.30126953125 0.048828125 0.0498046875
0 0.546875 0.40185546875 0.048828125 0.0498046875
0 0.17578125 0.6865234375 0.048828125 0.048828125
0 0.841796875 0.611328125 0.048828125 0.048828125
0 0.7431640625 0.4833984375 0.048828125 0.048828125
0 0.837890625 0.6943359375 0.048828125 0.048828125
0 0.921875 0.693359375 0.048828125 0.048828125
0 0.83154296875 0.88330078125 0.0615234375 0.0615234375
0 0.365234375 0.94677734375 0.060546875 0.0615234375
0 0.16845703125 0.91943359375 0.0615234375 0.0615234375
0 0.53564453125 0.92724609375 0.0615234375 0.0615234375
0 0.2587890625 0.93359375 0.060546875 0.060546875
0 0.6435546875 0.87841796875 0.060546875 0.0615234375
0 0.45166015625 0.93408203125 0.0615234375 0.0615234375
0 0.73046875 0.91552734375 0.060546875 0.0615234375
0 0.916015625 0.87451171875 0.060546875 0.0615234375
0 0.83251953125 0.96240234375 0.0615234375 0.0615234375
0 0.36669921875 0.58642578125 0.0615234375 0.0615234375
0 0.3681640625 0.67333984375 0.060546875 0.0615234375
0 0.84375 0.5146484375 0.037109375 0.037109375
0 0.734375 0.7177734375 0.048828125 0.048828125
0 0.66015625 0.525390625 0.037109375 0.037109375
0 0.5419921875 0.75830078125 0.060546875 0.0615234375
0 0.259765625 0.50146484375 0.048828125 0.0498046875
0 0.259765625 0.6005859375 0.048828125 0.048828125
0 0.1669921875 0.4921875 0.037109375 0.037109375
0 0.1748046875 0.5966796875 0.048828125 0.048828125
0 0.6591796875 0.1591796875 0.048828125 0.048828125
0 0.6572265625 0.2470703125 0.048828125 0.048828125
0 0.66162109375 0.35107421875 0.0361328125 0.0361328125
0 0.6552734375 0.43310546875 0.048828125 0.0498046875
0 0.75 0.3701171875 0.037109375 0.037109375
0 0.81201171875 0.3330078125 0.0361328125 0.037109375
0 0.759765625 0.259765625 0.037109375 0.037109375
0 0.765625 0.1376953125 0.037109375 0.037109375
0 0.9736328125 0.02734375 0.048828125 0.048828125
0 0.97119140625 0.1572265625 0.0361328125 0.037109375
0 0.650390625 0.046875 0.048828125 0.048828125
0 0.0615234375 0.095703125 0.048828125 0.048828125
0 0.2744140625 0.05419921875 0.037109375 0.0361328125
0 0.271484375 0.13623046875 0.037109375 0.0361328125
0 0.26953125 0.2255859375 0.037109375 0.037109375
0 0.263671875 0.3037109375 0.037109375 0.037109375
0 0.3642578125 0.25634765625 0.048828125 0.0498046875
0 0.3759765625 0.14013671875 0.048828125 0.0498046875
0 0.380859375 0.04150390625 0.037109375 0.0361328125
0 0.47314453125 0.0625 0.0361328125 0.037109375
0 0.46435546875 0.16357421875 0.0361328125 0.0361328125
0 0.17822265625 0.28125 0.0361328125 0.037109375
0 0.45458984375 0.3720703125 0.0361328125 0.037109375
0 0.361328125 0.3662109375 0.037109375 0.037109375
0 0.26025390625 0.3974609375 0.0361328125 0.037109375
0 0.17041015625 0.3955078125 0.0361328125 0.037109375
0 0.05859375 0.3837890625 0.048828125 0.048828125