0 0.47021484375 0.8017578125 0.0615234375 0.060546875
0 0.5390625 0.72021484375 0.0859375 0.0849609375
0 0.6875 0.794921875 0.048828125 0.048828125
0 0.75 0.720703125 0.048828125 0.048828125
0 0.57763671875 0.79541015625 0.0615234375 0.0615234375
0 0.2412109375 0.802734375 0.048828125 0.048828125
0 0.53759765625 0.89794921875 0.0615234375 0.0615234375
0 0.42529296875 0.8984375 0.0498046875 0.048828125
0 0.02880859375 0.8076171875 0.0498046875 0.048828125
0 0.80908203125 0.05078125 0.0986328125 0.09765625
0 0.8046875 0.62109375 0.048828125 0.048828125
0 0.92333984375 0.62109375 0.0615234375 0.060546875
0 0.6982421875 0.6201171875 0.048828125 0.048828125
0 0.97314453125 0.52734375 0.0498046875 0.048828125
0 0.09228515625 0.13818359375 0.1103515625 0.1103515625
0 0.078125 0.3310546875 0.09765625 0.09765625
0 0.1982421875 0.345703125 0.09765625 0.09765625
0 0.1474609375 0.236328125 0.111328125 0.109375
0 0.19775390625 0.13916015625 0.1103515625 0.1103515625
0 0.07568359375 0.7021484375 0.1103515625 0.109375
0 0.1943359375 0.70556640625 0.0859375 0.0849609375
0 0.14013671875 0.611328125 0.0986328125 0.09765625
0 0.07763671875 0.52392578125 0.1103515625 0.1103515625
0 0.19189453125 0.52490234375 0.1103515625 0.1103515625
0 0.134765625 0.42236328125 0.123046875 0.1220703125
0 0.29833984375 0.14501953125 0.1103515625 0.1103515625
0 0.40478515625 0.13671875 0.1103515625 0.109375
0 0.3701171875 0.23876953125 0.123046875 0.1220703125
0 0.25732421875 0.228515625 0.1103515625 0.109375
0 0.4775390625 0.22900390625 0.123046875 0.1220703125
0 0.42919921875 0.333984375 0.0986328125 0.09765625
0 0.31005859375 0.3310546875 0.1103515625 0.109375
0 0.298828125 0.52294921875 0.123046875 0.1220703125
0 0.37060546875 0.419921875 0.0986328125 0.09765625
0 0.248046875 0.41845703125 0.123046875 0.1220703125
0 0.4736328125 0.41650390625 0.111328125 0.1103515625
0 0.4189453125 0.5224609375 0.111328125 0.109375
0 0.4736328125 0.6123046875 0.111328125 0.109375
0 0.3603515625 0.6162109375 0.111328125 0.109375
0 0.24609375 0.61328125 0.111328125 0.109375
0 0.3017578125 0.7041015625 0.09765625 0.09765625
0 0.4248046875 0.7158203125 0.09765625 0.09765625
0 0.5654296875 0.62255859375 0.0859375 0.0849609375
0 0.52783203125 0.52783203125 0.1103515625 0.1103515625
0 0.59228515625 0.4287109375 0.1103515625 0.109375
0 0.70166015625 0.4287109375 0.1103515625 0.109375
0 0.81005859375 0.42626953125 0.1103515625 0.1103515625
0 0.90966796875 0.42529296875 0.1103515625 0.1103515625
0 0.85791015625 0.328125 0.0986328125 0.09765625
0 0.74951171875 0.333984375 0.1103515625 0.109375
0 0.63720703125 0.3271484375 0.1103515625 0.109375
0 0.52783203125 0.34033203125 0.1103515625 0.1103515625
0 0.5830078125 0.24365234375 0.123046875 0.1220703125
0 0.68505859375 0.23388671875 0.1103515625 0.1103515625
0 0.80615234375 0.2314453125 0.1103515625 0.109375
0 0.91064453125 0.2353515625 0.1103515625 0.109375
0 0.86572265625 0.14111328125 0.1103515625 0.1103515625
0 0.75146484375 0.14501953125 0.1103515625 0.1103515625
0 0.65576171875 0.15087890625 0.1103515625 0.1103515625
0 0.5283203125 0.1455078125 0.111328125 0.109375
0 0.08984375 0.89453125 0.048828125 0.048828125
0 0.13134765625 0.80810546875 0.0244140625 0.0244140625
0 0.357421875 0.8134765625 0.048828125 0.048828125
0 0.3271484375 0.8974609375 0.037109375 0.037109375
0 0.201171875 0.8955078125 0.048828125 0.048828125
0 0.14501953125 0.98095703125 0.0244140625 0.0244140625
0 0.62841796875 0.7099609375 0.0615234375 0.060546875
0 0.85546875 0.7099609375 0.037109375 0.037109375
0 0.8642578125 0.53125 0.037109375 0.037109375
0 0.640625 0.525390625 0.048828125 0.048828125
0 0.7412109375 0.5244140625 0.048828125 0.048828125