0 0.16015625 0.4892578125 0.048828125 0.048828125
0 0.07080078125 0.39111328125 0.0615234375 0.0615234375
0 0.11572265625 0.29931640625 0.0615234375 0.0615234375
0 0.125 0.8583984375 0.037109375 0.037109375
0 0.169921875 0.58837890625 0.037109375 0.0361328125
0 0.08935546875 0.9482421875 0.0498046875 0.048828125
0 0.1953125 0.669921875 0.037109375 0.037109375
0 0.064453125 0.5810546875 0.048828125 0.048828125
0 0.18505859375 0.95068359375 0.0615234375 0.0615234375
0 0.30419921875 0.77001953125 0.0732421875 0.0732421875
0 0.47900390625 0.84912109375 0.0615234375 0.0615234375
0 0.39697265625 0.771484375 0.0498046875 0.048828125
0 0.57470703125 0.85888671875 0.0615234375 0.0615234375
0 0.6875 0.11572265625 0.123046875 0.1220703125
0 0.783203125 0.10888671875 0.123046875 0.1220703125
0 0.91552734375 0.111328125 0.0986328125 0.09765625
0 0.8408203125 0.20068359375 0.123046875 0.1220703125
0 0.736328125 0.19677734375 0.123046875 0.1220703125
0 0.6181640625 0.19287109375 0.123046875 0.1220703125
0 0.6669921875 0.29248046875 0.123046875 0.1220703125
0 0.78125 0.29248046875 0.123046875 0.1220703125
0 0.89599609375 0.29833984375 0.1220703125 0.1220703125
0 0.84619140625 0.39599609375 0.1220703125 0.1220703125
0 0.7353515625 0.39599609375 0.123046875 0.1220703125
0 0.6220703125 0.39501953125 0.123046875 0.1220703125
0 0.65478515625 0.48876953125 0.1220703125 0.1220703125
0 0.77294921875 0.5009765625 0.0986328125 0.09765625
0 0.8759765625 0.49072265625 0.123046875 0.1220703125
0 0.8427734375 0.57861328125 0.123046875 0.1220703125
0 0.7236328125 0.58642578125 0.123046875 0.1220703125
0 0.673828125 0.67138671875 0.123046875 0.1220703125
0 0.78515625 0.67919921875 0.123046875 0.1220703125
0 0.9033203125 0.67431640625 0.123046875 0.1220703125
0 0.822265625 0.77001953125 0.123046875 0.1220703125
0 0.72216796875 0.7685546875 0.0986328125 0.09765625
0 0.607421875 0.78076171875 0.123046875 0.1220703125
0 0.63427734375 0.57763671875 0.0869140625 0.0849609375
0 0.50927734375 0.7734375 0.1103515625 0.109375
0 0.57275390625 0.6796875 0.1103515625 0.109375
0 0.47021484375 0.67919921875 0.1103515625 0.1103515625
0 0.29541015625 0.67333984375 0.1220703125 0.1220703125
0 0.28369140625 0.57421875 0.0986328125 0.09765625
0 0.38623046875 0.57080078125 0.1103515625 0.1103515625
0 0.51318359375 0.580078125 0.0986328125 0.09765625
0 0.51416015625 0.4814453125 0.0986328125 0.09765625
0 0.3740234375 0.48193359375 0.123046875 0.1220703125
0 0.23974609375 0.4814453125 0.1103515625 0.109375
0 0.51123046875 0.3935546875 0.0986328125 0.09765625
0 0.4072265625 0.39208984375 0.123046875 0.1220703125
0 0.28955078125 0.392578125 0.0986328125 0.09765625
0 0.2216796875 0.29736328125 0.111328125 0.1103515625
0 0.56298828125 0.2841796875 0.0986328125 0.09765625
0 0.44970703125 0.2958984375 0.0986328125 0.09765625
0 0.34375 0.2880859375 0.09765625 0.09765625
0 0.51513671875 0.2001953125 0.0986328125 0.09765625
0 0.4033203125 0.203125 0.09765625 0.09765625
0 0.2900390625 0.2001953125 0.111328125 0.109375
0 0.1943359375 0.2060546875 0.0859375 0.0859375
0 0.509765625 0.12353515625 0.123046875 0.1220703125
0 0.3681640625 0.1123046875 0.111328125 0.109375
0 0.24609375 0.10888671875 0.123046875 0.1220703125
0 0.1376953125 0.11669921875 0.123046875 0.1220703125
0 0.5244140625 0.94921875 0.037109375 0.037109375
0 0.6201171875 0.953125 0.037109375 0.037109375
0 0.736328125 0.9541015625 0.037109375 0.037109375
0 0.35791015625 0.84912109375 0.0361328125 0.0361328125
0 0.4013671875 0.9560546875 0.037109375 0.037109375
0 0.29052734375 0.955078125 0.0498046875 0.048828125
0 0.25048828125 0.85302734375 0.0361328125 0.0361328125
0 0.0263671875 0.8515625 0.037109375 0.037109375
0 0.0849609375 0.7724609375 0.048828125 0.048828125
0 0.07421875 0.66357421875 0.037109375 0.0361328125
0 0.1650390625 0.392578125 0.048828125 0.048828125
0 0.07666015625 0.1962890625 0.0498046875 0.048828125