0 0.5859375 0.0478515625 0.048828125 0.048828125
0 0.66015625 0.1103515625 0.048828125 0.048828125
0 0.09423828125 0.08544921875 0.0615234375 0.0615234375
0 0.66455078125 0.88623046875 0.0615234375 0.0615234375
0 0.65380859375 0.77294921875 0.0615234375 0.0615234375
0 0.37548828125 0.84326171875 0.0615234375 0.0615234375
0 0.18408203125 0.91796875 0.0732421875 0.07421875
0 0.4580078125 0.90380859375 0.060546875 0.0615234375
0 0.27490234375 0.7744140625 0.0732421875 0.07421875
0 0.0849609375 0.87451171875 0.060546875 0.0615234375
0 0.36474609375 0.9482421875 0.0615234375 0.060546875
0 0.185546875 0.81787109375 0.060546875 0.0615234375
0 0.0849609375 0.54638671875 0.060546875 0.0615234375
0 0.2021484375 0.57861328125 0.060546875 0.0615234375
0 0.0830078125 0.66357421875 0.060546875 0.0615234375
0 0.0869140625 0.77197265625 0.060546875 0.0615234375
0 0.28271484375 0.8740234375 0.0732421875 0.07421875
0 0.759765625 0.1650390625 0.048828125 0.048828125
0 0.759765625 0.28369140625 0.060546875 0.0615234375
0 0.7607421875 0.05859375 0.048828125 0.048828125
0 0.76025390625 0.61572265625 0.0615234375 0.0615234375
0 0.853515625 0.33349609375 0.048828125 0.0498046875
0 0.7587890625 0.37841796875 0.060546875 0.0615234375
0 0.7607421875 0.72412109375 0.060546875 0.0615234375
0 0.74951171875 0.95654296875 0.0615234375 0.0615234375
0 0.77001953125 0.49755859375 0.0732421875 0.0732421875
0 0.8447265625 0.77392578125 0.060546875 0.0615234375
0 0.8447265625 0.88232421875 0.048828125 0.0498046875
0 0.76171875 0.84521484375 0.048828125 0.0498046875
0 0.5634765625 0.8349609375 0.037109375 0.037109375
0 0.552734375 0.9404296875 0.048828125 0.048828125
0 0.9541015625 0.8173828125 0.0859375 0.0859375
0 0.1923828125 0.70703125 0.048828125 0.048828125
0 0.9501953125 0.70947265625 0.09765625 0.0986328125
0 0.6708984375 0.2158203125 0.037109375 0.037109375
0 0.28857421875 0.20849609375 0.0244140625 0.0244140625
0 0.087890625 0.201171875 0.037109375 0.037109375
0 0.21142578125 0.17578125 0.0361328125 0.037109375
0 0.849609375 0.224609375 0.037109375 0.037109375
0 0.849609375 0.45458984375 0.048828125 0.0498046875
0 0.853515625 0.5595703125 0.048828125 0.048828125
0 0.84814453125 0.66455078125 0.0615234375 0.0615234375
0 0.8564453125 0.1015625 0.048828125 0.048828125
0 0.38671875 0.6123046875 0.048828125 0.048828125
0 0.462890625 0.7763671875 0.037109375 0.037109375
0 0.37841796875 0.72509765625 0.0244140625 0.0244140625
0 0.275390625 0.66357421875 0.048828125 0.0498046875
0 0.27685546875 0.5400390625 0.0244140625 0.025390625
0 0.28125 0.4326171875 0.037109375 0.037109375
0 0.20703125 0.3857421875 0.037109375 0.037109375
0 0.201171875 0.48193359375 0.060546875 0.0615234375
0 0.08984375 0.3203125 0.037109375 0.037109375
0 0.0888671875 0.4375 0.037109375 0.037109375
0 0.203125 0.279296875 0.037109375 0.037109375