0 0.0927734375 0.1767578125 0.037109375 0.037109375
0 0.927734375 0.48095703125 0.109375 0.1103515625
0 0.943359375 0.37744140625 0.109375 0.1103515625
0 0.9375 0.26806640625 0.09765625 0.0986328125
0 0.93603515625 0.15869140625 0.1103515625 0.1103515625
0 0.84912109375 0.0986328125 0.1220703125 0.123046875
0 0.8427734375 0.21630859375 0.109375 0.1103515625
0 0.8447265625 0.31689453125 0.09765625 0.0986328125
0 0.83740234375 0.427734375 0.1220703125 0.123046875
0 0.84521484375 0.5361328125 0.1220703125 0.123046875
0 0.74365234375 0.47265625 0.1220703125 0.123046875
0 0.7490234375 0.3564453125 0.09765625 0.09765625
0 0.74755859375 0.248046875 0.1220703125 0.123046875
0 0.74365234375 0.1435546875 0.1220703125 0.123046875
0 0.65771484375 0.0947265625 0.1220703125 0.123046875
0 0.65380859375 0.1953125 0.1220703125 0.123046875
0 0.65380859375 0.3115234375 0.1220703125 0.123046875
0 0.65185546875 0.4287109375 0.1220703125 0.123046875
0 0.64208984375 0.541015625 0.1220703125 0.123046875
0 0.56201171875 0.1455078125 0.1103515625 0.111328125
0 0.56201171875 0.2509765625 0.1103515625 0.111328125
0 0.5556640625 0.36962890625 0.109375 0.1103515625
0 0.5546875 0.48291015625 0.109375 0.1103515625
0 0.4638671875 0.53466796875 0.109375 0.1103515625
0 0.4638671875 0.41357421875 0.109375 0.1103515625
0 0.470703125 0.31396484375 0.109375 0.1103515625
0 0.466796875 0.2041015625 0.109375 0.111328125
0 0.470703125 0.095703125 0.109375 0.111328125
0 0.365234375 0.15185546875 0.109375 0.1103515625
0 0.3642578125 0.25048828125 0.109375 0.1103515625
0 0.36181640625 0.37353515625 0.1103515625 0.1103515625
0 0.35595703125 0.47705078125 0.1103515625 0.1103515625
0 0.27001953125 0.53662109375 0.1103515625 0.1103515625
0 0.26025390625 0.42333984375 0.1103515625 0.1103515625
0 0.27001953125 0.31005859375 0.1103515625 0.1103515625
0 0.27490234375 0.19482421875 0.1103515625 0.1103515625
0 0.27197265625 0.0869140625 0.1220703125 0.123046875
0 0.1962890625 0.13525390625 0.109375 0.1103515625
0 0.18359375 0.25537109375 0.09765625 0.0986328125
0 0.17529296875 0.37451171875 0.0732421875 0.0732421875
0 0.17578125 0.48095703125 0.09765625 0.0986328125
0 0.08203125 0.5419921875 0.09765625 0.09765625
0 0.0849609375 0.2998046875 0.0859375 0.0859375
0 0.0830078125 0.4248046875 0.0859375 0.0859375
0 0.0947265625 0.0810546875 0.0859375 0.0859375
0 0.5625 0.58935546875 0.109375 0.1103515625
0 0.36572265625 0.58544921875 0.1103515625 0.1103515625
0 0.267578125 0.64990234375 0.109375 0.1103515625
0 0.16357421875 0.5986328125 0.1220703125 0.123046875
0 0.07568359375 0.6611328125 0.0732421875 0.07421875
0 0.1708984375 0.69970703125 0.109375 0.1103515625
0 0.47119140625 0.65380859375 0.1103515625 0.1103515625
0 0.17041015625 0.798828125 0.0849609375 0.0859375
0 0.15673828125 0.9111328125 0.1220703125 0.123046875
0 0.263671875 0.75439453125 0.109375 0.1103515625
0 0.265625 0.86669921875 0.09765625 0.0986328125
0 0.36083984375 0.69775390625 0.1103515625 0.1103515625
0 0.36083984375 0.80810546875 0.1103515625 0.1103515625
0 0.36376953125 0.92529296875 0.1220703125 0.1220703125
0 0.45654296875 0.74755859375 0.1103515625 0.1103515625
0 0.44921875 0.86669921875 0.09765625 0.0986328125
0 0.5478515625 0.7001953125 0.109375 0.111328125
0 0.5498046875 0.81005859375 0.109375 0.1103515625
0 0.55712890625 0.9248046875 0.1220703125 0.123046875
0 0.65771484375 0.646484375 0.1220703125 0.123046875
0 0.65576171875 0.73828125 0.1220703125 0.123046875
0 0.65087890625 0.8701171875 0.1220703125 0.123046875
0 0.74560546875 0.5869140625 0.1220703125 0.123046875
0 0.74951171875 0.68359375 0.1220703125 0.123046875
0 0.74560546875 0.8017578125 0.1220703125 0.123046875
0 0.73583984375 0.912109375 0.1220703125 0.123046875
0 0.84130859375 0.861328125 0.1103515625 0.111328125
0 0.83544921875 0.640625 0.1220703125 0.123046875
0 0.92724609375 0.720703125 0.1220703125 0.123046875
0 0.93017578125 0.6005859375 0.1220703125 0.123046875
0 0.84423828125 0.75146484375 0.1103515625 0.1103515625
0 0.931640625 0.81982421875 0.109375 0.1103515625
0 0.93212890625 0.935546875 0.1220703125 0.123046875