0 0.36376953125 0.67236328125 0.0615234375 0.0615234375
0 0.28515625 0.7646484375 0.048828125 0.048828125
0 0.40380859375 0.76953125 0.0498046875 0.048828125
0 0.38134765625 0.51171875 0.0615234375 0.060546875
0 0.373046875 0.1533203125 0.048828125 0.048828125
0 0.3076171875 0.232421875 0.048828125 0.048828125
0 0.32373046875 0.41552734375 0.0615234375 0.0615234375
0 0.35400390625 0.8623046875 0.0498046875 0.048828125
0 0.43212890625 0.2353515625 0.0615234375 0.060546875
0 0.58837890625 0.87255859375 0.0732421875 0.0732421875
0 0.47705078125 0.87451171875 0.0732421875 0.0732421875
0 0.82470703125 0.87255859375 0.0615234375 0.0615234375
0 0.52197265625 0.7734375 0.0615234375 0.060546875
0 0.70068359375 0.873046875 0.0615234375 0.060546875
0 0.66015625 0.78662109375 0.037109375 0.0361328125
0 0.583984375 0.16015625 0.048828125 0.048828125
0 0.78515625 0.1630859375 0.048828125 0.048828125
0 0.677734375 0.1591796875 0.048828125 0.048828125
0 0.46826171875 0.1552734375 0.0615234375 0.060546875
0 0.61962890625 0.4287109375 0.0615234375 0.060546875
0 0.86181640625 0.5146484375 0.0615234375 0.060546875
0 0.95849609375 0.599609375 0.0615234375 0.060546875
0 0.90087890625 0.15869140625 0.0615234375 0.0615234375
0 0.8017578125 0.3447265625 0.048828125 0.048828125
0 0.736328125 0.2333984375 0.037109375 0.037109375
0 0.8955078125 0.34375 0.048828125 0.048828125
0 0.767578125 0.521484375 0.048828125 0.048828125
0 0.73046875 0.43359375 0.060546875 0.060546875
0 0.8505859375 0.23388671875 0.07421875 0.0732421875
0 0.80712890625 0.43701171875 0.0615234375 0.0615234375
0 0.52001953125 0.232421875 0.0615234375 0.060546875
0 0.736328125 0.58984375 0.048828125 0.048828125
0 0.4794921875 0.5048828125 0.048828125 0.048828125
0 0.623046875 0.224609375 0.048828125 0.048828125
0 0.5322265625 0.42431640625 0.07421875 0.0732421875
0 0.9521484375 0.23388671875 0.07421875 0.0732421875
0 0.33935546875 0.041015625 0.0498046875 0.048828125
0 0.43603515625 0.044921875 0.0498046875 0.048828125
0 0.85595703125 0.04638671875 0.0615234375 0.0615234375
0 0.62255859375 0.0439453125 0.0615234375 0.060546875
0 0.74072265625 0.0419921875 0.0498046875 0.048828125
0 0.9580078125 0.05517578125 0.037109375 0.0361328125
0 0.40087890625 0.94677734375 0.0615234375 0.0615234375
0 0.74267578125 0.9541015625 0.0615234375 0.060546875
0 0.61669921875 0.9560546875 0.0615234375 0.060546875
0 0.29638671875 0.95166015625 0.0615234375 0.0615234375
0 0.15087890625 0.51025390625 0.0615234375 0.0615234375
0 0.21728515625 0.41162109375 0.0615234375 0.0615234375
0 0.0810546875 0.76318359375 0.07421875 0.0732421875
0 0.14990234375 0.67333984375 0.0615234375 0.0615234375
0 0.2470703125 0.5166015625 0.060546875 0.060546875
0 0.05615234375 0.50927734375 0.0615234375 0.0615234375
0 0.1357421875 0.861328125 0.048828125 0.048828125
0 0.24365234375 0.8662109375 0.0498046875 0.048828125
0 0.09375 0.58154296875 0.07421875 0.0732421875
0 0.2626953125 0.6708984375 0.048828125 0.048828125
0 0.2197265625 0.58203125 0.060546875 0.060546875
0 0.18994140625 0.76953125 0.0615234375 0.060546875
0 0.5146484375 0.95751953125 0.037109375 0.0361328125
0 0.18701171875 0.95703125 0.0498046875 0.048828125
0 0.056640625 0.8671875 0.048828125 0.048828125
0 0.443359375 0.67529296875 0.037109375 0.0361328125
0 0.56494140625 0.689453125 0.0361328125 0.037109375
0 0.43359375 0.5888671875 0.048828125 0.048828125
0 0.3212890625 0.5986328125 0.037109375 0.037109375
0 0.572265625 0.513671875 0.037109375 0.037109375
0 0.4248046875 0.423828125 0.048828125 0.048828125
0 0.369140625 0.3408203125 0.048828125 0.048828125
0 0.27099609375 0.3359375 0.0615234375 0.060546875
0 0.5810546875 0.3486328125 0.048828125 0.048828125
0 0.26806640625 0.14697265625 0.0244140625 0.0244140625
0 0.5244140625 0.04443359375 0.037109375 0.0361328125
0 0.837890625 0.9541015625 0.048828125 0.048828125
0 0.921875 0.87646484375 0.037109375 0.0361328125
0 0.91650390625 0.68896484375 0.0361328125 0.0361328125
0 0.8544921875 0.5888671875 0.037109375 0.037109375
0 0.9443359375 0.4375 0.048828125 0.048828125
0 0.77001953125 0.78173828125 0.0361328125 0.0361328125
0 0.67578125 0.6845703125 0.037109375 0.037109375
0 0.666015625 0.5166015625 0.048828125 0.048828125
0 0.634765625 0.5927734375 0.037109375 0.037109375
0 0.71533203125 0.34521484375 0.0244140625 0.0244140625
0 0.48583984375 0.35205078125 0.0244140625 0.0244140625
0 0.23486328125 0.05419921875 0.0244140625 0.0244140625