0 0.052734375 0.130859375 0.09765625 0.09765625
0 0.14794921875 0.0625 0.1220703125 0.123046875
0 0.14404296875 0.1767578125 0.1220703125 0.123046875
0 0.25830078125 0.119140625 0.1220703125 0.123046875
0 0.25830078125 0.2275390625 0.1220703125 0.123046875
0 0.1474609375 0.298828125 0.09765625 0.09765625
0 0.1552734375 0.404296875 0.09765625 0.09765625
0 0.1435546875 0.52734375 0.09765625 0.09765625
0 0.1474609375 0.61572265625 0.09765625 0.0986328125
0 0.05859375 0.564453125 0.0859375 0.0859375
0 0.0517578125 0.458984375 0.0859375 0.0859375
0 0.056640625 0.34765625 0.09765625 0.09765625
0 0.90869140625 0.1728515625 0.1220703125 0.123046875
0 0.82177734375 0.13671875 0.1220703125 0.123046875
0 0.34228515625 0.07373046875 0.1103515625 0.1103515625
0 0.35107421875 0.18017578125 0.1220703125 0.1220703125
0 0.43994140625 0.11865234375 0.1103515625 0.1103515625
0 0.52783203125 0.0625 0.1220703125 0.123046875
0 0.53564453125 0.1884765625 0.1220703125 0.123046875
0 0.62646484375 0.1259765625 0.1220703125 0.123046875
0 0.71923828125 0.0693359375 0.1103515625 0.111328125
0 0.73193359375 0.189453125 0.1103515625 0.111328125
0 0.25537109375 0.333984375 0.1220703125 0.123046875
0 0.25048828125 0.44775390625 0.1220703125 0.1220703125
0 0.25341796875 0.55029296875 0.1103515625 0.1103515625
0 0.24609375 0.68115234375 0.09765625 0.0986328125
0 0.1435546875 0.73046875 0.0859375 0.0859375
0 0.24462890625 0.79345703125 0.1103515625 0.1103515625
0 0.33740234375 0.7314453125 0.0849609375 0.0859375
0 0.3408203125 0.63037109375 0.09765625 0.0986328125
0 0.3388671875 0.51220703125 0.09765625 0.0986328125
0 0.34375 0.40283203125 0.09765625 0.0986328125
0 0.34423828125 0.2998046875 0.1220703125 0.123046875
0 0.43994140625 0.228515625 0.0966796875 0.09765625
0 0.4306640625 0.3388671875 0.09765625 0.09765625
0 0.44921875 0.44384765625 0.09765625 0.0986328125
0 0.439453125 0.568359375 0.0859375 0.0859375
0 0.4423828125 0.66748046875 0.09765625 0.0986328125
0 0.4384765625 0.78955078125 0.09765625 0.0986328125
0 0.53271484375 0.728515625 0.1220703125 0.123046875
0 0.52978515625 0.6240234375 0.1220703125 0.123046875
0 0.52978515625 0.5048828125 0.1220703125 0.123046875
0 0.52685546875 0.4052734375 0.1103515625 0.111328125
0 0.53173828125 0.2900390625 0.1220703125 0.123046875
0 0.62890625 0.23583984375 0.109375 0.1103515625
0 0.63720703125 0.330078125 0.1220703125 0.123046875
0 0.62744140625 0.4501953125 0.1220703125 0.123046875
0 0.62841796875 0.576171875 0.1220703125 0.123046875
0 0.62060546875 0.68017578125 0.1103515625 0.1103515625
0 0.62158203125 0.791015625 0.1220703125 0.123046875
0 0.724609375 0.72900390625 0.109375 0.1103515625
0 0.73046875 0.6201171875 0.09765625 0.09765625
0 0.72119140625 0.515625 0.1220703125 0.123046875
0 0.72216796875 0.408203125 0.1220703125 0.123046875
0 0.720703125 0.29541015625 0.09765625 0.0986328125
0 0.82177734375 0.23388671875 0.1103515625 0.1103515625
0 0.912109375 0.27587890625 0.109375 0.1103515625
0 0.91259765625 0.39404296875 0.1103515625 0.1103515625
0 0.81689453125 0.35009765625 0.1103515625 0.1103515625
0 0.82373046875 0.44580078125 0.1103515625 0.1103515625
0 0.81689453125 0.5673828125 0.1220703125 0.123046875
0 0.81298828125 0.67578125 0.1220703125 0.123046875
0 0.8115234375 0.79345703125 0.109375 0.1103515625
0 0.91845703125 0.7197265625 0.1220703125 0.123046875
0 0.91162109375 0.6240234375 0.1220703125 0.123046875
0 0.9140625 0.49169921875 0.09765625 0.0986328125
0 0.92626953125 0.8974609375 0.1220703125 0.123046875
0 0.810546875 0.88671875 0.09765625 0.09765625
0 0.724609375 0.83203125 0.09765625 0.09765625
0 0.62255859375 0.89599609375 0.1103515625 0.1103515625
0 0.5263671875 0.84228515625 0.109375 0.1103515625
0 0.5224609375 0.93994140625 0.09765625 0.0986328125
0 0.427734375 0.89599609375 0.09765625 0.0986328125
0 0.33837890625 0.83642578125 0.0849609375 0.0869140625
0 0.228515625 0.89306640625 0.048828125 0.0498046875
0 0.1474609375 0.85107421875 0.09765625 0.0986328125
0 0.0361328125 0.873046875 0.037109375 0.037109375
0 0.17578125 0.9775390625 0.037109375 0.037109375
0 0.333984375 0.958984375 0.037109375 0.037109375
0 0.052734375 0.7919921875 0.09765625 0.09765625