0 0.66259765625 0.04150390625 0.0732421875 0.0732421875
0 0.10302734375 0.173828125 0.1220703125 0.123046875
0 0.18603515625 0.11767578125 0.1103515625 0.1103515625
0 0.2744140625 0.05322265625 0.09765625 0.0986328125
0 0.38037109375 0.1220703125 0.1220703125 0.123046875
0 0.46923828125 0.06591796875 0.0966796875 0.0986328125
0 0.55322265625 0.12060546875 0.1220703125 0.1220703125
0 0.65869140625 0.154296875 0.1220703125 0.123046875
0 0.75732421875 0.1123046875 0.1220703125 0.123046875
0 0.9423828125 0.115234375 0.109375 0.111328125
0 0.9443359375 0.3359375 0.109375 0.111328125
0 0.943359375 0.43408203125 0.09765625 0.0986328125
0 0.84228515625 0.60791015625 0.1103515625 0.1103515625
0 0.84521484375 0.49267578125 0.1103515625 0.1103515625
0 0.84716796875 0.27587890625 0.1103515625 0.1103515625
0 0.84521484375 0.1728515625 0.1220703125 0.123046875
0 0.8466796875 0.380859375 0.048828125 0.048828125
0 0.7548828125 0.21142578125 0.09765625 0.0986328125
0 0.76171875 0.32666015625 0.09765625 0.0986328125
0 0.7509765625 0.43505859375 0.109375 0.1103515625
0 0.7548828125 0.55810546875 0.09765625 0.0986328125
0 0.7607421875 0.67529296875 0.109375 0.1103515625
0 0.65576171875 0.6259765625 0.1220703125 0.123046875
0 0.65380859375 0.50048828125 0.1220703125 0.1220703125
0 0.65576171875 0.38623046875 0.1220703125 0.1220703125
0 0.6591796875 0.27783203125 0.109375 0.1103515625
0 0.5634765625 0.23388671875 0.109375 0.1103515625
0 0.5576171875 0.33544921875 0.09765625 0.0986328125
0 0.56494140625 0.44921875 0.1220703125 0.123046875
0 0.56396484375 0.568359375 0.1220703125 0.123046875
0 0.56396484375 0.677734375 0.1220703125 0.123046875
0 0.4541015625 0.61279296875 0.109375 0.1103515625
0 0.4697265625 0.50927734375 0.109375 0.1103515625
0 0.4638671875 0.39990234375 0.09765625 0.0986328125
0 0.46240234375 0.29052734375 0.1103515625 0.1103515625
0 0.46728515625 0.17138671875 0.1220703125 0.1220703125
0 0.37548828125 0.23046875 0.1220703125 0.123046875
0 0.369140625 0.34814453125 0.109375 0.1103515625
0 0.37109375 0.44873046875 0.09765625 0.0986328125
0 0.36376953125 0.5595703125 0.1220703125 0.123046875
0 0.37158203125 0.66796875 0.1220703125 0.123046875
0 0.27001953125 0.6044921875 0.1220703125 0.123046875
0 0.275390625 0.48828125 0.09765625 0.09765625
0 0.27392578125 0.3798828125 0.1220703125 0.123046875
0 0.27001953125 0.275390625 0.1220703125 0.123046875
0 0.27685546875 0.169921875 0.1220703125 0.123046875
0 0.18408203125 0.2265625 0.1220703125 0.123046875
0 0.18017578125 0.3271484375 0.1220703125 0.123046875
0 0.18017578125 0.443359375 0.1220703125 0.123046875
0 0.17822265625 0.560546875 0.1220703125 0.123046875
0 0.16845703125 0.6728515625 0.1220703125 0.123046875
0 0.08837890625 0.27734375 0.1103515625 0.111328125
0 0.08837890625 0.3828125 0.1103515625 0.111328125
0 0.08203125 0.50146484375 0.109375 0.1103515625
0 0.0810546875 0.61474609375 0.109375 0.1103515625
0 0.0888671875 0.72119140625 0.109375 0.1103515625
0 0.07421875 0.83203125 0.109375 0.111328125
0 0.076171875 0.94189453125 0.109375 0.1103515625
0 0.18408203125 0.7783203125 0.1220703125 0.123046875
0 0.18212890625 0.8701171875 0.1220703125 0.123046875
0 0.27197265625 0.71875 0.1220703125 0.123046875
0 0.27587890625 0.8154296875 0.1220703125 0.123046875
0 0.27197265625 0.93359375 0.1220703125 0.123046875
0 0.36181640625 0.7724609375 0.1220703125 0.123046875
0 0.45361328125 0.8525390625 0.1220703125 0.123046875
0 0.45654296875 0.732421875 0.1220703125 0.123046875
0 0.37060546875 0.88330078125 0.1103515625 0.1103515625
0 0.56103515625 0.79931640625 0.1220703125 0.1220703125
0 0.56103515625 0.8916015625 0.1220703125 0.123046875
0 0.73779296875 0.7841796875 0.1220703125 0.123046875
0 0.74267578125 0.89208984375 0.1220703125 0.1220703125
0 0.64892578125 0.83642578125 0.1103515625 0.1103515625
0 0.66162109375 0.72412109375 0.1103515625 0.1103515625
0 0.8466796875 0.93115234375 0.109375 0.1103515625
0 0.8388671875 0.83056640625 0.109375 0.1103515625
0 0.84375 0.72314453125 0.109375 0.1103515625