0 0.75341796875 0.96875 0.0498046875 0.048828125
0 0.84814453125 0.97021484375 0.0361328125 0.0361328125
0 0.91259765625 0.51416015625 0.0615234375 0.0615234375
0 0.138671875 0.6728515625 0.09765625 0.09765625
0 0.26171875 0.6845703125 0.09765625 0.09765625
0 0.35009765625 0.6806640625 0.0986328125 0.09765625
0 0.41748046875 0.783203125 0.0986328125 0.09765625
0 0.298828125 0.76953125 0.0859375 0.0859375
0 0.193359375 0.7763671875 0.0859375 0.0859375
0 0.08203125 0.771484375 0.09765625 0.09765625
0 0.14794921875 0.8701171875 0.0986328125 0.09765625
0 0.23974609375 0.8701171875 0.0986328125 0.09765625
0 0.35595703125 0.876953125 0.0986328125 0.09765625
0 0.46240234375 0.86962890625 0.0869140625 0.0849609375
0 0.41845703125 0.9638671875 0.0615234375 0.060546875
0 0.068359375 0.57275390625 0.123046875 0.1220703125
0 0.18212890625 0.57763671875 0.1220703125 0.1220703125
0 0.28466796875 0.57470703125 0.1103515625 0.1103515625
0 0.41552734375 0.58203125 0.0986328125 0.09765625
0 0.46484375 0.6845703125 0.0859375 0.0859375
0 0.52783203125 0.58349609375 0.1103515625 0.1103515625
0 0.4658203125 0.49072265625 0.0859375 0.0849609375
0 0.36474609375 0.4873046875 0.0986328125 0.09765625
0 0.24658203125 0.4892578125 0.0986328125 0.09765625
0 0.13720703125 0.484375 0.0986328125 0.09765625
0 0.0732421875 0.3974609375 0.09765625 0.09765625
0 0.17822265625 0.37890625 0.0986328125 0.09765625
0 0.302734375 0.388671875 0.0859375 0.0859375
0 0.40185546875 0.3857421875 0.0986328125 0.09765625
0 0.52392578125 0.3896484375 0.0986328125 0.09765625
0 0.462890625 0.29541015625 0.123046875 0.1220703125
0 0.3583984375 0.29833984375 0.123046875 0.1220703125
0 0.2392578125 0.29833984375 0.123046875 0.1220703125
0 0.1396484375 0.30126953125 0.111328125 0.1103515625
0 0.064453125 0.19091796875 0.123046875 0.1220703125
0 0.1845703125 0.20068359375 0.123046875 0.1220703125
0 0.310546875 0.19970703125 0.123046875 0.1220703125
0 0.41455078125 0.20751953125 0.1103515625 0.1103515625
0 0.525390625 0.20654296875 0.123046875 0.1220703125
0 0.46337890625 0.103515625 0.1103515625 0.109375
0 0.3544921875 0.09765625 0.09765625 0.09765625
0 0.25 0.10693359375 0.123046875 0.1220703125
0 0.142578125 0.10595703125 0.123046875 0.1220703125
0 0.56640625 0.103515625 0.09765625 0.09765625
0 0.69775390625 0.10498046875 0.1103515625 0.1103515625
0 0.80126953125 0.1083984375 0.0986328125 0.09765625
0 0.90771484375 0.11328125 0.0986328125 0.09765625
0 0.63037109375 0.20556640625 0.1103515625 0.1103515625
0 0.74560546875 0.20849609375 0.1103515625 0.1103515625
0 0.85400390625 0.20849609375 0.1220703125 0.1220703125
0 0.57666015625 0.3017578125 0.1103515625 0.109375
0 0.67431640625 0.3056640625 0.0986328125 0.09765625
0 0.78857421875 0.294921875 0.0986328125 0.09765625
0 0.90478515625 0.2978515625 0.0986328125 0.09765625
0 0.63037109375 0.400390625 0.0986328125 0.09765625
0 0.73388671875 0.3984375 0.0986328125 0.09765625
0 0.85205078125 0.3935546875 0.0986328125 0.09765625
0 0.57080078125 0.48974609375 0.0869140625 0.0849609375
0 0.62744140625 0.599609375 0.0498046875 0.048828125
0 0.58544921875 0.6806640625 0.0986328125 0.09765625
0 0.521484375 0.95458984375 0.037109375 0.0361328125
0 0.91943359375 0.86767578125 0.0361328125 0.0361328125
0 0.69921875 0.88671875 0.048828125 0.048828125
0 0.5791015625 0.8740234375 0.048828125 0.048828125
0 0.607421875 0.7919921875 0.037109375 0.037109375
0 0.7548828125 0.80078125 0.037109375 0.037109375
0 0.7119140625 0.65234375 0.037109375 0.037109375
0 0.837890625 0.60205078125 0.037109375 0.0361328125
0 0.693359375 0.494140625 0.037109375 0.037109375
0 0.8974609375 0.68359375 0.037109375 0.037109375
0 0.93896484375 0.58935546875 0.0244140625 0.0244140625
0 0.7998046875 0.89794921875 0.037109375 0.0361328125
0 0.96484375 0.3994140625 0.037109375 0.037109375
0 0.5263671875 0.775390625 0.09765625 0.09765625