0 0.58544921875 0.8466796875 0.0615234375 0.060546875
0 0.50244140625 0.73828125 0.0615234375 0.060546875
0 0.55419921875 0.66162109375 0.0615234375 0.0615234375
0 0.53076171875 0.54931640625 0.0615234375 0.0615234375
0 0.5615234375 0.9345703125 0.048828125 0.048828125
0 0.5234375 0.45703125 0.048828125 0.048828125
0 0.40283203125 0.8369140625 0.0615234375 0.060546875
0 0.35205078125 0.93212890625 0.0615234375 0.0615234375
0 0.44970703125 0.92822265625 0.0615234375 0.0615234375
0 0.3583984375 0.6455078125 0.048828125 0.048828125
0 0.3828125 0.7255859375 0.048828125 0.048828125
0 0.04345703125 0.8349609375 0.0498046875 0.048828125
0 0.14404296875 0.8359375 0.0498046875 0.048828125
0 0.353515625 0.541015625 0.048828125 0.048828125
0 0.2255859375 0.6396484375 0.048828125 0.048828125
0 0.4365234375 0.544921875 0.048828125 0.048828125
0 0.435546875 0.4609375 0.048828125 0.048828125
0 0.76904296875 0.94091796875 0.0615234375 0.0615234375
0 0.62548828125 0.55126953125 0.0615234375 0.0615234375
0 0.71435546875 0.736328125 0.0615234375 0.060546875
0 0.66943359375 0.84716796875 0.0615234375 0.0615234375
0 0.77392578125 0.84912109375 0.0615234375 0.0615234375
0 0.62060546875 0.7392578125 0.0615234375 0.060546875
0 0.67626953125 0.93115234375 0.0615234375 0.0615234375
0 0.79052734375 0.73974609375 0.0615234375 0.0615234375
0 0.96728515625 0.65283203125 0.0615234375 0.0615234375
0 0.65771484375 0.65234375 0.0615234375 0.060546875
0 0.75341796875 0.6474609375 0.0615234375 0.060546875
0 0.71923828125 0.46630859375 0.0615234375 0.0615234375
0 0.61669921875 0.466796875 0.0615234375 0.060546875
0 0.70458984375 0.55029296875 0.0615234375 0.0615234375
0 0.78173828125 0.5439453125 0.0498046875 0.048828125
0 0.80224609375 0.4599609375 0.0498046875 0.048828125
0 0.58984375 0.0576171875 0.048828125 0.048828125
0 0.7685546875 0.390625 0.048828125 0.048828125
0 0.666015625 0.380859375 0.048828125 0.048828125
0 0.9716796875 0.466796875 0.048828125 0.048828125
0 0.48828125 0.0546875 0.048828125 0.048828125
0 0.54296875 0.1435546875 0.048828125 0.048828125
0 0.2568359375 0.5390625 0.037109375 0.037109375
0 0.4599609375 0.6484375 0.048828125 0.048828125
0 0.267578125 0.72265625 0.037109375 0.037109375
0 0.50048828125 0.8408203125 0.0615234375 0.060546875
0 0.0625 0.353515625 0.037109375 0.037109375
0 0.1513671875 0.3525390625 0.037109375 0.037109375
0 0.134765625 0.267578125 0.037109375 0.037109375
0 0.03173828125 0.19287109375 0.0615234375 0.0615234375
0 0.130859375 0.201171875 0.048828125 0.048828125
0 0.0732421875 0.05419921875 0.037109375 0.0361328125
0 0.09326171875 0.72119140625 0.0361328125 0.0361328125
0 0.17529296875 0.7275390625 0.0498046875 0.048828125
0 0.1123046875 0.6328125 0.037109375 0.037109375
0 0.0751953125 0.57080078125 0.037109375 0.0361328125
0 0.1142578125 0.92822265625 0.037109375 0.0361328125