0 0.8466796875 0.9140625 0.048828125 0.048828125
0 0.63427734375 0.9189453125 0.0498046875 0.048828125
0 0.08203125 0.91650390625 0.123046875 0.1220703125
0 0.20068359375 0.91015625 0.1103515625 0.109375
0 0.25146484375 0.81884765625 0.1103515625 0.1103515625
0 0.1357421875 0.82275390625 0.111328125 0.1103515625
0 0.10546875 0.72021484375 0.123046875 0.1220703125
0 0.1962890625 0.71240234375 0.111328125 0.1103515625
0 0.14208984375 0.630859375 0.1103515625 0.109375
0 0.23828125 0.62255859375 0.123046875 0.1220703125
0 0.1259765625 0.52587890625 0.123046875 0.1220703125
0 0.2275390625 0.52197265625 0.123046875 0.1220703125
0 0.12744140625 0.42724609375 0.1103515625 0.1103515625
0 0.09130859375 0.3388671875 0.1103515625 0.109375
0 0.12060546875 0.23046875 0.1103515625 0.109375
0 0.25537109375 0.24853515625 0.1220703125 0.1220703125
0 0.20556640625 0.150390625 0.1103515625 0.109375
0 0.08544921875 0.14697265625 0.1103515625 0.1103515625
0 0.14306640625 0.0517578125 0.0986328125 0.09765625
0 0.36181640625 0.056640625 0.0986328125 0.09765625
0 0.46728515625 0.06298828125 0.1103515625 0.1103515625
0 0.58544921875 0.0673828125 0.1103515625 0.109375
0 0.70068359375 0.060546875 0.1103515625 0.109375
0 0.30615234375 0.1513671875 0.0986328125 0.09765625
0 0.41650390625 0.15234375 0.1103515625 0.109375
0 0.52392578125 0.1513671875 0.1103515625 0.109375
0 0.63720703125 0.1533203125 0.1103515625 0.109375
0 0.35498046875 0.2431640625 0.0986328125 0.09765625
0 0.46337890625 0.24072265625 0.1103515625 0.1103515625
0 0.58740234375 0.24365234375 0.1103515625 0.1103515625
0 0.69775390625 0.24951171875 0.1103515625 0.1103515625
0 0.31787109375 0.3310546875 0.0986328125 0.09765625
0 0.41357421875 0.3427734375 0.0986328125 0.09765625
0 0.53173828125 0.3466796875 0.0986328125 0.09765625
0 0.3779296875 0.43701171875 0.123046875 0.1220703125
0 0.46533203125 0.4384765625 0.0986328125 0.09765625
0 0.5771484375 0.4404296875 0.09765625 0.09765625
0 0.68359375 0.4423828125 0.09765625 0.09765625
0 0.8037109375 0.45703125 0.09765625 0.09765625
0 0.63330078125 0.34814453125 0.1103515625 0.1103515625
0 0.7529296875 0.34765625 0.111328125 0.109375
0 0.80322265625 0.25048828125 0.1103515625 0.1103515625
0 0.74755859375 0.15869140625 0.1103515625 0.1103515625
0 0.81103515625 0.0576171875 0.1103515625 0.109375
0 0.4296875 0.54052734375 0.123046875 0.1220703125
0 0.4619140625 0.62548828125 0.111328125 0.1103515625
0 0.5126953125 0.71923828125 0.123046875 0.1220703125
0 0.57763671875 0.822265625 0.1103515625 0.109375
0 0.62060546875 0.728515625 0.0986328125 0.09765625
0 0.5703125 0.6318359375 0.09765625 0.09765625
0 0.68115234375 0.8134765625 0.1103515625 0.109375
0 0.7998046875 0.81689453125 0.0859375 0.0849609375
0 0.74560546875 0.72265625 0.0986328125 0.09765625
0 0.68310546875 0.63525390625 0.1103515625 0.1103515625
0 0.79736328125 0.63623046875 0.1103515625 0.1103515625
0 0.740234375 0.53369140625 0.123046875 0.1220703125
0 0.6328125 0.53173828125 0.123046875 0.1220703125
0 0.509765625 0.9189453125 0.048828125 0.048828125
0 0.92529296875 0.0654296875 0.1103515625 0.109375
0 0.85986328125 0.15478515625 0.1103515625 0.1103515625
0 0.90380859375 0.25634765625 0.1103515625 0.1103515625
0 0.86279296875 0.33984375 0.1103515625 0.109375
0 0.91552734375 0.4423828125 0.1103515625 0.109375
0 0.904296875 0.63427734375 0.123046875 0.1220703125
0 0.853515625 0.52978515625 0.123046875 0.1220703125
0 0.8515625 0.724609375 0.111328125 0.109375
0 0.9072265625 0.8154296875 0.09765625 0.09765625
0 0.3046875 0.916015625 0.048828125 0.048828125
0 0.4130859375 0.919921875 0.048828125 0.048828125
0 0.73681640625 0.91943359375 0.0244140625 0.0244140625
0 0.962890625 0.9248046875 0.048828125 0.048828125