0 0.62890625 0.34033203125 0.09765625 0.0986328125
0 0.05859375 0.3359375 0.048828125 0.048828125
0 0.05859375 0.45458984375 0.060546875 0.0615234375
0 0.0595703125 0.2294921875 0.048828125 0.048828125
0 0.05908203125 0.78662109375 0.0615234375 0.0615234375
0 0.15234375 0.50439453125 0.048828125 0.0498046875
0 0.0576171875 0.54931640625 0.060546875 0.0615234375
0 0.0595703125 0.89501953125 0.060546875 0.0615234375
0 0.06884765625 0.66845703125 0.0732421875 0.0732421875
0 0.71630859375 0.9443359375 0.0849609375 0.0859375
0 0.62646484375 0.89208984375 0.1103515625 0.1103515625
0 0.1435546875 0.94482421875 0.060546875 0.0615234375
0 0.45068359375 0.9052734375 0.1220703125 0.123046875
0 0.91748046875 0.3876953125 0.1103515625 0.111328125
0 0.91748046875 0.2900390625 0.0732421875 0.07421875
0 0.92236328125 0.1865234375 0.1220703125 0.123046875
0 0.91796875 0.06298828125 0.109375 0.1103515625
0 0.90673828125 0.6171875 0.1220703125 0.123046875
0 0.91259765625 0.7333984375 0.1220703125 0.123046875
0 0.90673828125 0.83349609375 0.1220703125 0.1220703125
0 0.90380859375 0.50927734375 0.1103515625 0.1103515625
0 0.80712890625 0.45556640625 0.1103515625 0.1103515625
0 0.818359375 0.56298828125 0.109375 0.1103515625
0 0.80859375 0.66943359375 0.109375 0.1103515625
0 0.80859375 0.77783203125 0.109375 0.1103515625
0 0.8076171875 0.88720703125 0.109375 0.1103515625
0 0.05712890625 0.0966796875 0.0849609375 0.0859375
0 0.15185546875 0.05908203125 0.1103515625 0.1103515625
0 0.2509765625 0.12353515625 0.109375 0.1103515625
0 0.2509765625 0.23291015625 0.109375 0.1103515625
0 0.25341796875 0.34130859375 0.1103515625 0.1103515625
0 0.25439453125 0.44091796875 0.1103515625 0.1103515625
0 0.25439453125 0.55322265625 0.1103515625 0.1103515625
0 0.35546875 0.50048828125 0.09765625 0.0986328125
0 0.3515625 0.38916015625 0.09765625 0.0986328125
0 0.345703125 0.28076171875 0.109375 0.1103515625
0 0.3525390625 0.16845703125 0.109375 0.1103515625
0 0.33935546875 0.05908203125 0.1103515625 0.1103515625
0 0.43603515625 0.1142578125 0.1220703125 0.123046875
0 0.44580078125 0.21630859375 0.1103515625 0.1103515625
0 0.4482421875 0.33740234375 0.109375 0.1103515625
0 0.4443359375 0.44189453125 0.109375 0.1103515625
0 0.4501953125 0.55322265625 0.09765625 0.0986328125
0 0.53076171875 0.50244140625 0.1103515625 0.1103515625
0 0.53857421875 0.39697265625 0.1103515625 0.1103515625
0 0.53466796875 0.28271484375 0.1103515625 0.1103515625
0 0.52880859375 0.18701171875 0.1103515625 0.1103515625
0 0.5341796875 0.0595703125 0.109375 0.111328125
0 0.6318359375 0.1181640625 0.109375 0.111328125
0 0.6337890625 0.22705078125 0.109375 0.1103515625
0 0.63232421875 0.45654296875 0.1103515625 0.1103515625
0 0.716796875 0.50439453125 0.109375 0.1103515625
0 0.7177734375 0.38525390625 0.109375 0.1103515625
0 0.724609375 0.291015625 0.109375 0.111328125
0 0.7216796875 0.1708984375 0.09765625 0.09765625
0 0.72607421875 0.05859375 0.1103515625 0.111328125
0 0.82177734375 0.11669921875 0.1103515625 0.1103515625
0 0.818359375 0.2275390625 0.09765625 0.09765625
0 0.81884765625 0.341796875 0.1103515625 0.111328125
0 0.72412109375 0.61767578125 0.1103515625 0.1103515625
0 0.72900390625 0.71826171875 0.0849609375 0.0869140625
0 0.72119140625 0.84521484375 0.1103515625 0.1103515625
0 0.62841796875 0.57177734375 0.1103515625 0.1103515625
0 0.62451171875 0.67431640625 0.1103515625 0.1103515625
0 0.6279296875 0.78564453125 0.09765625 0.0986328125
0 0.5380859375 0.61572265625 0.109375 0.1103515625
0 0.537109375 0.73193359375 0.09765625 0.0986328125
0 0.5341796875 0.84228515625 0.109375 0.1103515625
0 0.447265625 0.68212890625 0.09765625 0.0986328125
0 0.4482421875 0.7724609375 0.09765625 0.09765625
0 0.34423828125 0.62060546875 0.1103515625 0.1103515625
0 0.3544921875 0.7275390625 0.09765625 0.09765625
0 0.35009765625 0.8388671875 0.1103515625 0.111328125
0 0.2490234375 0.88037109375 0.09765625 0.0986328125
0 0.2490234375 0.791015625 0.109375 0.111328125
0 0.25634765625 0.6748046875 0.1103515625 0.111328125
0 0.1484375 0.3955078125 0.037109375 0.037109375
0 0.1484375 0.62548828125 0.048828125 0.0498046875
0 0.15234375 0.73046875 0.048828125 0.048828125
0 0.14697265625 0.83544921875 0.0615234375 0.0615234375
0 0.154296875 0.171875 0.048828125 0.048828125
0 0.1552734375 0.2724609375 0.048828125 0.048828125