0 0.033203125 0.51025390625 0.048828125 0.0498046875
0 0.03173828125 0.60498046875 0.0361328125 0.0361328125
0 0.0283203125 0.84375 0.048828125 0.048828125
0 0.11279296875 0.861328125 0.0361328125 0.037109375
0 0.48779296875 0.66943359375 0.0615234375 0.0615234375
0 0.3212890625 0.10693359375 0.09765625 0.0986328125
0 0.21875 0.17431640625 0.09765625 0.0986328125
0 0.232421875 0.0556640625 0.0859375 0.0859375
0 0.125 0.11279296875 0.09765625 0.0986328125
0 0.13232421875 0.21923828125 0.0849609375 0.0869140625
0 0.0380859375 0.17529296875 0.060546875 0.0615234375
0 0.419921875 0.17236328125 0.09765625 0.0986328125
0 0.3173828125 0.2216796875 0.0859375 0.0859375
0 0.41845703125 0.28466796875 0.1103515625 0.1103515625
0 0.51123046875 0.22265625 0.0849609375 0.0859375
0 0.5146484375 0.12158203125 0.09765625 0.0986328125
0 0.61328125 0.0595703125 0.0859375 0.0859375
0 0.6162109375 0.15869140625 0.09765625 0.0986328125
0 0.6123046875 0.28076171875 0.09765625 0.0986328125
0 0.70654296875 0.2197265625 0.1220703125 0.123046875
0 0.70361328125 0.115234375 0.1220703125 0.123046875
0 0.80224609375 0.0673828125 0.1220703125 0.123046875
0 0.79443359375 0.17138671875 0.1103515625 0.1103515625
0 0.79541015625 0.2822265625 0.1220703125 0.123046875
0 0.8984375 0.22021484375 0.109375 0.1103515625
0 0.904296875 0.111328125 0.09765625 0.09765625
0 0.8984375 0.3232421875 0.09765625 0.09765625
0 0.89697265625 0.45458984375 0.1103515625 0.1103515625
0 0.8935546875 0.55810546875 0.09765625 0.0986328125
0 0.888671875 0.66455078125 0.09765625 0.0986328125
0 0.8935546875 0.78466796875 0.0859375 0.0869140625
0 0.79638671875 0.38720703125 0.1103515625 0.1103515625
0 0.79345703125 0.50244140625 0.1103515625 0.1103515625
0 0.79345703125 0.61083984375 0.1220703125 0.1220703125
0 0.79345703125 0.72705078125 0.1220703125 0.1220703125
0 0.7001953125 0.33349609375 0.109375 0.1103515625
0 0.6962890625 0.43115234375 0.09765625 0.0986328125
0 0.70703125 0.54541015625 0.09765625 0.0986328125
0 0.7041015625 0.66162109375 0.09765625 0.0986328125
0 0.701171875 0.78662109375 0.09765625 0.0986328125
0 0.6015625 0.38720703125 0.09765625 0.0986328125
0 0.603515625 0.49072265625 0.09765625 0.0986328125
0 0.6083984375 0.60888671875 0.09765625 0.0986328125
0 0.51220703125 0.32763671875 0.0849609375 0.0869140625
0 0.40234375 0.38427734375 0.048828125 0.0498046875
0 0.3212890625 0.34228515625 0.09765625 0.0986328125
0 0.88720703125 0.8779296875 0.0849609375 0.0859375
0 0.79296875 0.9443359375 0.0859375 0.0859375
0 0.7998046875 0.833984375 0.0859375 0.0859375
0 0.708984375 0.88623046875 0.09765625 0.0986328125
0 0.5107421875 0.88818359375 0.048828125 0.0498046875
0 0.59619140625 0.8359375 0.0361328125 0.037109375
0 0.51611328125 0.7705078125 0.0361328125 0.037109375
0 0.4130859375 0.8251953125 0.037109375 0.037109375
0 0.3154296875 0.87841796875 0.037109375 0.0361328125
0 0.21533203125 0.92529296875 0.0361328125 0.0361328125
0 0.4287109375 0.94384765625 0.048828125 0.0498046875
0 0.59765625 0.93359375 0.048828125 0.048828125
0 0.04736328125 0.2783203125 0.0361328125 0.037109375
0 0.13427734375 0.67626953125 0.0361328125 0.0361328125
0 0.115234375 0.4560546875 0.048828125 0.048828125
0 0.1279296875 0.3359375 0.048828125 0.048828125
0 0.2099609375 0.3642578125 0.037109375 0.037109375
0 0.201171875 0.51171875 0.037109375 0.037109375
0 0.349609375 0.46875 0.037109375 0.037109375
0 0.39990234375 0.5947265625 0.0361328125 0.037109375
0 0.5078125 0.4501953125 0.037109375 0.037109375
0 0.318359375 0.654296875 0.037109375 0.037109375
0 0.41259765625 0.69580078125 0.0244140625 0.0244140625
0 0.10400390625 0.556640625 0.0361328125 0.037109375
0 0.26220703125 0.77197265625 0.0361328125 0.0361328125
0 0.6025390625 0.7216796875 0.037109375 0.037109375
0 0.2265625 0.283203125 0.09765625 0.09765625