0 0.92724609375 0.34765625 0.1103515625 0.109375
0 0.8603515625 0.25537109375 0.111328125 0.1103515625
0 0.9052734375 0.16357421875 0.111328125 0.1103515625
0 0.794921875 0.15966796875 0.111328125 0.1103515625
0 0.8681640625 0.0625 0.111328125 0.109375
0 0.873046875 0.45947265625 0.123046875 0.1220703125
0 0.79736328125 0.35107421875 0.1220703125 0.1220703125
0 0.93310546875 0.55029296875 0.1103515625 0.1103515625
0 0.8046875 0.55615234375 0.123046875 0.1220703125
0 0.75732421875 0.0634765625 0.1103515625 0.109375
0 0.64453125 0.064453125 0.111328125 0.109375
0 0.5380859375 0.06298828125 0.111328125 0.1103515625
0 0.30908203125 0.05712890625 0.1103515625 0.1103515625
0 0.70361328125 0.1630859375 0.1103515625 0.109375
0 0.58642578125 0.162109375 0.1103515625 0.109375
0 0.4853515625 0.158203125 0.111328125 0.109375
0 0.365234375 0.15625 0.111328125 0.109375
0 0.2587890625 0.15966796875 0.123046875 0.1220703125
0 0.74267578125 0.26025390625 0.1103515625 0.1103515625
0 0.64501953125 0.2548828125 0.0986328125 0.09765625
0 0.54052734375 0.2529296875 0.0986328125 0.09765625
0 0.4130859375 0.2509765625 0.111328125 0.109375
0 0.3173828125 0.2587890625 0.09765625 0.09765625
0 0.69189453125 0.3515625 0.0986328125 0.09765625
0 0.58642578125 0.34716796875 0.1103515625 0.1103515625
0 0.47412109375 0.3525390625 0.0986328125 0.09765625
0 0.3623046875 0.3466796875 0.09765625 0.09765625
0 0.25 0.3486328125 0.111328125 0.109375
0 0.76025390625 0.455078125 0.0986328125 0.09765625
0 0.63818359375 0.4501953125 0.0986328125 0.09765625
0 0.54443359375 0.447265625 0.1103515625 0.109375
0 0.4306640625 0.44189453125 0.123046875 0.1220703125
0 0.31640625 0.43798828125 0.123046875 0.1220703125
0 0.3740234375 0.55224609375 0.123046875 0.1220703125
0 0.50927734375 0.552734375 0.1103515625 0.109375
0 0.60791015625 0.56005859375 0.1220703125 0.1220703125
0 0.71044921875 0.5537109375 0.0986328125 0.09765625
0 0.265625 0.55224609375 0.123046875 0.1220703125
0 0.1943359375 0.44140625 0.09765625 0.09765625
0 0.0888671875 0.44921875 0.09765625 0.09765625
0 0.1455078125 0.3505859375 0.09765625 0.09765625
0 0.19921875 0.25 0.09765625 0.09765625
0 0.07958984375 0.251953125 0.0986328125 0.09765625
0 0.14697265625 0.15478515625 0.1103515625 0.1103515625
0 0.20068359375 0.0615234375 0.0986328125 0.09765625
0 0.10595703125 0.0546875 0.0986328125 0.09765625
0 0.875 0.64697265625 0.123046875 0.1220703125
0 0.935546875 0.73974609375 0.123046875 0.1220703125
0 0.81640625 0.74169921875 0.123046875 0.1220703125
0 0.8720703125 0.83642578125 0.123046875 0.1220703125
0 0.9306640625 0.92626953125 0.123046875 0.1220703125
0 0.79248046875 0.9248046875 0.0986328125 0.09765625
0 0.7568359375 0.83544921875 0.123046875 0.1220703125
0 0.7041015625 0.7392578125 0.111328125 0.109375
0 0.751953125 0.64013671875 0.111328125 0.1103515625
0 0.65185546875 0.64501953125 0.1103515625 0.1103515625
0 0.5400390625 0.64990234375 0.123046875 0.1220703125
0 0.41943359375 0.63623046875 0.1103515625 0.1103515625
0 0.31298828125 0.64501953125 0.1220703125 0.1220703125
0 0.37451171875 0.73388671875 0.1103515625 0.1103515625
0 0.48388671875 0.73486328125 0.1103515625 0.1103515625
0 0.5908203125 0.734375 0.111328125 0.109375
0 0.6455078125 0.81982421875 0.111328125 0.1103515625
0 0.5341796875 0.83251953125 0.123046875 0.1220703125
0 0.4306640625 0.82177734375 0.123046875 0.1220703125
0 0.3046875 0.82958984375 0.123046875 0.1220703125
0 0.3671875 0.92041015625 0.123046875 0.1220703125
0 0.482421875 0.92041015625 0.123046875 0.1220703125
0 0.595703125 0.92724609375 0.123046875 0.1220703125
0 0.677734375 0.92724609375 0.123046875 0.1220703125
0 0.1591796875 0.54931640625 0.123046875 0.1220703125
0 0.09033203125 0.6376953125 0.0986328125 0.09765625
0 0.193359375 0.63818359375 0.123046875 0.1220703125
0 0.2646484375 0.73388671875 0.09765625 0.0966796875
0 0.154296875 0.724609375 0.09765625 0.09765625
0 0.087890625 0.82080078125 0.111328125 0.1103515625
0 0.203125 0.82568359375 0.123046875 0.1220703125
0 0.25732421875 0.9228515625 0.1103515625 0.109375
0 0.1630859375 0.93115234375 0.123046875 0.1220703125