0 0.75537109375 0.052734375 0.0732421875 0.07421875
0 0.3857421875 0.07177734375 0.048828125 0.0498046875
0 0.4716796875 0.05908203125 0.060546875 0.0615234375
0 0.107421875 0.03466796875 0.048828125 0.0498046875
0 0.0986328125 0.5810546875 0.048828125 0.048828125
0 0.10400390625 0.47607421875 0.0615234375 0.0615234375
0 0.09912109375 0.67822265625 0.0615234375 0.0615234375
0 0.1005859375 0.79150390625 0.060546875 0.0615234375
0 0.10107421875 0.36181640625 0.0615234375 0.0615234375
0 0.107421875 0.14697265625 0.060546875 0.0615234375
0 0.103515625 0.26123046875 0.060546875 0.0615234375
0 0.0283203125 0.181640625 0.048828125 0.048828125
0 0.9287109375 0.61083984375 0.060546875 0.0615234375
0 0.63037109375 0.16357421875 0.0615234375 0.0615234375
0 0.64453125 0.806640625 0.048828125 0.048828125
0 0.74267578125 0.71728515625 0.0615234375 0.0615234375
0 0.83447265625 0.76220703125 0.0615234375 0.0615234375
0 0.47607421875 0.28955078125 0.0615234375 0.0615234375
0 0.55078125 0.48291015625 0.060546875 0.0615234375
0 0.74609375 0.1572265625 0.048828125 0.048828125
0 0.642578125 0.35693359375 0.048828125 0.0498046875
0 0.458984375 0.38427734375 0.060546875 0.0615234375
0 0.18408203125 0.63623046875 0.0615234375 0.0615234375
0 0.275390625 0.771484375 0.037109375 0.037109375
0 0.54541015625 0.81640625 0.0361328125 0.037109375
0 0.29052734375 0.12548828125 0.0615234375 0.0615234375
0 0.74072265625 0.48681640625 0.0615234375 0.0615234375
0 0.185546875 0.73583984375 0.048828125 0.0498046875
0 0.4638671875 0.841796875 0.037109375 0.037109375
0 0.552734375 0.7109375 0.048828125 0.048828125
0 0.64453125 0.47216796875 0.048828125 0.0498046875
0 0.18798828125 0.50927734375 0.0615234375 0.0615234375
0 0.19140625 0.4169921875 0.048828125 0.048828125
0 0.8203125 0.54833984375 0.048828125 0.0498046875
0 0.18310546875 0.83154296875 0.0615234375 0.0615234375
0 0.36376953125 0.95068359375 0.0732421875 0.0732421875
0 0.10205078125 0.8876953125 0.0732421875 0.07421875
0 0.5595703125 0.93017578125 0.09765625 0.0986328125
0 0.65234375 0.88623046875 0.109375 0.1103515625
0 0.7412109375 0.93603515625 0.09765625 0.0986328125
0 0.83642578125 0.8681640625 0.1103515625 0.111328125
0 0.93359375 0.9365234375 0.109375 0.111328125
0 0.927734375 0.8408203125 0.0859375 0.0859375
0 0.02734375 0.0703125 0.048828125 0.048828125
0 0.1787109375 0.93701171875 0.048828125 0.0498046875
0 0.28076171875 0.89697265625 0.0361328125 0.0361328125
0 0.2822265625 0.6728515625 0.037109375 0.037109375
0 0.2841796875 0.556640625 0.037109375 0.037109375
0 0.2822265625 0.4521484375 0.037109375 0.037109375
0 0.2861328125 0.3544921875 0.037109375 0.037109375
0 0.361328125 0.7314453125 0.048828125 0.048828125
0 0.47021484375 0.720703125 0.0361328125 0.037109375
0 0.45849609375 0.5947265625 0.0361328125 0.037109375
0 0.458984375 0.51171875 0.048828125 0.048828125
0 0.365234375 0.61865234375 0.060546875 0.0615234375
0 0.5537109375 0.6015625 0.037109375 0.037109375
0 0.6513671875 0.55078125 0.048828125 0.048828125
0 0.6484375 0.6552734375 0.037109375 0.037109375
0 0.7412109375 0.8115234375 0.048828125 0.048828125
0 0.74609375 0.60400390625 0.048828125 0.0498046875
0 0.8193359375 0.45654296875 0.048828125 0.0498046875
0 0.82373046875 0.64794921875 0.0615234375 0.0615234375
0 0.9375 0.72314453125 0.048828125 0.0498046875
0 0.9228515625 0.3916015625 0.048828125 0.048828125
0 0.9287109375 0.50927734375 0.048828125 0.0498046875
0 0.7451171875 0.38525390625 0.048828125 0.0498046875
0 0.5517578125 0.38525390625 0.048828125 0.0498046875
0 0.37744140625 0.3037109375 0.0361328125 0.037109375
0 0.3818359375 0.17529296875 0.048828125 0.0498046875
0 0.197265625 0.08984375 0.037109375 0.037109375
0 0.4677734375 0.17724609375 0.048828125 0.0498046875
0 0.5478515625 0.19970703125 0.048828125 0.0498046875
0 0.55322265625 0.09619140625 0.0615234375 0.0615234375
0 0.634765625 0.0888671875 0.048828125 0.048828125
0 0.6376953125 0.25634765625 0.048828125 0.0498046875
0 0.75 0.271484375 0.048828125 0.048828125
0 0.82373046875 0.22802734375 0.0244140625 0.0244140625
0 0.81884765625 0.10302734375 0.0244140625 0.0244140625
0 0.93310546875 0.06103515625 0.0244140625 0.0244140625
0 0.93310546875 0.29931640625 0.0244140625 0.0244140625