0 0.15625 0.8740234375 0.037109375 0.037109375
0 0.078125 0.11767578125 0.123046875 0.1220703125
0 0.19580078125 0.1240234375 0.1103515625 0.109375
0 0.29638671875 0.1220703125 0.0986328125 0.09765625
0 0.4072265625 0.12939453125 0.123046875 0.1220703125
0 0.515625 0.12158203125 0.123046875 0.1220703125
0 0.4521484375 0.22314453125 0.123046875 0.1220703125
0 0.3359375 0.2177734375 0.09765625 0.09765625
0 0.2275390625 0.21923828125 0.123046875 0.1220703125
0 0.123046875 0.22314453125 0.123046875 0.1220703125
0 0.07421875 0.30908203125 0.123046875 0.1220703125
0 0.1748046875 0.31298828125 0.123046875 0.1220703125
0 0.291015625 0.31298828125 0.123046875 0.1220703125
0 0.408203125 0.31494140625 0.123046875 0.1220703125
0 0.5205078125 0.32470703125 0.123046875 0.1220703125
0 0.125 0.40478515625 0.111328125 0.1103515625
0 0.23046875 0.40478515625 0.111328125 0.1103515625
0 0.34912109375 0.4111328125 0.1103515625 0.109375
0 0.46240234375 0.412109375 0.1103515625 0.109375
0 0.51416015625 0.5029296875 0.1103515625 0.109375
0 0.39306640625 0.5029296875 0.1103515625 0.109375
0 0.29345703125 0.49609375 0.1103515625 0.109375
0 0.18359375 0.5 0.111328125 0.109375
0 0.0751953125 0.49609375 0.111328125 0.109375
0 0.13134765625 0.6015625 0.1103515625 0.109375
0 0.22998046875 0.6025390625 0.1103515625 0.109375
0 0.35302734375 0.60498046875 0.1103515625 0.1103515625
0 0.45654296875 0.61083984375 0.1103515625 0.1103515625
0 0.51611328125 0.69677734375 0.1103515625 0.1103515625
0 0.40283203125 0.70654296875 0.1103515625 0.1103515625
0 0.28955078125 0.69677734375 0.1103515625 0.1103515625
0 0.17431640625 0.69189453125 0.1103515625 0.1103515625
0 0.06640625 0.69482421875 0.123046875 0.1220703125
0 0.11474609375 0.7705078125 0.1103515625 0.109375
0 0.23486328125 0.783203125 0.0986328125 0.09765625
0 0.35400390625 0.79150390625 0.0732421875 0.0732421875
0 0.46044921875 0.791015625 0.0986328125 0.09765625
0 0.521484375 0.884765625 0.09765625 0.09765625
0 0.46875 0.96435546875 0.037109375 0.0361328125
0 0.279296875 0.8818359375 0.0859375 0.0859375
0 0.404296875 0.8837890625 0.0859375 0.0859375
0 0.060546875 0.8720703125 0.0859375 0.0859375
0 0.56884765625 0.404296875 0.1103515625 0.109375
0 0.56494140625 0.60107421875 0.1103515625 0.1103515625
0 0.62939453125 0.69921875 0.1103515625 0.109375
0 0.578125 0.80322265625 0.123046875 0.1220703125
0 0.640625 0.89111328125 0.07421875 0.0732421875
0 0.67919921875 0.7958984375 0.1103515625 0.109375
0 0.63330078125 0.49560546875 0.1103515625 0.1103515625
0 0.7783203125 0.79638671875 0.0859375 0.0849609375
0 0.890625 0.81005859375 0.123046875 0.1220703125
0 0.73388671875 0.703125 0.1103515625 0.109375
0 0.84619140625 0.701171875 0.0986328125 0.09765625
0 0.67724609375 0.60595703125 0.1103515625 0.1103515625
0 0.78759765625 0.60595703125 0.1103515625 0.1103515625
0 0.90478515625 0.60302734375 0.1220703125 0.1220703125
0 0.72705078125 0.51025390625 0.1103515625 0.1103515625
0 0.84619140625 0.517578125 0.0986328125 0.09765625
0 0.6796875 0.4189453125 0.111328125 0.109375
0 0.78955078125 0.4169921875 0.1103515625 0.109375
0 0.904296875 0.40966796875 0.123046875 0.1220703125
0 0.6259765625 0.30908203125 0.123046875 0.1220703125
0 0.7177734375 0.31103515625 0.123046875 0.1220703125
0 0.849609375 0.31591796875 0.123046875 0.1220703125
0 0.56640625 0.22119140625 0.123046875 0.1220703125
0 0.6630859375 0.21728515625 0.123046875 0.1220703125
0 0.78125 0.22119140625 0.123046875 0.1220703125
0 0.8916015625 0.23095703125 0.123046875 0.1220703125
0 0.8408203125 0.12548828125 0.111328125 0.1103515625
0 0.6201171875 0.13134765625 0.123046875 0.1220703125
0 0.73095703125 0.12255859375 0.1103515625 0.1103515625