0 0.37548828125 0.08642578125 0.1103515625 0.1103515625
0 0.57080078125 0.099609375 0.1220703125 0.123046875
0 0.77197265625 0.099609375 0.1220703125 0.123046875
0 0.2880859375 0.234375 0.037109375 0.037109375
0 0.9443359375 0.4140625 0.09765625 0.09765625
0 0.85302734375 0.15234375 0.1220703125 0.123046875
0 0.84912109375 0.2529296875 0.1220703125 0.123046875
0 0.84912109375 0.369140625 0.1220703125 0.123046875
0 0.84716796875 0.486328125 0.1220703125 0.123046875
0 0.83740234375 0.5986328125 0.1220703125 0.123046875
0 0.75732421875 0.203125 0.1103515625 0.111328125
0 0.75732421875 0.30859375 0.1103515625 0.111328125
0 0.7509765625 0.42724609375 0.109375 0.1103515625
0 0.75 0.54052734375 0.109375 0.1103515625
0 0.6591796875 0.59228515625 0.109375 0.1103515625
0 0.6591796875 0.47119140625 0.109375 0.1103515625
0 0.666015625 0.37158203125 0.109375 0.1103515625
0 0.662109375 0.26171875 0.109375 0.111328125
0 0.666015625 0.1533203125 0.109375 0.111328125
0 0.560546875 0.20947265625 0.109375 0.1103515625
0 0.5595703125 0.30810546875 0.109375 0.1103515625
0 0.55712890625 0.43115234375 0.1103515625 0.1103515625
0 0.55126953125 0.53466796875 0.1103515625 0.1103515625
0 0.46533203125 0.59423828125 0.1103515625 0.1103515625
0 0.45556640625 0.48095703125 0.1103515625 0.1103515625
0 0.46533203125 0.36767578125 0.1103515625 0.1103515625
0 0.47021484375 0.25244140625 0.1103515625 0.1103515625
0 0.46728515625 0.14453125 0.1220703125 0.123046875
0 0.3916015625 0.19287109375 0.109375 0.1103515625
0 0.37890625 0.31298828125 0.09765625 0.0986328125
0 0.37060546875 0.43212890625 0.0732421875 0.0732421875
0 0.37109375 0.53857421875 0.09765625 0.0986328125
0 0.27734375 0.599609375 0.09765625 0.09765625
0 0.19775390625 0.546875 0.0361328125 0.037109375
0 0.2802734375 0.357421875 0.0859375 0.0859375
0 0.2783203125 0.482421875 0.0859375 0.0859375
0 0.19873046875 0.19970703125 0.1220703125 0.1220703125
0 0.10107421875 0.1474609375 0.1220703125 0.123046875
0 0.09521484375 0.40185546875 0.1103515625 0.1103515625
0 0.2900390625 0.138671875 0.0859375 0.0859375
0 0.7578125 0.64697265625 0.109375 0.1103515625
0 0.56103515625 0.64306640625 0.1103515625 0.1103515625
0 0.462890625 0.70751953125 0.109375 0.1103515625
0 0.35888671875 0.65625 0.1220703125 0.123046875
0 0.27099609375 0.71875 0.0732421875 0.07421875
0 0.3662109375 0.75732421875 0.109375 0.1103515625
0 0.66650390625 0.71142578125 0.1103515625 0.1103515625
0 0.36572265625 0.8564453125 0.0849609375 0.0859375
0 0.458984375 0.81201171875 0.109375 0.1103515625
0 0.4609375 0.92431640625 0.09765625 0.0986328125
0 0.55615234375 0.75537109375 0.1103515625 0.1103515625
0 0.55615234375 0.86572265625 0.1103515625 0.1103515625
0 0.65185546875 0.80517578125 0.1103515625 0.1103515625
0 0.64453125 0.92431640625 0.09765625 0.0986328125
0 0.7431640625 0.7578125 0.109375 0.111328125
0 0.7451171875 0.86767578125 0.109375 0.1103515625
0 0.85302734375 0.7041015625 0.1220703125 0.123046875
0 0.85107421875 0.7958984375 0.1220703125 0.123046875
0 0.84619140625 0.927734375 0.1220703125 0.123046875