0 0.26904296875 0.68603515625 0.0615234375 0.0615234375
0 0.15576171875 0.69677734375 0.0615234375 0.0615234375
0 0.38427734375 0.8916015625 0.0615234375 0.060546875
0 0.28662109375 0.892578125 0.0615234375 0.060546875
0 0.6162109375 0.70947265625 0.07421875 0.0732421875
0 0.5908203125 0.8974609375 0.048828125 0.048828125
0 0.55859375 0.7998046875 0.048828125 0.048828125
0 0.10693359375 0.58984375 0.0615234375 0.060546875
0 0.33935546875 0.60107421875 0.0615234375 0.0615234375
0 0.44189453125 0.60107421875 0.0615234375 0.0615234375
0 0.42919921875 0.40625 0.0615234375 0.060546875
0 0.66845703125 0.60791015625 0.0615234375 0.0615234375
0 0.66650390625 0.21484375 0.0498046875 0.048828125
0 0.478515625 0.115234375 0.048828125 0.048828125
0 0.60595703125 0.42724609375 0.0732421875 0.0732421875
0 0.49951171875 0.40625 0.0498046875 0.048828125
0 0.59716796875 0.11181640625 0.0615234375 0.0615234375
0 0.49658203125 0.3046875 0.0615234375 0.060546875
0 0.55322265625 0.21435546875 0.0615234375 0.0615234375
0 0.58837890625 0.31396484375 0.0732421875 0.0732421875
0 0.89453125 0.11669921875 0.123046875 0.1220703125
0 0.939453125 0.2138671875 0.09765625 0.09765625
0 0.88720703125 0.322265625 0.0986328125 0.09765625
0 0.9501953125 0.39990234375 0.0859375 0.0849609375
0 0.869140625 0.41162109375 0.0859375 0.0849609375
0 0.8662109375 0.5341796875 0.0859375 0.0859375
0 0.9248046875 0.61962890625 0.0859375 0.0849609375
0 0.9208984375 0.81103515625 0.0859375 0.0849609375
0 0.3857421875 0.11328125 0.037109375 0.037109375
0 0.4462890625 0.20654296875 0.037109375 0.0361328125
0 0.67529296875 0.3193359375 0.0498046875 0.048828125
0 0.15673828125 0.505859375 0.0615234375 0.060546875
0 0.26513671875 0.505859375 0.0498046875 0.048828125
0 0.35986328125 0.5068359375 0.0498046875 0.048828125
0 0.48583984375 0.5166015625 0.0498046875 0.048828125
0 0.5986328125 0.5126953125 0.048828125 0.048828125
0 0.55322265625 0.60791015625 0.0615234375 0.0615234375
0 0.22802734375 0.5888671875 0.0498046875 0.048828125
0 0.2177734375 0.787109375 0.037109375 0.037109375
0 0.3232421875 0.7978515625 0.048828125 0.048828125
0 0.4501953125 0.796875 0.037109375 0.037109375
0 0.5 0.89990234375 0.037109375 0.0361328125
0 0.16162109375 0.1103515625 0.1103515625 0.109375
0 0.26171875 0.12109375 0.111328125 0.109375
0 0.1171875 0.19873046875 0.123046875 0.1220703125
0 0.216796875 0.20947265625 0.111328125 0.1103515625
0 0.32275390625 0.21142578125 0.1103515625 0.1103515625
0 0.1630859375 0.29736328125 0.111328125 0.1103515625
0 0.26611328125 0.29638671875 0.1103515625 0.1103515625
0 0.37841796875 0.30517578125 0.1103515625 0.1103515625
0 0.2001953125 0.396484375 0.0859375 0.0859375
0 0.306640625 0.39599609375 0.123046875 0.1220703125
0 0.09228515625 0.400390625 0.0986328125 0.09765625
0 0.04736328125 0.50244140625 0.0615234375 0.0615234375
0 0.1591796875 0.8876953125 0.037109375 0.037109375
0 0.10791015625 0.97216796875 0.0244140625 0.0244140625