0 0.86474609375 0.57666015625 0.0615234375 0.0615234375
0 0.0908203125 0.7353515625 0.09765625 0.09765625
0 0.2138671875 0.7470703125 0.09765625 0.09765625
0 0.30224609375 0.7431640625 0.0986328125 0.09765625
0 0.36962890625 0.845703125 0.0986328125 0.09765625
0 0.2509765625 0.83203125 0.0859375 0.0859375
0 0.1455078125 0.8388671875 0.0859375 0.0859375
0 0.10009765625 0.9326171875 0.0986328125 0.09765625
0 0.19189453125 0.9326171875 0.0986328125 0.09765625
0 0.30810546875 0.939453125 0.0986328125 0.09765625
0 0.41455078125 0.93212890625 0.0869140625 0.0849609375
0 0.13427734375 0.64013671875 0.1220703125 0.1220703125
0 0.23681640625 0.63720703125 0.1103515625 0.1103515625
0 0.36767578125 0.64453125 0.0986328125 0.09765625
0 0.4169921875 0.7470703125 0.0859375 0.0859375
0 0.47998046875 0.64599609375 0.1103515625 0.1103515625
0 0.41796875 0.55322265625 0.0859375 0.0849609375
0 0.31689453125 0.5498046875 0.0986328125 0.09765625
0 0.19873046875 0.5517578125 0.0986328125 0.09765625
0 0.08935546875 0.546875 0.0986328125 0.09765625
0 0.13037109375 0.44140625 0.0986328125 0.09765625
0 0.2548828125 0.451171875 0.0859375 0.0859375
0 0.35400390625 0.4482421875 0.0986328125 0.09765625
0 0.47607421875 0.4521484375 0.0986328125 0.09765625
0 0.4150390625 0.35791015625 0.123046875 0.1220703125
0 0.310546875 0.36083984375 0.123046875 0.1220703125
0 0.19140625 0.36083984375 0.123046875 0.1220703125
0 0.091796875 0.36376953125 0.111328125 0.1103515625
0 0.13671875 0.26318359375 0.123046875 0.1220703125
0 0.2626953125 0.26220703125 0.123046875 0.1220703125
0 0.36669921875 0.27001953125 0.1103515625 0.1103515625
0 0.4775390625 0.26904296875 0.123046875 0.1220703125
0 0.41552734375 0.166015625 0.1103515625 0.109375
0 0.306640625 0.16015625 0.09765625 0.09765625
0 0.2021484375 0.16943359375 0.123046875 0.1220703125
0 0.0947265625 0.16845703125 0.123046875 0.1220703125
0 0.13232421875 0.06689453125 0.1103515625 0.1103515625
0 0.25390625 0.07373046875 0.123046875 0.1220703125
0 0.3623046875 0.07763671875 0.123046875 0.1220703125
0 0.47998046875 0.0791015625 0.1103515625 0.109375
0 0.5732421875 0.080078125 0.09765625 0.09765625
0 0.6787109375 0.0712890625 0.09765625 0.09765625
0 0.80615234375 0.0771484375 0.0986328125 0.09765625
0 0.90869140625 0.07470703125 0.1103515625 0.1103515625
0 0.5185546875 0.166015625 0.09765625 0.09765625
0 0.64990234375 0.16748046875 0.1103515625 0.1103515625
0 0.75341796875 0.1708984375 0.0986328125 0.09765625
0 0.85986328125 0.17578125 0.0986328125 0.09765625
0 0.58251953125 0.26806640625 0.1103515625 0.1103515625
0 0.69775390625 0.27099609375 0.1103515625 0.1103515625
0 0.80615234375 0.27099609375 0.1220703125 0.1220703125
0 0.92236328125 0.27099609375 0.1220703125 0.1220703125
0 0.52880859375 0.3642578125 0.1103515625 0.109375
0 0.62646484375 0.3681640625 0.0986328125 0.09765625
0 0.74072265625 0.357421875 0.0986328125 0.09765625
0 0.85693359375 0.3603515625 0.0986328125 0.09765625
0 0.58251953125 0.462890625 0.0986328125 0.09765625
0 0.68603515625 0.4609375 0.0986328125 0.09765625
0 0.80419921875 0.4560546875 0.0986328125 0.09765625
0 0.52294921875 0.55224609375 0.0869140625 0.0849609375
0 0.57958984375 0.662109375 0.0498046875 0.048828125
0 0.53759765625 0.7431640625 0.0986328125 0.09765625
0 0.9658203125 0.54833984375 0.037109375 0.0361328125
0 0.87158203125 0.93017578125 0.0361328125 0.0361328125
0 0.6513671875 0.94921875 0.048828125 0.048828125
0 0.53125 0.9365234375 0.048828125 0.048828125
0 0.5595703125 0.8544921875 0.037109375 0.037109375
0 0.70703125 0.86328125 0.037109375 0.037109375
0 0.6640625 0.71484375 0.037109375 0.037109375
0 0.7900390625 0.66455078125 0.037109375 0.0361328125
0 0.6455078125 0.556640625 0.037109375 0.037109375
0 0.849609375 0.74609375 0.037109375 0.037109375
0 0.89111328125 0.65185546875 0.0244140625 0.0244140625
0 0.751953125 0.96044921875 0.037109375 0.0361328125
0 0.96728515625 0.80224609375 0.0361328125 0.0361328125
0 0.9169921875 0.4619140625 0.037109375 0.037109375
0 0.478515625 0.837890625 0.09765625 0.09765625