0 0.02890625 0.65546875 0.0484375 0.0484375
0 0.03359375 0.53671875 0.0484375 0.0484375
0 0.12734375 0.58671875 0.0484375 0.0484375
0 0.1359375 0.3515625 0.071875 0.071875
0 0.1390625 0.4625 0.071875 0.071875
0 0.13671875 0.11640625 0.0609375 0.0609375
0 0.0375 0.41796875 0.059375 0.0609375
0 0.1375 0.23984375 0.059375 0.0609375
0 0.05078125 0.28046875 0.0359375 0.0359375
0 0.90546875 0.48359375 0.0609375 0.0609375
0 0.89453125 0.36953125 0.0609375 0.0609375
0 0.7 0.59765625 0.059375 0.0609375
0 0.51875 0.59453125 0.071875 0.0734375
0 0.61640625 0.43984375 0.0609375 0.0609375
0 0.21171875 0.53984375 0.0609375 0.0609375
0 0.425 0.51484375 0.071875 0.0734375
0 0.59609375 0.64609375 0.0484375 0.0484375
0 0.21875 0.19765625 0.059375 0.0609375
0 0.6984375 0.50078125 0.059375 0.0609375
0 0.515625 0.37109375 0.071875 0.0734375
0 0.32109375 0.58046875 0.0484375 0.0484375
0 0.421875 0.6421875 0.071875 0.071875
0 0.325 0.47109375 0.059375 0.0609375
0 0.60546875 0.54375 0.0609375 0.059375
0 0.4265625 0.41484375 0.059375 0.0609375
0 0.325 0.14296875 0.059375 0.0609375
0 0.4421875 0.17578125 0.059375 0.0609375
0 0.3234375 0.26015625 0.059375 0.0609375
0 0.328125 0.36796875 0.059375 0.0609375
0 0.5234375 0.47109375 0.071875 0.0734375
0 0.2203125 0.32421875 0.059375 0.0609375
0 0.21640625 0.64453125 0.0609375 0.0609375
0 0.12578125 0.80546875 0.0484375 0.0484375
0 0.13046875 0.69609375 0.0484375 0.0484375
0 0.0328125 0.75078125 0.059375 0.0609375
0 0.88125 0.83046875 0.071875 0.0734375
0 0.59453125 0.86015625 0.0609375 0.0609375
0 0.69453125 0.80546875 0.0484375 0.0484375
0 0.42578125 0.75234375 0.0609375 0.0609375
0 0.59296875 0.75703125 0.0609375 0.0609375
0 0.31953125 0.70234375 0.0609375 0.0609375
0 0.79140625 0.77265625 0.0484375 0.0484375
0 0.80546875 0.43203125 0.0359375 0.0359375
0 0.79453125 0.53671875 0.0484375 0.0484375
0 0.79453125 0.66484375 0.0359375 0.0359375
0 0.69140625 0.71328125 0.0359375 0.0359375
0 0.5109375 0.69296875 0.071875 0.0734375
0 0.51015625 0.81484375 0.0359375 0.0359375
0 0.42421875 0.84296875 0.0484375 0.0484375
0 0.32109375 0.88359375 0.0484375 0.0484375
0 0.43359375 0.30390625 0.0484375 0.0484375
0 0.22265625 0.42578125 0.0359375 0.0359375
0 0.22109375 0.75390625 0.0484375 0.0484375
0 0.13203125 0.88359375 0.0484375 0.0484375
0 0.62734375 0.20859375 0.0484375 0.0484375
0 0.70390625 0.37265625 0.0359375 0.0359375
0 0.61953125 0.32109375 0.0234375 0.0234375
0 0.51640625 0.26015625 0.0484375 0.0484375
0 0.51796875 0.1359375 0.0234375 0.025
0 0.52265625 0.02890625 0.0359375 0.0359375
0 0.4421875 0.07890625 0.059375 0.0609375
0 0.33046875 0.03359375 0.0359375 0.0359375
0 0.21953125 0.10234375 0.0484375 0.0484375
0 0.04609375 0.17109375 0.0359375 0.0359375