0 0.7373046875 0.51318359375 0.09765625 0.0986328125
0 0.06396484375 0.89599609375 0.1103515625 0.1103515625
0 0.2529296875 0.8876953125 0.09765625 0.09765625
0 0.44873046875 0.89794921875 0.1103515625 0.1103515625
0 0.35888671875 0.8427734375 0.1103515625 0.111328125
0 0.546875 0.94287109375 0.109375 0.1103515625
0 0.54296875 0.84326171875 0.109375 0.1103515625
0 0.63134765625 0.89306640625 0.1103515625 0.1103515625
0 0.73583984375 0.84814453125 0.1103515625 0.1103515625
0 0.8232421875 0.91748046875 0.109375 0.1103515625
0 0.91552734375 0.8447265625 0.1220703125 0.123046875
0 0.0673828125 0.77978515625 0.109375 0.1103515625
0 0.0703125 0.67138671875 0.09765625 0.0986328125
0 0.064453125 0.57958984375 0.09765625 0.0986328125
0 0.06982421875 0.44677734375 0.1103515625 0.1103515625
0 0.076171875 0.33837890625 0.09765625 0.0986328125
0 0.16796875 0.83740234375 0.09765625 0.0986328125
0 0.1572265625 0.72314453125 0.09765625 0.0986328125
0 0.16455078125 0.61376953125 0.1103515625 0.1103515625
0 0.16943359375 0.49462890625 0.1103515625 0.1103515625
0 0.166015625 0.39697265625 0.09765625 0.0986328125
0 0.26025390625 0.77978515625 0.1103515625 0.1103515625
0 0.25927734375 0.66943359375 0.1103515625 0.1103515625
0 0.26171875 0.55419921875 0.109375 0.1103515625
0 0.2646484375 0.44873046875 0.109375 0.1103515625
0 0.2685546875 0.3447265625 0.09765625 0.09765625
0 0.35986328125 0.72265625 0.1220703125 0.123046875
0 0.3583984375 0.61669921875 0.109375 0.1103515625
0 0.359375 0.50830078125 0.109375 0.1103515625
0 0.35693359375 0.4013671875 0.1103515625 0.111328125
0 0.44873046875 0.4658203125 0.1103515625 0.111328125
0 0.44873046875 0.5634765625 0.0732421875 0.07421875
0 0.44384765625 0.6669921875 0.1220703125 0.123046875
0 0.4482421875 0.79052734375 0.109375 0.1103515625
0 0.07470703125 0.22119140625 0.1103515625 0.1103515625
0 0.0732421875 0.1220703125 0.09765625 0.09765625
0 0.166015625 0.2744140625 0.09765625 0.09765625
0 0.169921875 0.169921875 0.09765625 0.09765625
0 0.1787109375 0.0634765625 0.109375 0.111328125
0 0.2626953125 0.236328125 0.09765625 0.09765625
0 0.2705078125 0.1259765625 0.109375 0.111328125
0 0.36474609375 0.2890625 0.1103515625 0.111328125
0 0.35986328125 0.06982421875 0.1103515625 0.1103515625
0 0.35791015625 0.18603515625 0.1103515625 0.1103515625
0 0.45947265625 0.236328125 0.1220703125 0.123046875
0 0.45361328125 0.1201171875 0.1220703125 0.123046875
0 0.46240234375 0.34423828125 0.1103515625 0.1103515625
0 0.55908203125 0.39794921875 0.1103515625 0.1103515625
0 0.5478515625 0.29052734375 0.109375 0.1103515625
0 0.5576171875 0.18408203125 0.109375 0.1103515625
0 0.5576171875 0.07568359375 0.109375 0.1103515625
0 0.93017578125 0.7392578125 0.1220703125 0.123046875
0 0.92041015625 0.63720703125 0.1103515625 0.1103515625
0 0.91796875 0.51611328125 0.109375 0.1103515625
0 0.921875 0.41162109375 0.109375 0.1103515625
0 0.916015625 0.30029296875 0.09765625 0.0986328125
0 0.83544921875 0.35107421875 0.1103515625 0.1103515625
0 0.82763671875 0.45654296875 0.1103515625 0.1103515625
0 0.83154296875 0.57080078125 0.1103515625 0.1103515625
0 0.83740234375 0.66650390625 0.1103515625 0.1103515625
0 0.83203125 0.7939453125 0.109375 0.111328125
0 0.734375 0.7353515625 0.109375 0.111328125
0 0.732421875 0.62646484375 0.109375 0.1103515625
0 0.73388671875 0.39697265625 0.1103515625 0.1103515625
0 0.6494140625 0.34912109375 0.109375 0.1103515625
0 0.6484375 0.46826171875 0.109375 0.1103515625
0 0.6416015625 0.5625 0.109375 0.111328125
0 0.64453125 0.6826171875 0.09765625 0.09765625
0 0.64013671875 0.794921875 0.1103515625 0.111328125
0 0.54443359375 0.73681640625 0.1103515625 0.1103515625
0 0.5478515625 0.6259765625 0.09765625 0.09765625
0 0.54736328125 0.51171875 0.1103515625 0.111328125
0 0.64208984375 0.23583984375 0.1103515625 0.1103515625
0 0.63720703125 0.13525390625 0.0849609375 0.0869140625
0 0.73779296875 0.28173828125 0.1103515625 0.1103515625
0 0.74169921875 0.17919921875 0.1103515625 0.1103515625
0 0.73828125 0.06787109375 0.09765625 0.0986328125
0 0.828125 0.23779296875 0.109375 0.1103515625
0 0.8291015625 0.12158203125 0.09765625 0.0986328125
0 0.9189453125 0.17138671875 0.09765625 0.0986328125
0 0.91796875 0.0810546875 0.09765625 0.09765625