0 0.57666015625 0.13525390625 0.0615234375 0.0615234375
0 0.7353515625 0.9091796875 0.09765625 0.09765625
0 0.7470703125 0.7861328125 0.09765625 0.09765625
0 0.7431640625 0.69775390625 0.09765625 0.0986328125
0 0.845703125 0.63037109375 0.09765625 0.0986328125
0 0.83203125 0.7490234375 0.0859375 0.0859375
0 0.8388671875 0.8544921875 0.0859375 0.0859375
0 0.9326171875 0.89990234375 0.09765625 0.0986328125
0 0.9326171875 0.80810546875 0.09765625 0.0986328125
0 0.939453125 0.69189453125 0.09765625 0.0986328125
0 0.93212890625 0.58544921875 0.0849609375 0.0869140625
0 0.64013671875 0.86572265625 0.1220703125 0.1220703125
0 0.63720703125 0.76318359375 0.1103515625 0.1103515625
0 0.64453125 0.63232421875 0.09765625 0.0986328125
0 0.7470703125 0.5830078125 0.0859375 0.0859375
0 0.64599609375 0.52001953125 0.1103515625 0.1103515625
0 0.55322265625 0.58203125 0.0849609375 0.0859375
0 0.5498046875 0.68310546875 0.09765625 0.0986328125
0 0.5517578125 0.80126953125 0.09765625 0.0986328125
0 0.546875 0.91064453125 0.09765625 0.0986328125
0 0.44140625 0.86962890625 0.09765625 0.0986328125
0 0.451171875 0.7451171875 0.0859375 0.0859375
0 0.4482421875 0.64599609375 0.09765625 0.0986328125
0 0.4521484375 0.52392578125 0.09765625 0.0986328125
0 0.35791015625 0.5849609375 0.1220703125 0.123046875
0 0.36083984375 0.689453125 0.1220703125 0.123046875
0 0.36083984375 0.80859375 0.1220703125 0.123046875
0 0.36376953125 0.908203125 0.1103515625 0.111328125
0 0.26318359375 0.86328125 0.1220703125 0.123046875
0 0.26220703125 0.7373046875 0.1220703125 0.123046875
0 0.27001953125 0.63330078125 0.1103515625 0.1103515625
0 0.26904296875 0.5224609375 0.1220703125 0.123046875
0 0.166015625 0.58447265625 0.109375 0.1103515625
0 0.16015625 0.693359375 0.09765625 0.09765625
0 0.16943359375 0.7978515625 0.1220703125 0.123046875
0 0.16845703125 0.9052734375 0.1220703125 0.123046875
0 0.06689453125 0.86767578125 0.1103515625 0.1103515625
0 0.07373046875 0.74609375 0.1220703125 0.123046875
0 0.07763671875 0.6376953125 0.1220703125 0.123046875
0 0.0791015625 0.52001953125 0.109375 0.1103515625
0 0.080078125 0.4267578125 0.09765625 0.09765625
0 0.0712890625 0.3212890625 0.09765625 0.09765625
0 0.0771484375 0.19384765625 0.09765625 0.0986328125
0 0.07470703125 0.09130859375 0.1103515625 0.1103515625
0 0.166015625 0.4814453125 0.09765625 0.09765625
0 0.16748046875 0.35009765625 0.1103515625 0.1103515625
0 0.1708984375 0.24658203125 0.09765625 0.0986328125
0 0.17578125 0.14013671875 0.09765625 0.0986328125
0 0.26806640625 0.41748046875 0.1103515625 0.1103515625
0 0.27099609375 0.30224609375 0.1103515625 0.1103515625
0 0.27099609375 0.19384765625 0.1220703125 0.1220703125
0 0.27099609375 0.07763671875 0.1220703125 0.1220703125
0 0.3642578125 0.47119140625 0.109375 0.1103515625
0 0.3681640625 0.37353515625 0.09765625 0.0986328125
0 0.357421875 0.25927734375 0.09765625 0.0986328125
0 0.3603515625 0.14306640625 0.09765625 0.0986328125
0 0.462890625 0.41748046875 0.09765625 0.0986328125
0 0.4609375 0.31396484375 0.09765625 0.0986328125
0 0.4560546875 0.19580078125 0.09765625 0.0986328125
0 0.55224609375 0.47705078125 0.0849609375 0.0869140625
0 0.662109375 0.42041015625 0.048828125 0.0498046875
0 0.7431640625 0.46240234375 0.09765625 0.0986328125
0 0.54833984375 0.0341796875 0.0361328125 0.037109375
0 0.93017578125 0.12841796875 0.0361328125 0.0361328125
0 0.94921875 0.3486328125 0.048828125 0.048828125
0 0.9365234375 0.46875 0.048828125 0.048828125
0 0.8544921875 0.4404296875 0.037109375 0.037109375
0 0.86328125 0.29296875 0.037109375 0.037109375
0 0.71484375 0.3359375 0.037109375 0.037109375
0 0.66455078125 0.2099609375 0.0361328125 0.037109375
0 0.556640625 0.3544921875 0.037109375 0.037109375
0 0.74609375 0.150390625 0.037109375 0.037109375
0 0.65185546875 0.10888671875 0.0244140625 0.0244140625
0 0.96044921875 0.248046875 0.0361328125 0.037109375
0 0.80224609375 0.03271484375 0.0361328125 0.0361328125
0 0.4619140625 0.0830078125 0.037109375 0.037109375
0 0.837890625 0.521484375 0.09765625 0.09765625