0 0.146484375 0.83642578125 0.060546875 0.0615234375
0 0.22802734375 0.9052734375 0.0849609375 0.0859375
0 0.15283203125 0.94384765625 0.0615234375 0.0615234375
0 0.1455078125 0.607421875 0.048828125 0.048828125
0 0.05029296875 0.90380859375 0.0615234375 0.0615234375
0 0.0498046875 0.79150390625 0.048828125 0.0498046875
0 0.140625 0.39501953125 0.048828125 0.0498046875
0 0.05029296875 0.34521484375 0.0615234375 0.0615234375
0 0.056640625 0.126953125 0.048828125 0.048828125
0 0.908203125 0.06689453125 0.09765625 0.0986328125
0 0.9072265625 0.17724609375 0.109375 0.1103515625
0 0.908203125 0.28466796875 0.109375 0.1103515625
0 0.90625 0.39794921875 0.109375 0.1103515625
0 0.81640625 0.11572265625 0.09765625 0.0986328125
0 0.81884765625 0.22412109375 0.1103515625 0.1103515625
0 0.81591796875 0.34814453125 0.1103515625 0.1103515625
0 0.81005859375 0.45849609375 0.1103515625 0.1103515625
0 0.728515625 0.07861328125 0.09765625 0.0986328125
0 0.716796875 0.17431640625 0.09765625 0.0986328125
0 0.712890625 0.29248046875 0.09765625 0.0986328125
0 0.62255859375 0.138671875 0.1220703125 0.123046875
0 0.62109375 0.22607421875 0.09765625 0.0986328125
0 0.619140625 0.337890625 0.09765625 0.09765625
0 0.6171875 0.4443359375 0.09765625 0.09765625
0 0.6025390625 0.564453125 0.09765625 0.09765625
0 0.71142578125 0.39404296875 0.1103515625 0.1103515625
0 0.7119140625 0.513671875 0.109375 0.111328125
0 0.80908203125 0.56396484375 0.1103515625 0.1103515625
0 0.90087890625 0.50830078125 0.1103515625 0.1103515625
0 0.51904296875 0.1904296875 0.1220703125 0.123046875
0 0.43408203125 0.22265625 0.1103515625 0.111328125
0 0.34033203125 0.2734375 0.1220703125 0.123046875
0 0.2373046875 0.33837890625 0.109375 0.1103515625
0 0.3310546875 0.38134765625 0.09765625 0.0986328125
0 0.427734375 0.3310546875 0.09765625 0.09765625
0 0.24609375 0.44189453125 0.109375 0.1103515625
0 0.24267578125 0.560546875 0.0849609375 0.0859375
0 0.3369140625 0.50634765625 0.09765625 0.0986328125
0 0.42431640625 0.44384765625 0.1103515625 0.1103515625
0 0.42333984375 0.55810546875 0.1103515625 0.1103515625
0 0.52587890625 0.5009765625 0.1220703125 0.123046875
0 0.52783203125 0.3935546875 0.1220703125 0.123046875
0 0.140625 0.2705078125 0.048828125 0.048828125
0 0.89892578125 0.84033203125 0.1103515625 0.1103515625
0 0.900390625 0.72900390625 0.09765625 0.0986328125
0 0.90478515625 0.62060546875 0.1103515625 0.1103515625
0 0.80322265625 0.66455078125 0.1103515625 0.1103515625
0 0.8115234375 0.77099609375 0.109375 0.1103515625
0 0.70947265625 0.736328125 0.1220703125 0.123046875
0 0.7197265625 0.62353515625 0.109375 0.1103515625
0 0.71923828125 0.84375 0.1220703125 0.123046875
0 0.6142578125 0.79541015625 0.09765625 0.0986328125
0 0.6171875 0.67626953125 0.109375 0.1103515625
0 0.42529296875 0.6650390625 0.1220703125 0.123046875
0 0.5283203125 0.73681640625 0.09765625 0.0986328125
0 0.52978515625 0.6142578125 0.1220703125 0.123046875
0 0.53173828125 0.83984375 0.1103515625 0.111328125
0 0.42578125 0.78515625 0.109375 0.111328125
0 0.3359375 0.83984375 0.109375 0.111328125
0 0.33203125 0.7265625 0.109375 0.111328125
0 0.3349609375 0.6123046875 0.109375 0.111328125
0 0.244140625 0.66796875 0.09765625 0.09765625
0 0.232421875 0.791015625 0.09765625 0.09765625
0 0.32568359375 0.931640625 0.0849609375 0.0859375
0 0.42041015625 0.89404296875 0.1103515625 0.1103515625
0 0.60791015625 0.89404296875 0.1103515625 0.1103515625
0 0.802734375 0.89453125 0.109375 0.111328125
0 0.1435546875 0.0654296875 0.048828125 0.048828125
0 0.1396484375 0.173828125 0.048828125 0.048828125
0 0.05859375 0.23388671875 0.048828125 0.0498046875
0 0.0537109375 0.4560546875 0.048828125 0.048828125
0 0.14013671875 0.49755859375 0.0244140625 0.0244140625
0 0.134765625 0.7236328125 0.048828125 0.048828125
0 0.05078125 0.693359375 0.037109375 0.037109375
0 0.052734375 0.5673828125 0.048828125 0.048828125