0 0.826171875 0.89501953125 0.0859375 0.0849609375
0 0.13916015625 0.31982421875 0.0615234375 0.0615234375
0 0.07275390625 0.41845703125 0.0615234375 0.0615234375
0 0.208984375 0.06689453125 0.07421875 0.0732421875
0 0.14013671875 0.15673828125 0.0615234375 0.0615234375
0 0.04296875 0.3134765625 0.060546875 0.060546875
0 0.23388671875 0.32080078125 0.0615234375 0.0615234375
0 0.1962890625 0.24853515625 0.07421875 0.0732421875
0 0.02734375 0.1591796875 0.048828125 0.048828125
0 0.0703125 0.248046875 0.060546875 0.060546875
0 0.10009765625 0.060546875 0.0615234375 0.060546875
0 0.89697265625 0.07177734375 0.1220703125 0.1220703125
0 0.796875 0.06884765625 0.123046875 0.1220703125
0 0.69140625 0.06396484375 0.123046875 0.1220703125
0 0.61328125 0.06982421875 0.123046875 0.1220703125
0 0.515625 0.16455078125 0.111328125 0.1103515625
0 0.6328125 0.16357421875 0.123046875 0.1220703125
0 0.74072265625 0.15283203125 0.1220703125 0.1220703125
0 0.8564453125 0.16455078125 0.123046875 0.1220703125
0 0.90625 0.25048828125 0.0859375 0.0849609375
0 0.791015625 0.25 0.0859375 0.0859375
0 0.6708984375 0.24365234375 0.0859375 0.0849609375
0 0.57421875 0.24462890625 0.0859375 0.0849609375
0 0.6220703125 0.3466796875 0.09765625 0.09765625
0 0.7421875 0.34814453125 0.0859375 0.0849609375
0 0.84619140625 0.3486328125 0.0986328125 0.09765625
0 0.5673828125 0.43505859375 0.123046875 0.1220703125
0 0.685546875 0.43994140625 0.123046875 0.1220703125
0 0.794921875 0.43896484375 0.123046875 0.1220703125
0 0.9072265625 0.43505859375 0.123046875 0.1220703125
0 0.6220703125 0.52392578125 0.123046875 0.1220703125
0 0.744140625 0.52880859375 0.123046875 0.1220703125
0 0.8447265625 0.53564453125 0.123046875 0.1220703125
0 0.89892578125 0.62890625 0.1103515625 0.109375
0 0.7919921875 0.62451171875 0.123046875 0.1220703125
0 0.68017578125 0.626953125 0.0986328125 0.09765625
0 0.560546875 0.63134765625 0.0859375 0.0849609375
0 0.6162109375 0.708984375 0.0859375 0.0859375
0 0.732421875 0.71533203125 0.0859375 0.0849609375
0 0.837890625 0.7236328125 0.09765625 0.09765625
0 0.669921875 0.8134765625 0.0859375 0.0859375
0 0.7802734375 0.81640625 0.0859375 0.0859375
0 0.900390625 0.82421875 0.0859375 0.0859375
0 0.70361328125 0.8974609375 0.0986328125 0.09765625
0 0.61279296875 0.9013671875 0.0986328125 0.09765625
0 0.02197265625 0.68310546875 0.0244140625 0.0244140625
0 0.05517578125 0.77587890625 0.0244140625 0.0244140625