0 0.87158203125 0.49560546875 0.0615234375 0.0615234375
0 0.9638671875 0.57421875 0.048828125 0.048828125
0 0.96875 0.45556640625 0.048828125 0.0498046875
0 0.7109375 0.47802734375 0.060546875 0.0615234375
0 0.3525390625 0.486328125 0.048828125 0.048828125
0 0.431640625 0.5517578125 0.048828125 0.048828125
0 0.61474609375 0.53564453125 0.0615234375 0.0615234375
0 0.4345703125 0.42724609375 0.060546875 0.0615234375
0 0.359375 0.275390625 0.048828125 0.048828125
0 0.3623046875 0.07421875 0.048828125 0.048828125
0 0.3583984375 0.181640625 0.048828125 0.048828125
0 0.3544921875 0.39111328125 0.060546875 0.0615234375
0 0.6279296875 0.23974609375 0.060546875 0.0615234375
0 0.5439453125 0.0576171875 0.048828125 0.048828125
0 0.4326171875 0.123046875 0.037109375 0.037109375
0 0.720703125 0.091796875 0.048828125 0.048828125
0 0.6328125 0.12890625 0.060546875 0.060546875
0 0.63623046875 0.05224609375 0.0615234375 0.0615234375
0 0.431640625 0.33935546875 0.060546875 0.0615234375
0 0.7890625 0.123046875 0.048828125 0.048828125
0 0.7041015625 0.3798828125 0.048828125 0.048828125
0 0.423828125 0.236328125 0.048828125 0.048828125
0 0.62353515625 0.3271484375 0.0732421875 0.07421875
0 0.240234375 0.52001953125 0.048828125 0.0498046875
0 0.244140625 0.42333984375 0.048828125 0.0498046875
0 0.14453125 0.36181640625 0.048828125 0.0498046875
0 0.1552734375 0.05517578125 0.048828125 0.0498046875
0 0.15087890625 0.46044921875 0.0615234375 0.0615234375
0 0.0439453125 0.09814453125 0.060546875 0.0615234375
0 0.1494140625 0.25390625 0.048828125 0.048828125
0 0.041015625 0.34716796875 0.048828125 0.0498046875
0 0.0517578125 0.42822265625 0.048828125 0.0498046875
0 0.0517578125 0.52392578125 0.048828125 0.0498046875
0 0.1494140625 0.56201171875 0.048828125 0.0498046875
0 0.2431640625 0.23681640625 0.060546875 0.0615234375
0 0.15234375 0.15380859375 0.048828125 0.0498046875
0 0.2412109375 0.11865234375 0.048828125 0.0498046875
0 0.70947265625 0.70849609375 0.0615234375 0.0615234375
0 0.61083984375 0.64208984375 0.0615234375 0.0615234375
0 0.96240234375 0.7783203125 0.0732421875 0.07421875
0 0.87255859375 0.70947265625 0.0615234375 0.0615234375
0 0.7158203125 0.6123046875 0.060546875 0.060546875
0 0.70849609375 0.80322265625 0.0615234375 0.0615234375
0 0.78076171875 0.765625 0.0732421875 0.07421875
0 0.8701171875 0.5966796875 0.048828125 0.048828125
0 0.78125 0.6396484375 0.060546875 0.060546875
0 0.96875 0.66943359375 0.060546875 0.0615234375
0 0.87451171875 0.416015625 0.0361328125 0.037109375
0 0.888671875 0.29443359375 0.037109375 0.0361328125
0 0.7880859375 0.42578125 0.048828125 0.048828125
0 0.7978515625 0.5380859375 0.037109375 0.037109375
0 0.712890625 0.287109375 0.037109375 0.037109375
0 0.623046875 0.4345703125 0.048828125 0.048828125
0 0.5400390625 0.490234375 0.048828125 0.048828125
0 0.53515625 0.58837890625 0.060546875 0.0615234375
0 0.5478515625 0.2783203125 0.048828125 0.048828125
0 0.34619140625 0.59130859375 0.0244140625 0.0244140625
0 0.24365234375 0.3349609375 0.0361328125 0.037109375
0 0.0537109375 0.6220703125 0.048828125 0.048828125
0 0.98095703125 0.08935546875 0.0361328125 0.0361328125
0 0.8837890625 0.18359375 0.037109375 0.037109375
0 0.7158203125 0.193359375 0.048828125 0.048828125
0 0.7919921875 0.224609375 0.037109375 0.037109375
0 0.54443359375 0.14404296875 0.0244140625 0.0244140625
0 0.55126953125 0.37353515625 0.0244140625 0.0244140625
0 0.25341796875 0.62451171875 0.0244140625 0.0244140625