0 0.05615234375 0.640625 0.0986328125 0.09765625
0 0.0595703125 0.45947265625 0.111328125 0.1103515625
0 0.05859375 0.26171875 0.09765625 0.09765625
0 0.05810546875 0.07177734375 0.1103515625 0.1103515625
0 0.18017578125 0.0673828125 0.1103515625 0.109375
0 0.27978515625 0.0712890625 0.1103515625 0.109375
0 0.37841796875 0.068359375 0.0986328125 0.09765625
0 0.50048828125 0.07421875 0.1103515625 0.109375
0 0.11279296875 0.169921875 0.1103515625 0.109375
0 0.22021484375 0.171875 0.1103515625 0.109375
0 0.33447265625 0.169921875 0.0986328125 0.09765625
0 0.439453125 0.17333984375 0.111328125 0.1103515625
0 0.55078125 0.1591796875 0.09765625 0.09765625
0 0.17138671875 0.26611328125 0.1103515625 0.1103515625
0 0.28125 0.26171875 0.09765625 0.09765625
0 0.3876953125 0.267578125 0.09765625 0.09765625
0 0.50390625 0.2666015625 0.09765625 0.09765625
0 0.11376953125 0.3544921875 0.0986328125 0.09765625
0 0.224609375 0.3505859375 0.09765625 0.09765625
0 0.33203125 0.349609375 0.09765625 0.09765625
0 0.56201171875 0.357421875 0.1103515625 0.109375
0 0.44482421875 0.3603515625 0.1103515625 0.109375
0 0.1650390625 0.4599609375 0.111328125 0.109375
0 0.275390625 0.46484375 0.111328125 0.109375
0 0.38427734375 0.4599609375 0.1103515625 0.109375
0 0.509765625 0.46142578125 0.123046875 0.1220703125
0 0.10546875 0.548828125 0.111328125 0.109375
0 0.22119140625 0.5556640625 0.1103515625 0.109375
0 0.32177734375 0.55322265625 0.1103515625 0.1103515625
0 0.43212890625 0.56103515625 0.1103515625 0.1103515625
0 0.51513671875 0.55126953125 0.0732421875 0.0732421875
0 0.16455078125 0.6474609375 0.0986328125 0.09765625
0 0.26904296875 0.6435546875 0.0986328125 0.09765625
0 0.38330078125 0.6455078125 0.0986328125 0.09765625
0 0.49560546875 0.64990234375 0.1103515625 0.1103515625
0 0.10791015625 0.7373046875 0.0986328125 0.09765625
0 0.21337890625 0.74365234375 0.1103515625 0.1103515625
0 0.33154296875 0.748046875 0.1103515625 0.109375
0 0.44677734375 0.7412109375 0.1103515625 0.109375
0 0.05224609375 0.83203125 0.0986328125 0.09765625
0 0.16259765625 0.8330078125 0.1103515625 0.109375
0 0.27001953125 0.83203125 0.1103515625 0.109375
0 0.38330078125 0.833984375 0.1103515625 0.109375
0 0.10107421875 0.923828125 0.0986328125 0.09765625
0 0.20947265625 0.92138671875 0.1103515625 0.1103515625
0 0.33349609375 0.92431640625 0.1103515625 0.1103515625
0 0.44384765625 0.93017578125 0.1103515625 0.1103515625
0 0.54931640625 0.93115234375 0.1103515625 0.1103515625
0 0.49365234375 0.83935546875 0.1103515625 0.1103515625
0 0.55712890625 0.73828125 0.1103515625 0.109375
0 0.66845703125 0.1708984375 0.0986328125 0.09765625
0 0.60986328125 0.2685546875 0.0986328125 0.09765625
0 0.71728515625 0.2626953125 0.0986328125 0.09765625
0 0.77783203125 0.16943359375 0.1103515625 0.1103515625
0 0.72314453125 0.083984375 0.1103515625 0.109375
0 0.7861328125 0.3583984375 0.09765625 0.09765625
0 0.66845703125 0.36328125 0.1103515625 0.109375
0 0.6123046875 0.4599609375 0.111328125 0.109375
0 0.720703125 0.45751953125 0.111328125 0.1103515625
0 0.64453125 0.55126953125 0.111328125 0.1103515625
0 0.77587890625 0.55419921875 0.1103515625 0.1103515625
0 0.8310546875 0.46435546875 0.111328125 0.1103515625
0 0.67138671875 0.74609375 0.1103515625 0.109375
0 0.73095703125 0.65234375 0.1103515625 0.109375
0 0.6005859375 0.6435546875 0.111328125 0.109375
0 0.83056640625 0.6484375 0.1103515625 0.109375
0 0.78076171875 0.73681640625 0.1103515625 0.1103515625
0 0.82568359375 0.84130859375 0.1103515625 0.1103515625
0 0.71435546875 0.83984375 0.0986328125 0.09765625
0 0.60595703125 0.83544921875 0.1103515625 0.1103515625
0 0.64990234375 0.93701171875 0.1103515625 0.1103515625
0 0.75634765625 0.9287109375 0.1103515625 0.109375
0 0.83642578125 0.08642578125 0.1103515625 0.1103515625
0 0.89404296875 0.1728515625 0.1103515625 0.109375
0 0.83642578125 0.2734375 0.0986328125 0.09765625
0 0.89404296875 0.36572265625 0.1103515625 0.1103515625
0 0.88330078125 0.5537109375 0.1103515625 0.109375
0 0.8798828125 0.9375 0.111328125 0.109375
0 0.9384765625 0.83984375 0.111328125 0.109375
0 0.87890625 0.74560546875 0.111328125 0.1103515625
0 0.93701171875 0.64990234375 0.1103515625 0.1103515625
0 0.61279296875 0.072265625 0.1103515625 0.109375