0 0.10400390625 0.107421875 0.0986328125 0.09765625
0 0.21484375 0.11474609375 0.123046875 0.1220703125
0 0.3232421875 0.10693359375 0.123046875 0.1220703125
0 0.259765625 0.20849609375 0.123046875 0.1220703125
0 0.1435546875 0.203125 0.09765625 0.09765625
0 0.0986328125 0.29833984375 0.123046875 0.1220703125
0 0.2158203125 0.30029296875 0.123046875 0.1220703125
0 0.328125 0.31005859375 0.123046875 0.1220703125
0 0.15673828125 0.396484375 0.1103515625 0.109375
0 0.27001953125 0.3974609375 0.1103515625 0.109375
0 0.32177734375 0.48828125 0.1103515625 0.109375
0 0.20068359375 0.48828125 0.1103515625 0.109375
0 0.10107421875 0.4814453125 0.1103515625 0.109375
0 0.16064453125 0.59033203125 0.1103515625 0.1103515625
0 0.26416015625 0.59619140625 0.1103515625 0.1103515625
0 0.32373046875 0.68212890625 0.1103515625 0.1103515625
0 0.21044921875 0.69189453125 0.1103515625 0.1103515625
0 0.09716796875 0.68212890625 0.1103515625 0.1103515625
0 0.16162109375 0.77685546875 0.0732421875 0.0732421875
0 0.26806640625 0.7763671875 0.0986328125 0.09765625
0 0.3291015625 0.8701171875 0.09765625 0.09765625
0 0.2763671875 0.94970703125 0.037109375 0.0361328125
0 0.0869140625 0.8671875 0.0859375 0.0859375
0 0.2119140625 0.869140625 0.0859375 0.0859375
0 0.37646484375 0.3896484375 0.1103515625 0.109375
0 0.37255859375 0.58642578125 0.1103515625 0.1103515625
0 0.43701171875 0.6845703125 0.1103515625 0.109375
0 0.3857421875 0.78857421875 0.123046875 0.1220703125
0 0.4482421875 0.87646484375 0.07421875 0.0732421875
0 0.48681640625 0.78125 0.1103515625 0.109375
0 0.44091796875 0.48095703125 0.1103515625 0.1103515625
0 0.5859375 0.78173828125 0.0859375 0.0849609375
0 0.6982421875 0.79541015625 0.123046875 0.1220703125
0 0.82177734375 0.787109375 0.0986328125 0.09765625
0 0.54150390625 0.6884765625 0.1103515625 0.109375
0 0.65380859375 0.6865234375 0.0986328125 0.09765625
0 0.76904296875 0.6865234375 0.1103515625 0.109375
0 0.87060546875 0.69287109375 0.1103515625 0.1103515625
0 0.48486328125 0.59130859375 0.1103515625 0.1103515625
0 0.59521484375 0.59130859375 0.1103515625 0.1103515625
0 0.71240234375 0.58837890625 0.1220703125 0.1220703125
0 0.82177734375 0.5908203125 0.0986328125 0.09765625
0 0.53466796875 0.49560546875 0.1103515625 0.1103515625
0 0.65380859375 0.5029296875 0.0986328125 0.09765625
0 0.76806640625 0.5009765625 0.0986328125 0.09765625
0 0.87841796875 0.5029296875 0.0986328125 0.09765625
0 0.4873046875 0.404296875 0.111328125 0.109375
0 0.59716796875 0.40234375 0.1103515625 0.109375
0 0.7119140625 0.39501953125 0.123046875 0.1220703125
0 0.81787109375 0.38427734375 0.1103515625 0.1103515625
0 0.43359375 0.29443359375 0.123046875 0.1220703125
0 0.525390625 0.29638671875 0.123046875 0.1220703125
0 0.6572265625 0.30126953125 0.123046875 0.1220703125
0 0.76953125 0.30126953125 0.123046875 0.1220703125
0 0.3740234375 0.20654296875 0.123046875 0.1220703125
0 0.470703125 0.20263671875 0.123046875 0.1220703125
0 0.5888671875 0.20654296875 0.123046875 0.1220703125
0 0.69921875 0.21630859375 0.123046875 0.1220703125
0 0.81787109375 0.2099609375 0.1103515625 0.109375
0 0.86865234375 0.11865234375 0.1103515625 0.1103515625
0 0.7529296875 0.12255859375 0.111328125 0.1103515625
0 0.6484375 0.11083984375 0.111328125 0.1103515625
0 0.427734375 0.11669921875 0.123046875 0.1220703125
0 0.53857421875 0.10791015625 0.1103515625 0.1103515625
0 0.921875 0.2158203125 0.048828125 0.048828125
0 0.9365234375 0.3955078125 0.048828125 0.048828125
0 0.869140625 0.294921875 0.048828125 0.048828125
0 0.92236328125 0.7822265625 0.0361328125 0.037109375
0 0.9033203125 0.88427734375 0.037109375 0.0361328125
0 0.9287109375 0.9638671875 0.037109375 0.037109375
0 0.8125 0.962890625 0.037109375 0.037109375