0 0.400390625 0.97314453125 0.048828125 0.0498046875
0 0.2294921875 0.75830078125 0.060546875 0.0615234375
0 0.025390625 0.86376953125 0.048828125 0.0498046875
0 0.12255859375 0.81494140625 0.0732421875 0.0732421875
0 0.31005859375 0.92333984375 0.0615234375 0.0615234375
0 0.31640625 0.705078125 0.048828125 0.048828125
0 0.2294921875 0.09814453125 0.109375 0.1103515625
0 0.13818359375 0.16259765625 0.1103515625 0.1103515625
0 0.12353515625 0.25634765625 0.1103515625 0.1103515625
0 0.1162109375 0.37548828125 0.09765625 0.0986328125
0 0.1181640625 0.48974609375 0.09765625 0.0986328125
0 0.1162109375 0.60009765625 0.09765625 0.0986328125
0 0.21484375 0.208984375 0.109375 0.111328125
0 0.216796875 0.31884765625 0.109375 0.1103515625
0 0.22412109375 0.43359375 0.1220703125 0.123046875
0 0.23486328125 0.53955078125 0.1103515625 0.1103515625
0 0.32470703125 0.1552734375 0.1220703125 0.123046875
0 0.32275390625 0.2470703125 0.1220703125 0.123046875
0 0.31787109375 0.37890625 0.1220703125 0.123046875
0 0.31787109375 0.4912109375 0.1220703125 0.123046875
0 0.41259765625 0.095703125 0.1220703125 0.123046875
0 0.41650390625 0.1923828125 0.1220703125 0.123046875
0 0.41259765625 0.310546875 0.1220703125 0.123046875
0 0.40283203125 0.4208984375 0.1220703125 0.123046875
0 0.4091796875 0.53955078125 0.109375 0.1103515625
0 0.50048828125 0.59033203125 0.1103515625 0.1103515625
0 0.49658203125 0.474609375 0.1103515625 0.111328125
0 0.50830078125 0.3701171875 0.1103515625 0.111328125
0 0.50244140625 0.1494140625 0.1220703125 0.123046875
0 0.59423828125 0.2294921875 0.1220703125 0.123046875
0 0.59716796875 0.109375 0.1220703125 0.123046875
0 0.51123046875 0.26025390625 0.1103515625 0.1103515625
0 0.5986328125 0.32861328125 0.109375 0.1103515625
0 0.59912109375 0.4443359375 0.1220703125 0.123046875
0 0.60693359375 0.53515625 0.1103515625 0.111328125
0 0.70166015625 0.17626953125 0.1220703125 0.1220703125
0 0.70166015625 0.2685546875 0.1220703125 0.123046875
0 0.70068359375 0.3740234375 0.1220703125 0.123046875
0 0.6884765625 0.48095703125 0.109375 0.1103515625
0 0.69677734375 0.5771484375 0.1220703125 0.123046875
0 0.87841796875 0.1611328125 0.1220703125 0.123046875
0 0.88330078125 0.26904296875 0.1220703125 0.1220703125
0 0.78857421875 0.32470703125 0.1103515625 0.1103515625
0 0.78955078125 0.21337890625 0.1103515625 0.1103515625
0 0.80224609375 0.10107421875 0.1103515625 0.1103515625
0 0.87255859375 0.38427734375 0.1220703125 0.1220703125
0 0.79345703125 0.46484375 0.1220703125 0.123046875
0 0.79736328125 0.56640625 0.1220703125 0.123046875
0 0.89208984375 0.46630859375 0.1103515625 0.1103515625
0 0.88232421875 0.716796875 0.1220703125 0.123046875
0 0.880859375 0.80419921875 0.09765625 0.0986328125
0 0.87890625 0.916015625 0.09765625 0.09765625
0 0.77880859375 0.7685546875 0.1220703125 0.123046875
0 0.69384765625 0.80078125 0.1103515625 0.111328125
0 0.60009765625 0.8515625 0.1220703125 0.123046875
0 0.4970703125 0.91650390625 0.109375 0.1103515625
0 0.6875 0.9091796875 0.09765625 0.09765625
0 0.400390625 0.8486328125 0.048828125 0.048828125
0 0.4033203125 0.6435546875 0.048828125 0.048828125
0 0.3994140625 0.751953125 0.048828125 0.048828125
0 0.318359375 0.81201171875 0.048828125 0.0498046875
0 0.23779296875 0.85205078125 0.0244140625 0.0244140625
0 0.2236328125 0.658203125 0.048828125 0.048828125
0 0.32421875 0.5908203125 0.048828125 0.048828125
0 0.1220703125 0.70458984375 0.037109375 0.0361328125
0 0.1240234375 0.923828125 0.037109375 0.037109375
0 0.03076171875 0.96923828125 0.0244140625 0.0244140625