0 0.8037109375 0.2265625 0.0859375 0.0859375
0 0.9033203125 0.078125 0.048828125 0.048828125
0 0.6748046875 0.60791015625 0.048828125 0.0498046875
0 0.8857421875 0.93701171875 0.060546875 0.0615234375
0 0.8896484375 0.85693359375 0.060546875 0.0615234375
0 0.8896484375 0.73486328125 0.048828125 0.0498046875
0 0.802734375 0.13427734375 0.09765625 0.0986328125
0 0.697265625 0.1767578125 0.0859375 0.0859375
0 0.708984375 0.0869140625 0.0859375 0.0859375
0 0.4296875 0.13134765625 0.060546875 0.0615234375
0 0.4267578125 0.03076171875 0.048828125 0.0498046875
0 0.5 0.6708984375 0.048828125 0.048828125
0 0.498046875 0.77734375 0.048828125 0.048828125
0 0.4912109375 0.8740234375 0.037109375 0.037109375
0 0.4921875 0.962890625 0.037109375 0.037109375
0 0.5849609375 0.7119140625 0.048828125 0.048828125
0 0.5869140625 0.82568359375 0.060546875 0.0615234375
0 0.5771484375 0.9462890625 0.037109375 0.037109375
0 0.65185546875 0.84326171875 0.0615234375 0.0615234375
0 0.6435546875 0.9423828125 0.048828125 0.048828125
0 0.79052734375 0.77783203125 0.0244140625 0.0244140625
0 0.79052734375 0.884765625 0.0361328125 0.037109375
0 0.12109375 0.712890625 0.048828125 0.048828125
0 0.119140625 0.80078125 0.048828125 0.048828125
0 0.12353515625 0.90478515625 0.0361328125 0.0361328125
0 0.2119140625 0.923828125 0.037109375 0.037109375
0 0.27392578125 0.88671875 0.0361328125 0.037109375
0 0.2216796875 0.8134765625 0.037109375 0.037109375
0 0.2275390625 0.69140625 0.037109375 0.037109375
0 0.8974609375 0.3017578125 0.048828125 0.048828125
0 0.900390625 0.4130859375 0.048828125 0.048828125
0 0.794921875 0.66552734375 0.037109375 0.0361328125
0 0.7998046875 0.548828125 0.048828125 0.048828125
0 0.7998046875 0.4443359375 0.048828125 0.048828125
0 0.806640625 0.3330078125 0.048828125 0.048828125
0 0.6884765625 0.29833984375 0.0234375 0.0244140625
0 0.6826171875 0.4013671875 0.048828125 0.048828125
0 0.671875 0.51416015625 0.037109375 0.0361328125
0 0.603515625 0.2451171875 0.048828125 0.048828125
0 0.60302734375 0.36083984375 0.0244140625 0.0244140625
0 0.59619140625 0.48779296875 0.0244140625 0.0244140625
0 0.58984375 0.60205078125 0.048828125 0.0498046875
0 0.51025390625 0.29833984375 0.0361328125 0.0361328125
0 0.51025390625 0.42822265625 0.0244140625 0.0244140625
0 0.50439453125 0.53759765625 0.0244140625 0.0244140625
0 0.4365234375 0.22802734375 0.037109375 0.0361328125
0 0.439453125 0.34716796875 0.048828125 0.0498046875
0 0.43359375 0.478515625 0.037109375 0.037109375
0 0.435546875 0.5810546875 0.048828125 0.048828125
0 0.43310546875 0.7109375 0.0361328125 0.037109375
0 0.34619140625 0.27099609375 0.0361328125 0.0361328125
0 0.1123046875 0.6005859375 0.048828125 0.048828125
0 0.90576171875 0.19091796875 0.0244140625 0.0244140625
0 0.2314453125 0.02099609375 0.037109375 0.0361328125
0 0.13134765625 0.06787109375 0.0361328125 0.0361328125
0 0.10986328125 0.1923828125 0.0361328125 0.037109375
0 0.22607421875 0.14404296875 0.0361328125 0.0361328125
0 0.3447265625 0.08642578125 0.048828125 0.0498046875
0 0.345703125 0.17529296875 0.037109375 0.0361328125
0 0.6064453125 0.138671875 0.048828125 0.048828125
0 0.513671875 0.076171875 0.048828125 0.048828125
0 0.51416015625 0.177734375 0.0361328125 0.037109375
0 0.4375 0.826171875 0.048828125 0.048828125
0 0.88525390625 0.66015625 0.0361328125 0.037109375