0 0.12744140625 0.66748046875 0.0732421875 0.0732421875
0 0.32568359375 0.05224609375 0.0615234375 0.0615234375
0 0.140625 0.14111328125 0.060546875 0.0615234375
0 0.22216796875 0.72998046875 0.0732421875 0.0732421875
0 0.130859375 0.5517578125 0.060546875 0.060546875
0 0.31494140625 0.44921875 0.0732421875 0.07421875
0 0.1376953125 0.04736328125 0.060546875 0.0615234375
0 0.13720703125 0.21728515625 0.0615234375 0.0615234375
0 0.30712890625 0.65869140625 0.0732421875 0.0732421875
0 0.22412109375 0.39404296875 0.0615234375 0.0615234375
0 0.2294921875 0.48779296875 0.060546875 0.0615234375
0 0.224609375 0.08447265625 0.060546875 0.0615234375
0 0.2294921875 0.18017578125 0.060546875 0.0615234375
0 0.40234375 0.75390625 0.0859375 0.0859375
0 0.41064453125 0.14599609375 0.0615234375 0.0615234375
0 0.41015625 0.04345703125 0.060546875 0.0615234375
0 0.32666015625 0.13134765625 0.0615234375 0.0615234375
0 0.31298828125 0.78857421875 0.0732421875 0.0732421875
0 0.3330078125 0.20849609375 0.048828125 0.0498046875
0 0.4169921875 0.22900390625 0.048828125 0.0498046875
0 0.40380859375 0.6259765625 0.0732421875 0.07421875
0 0.40576171875 0.8486328125 0.0849609375 0.0859375
0 0.31005859375 0.8955078125 0.0732421875 0.07421875
0 0.486328125 0.1953125 0.048828125 0.048828125
0 0.50341796875 0.78515625 0.0732421875 0.07421875
0 0.49609375 0.0927734375 0.048828125 0.048828125
0 0.501953125 0.68994140625 0.060546875 0.0615234375
0 0.69677734375 0.6943359375 0.0849609375 0.0859375
0 0.39453125 0.9501953125 0.09765625 0.09765625
0 0.4990234375 0.90185546875 0.109375 0.1103515625
0 0.22021484375 0.61083984375 0.0615234375 0.0615234375
0 0.21728515625 0.8525390625 0.0849609375 0.0859375
0 0.21875 0.9423828125 0.0859375 0.0859375
0 0.13232421875 0.77294921875 0.0849609375 0.0869140625
0 0.126953125 0.900390625 0.0859375 0.0859375
0 0.41015625 0.3984375 0.048828125 0.048828125
0 0.40625 0.5029296875 0.048828125 0.048828125
0 0.31494140625 0.5439453125 0.0732421875 0.07421875
0 0.13525390625 0.43359375 0.0849609375 0.0859375
0 0.8935546875 0.654296875 0.0859375 0.0859375
0 0.69677734375 0.8935546875 0.1220703125 0.123046875
0 0.6064453125 0.8515625 0.109375 0.111328125
0 0.88037109375 0.9130859375 0.0849609375 0.0859375
0 0.927734375 0.076171875 0.048828125 0.048828125