0 0.15234375 0.91845703125 0.048828125 0.0498046875
0 0.06640625 0.93115234375 0.060546875 0.0615234375
0 0.4306640625 0.95556640625 0.048828125 0.0498046875
0 0.439453125 0.4091796875 0.048828125 0.048828125
0 0.43408203125 0.51416015625 0.0615234375 0.0615234375
0 0.43896484375 0.31201171875 0.0615234375 0.0615234375
0 0.4375 0.19873046875 0.060546875 0.0615234375
0 0.43701171875 0.62841796875 0.0615234375 0.0615234375
0 0.4306640625 0.84326171875 0.060546875 0.0615234375
0 0.4345703125 0.72900390625 0.060546875 0.0615234375
0 0.509765625 0.80859375 0.048828125 0.048828125
0 0.931640625 0.275390625 0.048828125 0.048828125
0 0.822265625 0.2216796875 0.048828125 0.048828125
0 0.529296875 0.1455078125 0.048828125 0.048828125
0 0.51806640625 0.46923828125 0.0478515625 0.0498046875
0 0.9296875 0.39013671875 0.048828125 0.0498046875
0 0.61767578125 0.5224609375 0.0732421875 0.07421875
0 0.7314453125 0.263671875 0.048828125 0.048828125
0 0.73779296875 0.38330078125 0.0615234375 0.0615234375
0 0.8173828125 0.4345703125 0.048828125 0.048828125
0 0.525390625 0.25732421875 0.060546875 0.0615234375
0 0.623046875 0.41064453125 0.060546875 0.0615234375
0 0.51513671875 0.69775390625 0.0732421875 0.0732421875
0 0.62353515625 0.74267578125 0.0615234375 0.0615234375
0 0.62548828125 0.322265625 0.0615234375 0.060546875
0 0.630859375 0.20361328125 0.060546875 0.0615234375
0 0.06201171875 0.70068359375 0.0615234375 0.0615234375
0 0.0791015625 0.60595703125 0.060546875 0.0615234375
0 0.35400390625 0.35400390625 0.0615234375 0.0615234375
0 0.2626953125 0.21875 0.037109375 0.037109375
0 0.24755859375 0.86474609375 0.0615234375 0.0615234375
0 0.3525390625 0.25439453125 0.048828125 0.0498046875
0 0.07421875 0.1484375 0.037109375 0.037109375
0 0.35009765625 0.48095703125 0.0615234375 0.0615234375
0 0.3466796875 0.5732421875 0.048828125 0.048828125
0 0.35498046875 0.15869140625 0.0615234375 0.0615234375
0 0.17431640625 0.03955078125 0.0732421875 0.0732421875
0 0.43603515625 0.1025390625 0.0732421875 0.07421875
0 0.52978515625 0.04541015625 0.0615234375 0.0615234375
0 0.9296875 0.05908203125 0.048828125 0.0498046875
0 0.82421875 0.1044921875 0.048828125 0.048828125
0 0.92919921875 0.16259765625 0.0244140625 0.0244140625
0 0.751953125 0.50048828125 0.048828125 0.0498046875
0 0.73291015625 0.15576171875 0.0244140625 0.0244140625
0 0.73291015625 0.04248046875 0.0244140625 0.0244140625
0 0.63037109375 0.09521484375 0.0244140625 0.0244140625
0 0.52197265625 0.3740234375 0.0361328125 0.037109375
0 0.51806640625 0.576171875 0.0849609375 0.0859375
0 0.8125 0.53466796875 0.048828125 0.0498046875
0 0.81787109375 0.86572265625 0.0244140625 0.0244140625
0 0.81494140625 0.66162109375 0.0244140625 0.0244140625
0 0.6171875 0.8583984375 0.037109375 0.037109375
0 0.74072265625 0.8330078125 0.0361328125 0.037109375
0 0.62060546875 0.60986328125 0.0244140625 0.0244140625
0 0.619140625 0.9775390625 0.037109375 0.037109375
0 0.5107421875 0.919921875 0.048828125 0.048828125
0 0.732421875 0.9365234375 0.037109375 0.037109375
0 0.359375 0.05322265625 0.048828125 0.0498046875
0 0.25732421875 0.09326171875 0.0361328125 0.0361328125
0 0.255859375 0.3173828125 0.037109375 0.037109375
0 0.25390625 0.43359375 0.037109375 0.037109375
0 0.255859375 0.5380859375 0.037109375 0.037109375
0 0.251953125 0.6357421875 0.037109375 0.037109375
0 0.1767578125 0.2587890625 0.048828125 0.048828125
0 0.06787109375 0.26953125 0.0361328125 0.037109375
0 0.07958984375 0.3955078125 0.0361328125 0.037109375
0 0.0791015625 0.478515625 0.048828125 0.048828125
0 0.1728515625 0.37158203125 0.060546875 0.0615234375
0 0.16064453125 0.6865234375 0.0361328125 0.037109375
0 0.15625 0.81494140625 0.048828125 0.0498046875
0 0.3408203125 0.900390625 0.037109375 0.037109375
0 0.0703125 0.81298828125 0.048828125 0.0498046875