0 0.08349609375 0.2138671875 0.0615234375 0.060546875
0 0.455078125 0.24560546875 0.060546875 0.0615234375
0 0.1787109375 0.2333984375 0.048828125 0.048828125
0 0.5634765625 0.16259765625 0.060546875 0.0615234375
0 0.2783203125 0.1669921875 0.048828125 0.048828125
0 0.64013671875 0.21435546875 0.0615234375 0.0615234375
0 0.2861328125 0.2578125 0.048828125 0.048828125
0 0.75244140625 0.19091796875 0.0615234375 0.0615234375
0 0.3671875 0.2216796875 0.048828125 0.048828125
0 0.1748046875 0.1083984375 0.048828125 0.048828125
0 0.8447265625 0.18359375 0.048828125 0.048828125
0 0.46484375 0.06298828125 0.060546875 0.0615234375
0 0.37353515625 0.10986328125 0.0615234375 0.0615234375
0 0.576171875 0.04296875 0.048828125 0.048828125
0 0.0947265625 0.0888671875 0.048828125 0.048828125
0 0.7568359375 0.0966796875 0.048828125 0.048828125
0 0.8408203125 0.095703125 0.048828125 0.048828125
0 0.55224609375 0.90087890625 0.0732421875 0.0732421875
0 0.36083984375 0.42919921875 0.0615234375 0.0615234375
0 0.75048828125 0.28564453125 0.0615234375 0.0615234375
0 0.17431640625 0.41259765625 0.0615234375 0.0615234375
0 0.279296875 0.4287109375 0.060546875 0.060546875
0 0.5654296875 0.37451171875 0.060546875 0.0615234375
0 0.2841796875 0.34912109375 0.060546875 0.0615234375
0 0.08740234375 0.32177734375 0.0615234375 0.0615234375
0 0.07177734375 0.62744140625 0.0732421875 0.0732421875
0 0.07763671875 0.43017578125 0.0615234375 0.0615234375
0 0.45458984375 0.32958984375 0.0615234375 0.0615234375
0 0.45263671875 0.43408203125 0.0615234375 0.0615234375
0 0.5556640625 0.78515625 0.060546875 0.060546875
0 0.177734375 0.3359375 0.060546875 0.060546875
0 0.73974609375 0.6826171875 0.0732421875 0.07421875
0 0.5625 0.28076171875 0.060546875 0.0615234375
0 0.37060546875 0.33642578125 0.0615234375 0.0615234375
0 0.45654296875 0.62890625 0.0732421875 0.07421875
0 0.56201171875 0.45068359375 0.0615234375 0.0615234375
0 0.73193359375 0.89208984375 0.0732421875 0.0732421875
0 0.64892578125 0.62744140625 0.0615234375 0.0615234375
0 0.654296875 0.72119140625 0.060546875 0.0615234375
0 0.6494140625 0.31787109375 0.060546875 0.0615234375
0 0.654296875 0.41357421875 0.060546875 0.0615234375
0 0.83544921875 0.37939453125 0.0615234375 0.0615234375
0 0.8349609375 0.27685546875 0.060546875 0.0615234375
0 0.75146484375 0.36474609375 0.0615234375 0.0615234375
0 0.7578125 0.44189453125 0.048828125 0.0498046875
0 0.841796875 0.46240234375 0.048828125 0.0498046875
0 0.82861328125 0.859375 0.0732421875 0.07421875
0 0.9111328125 0.4287109375 0.048828125 0.048828125
0 0.9208984375 0.326171875 0.048828125 0.048828125
0 0.9267578125 0.92333984375 0.060546875 0.0615234375
0 0.64501953125 0.84423828125 0.0615234375 0.0615234375
0 0.4501953125 0.84375 0.09765625 0.09765625
0 0.35400390625 0.8798828125 0.0849609375 0.0859375
0 0.271484375 0.82421875 0.0859375 0.0859375
0 0.17236328125 0.8447265625 0.1220703125 0.123046875
0 0.06884765625 0.8486328125 0.1220703125 0.123046875
0 0.8349609375 0.6318359375 0.048828125 0.048828125
0 0.8310546875 0.736328125 0.048828125 0.048828125
0 0.73974609375 0.77734375 0.0732421875 0.07421875
0 0.56005859375 0.6669921875 0.0849609375 0.0859375
0 0.45751953125 0.72265625 0.0849609375 0.0859375
0 0.36572265625 0.77587890625 0.0849609375 0.0869140625
0 0.3740234375 0.68359375 0.09765625 0.09765625
0 0.279296875 0.61328125 0.0859375 0.0859375
0 0.271484375 0.7158203125 0.09765625 0.09765625
0 0.16162109375 0.66796875 0.0849609375 0.0859375
0 0.1630859375 0.765625 0.0859375 0.0859375
0 0.07763671875 0.72900390625 0.1103515625 0.1103515625
0 0.287109375 0.07568359375 0.060546875 0.0615234375
0 0.6533203125 0.1201171875 0.048828125 0.048828125
0 0.4609375 0.16064453125 0.060546875 0.0615234375