0 0.109375 0.2607421875 0.048828125 0.048828125
0 0.1064453125 0.16748046875 0.048828125 0.0498046875
0 0.1064453125 0.07568359375 0.048828125 0.0498046875
0 0.025390625 0.1953125 0.048828125 0.048828125
0 0.0986328125 0.8603515625 0.048828125 0.048828125
0 0.1005859375 0.9404296875 0.048828125 0.048828125
0 0.09765625 0.759765625 0.048828125 0.048828125
0 0.5908203125 0.3974609375 0.048828125 0.048828125
0 0.587890625 0.96142578125 0.060546875 0.0615234375
0 0.49462890625 0.56591796875 0.0615234375 0.0615234375
0 0.49267578125 0.91064453125 0.0615234375 0.0615234375
0 0.58935546875 0.50341796875 0.0615234375 0.0615234375
0 0.779296875 0.9169921875 0.048828125 0.048828125
0 0.69921875 0.94140625 0.048828125 0.048828125
0 0.58984375 0.60205078125 0.048828125 0.0498046875
0 0.5888671875 0.70263671875 0.048828125 0.0498046875
0 0.8837890625 0.912109375 0.048828125 0.048828125
0 0.78515625 0.7841796875 0.048828125 0.048828125
0 0.40869140625 0.88720703125 0.0615234375 0.0615234375
0 0.8857421875 0.8154296875 0.037109375 0.037109375
0 0.7021484375 0.826171875 0.037109375 0.037109375
0 0.3017578125 0.80224609375 0.048828125 0.0498046875
0 0.3017578125 0.9013671875 0.048828125 0.048828125
0 0.208984375 0.79296875 0.037109375 0.037109375
0 0.216796875 0.8974609375 0.048828125 0.048828125
0 0.701171875 0.4599609375 0.048828125 0.048828125
0 0.69921875 0.5478515625 0.048828125 0.048828125
0 0.70361328125 0.65185546875 0.0361328125 0.0361328125
0 0.697265625 0.73388671875 0.048828125 0.0498046875
0 0.7919921875 0.6708984375 0.037109375 0.037109375
0 0.85400390625 0.6337890625 0.0361328125 0.037109375
0 0.8017578125 0.560546875 0.037109375 0.037109375
0 0.8076171875 0.4384765625 0.037109375 0.037109375
0 0.6923828125 0.34765625 0.048828125 0.048828125
0 0.103515625 0.396484375 0.048828125 0.048828125
0 0.0244140625 0.4892578125 0.037109375 0.037109375
0 0.3173828125 0.1494140625 0.037109375 0.037109375
0 0.3076171875 0.24169921875 0.037109375 0.0361328125
0 0.31640625 0.35498046875 0.037109375 0.0361328125
0 0.3134765625 0.43701171875 0.037109375 0.0361328125
0 0.3115234375 0.5263671875 0.037109375 0.037109375
0 0.3056640625 0.6044921875 0.037109375 0.037109375
0 0.40625 0.55712890625 0.048828125 0.0498046875
0 0.41796875 0.44091796875 0.048828125 0.0498046875
0 0.4228515625 0.34228515625 0.037109375 0.0361328125
0 0.4267578125 0.2607421875 0.037109375 0.037109375
0 0.43701171875 0.1435546875 0.0361328125 0.037109375
0 0.52001953125 0.1796875 0.0361328125 0.037109375
0 0.52490234375 0.26953125 0.0361328125 0.037109375
0 0.51513671875 0.36328125 0.0361328125 0.037109375
0 0.50634765625 0.46435546875 0.0361328125 0.0361328125
0 0.5908203125 0.3017578125 0.037109375 0.037109375
0 0.5908203125 0.216796875 0.037109375 0.037109375
0 0.58984375 0.1435546875 0.037109375 0.037109375
0 0.22021484375 0.58203125 0.0361328125 0.037109375
0 0.49658203125 0.6728515625 0.0361328125 0.037109375
0 0.4033203125 0.6669921875 0.037109375 0.037109375
0 0.30224609375 0.6982421875 0.0361328125 0.037109375
0 0.21240234375 0.6962890625 0.0361328125 0.037109375
0 0.1005859375 0.6845703125 0.048828125 0.048828125