0 0.16796875 0.29248046875 0.07421875 0.0732421875
0 0.060546875 0.11328125 0.048828125 0.048828125
0 0.4423828125 0.95947265625 0.07421875 0.0732421875
0 0.3818359375 0.8671875 0.09765625 0.09765625
0 0.2529296875 0.86376953125 0.123046875 0.1220703125
0 0.15673828125 0.8642578125 0.1103515625 0.109375
0 0.11083984375 0.77294921875 0.1103515625 0.1103515625
0 0.22412109375 0.7734375 0.1103515625 0.109375
0 0.33447265625 0.76953125 0.1103515625 0.109375
0 0.439453125 0.7724609375 0.09765625 0.09765625
0 0.38330078125 0.67431640625 0.1103515625 0.1103515625
0 0.27294921875 0.6806640625 0.0986328125 0.09765625
0 0.15185546875 0.671875 0.0986328125 0.09765625
0 0.43212890625 0.58544921875 0.1103515625 0.1103515625
0 0.32958984375 0.57568359375 0.1103515625 0.1103515625
0 0.21435546875 0.57275390625 0.1103515625 0.1103515625
0 0.11279296875 0.5810546875 0.1103515625 0.109375
0 0.37939453125 0.486328125 0.1103515625 0.109375
0 0.27294921875 0.484375 0.1103515625 0.109375
0 0.15673828125 0.482421875 0.1103515625 0.109375
0 0.32470703125 0.390625 0.0986328125 0.09765625
0 0.21826171875 0.3828125 0.1103515625 0.109375
0 0.11083984375 0.38037109375 0.1103515625 0.1103515625
0 0.3828125 0.29541015625 0.0859375 0.0849609375
0 0.26708984375 0.28564453125 0.1103515625 0.1103515625
0 0.0556640625 0.29443359375 0.07421875 0.0732421875
0 0.43505859375 0.20556640625 0.1103515625 0.1103515625
0 0.33642578125 0.19189453125 0.1103515625 0.1103515625
0 0.2333984375 0.19287109375 0.07421875 0.0732421875
0 0.1328125 0.193359375 0.0859375 0.0859375
0 0.1533203125 0.115234375 0.037109375 0.037109375
0 0.0927734375 0.02197265625 0.037109375 0.0361328125
0 0.37744140625 0.1181640625 0.1103515625 0.109375
0 0.27734375 0.107421875 0.111328125 0.109375
0 0.92041015625 0.87548828125 0.1103515625 0.1103515625
0 0.81201171875 0.869140625 0.0986328125 0.09765625
0 0.87060546875 0.779296875 0.0986328125 0.09765625
0 0.92236328125 0.6806640625 0.1103515625 0.109375
0 0.818359375 0.6767578125 0.09765625 0.09765625
0 0.875 0.58837890625 0.111328125 0.1103515625
0 0.939453125 0.49658203125 0.111328125 0.1103515625
0 0.69482421875 0.87060546875 0.1103515625 0.1103515625
0 0.595703125 0.8720703125 0.09765625 0.09765625
0 0.4892578125 0.859375 0.111328125 0.109375
0 0.748046875 0.779296875 0.09765625 0.09765625
0 0.6435546875 0.775390625 0.09765625 0.09765625
0 0.537109375 0.7666015625 0.111328125 0.109375
0 0.7099609375 0.6826171875 0.09765625 0.09765625
0 0.599609375 0.6748046875 0.111328125 0.109375
0 0.50341796875 0.66943359375 0.1103515625 0.1103515625
0 0.7626953125 0.58056640625 0.111328125 0.1103515625
0 0.54345703125 0.58544921875 0.1103515625 0.1103515625
0 0.65966796875 0.58740234375 0.1103515625 0.1103515625
0 0.7099609375 0.48583984375 0.123046875 0.1220703125
0 0.59375 0.49169921875 0.123046875 0.1220703125
0 0.49365234375 0.48583984375 0.1220703125 0.1220703125
0 0.81787109375 0.48291015625 0.1103515625 0.1103515625
0 0.87158203125 0.38623046875 0.1103515625 0.1103515625
0 0.76416015625 0.3974609375 0.1103515625 0.109375
0 0.65771484375 0.3876953125 0.1103515625 0.109375
0 0.54931640625 0.3876953125 0.1103515625 0.109375
0 0.43994140625 0.38671875 0.1103515625 0.109375
0 0.82470703125 0.10986328125 0.1103515625 0.1103515625
0 0.93017578125 0.11767578125 0.1103515625 0.1103515625
0 0.87060546875 0.21142578125 0.1103515625 0.1103515625
0 0.82275390625 0.2958984375 0.1103515625 0.109375
0 0.94189453125 0.296875 0.1103515625 0.109375
0 0.70947265625 0.30322265625 0.1103515625 0.1103515625
0 0.60888671875 0.30810546875 0.0869140625 0.0849609375
0 0.48193359375 0.30029296875 0.1103515625 0.1103515625
0 0.75537109375 0.20751953125 0.1103515625 0.1103515625
0 0.65283203125 0.20361328125 0.1103515625 0.1103515625
0 0.54150390625 0.20703125 0.0986328125 0.09765625
0 0.71142578125 0.1171875 0.1103515625 0.109375
0 0.59521484375 0.1162109375 0.0986328125 0.09765625
0 0.48486328125 0.11328125 0.1103515625 0.109375