0 0.677734375 0.728515625 0.048828125 0.048828125
0 0.67236328125 0.83349609375 0.0615234375 0.0615234375
0 0.67724609375 0.63134765625 0.0615234375 0.0615234375
0 0.67578125 0.51806640625 0.060546875 0.0615234375
0 0.67529296875 0.94775390625 0.0615234375 0.0615234375
0 0.767578125 0.46484375 0.048828125 0.048828125
0 0.75634765625 0.78857421875 0.0478515625 0.0498046875
0 0.85595703125 0.841796875 0.0732421875 0.07421875
0 0.9697265625 0.5830078125 0.048828125 0.048828125
0 0.763671875 0.57666015625 0.060546875 0.0615234375
0 0.861328125 0.72998046875 0.060546875 0.0615234375
0 0.86376953125 0.6416015625 0.0615234375 0.060546875
0 0.869140625 0.52294921875 0.060546875 0.0615234375
0 0.1318359375 0.5029296875 0.048828125 0.048828125
0 0.03369140625 0.59228515625 0.0615234375 0.0615234375
0 0.2255859375 0.82666015625 0.060546875 0.0615234375
0 0.1337890625 0.95263671875 0.048828125 0.0498046875
0 0.3173828125 0.92529296875 0.060546875 0.0615234375
0 0.59228515625 0.67333984375 0.0615234375 0.0615234375
0 0.5009765625 0.5380859375 0.037109375 0.037109375
0 0.23095703125 0.4931640625 0.0361328125 0.037109375
0 0.03564453125 0.82275390625 0.0615234375 0.0615234375
0 0.5908203125 0.57373046875 0.048828125 0.0498046875
0 0.3125 0.4677734375 0.037109375 0.037109375
0 0.2236328125 0.5986328125 0.048828125 0.048828125
0 0.1318359375 0.83740234375 0.048828125 0.0498046875
0 0.58837890625 0.80029296875 0.0615234375 0.0615234375
0 0.5849609375 0.892578125 0.048828125 0.048828125
0 0.59326171875 0.47802734375 0.0615234375 0.0615234375
0 0.41259765625 0.35888671875 0.0732421875 0.0732421875
0 0.67431640625 0.421875 0.0732421875 0.07421875
0 0.49169921875 0.18408203125 0.0615234375 0.0615234375
0 0.4140625 0.26611328125 0.048828125 0.0498046875
0 0.50146484375 0.08837890625 0.0615234375 0.0615234375
0 0.6767578125 0.22705078125 0.060546875 0.0615234375
0 0.677734375 0.3203125 0.048828125 0.048828125
0 0.76953125 0.2626953125 0.048828125 0.048828125
0 0.86669921875 0.31103515625 0.0615234375 0.0615234375
0 0.76806640625 0.36474609375 0.0615234375 0.0615234375
0 0.77783203125 0.15966796875 0.0615234375 0.0615234375
0 0.9658203125 0.25634765625 0.048828125 0.0498046875
0 0.9658203125 0.14208984375 0.060546875 0.0615234375
0 0.8662109375 0.20361328125 0.060546875 0.0615234375
0 0.87255859375 0.09375 0.0849609375 0.0859375
0 0.416015625 0.15380859375 0.109375 0.1103515625
0 0.322265625 0.09033203125 0.109375 0.1103515625
0 0.32177734375 0.19287109375 0.1103515625 0.1103515625
0 0.31591796875 0.36767578125 0.1220703125 0.1220703125
0 0.216796875 0.37939453125 0.09765625 0.0986328125
0 0.21337890625 0.27685546875 0.1103515625 0.1103515625
0 0.22265625 0.14990234375 0.09765625 0.0986328125
0 0.1240234375 0.14892578125 0.09765625 0.0986328125
0 0.12451171875 0.2890625 0.1220703125 0.123046875
0 0.1240234375 0.42333984375 0.109375 0.1103515625
0 0.77734375 0.03662109375 0.037109375 0.0361328125
0 0.97119140625 0.47509765625 0.0244140625 0.0244140625
0 0.97119140625 0.36181640625 0.0244140625 0.0244140625
0 0.86865234375 0.41455078125 0.0244140625 0.0244140625
0 0.76025390625 0.693359375 0.0361328125 0.037109375
0 0.75634765625 0.8955078125 0.0849609375 0.0859375
0 0.85888671875 0.92919921875 0.0244140625 0.0244140625
0 0.69970703125 0.15771484375 0.0244140625 0.0244140625
0 0.591796875 0.138671875 0.037109375 0.037109375
0 0.595703125 0.04296875 0.037109375 0.037109375
0 0.49169921875 0.30517578125 0.0361328125 0.0361328125
0 0.5986328125 0.26171875 0.037109375 0.037109375
0 0.59765625 0.37255859375 0.048828125 0.0498046875
0 0.49560546875 0.41259765625 0.0361328125 0.0361328125
0 0.494140625 0.63671875 0.037109375 0.037109375
0 0.4921875 0.7529296875 0.037109375 0.037109375
0 0.494140625 0.857421875 0.037109375 0.037109375
0 0.490234375 0.955078125 0.037109375 0.037109375
0 0.4150390625 0.578125 0.048828125 0.048828125
0 0.30615234375 0.5888671875 0.0361328125 0.037109375
0 0.31787109375 0.71484375 0.0361328125 0.037109375
0 0.3173828125 0.7978515625 0.048828125 0.048828125
0 0.4111328125 0.69091796875 0.060546875 0.0615234375
0 0.22265625 0.7080078125 0.037109375 0.037109375
0 0.125 0.7587890625 0.048828125 0.048828125
0 0.1279296875 0.654296875 0.037109375 0.037109375
0 0.03515625 0.498046875 0.048828125 0.048828125
0 0.0302734375 0.70556640625 0.048828125 0.0498046875
0 0.03125 0.92431640625 0.048828125 0.0498046875
0 0.224609375 0.92431640625 0.048828125 0.0498046875