0 0.94384765625 0.07275390625 0.1103515625 0.1103515625
0 0.8466796875 0.10693359375 0.09765625 0.0986328125
0 0.75732421875 0.06201171875 0.1220703125 0.1220703125
0 0.6611328125 0.10693359375 0.09765625 0.0986328125
0 0.55859375 0.06787109375 0.09765625 0.0986328125
0 0.37060546875 0.0625 0.1220703125 0.123046875
0 0.85205078125 0.2333984375 0.1220703125 0.123046875
0 0.19384765625 0.0791015625 0.1103515625 0.111328125
0 0.0908203125 0.12548828125 0.109375 0.1103515625
0 0.09912109375 0.2197265625 0.1220703125 0.123046875
0 0.08935546875 0.33984375 0.1220703125 0.123046875
0 0.09033203125 0.4658203125 0.1220703125 0.123046875
0 0.08251953125 0.56982421875 0.1103515625 0.1103515625
0 0.08349609375 0.6806640625 0.1220703125 0.123046875
0 0.1865234375 0.61865234375 0.109375 0.1103515625
0 0.1923828125 0.509765625 0.09765625 0.09765625
0 0.18310546875 0.4052734375 0.1220703125 0.123046875
0 0.18408203125 0.2978515625 0.1220703125 0.123046875
0 0.1826171875 0.18505859375 0.09765625 0.0986328125
0 0.28369140625 0.12353515625 0.1103515625 0.1103515625
0 0.3740234375 0.16552734375 0.109375 0.1103515625
0 0.37451171875 0.28369140625 0.1103515625 0.1103515625
0 0.27880859375 0.23974609375 0.1103515625 0.1103515625
0 0.28564453125 0.33544921875 0.1103515625 0.1103515625
0 0.27880859375 0.45703125 0.1220703125 0.123046875
0 0.27490234375 0.5654296875 0.1220703125 0.123046875
0 0.2734375 0.68310546875 0.109375 0.1103515625
0 0.38037109375 0.609375 0.1220703125 0.123046875
0 0.37353515625 0.513671875 0.1220703125 0.123046875
0 0.3759765625 0.38134765625 0.09765625 0.0986328125
0 0.4677734375 0.12841796875 0.109375 0.1103515625
0 0.46435546875 0.24267578125 0.1220703125 0.1220703125
0 0.46337890625 0.3544921875 0.1220703125 0.123046875
0 0.46533203125 0.4560546875 0.1220703125 0.123046875
0 0.46142578125 0.560546875 0.1220703125 0.123046875
0 0.45751953125 0.6787109375 0.1220703125 0.123046875
0 0.55712890625 0.6298828125 0.1220703125 0.123046875
0 0.55712890625 0.515625 0.1220703125 0.123046875
0 0.56298828125 0.40087890625 0.1220703125 0.1220703125
0 0.56298828125 0.29150390625 0.1220703125 0.1220703125
0 0.5537109375 0.18798828125 0.09765625 0.0986328125
0 0.66162109375 0.2255859375 0.1220703125 0.123046875
0 0.66455078125 0.3408203125 0.1220703125 0.123046875
0 0.66064453125 0.45068359375 0.1220703125 0.1220703125
0 0.66064453125 0.5615234375 0.1220703125 0.123046875
0 0.65966796875 0.6748046875 0.1220703125 0.123046875
0 0.75341796875 0.64208984375 0.1220703125 0.1220703125
0 0.765625 0.52392578125 0.09765625 0.0986328125
0 0.75537109375 0.4208984375 0.1220703125 0.123046875
0 0.76220703125 0.2919921875 0.1220703125 0.123046875
0 0.76708984375 0.1669921875 0.1220703125 0.123046875
0 0.84912109375 0.353515625 0.1220703125 0.123046875
0 0.84326171875 0.4541015625 0.1220703125 0.123046875
0 0.85107421875 0.5732421875 0.1220703125 0.123046875
0 0.93603515625 0.623046875 0.1220703125 0.123046875
0 0.9423828125 0.291015625 0.09765625 0.09765625
0 0.84228515625 0.66259765625 0.0849609375 0.0869140625
0 0.9443359375 0.72412109375 0.109375 0.1103515625
0 0.94384765625 0.82666015625 0.1103515625 0.1103515625
0 0.83544921875 0.91064453125 0.1103515625 0.1103515625
0 0.8447265625 0.78369140625 0.09765625 0.0986328125
0 0.74609375 0.78271484375 0.09765625 0.0986328125
0 0.74658203125 0.9228515625 0.1220703125 0.123046875
0 0.658203125 0.78564453125 0.09765625 0.0986328125
0 0.65673828125 0.8896484375 0.1220703125 0.123046875
0 0.548828125 0.73388671875 0.09765625 0.0986328125
0 0.560546875 0.84716796875 0.09765625 0.0986328125
0 0.46484375 0.78173828125 0.09765625 0.0986328125
0 0.4677734375 0.8935546875 0.09765625 0.09765625
0 0.38818359375 0.787109375 0.1220703125 0.123046875
0 0.376953125 0.9287109375 0.109375 0.111328125
0 0.2724609375 0.7763671875 0.09765625 0.09765625
0 0.28125 0.8818359375 0.09765625 0.09765625
0 0.1865234375 0.7216796875 0.09765625 0.09765625
0 0.18505859375 0.85302734375 0.1103515625 0.1103515625
0 0.08447265625 0.78564453125 0.1103515625 0.1103515625
0 0.08154296875 0.90087890625 0.1103515625 0.1103515625