0 0.56396484375 0.91357421875 0.0615234375 0.0615234375
0 0.57373046875 0.81787109375 0.0615234375 0.0615234375
0 0.7490234375 0.95654296875 0.060546875 0.0615234375
0 0.85009765625 0.88916015625 0.0615234375 0.0615234375
0 0.9384765625 0.93310546875 0.060546875 0.0615234375
0 0.85546875 0.11181640625 0.09765625 0.0986328125
0 0.76171875 0.1728515625 0.09765625 0.09765625
0 0.68212890625 0.1201171875 0.0361328125 0.037109375
0 0.7626953125 0.0556640625 0.0859375 0.0859375
0 0.49072265625 0.1103515625 0.1220703125 0.123046875
0 0.48974609375 0.2041015625 0.1220703125 0.123046875
0 0.39404296875 0.16845703125 0.1103515625 0.1103515625
0 0.30810546875 0.10986328125 0.1103515625 0.1103515625
0 0.296875 0.20263671875 0.09765625 0.0986328125
0 0.20751953125 0.15771484375 0.1220703125 0.1220703125
0 0.20068359375 0.0634765625 0.1220703125 0.123046875
0 0.11181640625 0.10107421875 0.1220703125 0.1220703125
0 0.111328125 0.20263671875 0.09765625 0.0986328125
0 0.84326171875 0.2294921875 0.1220703125 0.123046875
0 0.75537109375 0.2919921875 0.0732421875 0.07421875
0 0.8505859375 0.33056640625 0.109375 0.1103515625
0 0.39306640625 0.2939453125 0.1220703125 0.123046875
0 0.30224609375 0.3291015625 0.1220703125 0.123046875
0 0.48486328125 0.3310546875 0.1220703125 0.123046875
0 0.11181640625 0.3212890625 0.1220703125 0.123046875
0 0.11474609375 0.4365234375 0.1220703125 0.123046875
0 0.11083984375 0.54638671875 0.1220703125 0.1220703125
0 0.11083984375 0.6572265625 0.1220703125 0.123046875
0 0.10986328125 0.7705078125 0.1220703125 0.123046875
0 0.20361328125 0.73779296875 0.1220703125 0.1220703125
0 0.2158203125 0.61962890625 0.09765625 0.0986328125
0 0.20556640625 0.5166015625 0.1220703125 0.123046875
0 0.21240234375 0.3876953125 0.1220703125 0.123046875
0 0.21728515625 0.2626953125 0.1220703125 0.123046875
0 0.29931640625 0.44921875 0.1220703125 0.123046875
0 0.29345703125 0.5498046875 0.1220703125 0.123046875
0 0.30126953125 0.6689453125 0.1220703125 0.123046875
0 0.38623046875 0.71875 0.1220703125 0.123046875
0 0.39404296875 0.607421875 0.1220703125 0.123046875
0 0.38916015625 0.4892578125 0.1220703125 0.123046875
0 0.392578125 0.38671875 0.09765625 0.09765625
0 0.48876953125 0.4287109375 0.1220703125 0.123046875
0 0.48486328125 0.5703125 0.1220703125 0.123046875
0 0.4833984375 0.67041015625 0.09765625 0.0986328125
0 0.49560546875 0.78515625 0.1220703125 0.123046875
0 0.29248046875 0.75830078125 0.0849609375 0.0869140625
0 0.85009765625 0.4296875 0.0849609375 0.0859375
0 0.83642578125 0.5419921875 0.1220703125 0.123046875
0 0.8447265625 0.66552734375 0.09765625 0.0986328125
0 0.943359375 0.38525390625 0.109375 0.1103515625
0 0.9453125 0.49755859375 0.09765625 0.0986328125
0 0.93896484375 0.71435546875 0.1103515625 0.1103515625
0 0.94482421875 0.8232421875 0.0849609375 0.0859375
0 0.48828125 0.88330078125 0.109375 0.1103515625
0 0.39453125 0.81982421875 0.109375 0.1103515625
0 0.39404296875 0.92236328125 0.1103515625 0.1103515625
0 0.294921875 0.87939453125 0.09765625 0.0986328125
0 0.1962890625 0.87841796875 0.09765625 0.0986328125
0 0.1083984375 0.88134765625 0.09765625 0.0986328125
0 0.849609375 0.76611328125 0.037109375 0.0361328125
0 0.74755859375 0.7470703125 0.0361328125 0.037109375
0 0.77197265625 0.88720703125 0.0244140625 0.0244140625
0 0.6640625 0.8681640625 0.037109375 0.037109375
0 0.66796875 0.7724609375 0.037109375 0.037109375
0 0.6689453125 0.65625 0.037109375 0.037109375