0 0.290625 0.90859375 0.059375 0.0609375
0 0.0875 0.89921875 0.059375 0.0609375
0 0.37890625 0.85546875 0.0484375 0.0484375
0 0.8578125 0.153125 0.121875 0.121875
0 0.765625 0.0953125 0.121875 0.121875
0 0.765625 0.2046875 0.121875 0.121875
0 0.65625 0.1390625 0.109375 0.109375
0 0.565625 0.0859375 0.121875 0.121875
0 0.5734375 0.1953125 0.121875 0.121875
0 0.471875 0.13125 0.121875 0.121875
0 0.38125 0.0875 0.121875 0.121875
0 0.3703125 0.2 0.121875 0.121875
0 0.2828125 0.140625 0.109375 0.109375
0 0.1921875 0.19375 0.109375 0.109375
0 0.1921875 0.071875 0.109375 0.109375
0 0.084375 0.1359375 0.109375 0.109375
0 0.290625 0.2484375 0.109375 0.109375
0 0.09375 0.24375 0.109375 0.109375
0 0.2 0.3125 0.109375 0.109375
0 0.0890625 0.35625 0.109375 0.109375
0 0.0890625 0.4671875 0.109375 0.109375
0 0.0921875 0.584375 0.121875 0.121875
0 0.090625 0.69453125 0.096875 0.0984375
0 0.1859375 0.40625 0.109375 0.109375
0 0.178125 0.52578125 0.096875 0.0984375
0 0.1796875 0.63984375 0.096875 0.0984375
0 0.178125 0.75078125 0.096875 0.0984375
0 0.2765625 0.36015625 0.109375 0.1109375
0 0.278125 0.46875 0.109375 0.109375
0 0.2859375 0.5828125 0.121875 0.121875
0 0.296875 0.6890625 0.109375 0.109375
0 0.3859375 0.3046875 0.121875 0.121875
0 0.384375 0.396875 0.121875 0.121875
0 0.3796875 0.528125 0.121875 0.121875
0 0.3796875 0.640625 0.121875 0.121875
0 0.475 0.2453125 0.121875 0.121875
0 0.478125 0.3421875 0.121875 0.121875
0 0.475 0.4609375 0.121875 0.121875
0 0.4640625 0.5703125 0.121875 0.121875
0 0.4703125 0.6890625 0.109375 0.109375
0 0.5625 0.740625 0.109375 0.109375
0 0.5578125 0.62578125 0.109375 0.1109375
0 0.5703125 0.52109375 0.109375 0.1109375
0 0.5640625 0.2984375 0.121875 0.121875
0 0.65625 0.3796875 0.121875 0.121875
0 0.659375 0.259375 0.121875 0.121875
0 0.5734375 0.409375 0.109375 0.109375
0 0.6609375 0.478125 0.109375 0.109375
0 0.6609375 0.59375 0.121875 0.121875
0 0.66875 0.68515625 0.109375 0.1109375
0 0.7640625 0.3265625 0.121875 0.121875
0 0.7640625 0.41875 0.121875 0.121875
0 0.7625 0.5234375 0.121875 0.121875
0 0.75 0.63125 0.109375 0.109375
0 0.7578125 0.7265625 0.121875 0.121875
0 0.85 0.475 0.109375 0.109375
0 0.8515625 0.3625 0.109375 0.109375
0 0.8640625 0.25 0.109375 0.109375
0 0.934375 0.534375 0.121875 0.121875
0 0.8546875 0.6140625 0.121875 0.121875
0 0.859375 0.715625 0.121875 0.121875
0 0.840625 0.91875 0.121875 0.121875
0 0.0859375 0.82578125 0.096875 0.0984375
0 0.46640625 0.79453125 0.0484375 0.0484375
0 0.46171875 0.90234375 0.0484375 0.0484375
0 0.38046875 0.96171875 0.0484375 0.0484375
0 0.28671875 0.80859375 0.0484375 0.0484375
0 0.38671875 0.74140625 0.0484375 0.0484375
0 0.18515625 0.85546875 0.0359375 0.0359375