0 0.2177734375 0.54150390625 0.048828125 0.0498046875
0 0.3125 0.61962890625 0.048828125 0.0498046875
0 0.2099609375 0.77294921875 0.048828125 0.0498046875
0 0.1044921875 0.60986328125 0.037109375 0.0361328125
0 0.31103515625 0.71435546875 0.0361328125 0.0361328125
0 0.302734375 0.87158203125 0.048828125 0.0498046875
0 0.203125 0.9091796875 0.048828125 0.048828125
0 0.3076171875 0.953125 0.048828125 0.048828125
0 0.39208984375 0.970703125 0.0361328125 0.037109375
0 0.76708984375 0.77880859375 0.0615234375 0.0615234375
0 0.5966796875 0.1279296875 0.09765625 0.09765625
0 0.6005859375 0.21630859375 0.09765625 0.0986328125
0 0.498046875 0.28369140625 0.09765625 0.0986328125
0 0.51171875 0.1650390625 0.0859375 0.0859375
0 0.5048828125 0.0595703125 0.0859375 0.0859375
0 0.4111328125 0.10595703125 0.09765625 0.0986328125
0 0.404296875 0.22216796875 0.09765625 0.0986328125
0 0.41162109375 0.32861328125 0.0849609375 0.0869140625
0 0.31591796875 0.17138671875 0.1103515625 0.1103515625
0 0.314453125 0.05322265625 0.09765625 0.0986328125
0 0.216796875 0.11669921875 0.109375 0.1103515625
0 0.212890625 0.22216796875 0.109375 0.1103515625
0 0.1171875 0.16650390625 0.09765625 0.0986328125
0 0.1240234375 0.05712890625 0.09765625 0.0986328125
0 0.1162109375 0.27734375 0.048828125 0.048828125
0 0.3173828125 0.28466796875 0.060546875 0.0615234375
0 0.224609375 0.3349609375 0.048828125 0.048828125
0 0.70654296875 0.15087890625 0.1103515625 0.1103515625
0 0.69921875 0.28173828125 0.09765625 0.0986328125
0 0.5966796875 0.3310546875 0.0859375 0.0859375
0 0.69775390625 0.39404296875 0.1103515625 0.1103515625
0 0.79052734375 0.33203125 0.0849609375 0.0859375
0 0.7939453125 0.23095703125 0.09765625 0.0986328125
0 0.7919921875 0.11279296875 0.09765625 0.0986328125
0 0.892578125 0.1689453125 0.0859375 0.0859375
0 0.8955078125 0.26806640625 0.09765625 0.0986328125
0 0.8916015625 0.39013671875 0.09765625 0.0986328125
0 0.880859375 0.49658203125 0.09765625 0.0986328125
0 0.8828125 0.60009765625 0.09765625 0.0986328125
0 0.8876953125 0.71826171875 0.09765625 0.0986328125
0 0.79150390625 0.43701171875 0.0849609375 0.0869140625
0 0.681640625 0.49365234375 0.048828125 0.0498046875
0 0.6005859375 0.45166015625 0.09765625 0.0986328125
0 0.87548828125 0.9453125 0.0361328125 0.037109375
0 0.79541015625 0.8798828125 0.0361328125 0.037109375
0 0.6923828125 0.9345703125 0.037109375 0.037109375
0 0.1005859375 0.818359375 0.037109375 0.037109375
0 0.11328125 0.48876953125 0.048828125 0.0498046875
0 0.22412109375 0.44140625 0.0361328125 0.037109375
0 0.32666015625 0.3876953125 0.0361328125 0.037109375
0 0.22265625 0.64794921875 0.048828125 0.0498046875
0 0.41357421875 0.78564453125 0.0361328125 0.0361328125
0 0.39453125 0.5654296875 0.048828125 0.048828125
0 0.4072265625 0.4453125 0.048828125 0.048828125
0 0.4892578125 0.4736328125 0.037109375 0.037109375
0 0.48046875 0.62109375 0.037109375 0.037109375
0 0.62890625 0.578125 0.037109375 0.037109375
0 0.67919921875 0.7041015625 0.0361328125 0.037109375
0 0.787109375 0.5595703125 0.037109375 0.037109375
0 0.59765625 0.763671875 0.037109375 0.037109375
0 0.69189453125 0.80517578125 0.0244140625 0.0244140625
0 0.38330078125 0.666015625 0.0361328125 0.037109375
0 0.10107421875 0.9296875 0.0361328125 0.037109375
0 0.54150390625 0.88134765625 0.0361328125 0.0361328125
0 0.8818359375 0.8310546875 0.037109375 0.037109375
0 0.505859375 0.392578125 0.09765625 0.09765625