0 0.15087890625 0.03173828125 0.0615234375 0.0615234375
0 0.13330078125 0.1923828125 0.0615234375 0.060546875
0 0.1416015625 0.55078125 0.048828125 0.048828125
0 0.20703125 0.4716796875 0.048828125 0.048828125
0 0.19091796875 0.28857421875 0.0615234375 0.0615234375
0 0.08251953125 0.46875 0.0615234375 0.060546875
0 0.04638671875 0.548828125 0.0615234375 0.060546875
0 0.03515625 0.19921875 0.048828125 0.048828125
0 0.17529296875 0.6630859375 0.0498046875 0.048828125
0 0.07861328125 0.6591796875 0.0498046875 0.048828125
0 0.11572265625 0.75244140625 0.0615234375 0.0615234375
0 0.08349609375 0.8515625 0.0498046875 0.048828125
0 0.17919921875 0.8515625 0.0498046875 0.048828125
0 0.2177734375 0.9580078125 0.048828125 0.048828125
0 0.21728515625 0.75390625 0.0498046875 0.048828125
0 0.36376953125 0.19384765625 0.0615234375 0.0615234375
0 0.29736328125 0.29248046875 0.0615234375 0.0615234375
0 0.267578125 0.1875 0.060546875 0.060546875
0 0.45849609375 0.19482421875 0.0615234375 0.0615234375
0 0.4208984375 0.12255859375 0.07421875 0.0732421875
0 0.251953125 0.033203125 0.048828125 0.048828125
0 0.294921875 0.1220703125 0.060546875 0.060546875
0 0.8955078125 0.11767578125 0.0859375 0.0849609375
0 0.798828125 0.11865234375 0.0859375 0.0849609375
0 0.8466796875 0.220703125 0.09765625 0.09765625
0 0.7919921875 0.30908203125 0.123046875 0.1220703125
0 0.91015625 0.31396484375 0.123046875 0.1220703125
0 0.8466796875 0.39794921875 0.123046875 0.1220703125
0 0.90478515625 0.5009765625 0.0986328125 0.09765625
0 0.78515625 0.50537109375 0.0859375 0.0849609375
0 0.8408203125 0.5830078125 0.0859375 0.0859375
0 0.89453125 0.6875 0.0859375 0.0859375
0 0.92822265625 0.771484375 0.0986328125 0.09765625
0 0.83740234375 0.775390625 0.0986328125 0.09765625
0 0.85546875 0.8837890625 0.0859375 0.0859375
0 0.0712890625 0.02880859375 0.037109375 0.0361328125
0 0.0810546875 0.115234375 0.048828125 0.048828125
0 0.193359375 0.10546875 0.037109375 0.037109375
0 0.08984375 0.2802734375 0.048828125 0.048828125
0 0.1455078125 0.36328125 0.048828125 0.048828125
0 0.24365234375 0.3681640625 0.0615234375 0.060546875
0 0.24658203125 0.55712890625 0.0244140625 0.0244140625
0 0.27734375 0.849609375 0.048828125 0.048828125
0 0.1162109375 0.955078125 0.048828125 0.048828125
0 0.02880859375 0.35205078125 0.0244140625 0.0244140625
0 0.27978515625 0.64990234375 0.0244140625 0.0244140625