0 0.3583984375 0.44384765625 0.048828125 0.0498046875
0 0.2724609375 0.45654296875 0.060546875 0.0615234375
0 0.63134765625 0.93798828125 0.0732421875 0.0732421875
0 0.63134765625 0.70166015625 0.0615234375 0.0615234375
0 0.63671875 0.48095703125 0.048828125 0.0498046875
0 0.6318359375 0.82568359375 0.060546875 0.0615234375
0 0.54541015625 0.8662109375 0.0361328125 0.037109375
0 0.1875 0.90673828125 0.060546875 0.0615234375
0 0.2734375 0.66455078125 0.060546875 0.0615234375
0 0.3583984375 0.56787109375 0.060546875 0.0615234375
0 0.2763671875 0.55126953125 0.060546875 0.0615234375
0 0.103515625 0.724609375 0.048828125 0.048828125
0 0.1025390625 0.630859375 0.048828125 0.048828125
0 0.2802734375 0.7587890625 0.048828125 0.048828125
0 0.1923828125 0.7958984375 0.060546875 0.060546875
0 0.44677734375 0.51025390625 0.0615234375 0.0615234375
0 0.19580078125 0.71923828125 0.0615234375 0.0615234375
0 0.3486328125 0.7900390625 0.048828125 0.048828125
0 0.64013671875 0.03955078125 0.0615234375 0.0615234375
0 0.64306640625 0.15380859375 0.0615234375 0.0615234375
0 0.63671875 0.36865234375 0.060546875 0.0615234375
0 0.640625 0.25439453125 0.060546875 0.0615234375
0 0.7158203125 0.333984375 0.048828125 0.048828125
0 0.82373046875 0.0478515625 0.0732421875 0.07421875
0 0.72119140625 0.22314453125 0.0732421875 0.0732421875
0 0.82958984375 0.26806640625 0.0615234375 0.0615234375
0 0.712890625 0.78369140625 0.060546875 0.0615234375
0 0.8203125 0.72900390625 0.060546875 0.0615234375
0 0.9375 0.76123046875 0.060546875 0.0615234375
0 0.818359375 0.84619140625 0.060546875 0.0615234375
0 0.822265625 0.95458984375 0.060546875 0.0615234375
0 0.7119140625 0.54931640625 0.048828125 0.0498046875
0 0.71484375 0.90966796875 0.060546875 0.0615234375
0 0.11376953125 0.35205078125 0.0615234375 0.0615234375
0 0.26806640625 0.22607421875 0.0615234375 0.0615234375
0 0.193359375 0.03271484375 0.060546875 0.0615234375
0 0.1015625 0.15869140625 0.048828125 0.0498046875
0 0.28515625 0.13134765625 0.060546875 0.0615234375
0 0.45361328125 0.39013671875 0.0615234375 0.0615234375
0 0.099609375 0.04345703125 0.048828125 0.0498046875
0 0.552734375 0.0986328125 0.048828125 0.048828125
0 0.927734375 0.8896484375 0.048828125 0.048828125
0 0.4482421875 0.96142578125 0.037109375 0.0361328125
0 0.2724609375 0.9541015625 0.037109375 0.037109375
0 0.107421875 0.9453125 0.048828125 0.048828125
0 0.9580078125 0.02587890625 0.048828125 0.0498046875
0 0.72412109375 0.1015625 0.0849609375 0.0859375
0 0.8232421875 0.3837890625 0.037109375 0.037109375
0 0.94677734375 0.3583984375 0.0361328125 0.037109375
0 0.82666015625 0.13525390625 0.0244140625 0.0244140625
0 0.9423828125 0.568359375 0.037109375 0.037109375
0 0.9365234375 0.66455078125 0.060546875 0.0615234375
0 0.8251953125 0.5029296875 0.037109375 0.037109375
0 0.82421875 0.6201171875 0.037109375 0.037109375
0 0.712890625 0.6884765625 0.048828125 0.048828125
0 0.63525390625 0.6044921875 0.0361328125 0.037109375
0 0.716796875 0.4453125 0.048828125 0.048828125
0 0.9384765625 0.4619140625 0.037109375 0.037109375
0 0.4619140625 0.0634765625 0.037109375 0.037109375
0 0.4580078125 0.1611328125 0.037109375 0.037109375
0 0.1923828125 0.13037109375 0.048828125 0.0498046875
0 0.36669921875 0.2119140625 0.0361328125 0.037109375
0 0.3623046875 0.34033203125 0.048828125 0.0498046875
0 0.44775390625 0.60986328125 0.0361328125 0.0361328125
0 0.546875 0.42578125 0.037109375 0.037109375
0 0.2763671875 0.33837890625 0.048828125 0.0498046875
0 0.34765625 0.671875 0.037109375 0.037109375
0 0.1962890625 0.31591796875 0.048828125 0.0498046875
0 0.19091796875 0.41943359375 0.0615234375 0.0615234375
0 0.1943359375 0.5 0.048828125 0.048828125
0 0.1962890625 0.58203125 0.048828125 0.048828125
0 0.1044921875 0.51953125 0.048828125 0.048828125
0 0.109375 0.4267578125 0.048828125 0.048828125
0 0.1064453125 0.25927734375 0.048828125 0.0498046875
0 0.54052734375 0.75634765625 0.0361328125 0.0361328125
0 0.443359375 0.8505859375 0.037109375 0.037109375
0 0.275390625 0.8603515625 0.048828125 0.048828125
0 0.3515625 0.8916015625 0.037109375 0.037109375
0 0.10400390625 0.81103515625 0.0244140625 0.0244140625