0 0.79736328125 0.1181640625 0.0732421875 0.07421875
0 0.79345703125 0.55810546875 0.0615234375 0.0615234375
0 0.51953125 0.5 0.0859375 0.0859375
0 0.51513671875 0.9296875 0.0732421875 0.07421875
0 0.88623046875 0.720703125 0.1103515625 0.111328125
0 0.88671875 0.619140625 0.0859375 0.0859375
0 0.89013671875 0.517578125 0.0732421875 0.07421875
0 0.89306640625 0.400390625 0.0849609375 0.0859375
0 0.89208984375 0.27734375 0.0849609375 0.0859375
0 0.890625 0.17578125 0.0859375 0.0859375
0 0.90380859375 0.07568359375 0.1103515625 0.1103515625
0 0.802734375 0.228515625 0.0859375 0.0859375
0 0.7978515625 0.341796875 0.09765625 0.09765625
0 0.79638671875 0.4541015625 0.0849609375 0.0859375
0 0.79345703125 0.67626953125 0.1103515625 0.1103515625
0 0.69775390625 0.72412109375 0.1103515625 0.1103515625
0 0.7001953125 0.61083984375 0.109375 0.1103515625
0 0.70166015625 0.49560546875 0.1103515625 0.1103515625
0 0.7109375 0.37939453125 0.09765625 0.0986328125
0 0.71875 0.28076171875 0.109375 0.1103515625
0 0.7138671875 0.19580078125 0.109375 0.1103515625
0 0.71923828125 0.0712890625 0.1103515625 0.111328125
0 0.62451171875 0.13232421875 0.1103515625 0.1103515625
0 0.61572265625 0.23095703125 0.1103515625 0.1103515625
0 0.61279296875 0.34814453125 0.1103515625 0.1103515625
0 0.6064453125 0.447265625 0.0859375 0.0859375
0 0.6201171875 0.5615234375 0.109375 0.111328125
0 0.6171875 0.6552734375 0.09765625 0.09765625
0 0.5126953125 0.70849609375 0.0859375 0.0869140625
0 0.51171875 0.609375 0.0859375 0.0859375
0 0.51318359375 0.40673828125 0.1103515625 0.1103515625
0 0.52001953125 0.279296875 0.1103515625 0.111328125
0 0.53515625 0.16845703125 0.09765625 0.0986328125
0 0.5302734375 0.068359375 0.09765625 0.09765625
0 0.4228515625 0.123046875 0.0859375 0.0859375
0 0.4345703125 0.220703125 0.09765625 0.09765625
0 0.431640625 0.33349609375 0.109375 0.1103515625
0 0.4267578125 0.4404296875 0.109375 0.111328125
0 0.423828125 0.5537109375 0.109375 0.111328125
0 0.42626953125 0.68359375 0.0849609375 0.0859375
0 0.3330078125 0.7109375 0.09765625 0.09765625
0 0.3271484375 0.60546875 0.0859375 0.0859375
0 0.32421875 0.49658203125 0.09765625 0.0986328125
0 0.328125 0.3857421875 0.09765625 0.09765625
0 0.3349609375 0.2763671875 0.109375 0.111328125
0 0.3330078125 0.1748046875 0.09765625 0.09765625
0 0.34423828125 0.0791015625 0.0849609375 0.0859375
0 0.203125 0.23095703125 0.09765625 0.0986328125
0 0.2119140625 0.3427734375 0.09765625 0.09765625
0 0.2080078125 0.44677734375 0.09765625 0.0986328125
0 0.208984375 0.53369140625 0.09765625 0.0986328125
0 0.20654296875 0.6630859375 0.0849609375 0.0859375
0 0.1162109375 0.716796875 0.0859375 0.0859375
0 0.12158203125 0.59619140625 0.1103515625 0.1103515625
0 0.1201171875 0.48681640625 0.09765625 0.0986328125
0 0.1123046875 0.38134765625 0.09765625 0.0986328125
0 0.115234375 0.29150390625 0.109375 0.1103515625
0 0.115234375 0.162109375 0.0859375 0.0859375
0 0.12451171875 0.0537109375 0.0849609375 0.0859375
0 0.11865234375 0.822265625 0.0849609375 0.0859375
0 0.3193359375 0.828125 0.048828125 0.048828125
0 0.1142578125 0.9189453125 0.09765625 0.09765625
0 0.21044921875 0.76806640625 0.0849609375 0.0869140625
0 0.20361328125 0.87060546875 0.0732421875 0.0732421875
0 0.33447265625 0.93603515625 0.0732421875 0.0732421875
0 0.4248046875 0.7666015625 0.0859375 0.0859375
0 0.41455078125 0.8876953125 0.0732421875 0.07421875
0 0.51318359375 0.828125 0.0732421875 0.07421875
0 0.60693359375 0.7880859375 0.0849609375 0.0859375
0 0.61083984375 0.890625 0.1220703125 0.123046875
0 0.6923828125 0.83642578125 0.109375 0.1103515625
0 0.79150390625 0.8896484375 0.0732421875 0.07421875
0 0.892578125 0.84033203125 0.109375 0.1103515625
0 0.88623046875 0.92626953125 0.0732421875 0.0732421875
0 0.7900390625 0.7802734375 0.109375 0.111328125