0 0.13818359375 0.517578125 0.1103515625 0.111328125
0 0.1357421875 0.626953125 0.09765625 0.09765625
0 0.1337890625 0.72900390625 0.109375 0.1103515625
0 0.12890625 0.82861328125 0.109375 0.1103515625
0 0.22314453125 0.89404296875 0.1103515625 0.1103515625
0 0.2275390625 0.78515625 0.09765625 0.09765625
0 0.22509765625 0.6708984375 0.1103515625 0.111328125
0 0.2255859375 0.568359375 0.09765625 0.09765625
0 0.32177734375 0.5107421875 0.0732421875 0.07421875
0 0.318359375 0.6171875 0.0859375 0.0859375
0 0.31640625 0.7197265625 0.0859375 0.0859375
0 0.30908203125 0.8369140625 0.0849609375 0.0859375
0 0.322265625 0.94775390625 0.09765625 0.0986328125
0 0.4140625 0.9033203125 0.109375 0.111328125
0 0.4130859375 0.7880859375 0.109375 0.111328125
0 0.416015625 0.67626953125 0.109375 0.1103515625
0 0.4130859375 0.57080078125 0.09765625 0.0986328125
0 0.5048828125 0.8408203125 0.109375 0.111328125
0 0.505859375 0.74267578125 0.09765625 0.0986328125
0 0.49951171875 0.623046875 0.1220703125 0.123046875
0 0.50341796875 0.52392578125 0.1103515625 0.1103515625
0 0.60693359375 0.56884765625 0.1103515625 0.1103515625
0 0.60400390625 0.68408203125 0.1103515625 0.1103515625
0 0.60205078125 0.90087890625 0.1103515625 0.1103515625
0 0.6025390625 0.7958984375 0.048828125 0.048828125
0 0.6875 0.85009765625 0.09765625 0.0986328125
0 0.6982421875 0.74169921875 0.109375 0.1103515625
0 0.6943359375 0.61865234375 0.09765625 0.0986328125
0 0.6884765625 0.50146484375 0.109375 0.1103515625
0 0.79345703125 0.55078125 0.1220703125 0.123046875
0 0.79541015625 0.67626953125 0.1220703125 0.1220703125
0 0.79345703125 0.79052734375 0.1220703125 0.1220703125
0 0.7900390625 0.89892578125 0.109375 0.1103515625
0 0.8857421875 0.94287109375 0.109375 0.1103515625
0 0.8916015625 0.84130859375 0.09765625 0.0986328125
0 0.88427734375 0.7275390625 0.1220703125 0.123046875
0 0.88525390625 0.6083984375 0.1220703125 0.123046875
0 0.88525390625 0.4990234375 0.1220703125 0.123046875
0 0.88818359375 0.37744140625 0.1220703125 0.1220703125
0 0.88818359375 0.28515625 0.1220703125 0.123046875
0 0.88916015625 0.1796875 0.1220703125 0.123046875
0 0.9013671875 0.07275390625 0.109375 0.1103515625
0 0.71142578125 0.392578125 0.1220703125 0.123046875
0 0.70654296875 0.28466796875 0.1220703125 0.1220703125
0 0.80126953125 0.22900390625 0.1103515625 0.1103515625
0 0.80029296875 0.34033203125 0.1103515625 0.1103515625
0 0.78759765625 0.45263671875 0.1103515625 0.1103515625
0 0.71728515625 0.16943359375 0.1220703125 0.1220703125
0 0.79638671875 0.0888671875 0.1220703125 0.123046875
0 0.69775390625 0.08740234375 0.1103515625 0.1103515625
0 0.609375 0.12353515625 0.109375 0.1103515625
0 0.6025390625 0.24560546875 0.109375 0.1103515625
0 0.6103515625 0.34619140625 0.109375 0.1103515625
0 0.60546875 0.45361328125 0.109375 0.1103515625
0 0.50634765625 0.4072265625 0.1220703125 0.123046875
0 0.51025390625 0.294921875 0.1220703125 0.123046875
0 0.5078125 0.18994140625 0.109375 0.1103515625
0 0.5009765625 0.09423828125 0.109375 0.1103515625
0 0.41748046875 0.12939453125 0.1103515625 0.1103515625
0 0.42041015625 0.23095703125 0.1103515625 0.1103515625
0 0.41357421875 0.3486328125 0.1103515625 0.111328125
0 0.41650390625 0.453125 0.1103515625 0.111328125
0 0.32421875 0.40625 0.109375 0.111328125
0 0.322265625 0.294921875 0.109375 0.111328125
0 0.3291015625 0.1865234375 0.09765625 0.09765625
0 0.322265625 0.07177734375 0.09765625 0.0986328125
0 0.236328125 0.1201171875 0.109375 0.111328125
0 0.22119140625 0.240234375 0.1220703125 0.123046875
0 0.22216796875 0.35546875 0.0732421875 0.07421875
0 0.23046875 0.44970703125 0.09765625 0.0986328125
0 0.13720703125 0.3896484375 0.1220703125 0.123046875
0 0.13720703125 0.29345703125 0.1103515625 0.1103515625
0 0.140625 0.1904296875 0.09765625 0.09765625
0 0.1435546875 0.0703125 0.109375 0.111328125