0 0.107421875 0.89599609375 0.09765625 0.0986328125
0 0.11474609375 0.78515625 0.1220703125 0.123046875
0 0.10693359375 0.6767578125 0.1220703125 0.123046875
0 0.20849609375 0.740234375 0.1220703125 0.123046875
0 0.203125 0.8564453125 0.09765625 0.09765625
0 0.29833984375 0.9013671875 0.1220703125 0.123046875
0 0.30029296875 0.7841796875 0.1220703125 0.123046875
0 0.31005859375 0.671875 0.1220703125 0.123046875
0 0.396484375 0.84326171875 0.109375 0.1103515625
0 0.3974609375 0.72998046875 0.109375 0.1103515625
0 0.48828125 0.67822265625 0.109375 0.1103515625
0 0.48828125 0.79931640625 0.109375 0.1103515625
0 0.4814453125 0.89892578125 0.109375 0.1103515625
0 0.59033203125 0.83935546875 0.1103515625 0.1103515625
0 0.59619140625 0.73583984375 0.1103515625 0.1103515625
0 0.68212890625 0.67626953125 0.1103515625 0.1103515625
0 0.69189453125 0.78955078125 0.1103515625 0.1103515625
0 0.68212890625 0.90283203125 0.1103515625 0.1103515625
0 0.77685546875 0.83837890625 0.0732421875 0.0732421875
0 0.7763671875 0.73193359375 0.09765625 0.0986328125
0 0.8701171875 0.6708984375 0.09765625 0.09765625
0 0.94970703125 0.7236328125 0.0361328125 0.037109375
0 0.8671875 0.9130859375 0.0859375 0.0859375
0 0.869140625 0.7880859375 0.0859375 0.0859375
0 0.3896484375 0.62353515625 0.109375 0.1103515625
0 0.58642578125 0.62744140625 0.1103515625 0.1103515625
0 0.6845703125 0.56298828125 0.109375 0.1103515625
0 0.78857421875 0.6142578125 0.1220703125 0.123046875
0 0.87646484375 0.5517578125 0.0732421875 0.07421875
0 0.78125 0.51318359375 0.109375 0.1103515625
0 0.48095703125 0.55908203125 0.1103515625 0.1103515625
0 0.78173828125 0.4140625 0.0849609375 0.0859375
0 0.79541015625 0.3017578125 0.1220703125 0.123046875
0 0.787109375 0.17822265625 0.09765625 0.0986328125
0 0.6884765625 0.45849609375 0.109375 0.1103515625
0 0.6865234375 0.34619140625 0.09765625 0.0986328125
0 0.6865234375 0.23095703125 0.109375 0.1103515625
0 0.69287109375 0.12939453125 0.1103515625 0.1103515625
0 0.59130859375 0.51513671875 0.1103515625 0.1103515625
0 0.59130859375 0.40478515625 0.1103515625 0.1103515625
0 0.58837890625 0.28759765625 0.1220703125 0.1220703125
0 0.5908203125 0.17822265625 0.09765625 0.0986328125
0 0.49560546875 0.46533203125 0.1103515625 0.1103515625
0 0.5029296875 0.34619140625 0.09765625 0.0986328125
0 0.5009765625 0.23193359375 0.09765625 0.0986328125
0 0.5029296875 0.12158203125 0.09765625 0.0986328125
0 0.404296875 0.5126953125 0.109375 0.111328125
0 0.40234375 0.40283203125 0.109375 0.1103515625
0 0.39501953125 0.2880859375 0.1220703125 0.123046875
0 0.38427734375 0.18212890625 0.1103515625 0.1103515625
0 0.29443359375 0.56640625 0.1220703125 0.123046875
0 0.29638671875 0.474609375 0.1220703125 0.123046875
0 0.30126953125 0.3427734375 0.1220703125 0.123046875
0 0.30126953125 0.23046875 0.1220703125 0.123046875
0 0.20654296875 0.6259765625 0.1220703125 0.123046875
0 0.20263671875 0.529296875 0.1220703125 0.123046875
0 0.20654296875 0.4111328125 0.1220703125 0.123046875
0 0.21630859375 0.30078125 0.1220703125 0.123046875
0 0.2099609375 0.18212890625 0.109375 0.1103515625
0 0.11865234375 0.13134765625 0.1103515625 0.1103515625
0 0.12255859375 0.2470703125 0.1103515625 0.111328125
0 0.11083984375 0.3515625 0.1103515625 0.111328125
0 0.11669921875 0.572265625 0.1220703125 0.123046875
0 0.10791015625 0.46142578125 0.1103515625 0.1103515625
0 0.2158203125 0.078125 0.048828125 0.048828125
0 0.3955078125 0.0634765625 0.048828125 0.048828125
0 0.294921875 0.130859375 0.048828125 0.048828125
0 0.7822265625 0.07763671875 0.037109375 0.0361328125
0 0.88427734375 0.0966796875 0.0361328125 0.037109375
0 0.9638671875 0.0712890625 0.037109375 0.037109375
0 0.962890625 0.1875 0.037109375 0.037109375