0 0.158203125 0.53173828125 0.060546875 0.0615234375
0 0.060546875 0.60888671875 0.060546875 0.0615234375
0 0.05908203125 0.7109375 0.0732421875 0.07421875
0 0.4423828125 0.3359375 0.048828125 0.048828125
0 0.34423828125 0.42529296875 0.0615234375 0.0615234375
0 0.25244140625 0.38037109375 0.0615234375 0.0615234375
0 0.61083984375 0.85302734375 0.0615234375 0.0615234375
0 0.5361328125 0.65966796875 0.060546875 0.0615234375
0 0.4443359375 0.78564453125 0.048828125 0.0498046875
0 0.6279296875 0.75830078125 0.060546875 0.0615234375
0 0.90283203125 0.50634765625 0.0615234375 0.0615234375
0 0.8115234375 0.37109375 0.037109375 0.037109375
0 0.54150390625 0.326171875 0.0361328125 0.037109375
0 0.34619140625 0.65576171875 0.0615234375 0.0615234375
0 0.9013671875 0.40673828125 0.048828125 0.0498046875
0 0.623046875 0.30078125 0.037109375 0.037109375
0 0.5341796875 0.431640625 0.048828125 0.048828125
0 0.4423828125 0.67041015625 0.048828125 0.0498046875
0 0.89892578125 0.63330078125 0.0615234375 0.0615234375
0 0.8955078125 0.7255859375 0.048828125 0.048828125
0 0.2666015625 0.59423828125 0.048828125 0.0498046875
0 0.90380859375 0.31103515625 0.0615234375 0.0615234375
0 0.72314453125 0.19189453125 0.0732421875 0.0732421875
0 0.724609375 0.09912109375 0.048828125 0.0498046875
0 0.62646484375 0.20068359375 0.1220703125 0.1220703125
0 0.52734375 0.21240234375 0.09765625 0.0986328125
0 0.52392578125 0.10986328125 0.1103515625 0.1103515625
0 0.43505859375 0.1220703125 0.1220703125 0.123046875
0 0.4345703125 0.25634765625 0.109375 0.1103515625
0 0.34521484375 0.0888671875 0.1220703125 0.123046875
0 0.345703125 0.20654296875 0.09765625 0.0986328125
0 0.25048828125 0.2744140625 0.1103515625 0.111328125
0 0.2412109375 0.15234375 0.09765625 0.09765625
0 0.15625 0.0927734375 0.09765625 0.09765625
0 0.1533203125 0.2060546875 0.109375 0.111328125
0 0.1591796875 0.3017578125 0.0859375 0.0859375
0 0.0654296875 0.1279296875 0.109375 0.111328125
0 0.06201171875 0.25 0.1220703125 0.123046875
0 0.06982421875 0.3583984375 0.1220703125 0.123046875
0 0.80224609375 0.13818359375 0.0361328125 0.0361328125
0 0.9091796875 0.0947265625 0.037109375 0.037109375
0 0.908203125 0.20556640625 0.048828125 0.0498046875
0 0.80615234375 0.24560546875 0.0361328125 0.0361328125
0 0.8046875 0.4697265625 0.037109375 0.037109375
0 0.802734375 0.5859375 0.037109375 0.037109375
0 0.8046875 0.6904296875 0.037109375 0.037109375
0 0.80078125 0.7880859375 0.037109375 0.037109375
0 0.7255859375 0.4111328125 0.048828125 0.048828125
0 0.61669921875 0.421875 0.0361328125 0.037109375
0 0.62841796875 0.5478515625 0.0361328125 0.037109375
0 0.6279296875 0.630859375 0.048828125 0.048828125
0 0.7216796875 0.52392578125 0.060546875 0.0615234375
0 0.533203125 0.541015625 0.037109375 0.037109375
0 0.435546875 0.591796875 0.048828125 0.048828125
0 0.4384765625 0.4873046875 0.037109375 0.037109375
0 0.345703125 0.3310546875 0.048828125 0.048828125
0 0.3408203125 0.53857421875 0.048828125 0.0498046875
0 0.267578125 0.68603515625 0.048828125 0.0498046875
0 0.26318359375 0.49462890625 0.0615234375 0.0615234375
0 0.1494140625 0.41943359375 0.048828125 0.0498046875
0 0.064453125 0.48193359375 0.060546875 0.0615234375
0 0.06298828125 0.806640625 0.0244140625 0.025390625
0 0.1640625 0.7509765625 0.048828125 0.048828125
0 0.158203125 0.63330078125 0.048828125 0.0498046875
0 0.341796875 0.75732421875 0.048828125 0.0498046875
0 0.53515625 0.75732421875 0.048828125 0.0498046875
0 0.70947265625 0.8388671875 0.0361328125 0.037109375
0 0.705078125 0.96728515625 0.048828125 0.0498046875
0 0.619140625 0.96533203125 0.048828125 0.0498046875
0 0.5390625 0.94287109375 0.048828125 0.0498046875
0 0.44921875 0.88623046875 0.048828125 0.0498046875
0 0.3369140625 0.87109375 0.048828125 0.048828125
0 0.26318359375 0.91455078125 0.0244140625 0.0244140625
0 0.15380859375 0.84326171875 0.0244140625 0.0244140625