0 0.81484375 0.43203125 0.0609375 0.0609375
0 0.721875 0.94296875 0.059375 0.0609375
0 0.54140625 0.37421875 0.0859375 0.0859375
0 0.225 0.8578125 0.071875 0.071875
0 0.5359375 0.80390625 0.071875 0.0734375
0 0.90625 0.59453125 0.109375 0.1109375
0 0.90859375 0.49296875 0.0859375 0.0859375
0 0.9109375 0.39140625 0.071875 0.0734375
0 0.9140625 0.27421875 0.084375 0.0859375
0 0.9125 0.15078125 0.084375 0.0859375
0 0.91171875 0.04921875 0.0859375 0.0859375
0 0.82421875 0.10234375 0.0859375 0.0859375
0 0.81875 0.215625 0.096875 0.096875
0 0.8171875 0.32890625 0.084375 0.0859375
0 0.8140625 0.55 0.109375 0.109375
0 0.71875 0.596875 0.109375 0.109375
0 0.7203125 0.484375 0.109375 0.109375
0 0.721875 0.36875 0.109375 0.109375
0 0.73125 0.25390625 0.096875 0.0984375
0 0.7390625 0.1546875 0.109375 0.109375
0 0.734375 0.06875 0.109375 0.109375
0 0.6359375 0.1046875 0.109375 0.109375
0 0.6328125 0.221875 0.109375 0.109375
0 0.62734375 0.32109375 0.0859375 0.0859375
0 0.640625 0.43515625 0.109375 0.1109375
0 0.6375 0.528125 0.096875 0.096875
0 0.53359375 0.58203125 0.0859375 0.0859375
0 0.53359375 0.48359375 0.0859375 0.0859375
0 0.534375 0.2796875 0.109375 0.109375
0 0.540625 0.15390625 0.109375 0.1109375
0 0.4546875 0.09375 0.096875 0.096875
0 0.453125 0.20625 0.109375 0.109375
0 0.446875 0.31484375 0.109375 0.1109375
0 0.4453125 0.42734375 0.109375 0.1109375
0 0.446875 0.55703125 0.084375 0.0859375
0 0.353125 0.584375 0.096875 0.096875
0 0.34921875 0.47890625 0.0859375 0.0859375
0 0.3453125 0.37109375 0.096875 0.0984375
0 0.3484375 0.259375 0.096875 0.096875
0 0.35625 0.15078125 0.109375 0.1109375
0 0.2234375 0.10546875 0.096875 0.0984375
0 0.2328125 0.215625 0.096875 0.096875
0 0.228125 0.32109375 0.096875 0.0984375
0 0.2296875 0.40703125 0.096875 0.0984375
0 0.2265625 0.53671875 0.084375 0.0859375
0 0.13828125 0.59140625 0.0859375 0.0859375
0 0.1421875 0.46875 0.109375 0.109375
0 0.140625 0.36015625 0.096875 0.0984375
0 0.1328125 0.25546875 0.096875 0.0984375
0 0.1359375 0.1640625 0.109375 0.109375
0 0.0546875 0.09375 0.109375 0.109375
0 0.1390625 0.69609375 0.084375 0.0859375
0 0.34140625 0.70234375 0.0484375 0.0484375
0 0.134375 0.7921875 0.096875 0.096875
0 0.13125 0.90625 0.096875 0.096875
0 0.23125 0.64140625 0.084375 0.0859375
0 0.225 0.74375 0.071875 0.071875
0 0.3421875 0.925 0.096875 0.096875
0 0.3546875 0.809375 0.071875 0.071875
0 0.44609375 0.64140625 0.0859375 0.0859375
0 0.4359375 0.76171875 0.071875 0.0734375
0 0.4421875 0.8671875 0.096875 0.096875
0 0.53125 0.92265625 0.096875 0.0984375
0 0.534375 0.70234375 0.071875 0.0734375
0 0.628125 0.66171875 0.084375 0.0859375
0 0.63125 0.7640625 0.121875 0.121875
0 0.63125 0.846875 0.121875 0.121875
0 0.7125 0.709375 0.109375 0.109375
0 0.7171875 0.8296875 0.121875 0.121875
0 0.8140625 0.8875 0.096875 0.096875
0 0.8125 0.76328125 0.071875 0.0734375
0 0.9140625 0.7140625 0.109375 0.109375
0 0.90625 0.8 0.071875 0.071875
0 0.9046875 0.921875 0.071875 0.071875
0 0.8109375 0.65390625 0.109375 0.1109375