0 0.03564453125 0.86279296875 0.0615234375 0.0615234375
0 0.29296875 0.22412109375 0.0859375 0.0849609375
0 0.443359375 0.13916015625 0.0859375 0.0849609375
0 0.61083984375 0.05615234375 0.0732421875 0.0732421875
0 0.3203125 0.51123046875 0.123046875 0.1220703125
0 0.42578125 0.51904296875 0.123046875 0.1220703125
0 0.55078125 0.51416015625 0.123046875 0.1220703125
0 0.66015625 0.51416015625 0.123046875 0.1220703125
0 0.767578125 0.52001953125 0.123046875 0.1220703125
0 0.86279296875 0.52978515625 0.1220703125 0.1220703125
0 0.927734375 0.61376953125 0.123046875 0.1220703125
0 0.826171875 0.61767578125 0.123046875 0.1220703125
0 0.69873046875 0.61376953125 0.1220703125 0.1220703125
0 0.5986328125 0.61083984375 0.123046875 0.1220703125
0 0.4931640625 0.60595703125 0.123046875 0.1220703125
0 0.4150390625 0.61181640625 0.123046875 0.1220703125
0 0.3173828125 0.70654296875 0.111328125 0.1103515625
0 0.4345703125 0.70556640625 0.123046875 0.1220703125
0 0.54248046875 0.69482421875 0.1220703125 0.1220703125
0 0.658203125 0.70654296875 0.123046875 0.1220703125
0 0.7607421875 0.71044921875 0.123046875 0.1220703125
0 0.87548828125 0.71337890625 0.1103515625 0.1103515625
0 0.908203125 0.80029296875 0.0859375 0.0849609375
0 0.806640625 0.802734375 0.0859375 0.0859375
0 0.7080078125 0.79248046875 0.0859375 0.0849609375
0 0.5927734375 0.7919921875 0.0859375 0.0859375
0 0.47265625 0.78564453125 0.0859375 0.0849609375
0 0.3759765625 0.78662109375 0.0859375 0.0849609375
0 0.423828125 0.888671875 0.09765625 0.09765625
0 0.5439453125 0.89013671875 0.0859375 0.0849609375
0 0.64794921875 0.890625 0.0986328125 0.09765625
0 0.75537109375 0.8955078125 0.0986328125 0.09765625
0 0.85302734375 0.8984375 0.0986328125 0.09765625
0 0.283203125 0.42822265625 0.0859375 0.0849609375
0 0.37646484375 0.42724609375 0.1220703125 0.1220703125
0 0.4951171875 0.43115234375 0.123046875 0.1220703125
0 0.5986328125 0.4248046875 0.0859375 0.0859375
0 0.7158203125 0.43115234375 0.123046875 0.1220703125
0 0.8203125 0.43408203125 0.123046875 0.1220703125
0 0.9267578125 0.43310546875 0.123046875 0.1220703125
0 0.8828125 0.34130859375 0.123046875 0.1220703125
0 0.76025390625 0.33837890625 0.1220703125 0.1220703125
0 0.66015625 0.33349609375 0.123046875 0.1220703125
0 0.546875 0.33642578125 0.123046875 0.1220703125
0 0.43505859375 0.32763671875 0.0869140625 0.0849609375
0 0.30859375 0.33251953125 0.0859375 0.0849609375
0 0.3828125 0.2265625 0.0859375 0.0859375
0 0.4951171875 0.2216796875 0.0859375 0.0859375
0 0.6044921875 0.2333984375 0.0859375 0.0859375
0 0.71875 0.2294921875 0.0859375 0.0859375
0 0.8349609375 0.23095703125 0.0859375 0.0849609375
0 0.93310546875 0.236328125 0.0615234375 0.060546875
0 0.87890625 0.15234375 0.111328125 0.109375
0 0.765625 0.1455078125 0.0859375 0.0859375
0 0.6435546875 0.140625 0.09765625 0.09765625
0 0.5224609375 0.14404296875 0.0859375 0.0849609375
0 0.337890625 0.13623046875 0.0859375 0.0849609375
0 0.2822265625 0.05224609375 0.0859375 0.0849609375
0 0.39892578125 0.06005859375 0.0869140625 0.0849609375
0 0.50390625 0.05517578125 0.0859375 0.0849609375
0 0.724609375 0.0615234375 0.0859375 0.0859375
0 0.03466796875 0.31640625 0.0498046875 0.048828125
0 0.03515625 0.5048828125 0.048828125 0.048828125