0 0.23974609375 0.10986328125 0.1220703125 0.1220703125
0 0.44482421875 0.1025390625 0.1220703125 0.123046875
0 0.14892578125 0.16455078125 0.1103515625 0.1103515625
0 0.1435546875 0.26220703125 0.09765625 0.0986328125
0 0.1416015625 0.36669921875 0.09765625 0.0986328125
0 0.1396484375 0.494140625 0.109375 0.111328125
0 0.1474609375 0.58984375 0.09765625 0.09765625
0 0.240234375 0.21533203125 0.09765625 0.0986328125
0 0.23583984375 0.32080078125 0.1103515625 0.1103515625
0 0.2412109375 0.43310546875 0.09765625 0.0986328125
0 0.2353515625 0.544921875 0.09765625 0.09765625
0 0.2373046875 0.6572265625 0.109375 0.111328125
0 0.34375 0.14697265625 0.09765625 0.0986328125
0 0.3388671875 0.26904296875 0.09765625 0.0986328125
0 0.3359375 0.36279296875 0.109375 0.1103515625
0 0.33056640625 0.4765625 0.1220703125 0.123046875
0 0.32666015625 0.5908203125 0.1220703125 0.123046875
0 0.44091796875 0.533203125 0.1220703125 0.123046875
0 0.44140625 0.39794921875 0.109375 0.1103515625
0 0.44873046875 0.29931640625 0.1220703125 0.1220703125
0 0.4423828125 0.19677734375 0.09765625 0.0986328125
0 0.44091796875 0.6416015625 0.1220703125 0.123046875
0 0.330078125 0.712890625 0.09765625 0.09765625
0 0.337890625 0.818359375 0.09765625 0.09765625
0 0.326171875 0.94140625 0.09765625 0.09765625
0 0.234375 0.873046875 0.0859375 0.0859375
0 0.2392578125 0.76171875 0.09765625 0.09765625
0 0.138671875 0.7080078125 0.09765625 0.09765625
0 0.140625 0.82763671875 0.09765625 0.0986328125
0 0.140625 0.91943359375 0.09765625 0.0986328125
0 0.63037109375 0.0908203125 0.1220703125 0.123046875
0 0.89453125 0.16064453125 0.09765625 0.0986328125
0 0.8134765625 0.11474609375 0.09765625 0.0986328125
0 0.72412109375 0.150390625 0.1220703125 0.123046875
0 0.6279296875 0.203125 0.109375 0.111328125
0 0.52880859375 0.1552734375 0.1103515625 0.111328125
0 0.53369140625 0.25537109375 0.1103515625 0.1103515625
0 0.53857421875 0.3671875 0.1220703125 0.123046875
0 0.52490234375 0.48779296875 0.1103515625 0.1103515625
0 0.53369140625 0.59423828125 0.1220703125 0.1220703125
0 0.62255859375 0.53271484375 0.1103515625 0.1103515625
0 0.62353515625 0.42333984375 0.1103515625 0.1103515625
0 0.623046875 0.31640625 0.109375 0.111328125
0 0.70849609375 0.26171875 0.1103515625 0.111328125
0 0.72119140625 0.373046875 0.1220703125 0.123046875
0 0.71044921875 0.4765625 0.1220703125 0.123046875
0 0.71826171875 0.6025390625 0.1220703125 0.123046875
0 0.80908203125 0.5400390625 0.1220703125 0.123046875
0 0.80908203125 0.4248046875 0.1220703125 0.123046875
0 0.81591796875 0.3115234375 0.1220703125 0.123046875
0 0.81591796875 0.2294921875 0.1220703125 0.123046875
0 0.9208984375 0.26513671875 0.09765625 0.0986328125
0 0.91064453125 0.38232421875 0.1103515625 0.1103515625
0 0.90185546875 0.4833984375 0.1103515625 0.111328125
0 0.91455078125 0.603515625 0.1103515625 0.111328125
0 0.43798828125 0.748046875 0.1220703125 0.123046875
0 0.43310546875 0.86181640625 0.1220703125 0.1220703125
0 0.521484375 0.92626953125 0.09765625 0.0986328125
0 0.5263671875 0.81689453125 0.09765625 0.0986328125
0 0.52685546875 0.7138671875 0.1220703125 0.123046875
0 0.62255859375 0.642578125 0.0966796875 0.09765625
0 0.61328125 0.7529296875 0.09765625 0.09765625
0 0.6318359375 0.85791015625 0.09765625 0.0986328125
0 0.71240234375 0.9189453125 0.1220703125 0.123046875
0 0.70947265625 0.8193359375 0.1103515625 0.111328125
0 0.71435546875 0.7041015625 0.1220703125 0.123046875
0 0.8115234375 0.64990234375 0.109375 0.1103515625
0 0.81982421875 0.744140625 0.1220703125 0.123046875
0 0.81005859375 0.8642578125 0.1220703125 0.123046875
0 0.90380859375 0.9296875 0.1220703125 0.123046875
0 0.90478515625 0.822265625 0.1220703125 0.123046875
0 0.9033203125 0.70947265625 0.09765625 0.0986328125