0 0.095703125 0.8291015625 0.048828125 0.048828125
0 0.0908203125 0.61669921875 0.048828125 0.0498046875
0 0.09326171875 0.064453125 0.1220703125 0.123046875
0 0.099609375 0.18310546875 0.109375 0.1103515625
0 0.19091796875 0.23388671875 0.1103515625 0.1103515625
0 0.18701171875 0.1181640625 0.1103515625 0.111328125
0 0.28955078125 0.087890625 0.1220703125 0.123046875
0 0.29736328125 0.1787109375 0.1103515625 0.111328125
0 0.37890625 0.12451171875 0.109375 0.1103515625
0 0.38720703125 0.220703125 0.1220703125 0.123046875
0 0.48388671875 0.1083984375 0.1220703125 0.123046875
0 0.48779296875 0.2099609375 0.1220703125 0.123046875
0 0.58251953125 0.10986328125 0.1103515625 0.1103515625
0 0.6708984375 0.07373046875 0.109375 0.1103515625
0 0.779296875 0.10302734375 0.109375 0.1103515625
0 0.76123046875 0.23779296875 0.1220703125 0.1220703125
0 0.859375 0.18798828125 0.109375 0.1103515625
0 0.86279296875 0.06787109375 0.1103515625 0.1103515625
0 0.9423828125 0.56787109375 0.109375 0.1103515625
0 0.8583984375 0.28857421875 0.09765625 0.0986328125
0 0.857421875 0.39892578125 0.109375 0.1103515625
0 0.8583984375 0.50634765625 0.109375 0.1103515625
0 0.8564453125 0.61962890625 0.109375 0.1103515625
0 0.7666015625 0.33740234375 0.09765625 0.0986328125
0 0.76904296875 0.44580078125 0.1103515625 0.1103515625
0 0.76611328125 0.56982421875 0.1103515625 0.1103515625
0 0.76025390625 0.68017578125 0.1103515625 0.1103515625
0 0.6787109375 0.30029296875 0.09765625 0.0986328125
0 0.6669921875 0.39599609375 0.09765625 0.0986328125
0 0.6630859375 0.51416015625 0.09765625 0.0986328125
0 0.57275390625 0.3603515625 0.1220703125 0.123046875
0 0.5712890625 0.44775390625 0.09765625 0.0986328125
0 0.5693359375 0.5595703125 0.09765625 0.09765625
0 0.5673828125 0.666015625 0.09765625 0.09765625
0 0.552734375 0.7861328125 0.09765625 0.09765625
0 0.66162109375 0.61572265625 0.1103515625 0.1103515625
0 0.662109375 0.7353515625 0.109375 0.111328125
0 0.75927734375 0.78564453125 0.1103515625 0.1103515625
0 0.85107421875 0.72998046875 0.1103515625 0.1103515625
0 0.46923828125 0.412109375 0.1220703125 0.123046875
0 0.38427734375 0.4443359375 0.1103515625 0.111328125
0 0.29052734375 0.4951171875 0.1220703125 0.123046875
0 0.1875 0.56005859375 0.109375 0.1103515625
0 0.28125 0.60302734375 0.09765625 0.0986328125
0 0.3779296875 0.552734375 0.09765625 0.09765625
0 0.1962890625 0.66357421875 0.109375 0.1103515625
0 0.19287109375 0.7822265625 0.0849609375 0.0859375
0 0.287109375 0.72802734375 0.09765625 0.0986328125
0 0.37451171875 0.66552734375 0.1103515625 0.1103515625
0 0.37353515625 0.77978515625 0.1103515625 0.1103515625
0 0.47607421875 0.72265625 0.1220703125 0.123046875
0 0.47802734375 0.615234375 0.1220703125 0.123046875
0 0.0908203125 0.4921875 0.048828125 0.048828125
0 0.9443359375 0.90771484375 0.109375 0.1103515625
0 0.85498046875 0.84228515625 0.1103515625 0.1103515625
0 0.75341796875 0.88623046875 0.1103515625 0.1103515625
0 0.669921875 0.84521484375 0.109375 0.1103515625
0 0.5673828125 0.89794921875 0.109375 0.1103515625
0 0.37548828125 0.88671875 0.1220703125 0.123046875
0 0.47998046875 0.8359375 0.1220703125 0.123046875
0 0.28515625 0.833984375 0.109375 0.111328125
0 0.1943359375 0.8896484375 0.09765625 0.09765625
0 0.09375 0.287109375 0.048828125 0.048828125
0 0.08984375 0.3955078125 0.048828125 0.048828125
0 0.09033203125 0.71923828125 0.0244140625 0.0244140625
0 0.0849609375 0.9453125 0.048828125 0.048828125