0 0.32763671875 0.36376953125 0.0615234375 0.0615234375
0 0.2353515625 0.28515625 0.048828125 0.048828125
0 0.23046875 0.40380859375 0.048828125 0.0498046875
0 0.48828125 0.38134765625 0.060546875 0.0615234375
0 0.8466796875 0.373046875 0.048828125 0.048828125
0 0.767578125 0.3076171875 0.048828125 0.048828125
0 0.58447265625 0.32373046875 0.0615234375 0.0615234375
0 0.1376953125 0.35400390625 0.048828125 0.0498046875
0 0.7646484375 0.43212890625 0.060546875 0.0615234375
0 0.12744140625 0.58837890625 0.0732421875 0.0732421875
0 0.12548828125 0.47705078125 0.0732421875 0.0732421875
0 0.12744140625 0.82470703125 0.0615234375 0.0615234375
0 0.2265625 0.52197265625 0.060546875 0.0615234375
0 0.126953125 0.70068359375 0.060546875 0.0615234375
0 0.21337890625 0.66015625 0.0361328125 0.037109375
0 0.83984375 0.583984375 0.048828125 0.048828125
0 0.8369140625 0.78515625 0.048828125 0.048828125
0 0.8408203125 0.677734375 0.048828125 0.048828125
0 0.8447265625 0.46826171875 0.060546875 0.0615234375
0 0.5712890625 0.61962890625 0.060546875 0.0615234375
0 0.4853515625 0.86181640625 0.060546875 0.0615234375
0 0.400390625 0.95849609375 0.060546875 0.0615234375
0 0.84130859375 0.90087890625 0.0615234375 0.0615234375
0 0.6552734375 0.8017578125 0.048828125 0.048828125
0 0.7666015625 0.736328125 0.037109375 0.037109375
0 0.65625 0.8955078125 0.048828125 0.048828125
0 0.478515625 0.767578125 0.048828125 0.048828125
0 0.56640625 0.73046875 0.060546875 0.060546875
0 0.76611328125 0.8505859375 0.0732421875 0.07421875
0 0.56298828125 0.80712890625 0.0615234375 0.0615234375
0 0.767578125 0.52001953125 0.060546875 0.0615234375
0 0.41015625 0.736328125 0.048828125 0.048828125
0 0.4951171875 0.4794921875 0.048828125 0.048828125
0 0.775390625 0.623046875 0.048828125 0.048828125
0 0.57568359375 0.5322265625 0.0732421875 0.07421875
0 0.76611328125 0.9521484375 0.0732421875 0.07421875
0 0.958984375 0.33935546875 0.048828125 0.0498046875
0 0.955078125 0.43603515625 0.048828125 0.0498046875
0 0.95361328125 0.85595703125 0.0615234375 0.0615234375
0 0.9560546875 0.62255859375 0.060546875 0.0615234375
0 0.9580078125 0.74072265625 0.048828125 0.0498046875
0 0.94482421875 0.9580078125 0.0361328125 0.037109375
0 0.05322265625 0.40087890625 0.0615234375 0.0615234375
0 0.0458984375 0.74267578125 0.060546875 0.0615234375
0 0.0439453125 0.61669921875 0.060546875 0.0615234375
0 0.04833984375 0.29638671875 0.0615234375 0.0615234375
0 0.48974609375 0.15087890625 0.0615234375 0.0615234375
0 0.58837890625 0.21728515625 0.0615234375 0.0615234375
0 0.23681640625 0.0810546875 0.0732421875 0.07421875
0 0.32666015625 0.14990234375 0.0615234375 0.0615234375
0 0.4833984375 0.2470703125 0.060546875 0.060546875
0 0.49072265625 0.05615234375 0.0615234375 0.0615234375
0 0.138671875 0.1357421875 0.048828125 0.048828125
0 0.1337890625 0.24365234375 0.048828125 0.0498046875
0 0.41845703125 0.09375 0.0732421875 0.07421875
0 0.3291015625 0.2626953125 0.048828125 0.048828125
0 0.41796875 0.2197265625 0.060546875 0.060546875
0 0.23046875 0.18994140625 0.060546875 0.0615234375
0 0.04248046875 0.5146484375 0.0361328125 0.037109375
0 0.04296875 0.18701171875 0.048828125 0.0498046875
0 0.1328125 0.056640625 0.048828125 0.048828125
0 0.32470703125 0.443359375 0.0361328125 0.037109375
0 0.310546875 0.56494140625 0.037109375 0.0361328125
0 0.4111328125 0.43359375 0.048828125 0.048828125
0 0.4013671875 0.3212890625 0.037109375 0.037109375
0 0.486328125 0.572265625 0.037109375 0.037109375
0 0.576171875 0.4248046875 0.048828125 0.048828125
0 0.6591796875 0.369140625 0.048828125 0.048828125
0 0.6640625 0.27099609375 0.060546875 0.0615234375
0 0.6513671875 0.5810546875 0.048828125 0.048828125
0 0.85302734375 0.26806640625 0.0244140625 0.0244140625
0 0.95556640625 0.5244140625 0.0361328125 0.037109375
0 0.0458984375 0.837890625 0.048828125 0.048828125
0 0.12353515625 0.921875 0.0361328125 0.037109375
0 0.31103515625 0.91650390625 0.0361328125 0.0361328125
0 0.4111328125 0.8544921875 0.037109375 0.037109375
0 0.5625 0.9443359375 0.048828125 0.048828125
0 0.21826171875 0.77001953125 0.0361328125 0.0361328125
0 0.3154296875 0.67578125 0.037109375 0.037109375
0 0.4833984375 0.666015625 0.048828125 0.048828125
0 0.4072265625 0.634765625 0.037109375 0.037109375
0 0.65478515625 0.71533203125 0.0244140625 0.0244140625
0 0.64794921875 0.48583984375 0.0244140625 0.0244140625
0 0.94580078125 0.23486328125 0.0244140625 0.0244140625