0 0.05908203125 0.43603515625 0.0615234375 0.0615234375
0 0.17138671875 0.41259765625 0.0615234375 0.0615234375
0 0.263671875 0.4052734375 0.048828125 0.048828125
0 0.0751953125 0.240234375 0.048828125 0.048828125
0 0.1796875 0.2353515625 0.048828125 0.048828125
0 0.0810546875 0.107421875 0.048828125 0.048828125
0 0.17578125 0.318359375 0.048828125 0.048828125
0 0.259765625 0.3173828125 0.048828125 0.048828125
0 0.16943359375 0.50732421875 0.0615234375 0.0615234375
0 0.15869140625 0.904296875 0.0732421875 0.07421875
0 0.06787109375 0.84912109375 0.0615234375 0.0615234375
0 0.0732421875 0.94287109375 0.060546875 0.0615234375
0 0.068359375 0.53955078125 0.060546875 0.0615234375
0 0.0732421875 0.63525390625 0.060546875 0.0615234375
0 0.25439453125 0.60107421875 0.0615234375 0.0615234375
0 0.25390625 0.49853515625 0.060546875 0.0615234375
0 0.17041015625 0.58642578125 0.0615234375 0.0615234375
0 0.1767578125 0.66357421875 0.048828125 0.0498046875
0 0.2607421875 0.68408203125 0.048828125 0.0498046875
0 0.9580078125 0.42919921875 0.048828125 0.0498046875
0 0.9619140625 0.33251953125 0.048828125 0.0498046875
0 0.8623046875 0.27099609375 0.048828125 0.0498046875
0 0.86865234375 0.36962890625 0.0615234375 0.0615234375
0 0.8671875 0.1630859375 0.048828125 0.048828125
0 0.7587890625 0.25634765625 0.048828125 0.0498046875
0 0.76953125 0.33740234375 0.048828125 0.0498046875
0 0.76953125 0.43310546875 0.048828125 0.0498046875
0 0.6630859375 0.4716796875 0.048828125 0.048828125
0 0.8671875 0.47119140625 0.048828125 0.0498046875
0 0.9609375 0.14599609375 0.060546875 0.0615234375
0 0.8701171875 0.06298828125 0.048828125 0.0498046875
0 0.958984375 0.02783203125 0.048828125 0.0498046875
0 0.330078125 0.650390625 0.048828125 0.048828125
0 0.33984375 0.5478515625 0.048828125 0.048828125
0 0.25390625 0.853515625 0.048828125 0.048828125
0 0.25 0.9580078125 0.048828125 0.048828125
0 0.96142578125 0.244140625 0.0361328125 0.037109375
0 0.771484375 0.53125 0.048828125 0.048828125
0 0.666015625 0.3701171875 0.048828125 0.048828125
0 0.5771484375 0.4248046875 0.048828125 0.048828125
0 0.181640625 0.138671875 0.037109375 0.037109375
0 0.072265625 0.341796875 0.048828125 0.048828125
0 0.3681640625 0.033203125 0.037109375 0.037109375
0 0.97119140625 0.53369140625 0.0244140625 0.0244140625