0 0.42041015625 0.34619140625 0.0732421875 0.0732421875
0 0.51513671875 0.40869140625 0.0732421875 0.0732421875
0 0.423828125 0.23046875 0.060546875 0.060546875
0 0.60791015625 0.1279296875 0.0732421875 0.07421875
0 0.32470703125 0.07421875 0.0732421875 0.07421875
0 0.60009765625 0.33740234375 0.0732421875 0.0732421875
0 0.51708984375 0.07275390625 0.0615234375 0.0615234375
0 0.5224609375 0.16650390625 0.060546875 0.0615234375
0 0.6953125 0.4326171875 0.0859375 0.0859375
0 0.60595703125 0.46728515625 0.0732421875 0.0732421875
0 0.69677734375 0.3046875 0.0732421875 0.07421875
0 0.69873046875 0.52734375 0.0849609375 0.0859375
0 0.60205078125 0.7685546875 0.0732421875 0.07421875
0 0.59912109375 0.90087890625 0.0732421875 0.0732421875
0 0.69677734375 0.93994140625 0.0732421875 0.0732421875
0 0.59716796875 0.66015625 0.0732421875 0.07421875
0 0.70556640625 0.82275390625 0.0732421875 0.0732421875
0 0.60302734375 0.57421875 0.0732421875 0.07421875
0 0.79638671875 0.4638671875 0.0732421875 0.07421875
0 0.794921875 0.36865234375 0.060546875 0.0615234375
0 0.6875 0.62890625 0.09765625 0.09765625
0 0.68994140625 0.7109375 0.0849609375 0.0859375
0 0.78515625 0.8798828125 0.0859375 0.0859375
0 0.79296875 0.79443359375 0.09765625 0.0986328125
0 0.79150390625 0.6845703125 0.1220703125 0.123046875
0 0.7919921875 0.58056640625 0.109375 0.1103515625
0 0.51318359375 0.28955078125 0.0615234375 0.0615234375
0 0.51025390625 0.53125 0.0849609375 0.0859375
0 0.51171875 0.62109375 0.0859375 0.0859375
0 0.50244140625 0.720703125 0.0849609375 0.0859375
0 0.5087890625 0.8330078125 0.0859375 0.0859375
0 0.42529296875 0.45166015625 0.0849609375 0.0869140625
0 0.419921875 0.5791015625 0.0859375 0.0859375
0 0.4169921875 0.666015625 0.0859375 0.0859375
0 0.41064453125 0.7744140625 0.0849609375 0.0859375
0 0.4140625 0.888671875 0.0859375 0.0859375
0 0.318359375 0.2890625 0.09765625 0.09765625
0 0.32421875 0.40966796875 0.09765625 0.0986328125
0 0.32177734375 0.51416015625 0.1103515625 0.1103515625
0 0.3154296875 0.61669921875 0.09765625 0.0986328125
0 0.3134765625 0.728515625 0.109375 0.111328125
0 0.30712890625 0.84033203125 0.1103515625 0.1103515625
0 0.2138671875 0.888671875 0.09765625 0.09765625
0 0.2216796875 0.7861328125 0.0859375 0.0859375
0 0.21826171875 0.6650390625 0.0849609375 0.0859375
0 0.22314453125 0.552734375 0.0849609375 0.0859375
0 0.2314453125 0.44921875 0.0859375 0.0859375
0 0.22216796875 0.3251953125 0.0849609375 0.0859375
0 0.1396484375 0.26953125 0.0859375 0.0859375
0 0.13330078125 0.40185546875 0.1220703125 0.1220703125
0 0.13720703125 0.5048828125 0.1220703125 0.123046875
0 0.12939453125 0.6142578125 0.1220703125 0.123046875
0 0.12841796875 0.7255859375 0.1220703125 0.123046875
0 0.12353515625 0.84423828125 0.1103515625 0.1103515625
0 0.1181640625 0.94287109375 0.109375 0.1103515625
0 0.703125 0.0771484375 0.048828125 0.048828125
0 0.69921875 0.181640625 0.048828125 0.048828125
0 0.60791015625 0.22265625 0.0732421875 0.07421875
0 0.42822265625 0.1123046875 0.0849609375 0.0859375
0 0.32568359375 0.16796875 0.0849609375 0.0859375
0 0.23388671875 0.22119140625 0.0849609375 0.0869140625
0 0.2421875 0.12890625 0.09765625 0.09765625
0 0.1474609375 0.05859375 0.0859375 0.0859375
0 0.1396484375 0.1611328125 0.09765625 0.09765625
0 0.8994140625 0.5302734375 0.109375 0.111328125
0 0.88134765625 0.64990234375 0.1220703125 0.1220703125
0 0.88916015625 0.7490234375 0.1220703125 0.123046875
0 0.88623046875 0.8525390625 0.1220703125 0.123046875