0 0.1884765625 0.458984375 0.048828125 0.048828125
0 0.09228515625 0.62744140625 0.0615234375 0.0615234375
0 0.18701171875 0.56494140625 0.0615234375 0.0615234375
0 0.1875 0.66357421875 0.048828125 0.0498046875
0 0.1865234375 0.76416015625 0.048828125 0.0498046875
0 0.4814453125 0.9736328125 0.048828125 0.048828125
0 0.3828125 0.845703125 0.048828125 0.048828125
0 0.8525390625 0.41650390625 0.048828125 0.0498046875
0 0.4833984375 0.876953125 0.037109375 0.037109375
0 0.2998046875 0.8876953125 0.037109375 0.037109375
0 0.677734375 0.4794921875 0.048828125 0.048828125
0 0.67578125 0.5859375 0.048828125 0.048828125
0 0.6689453125 0.6826171875 0.037109375 0.037109375
0 0.669921875 0.771484375 0.037109375 0.037109375
0 0.7626953125 0.5205078125 0.048828125 0.048828125
0 0.7646484375 0.63427734375 0.060546875 0.0615234375
0 0.7548828125 0.7548828125 0.037109375 0.037109375
0 0.82958984375 0.65185546875 0.0615234375 0.0615234375
0 0.8212890625 0.7509765625 0.048828125 0.048828125
0 0.96826171875 0.58642578125 0.0244140625 0.0244140625
0 0.96826171875 0.693359375 0.0361328125 0.037109375
0 0.298828125 0.521484375 0.048828125 0.048828125
0 0.296875 0.609375 0.048828125 0.048828125
0 0.30126953125 0.71337890625 0.0361328125 0.0361328125
0 0.294921875 0.79541015625 0.048828125 0.0498046875
0 0.3896484375 0.732421875 0.037109375 0.037109375
0 0.45166015625 0.6953125 0.0361328125 0.037109375
0 0.3994140625 0.6220703125 0.037109375 0.037109375
0 0.4052734375 0.5 0.037109375 0.037109375
0 0.97265625 0.47412109375 0.037109375 0.0361328125
0 0.8662109375 0.10693359375 0.0234375 0.0244140625
0 0.8603515625 0.2099609375 0.048828125 0.048828125
0 0.849609375 0.32275390625 0.037109375 0.0361328125
0 0.78125 0.0537109375 0.048828125 0.048828125
0 0.78076171875 0.16943359375 0.0244140625 0.0244140625
0 0.77392578125 0.29638671875 0.0244140625 0.0244140625
0 0.767578125 0.41064453125 0.048828125 0.0498046875
0 0.68798828125 0.10693359375 0.0361328125 0.0361328125
0 0.68798828125 0.23681640625 0.0244140625 0.0244140625
0 0.68212890625 0.34619140625 0.0244140625 0.0244140625
0 0.6142578125 0.03662109375 0.037109375 0.0361328125
0 0.6171875 0.15576171875 0.048828125 0.0498046875
0 0.611328125 0.287109375 0.037109375 0.037109375
0 0.61328125 0.3896484375 0.048828125 0.048828125
0 0.61083984375 0.51953125 0.0361328125 0.037109375
0 0.52392578125 0.07958984375 0.0361328125 0.0361328125
0 0.2900390625 0.4091796875 0.048828125 0.048828125
0 0.11279296875 0.0244140625 0.0244140625 0.025390625
0 0.19384765625 0.0244140625 0.0361328125 0.037109375
0 0.0205078125 0.40380859375 0.037109375 0.0361328125
0 0.0244140625 0.322265625 0.037109375 0.037109375
0 0.03466796875 0.205078125 0.0361328125 0.037109375
0 0.11767578125 0.2412109375 0.0361328125 0.037109375
0 0.12255859375 0.3310546875 0.0361328125 0.037109375
0 0.11279296875 0.4248046875 0.0361328125 0.037109375
0 0.10400390625 0.52587890625 0.0361328125 0.0361328125
0 0.1884765625 0.36328125 0.037109375 0.037109375
0 0.1884765625 0.2783203125 0.037109375 0.037109375
0 0.1875 0.205078125 0.037109375 0.037109375
0 0.09423828125 0.734375 0.0361328125 0.037109375
0 0.615234375 0.634765625 0.048828125 0.048828125