0 0.06689453125 0.4619140625 0.1103515625 0.111328125
0 0.064453125 0.5712890625 0.09765625 0.09765625
0 0.0625 0.67333984375 0.109375 0.1103515625
0 0.0576171875 0.77294921875 0.109375 0.1103515625
0 0.05859375 0.90380859375 0.109375 0.1103515625
0 0.15185546875 0.83837890625 0.1103515625 0.1103515625
0 0.15625 0.7294921875 0.09765625 0.09765625
0 0.15380859375 0.615234375 0.1103515625 0.111328125
0 0.154296875 0.5126953125 0.09765625 0.09765625
0 0.25048828125 0.455078125 0.0732421875 0.07421875
0 0.2470703125 0.5615234375 0.0859375 0.0859375
0 0.2451171875 0.6640625 0.0859375 0.0859375
0 0.23779296875 0.78125 0.0849609375 0.0859375
0 0.2509765625 0.89208984375 0.09765625 0.0986328125
0 0.3427734375 0.84765625 0.109375 0.111328125
0 0.341796875 0.732421875 0.109375 0.111328125
0 0.3447265625 0.62060546875 0.109375 0.1103515625
0 0.341796875 0.51513671875 0.09765625 0.0986328125
0 0.431640625 0.9072265625 0.109375 0.111328125
0 0.43359375 0.78515625 0.109375 0.111328125
0 0.4345703125 0.68701171875 0.09765625 0.0986328125
0 0.42822265625 0.5673828125 0.1220703125 0.123046875
0 0.43212890625 0.46826171875 0.1103515625 0.1103515625
0 0.53564453125 0.51318359375 0.1103515625 0.1103515625
0 0.53271484375 0.62841796875 0.1103515625 0.1103515625
0 0.53076171875 0.84521484375 0.1103515625 0.1103515625
0 0.53125 0.740234375 0.048828125 0.048828125
0 0.623046875 0.90966796875 0.09765625 0.0986328125
0 0.6162109375 0.79443359375 0.09765625 0.0986328125
0 0.626953125 0.68603515625 0.109375 0.1103515625
0 0.623046875 0.56298828125 0.09765625 0.0986328125
0 0.6171875 0.44580078125 0.109375 0.1103515625
0 0.72216796875 0.4951171875 0.1220703125 0.123046875
0 0.72412109375 0.62060546875 0.1220703125 0.1220703125
0 0.72216796875 0.73486328125 0.1220703125 0.1220703125
0 0.71875 0.84326171875 0.109375 0.1103515625
0 0.814453125 0.88720703125 0.109375 0.1103515625
0 0.8203125 0.78564453125 0.09765625 0.0986328125
0 0.81298828125 0.671875 0.1220703125 0.123046875
0 0.81396484375 0.552734375 0.1220703125 0.123046875
0 0.81396484375 0.443359375 0.1220703125 0.123046875
0 0.923828125 0.50830078125 0.109375 0.1103515625
0 0.908203125 0.61181640625 0.109375 0.1103515625
0 0.9140625 0.72119140625 0.09765625 0.0986328125
0 0.91552734375 0.83056640625 0.1103515625 0.1103515625
0 0.92431640625 0.2685546875 0.1220703125 0.123046875
0 0.92138671875 0.388671875 0.1220703125 0.123046875
0 0.919921875 0.16943359375 0.109375 0.1103515625
0 0.81689453125 0.32177734375 0.1220703125 0.1220703125
0 0.81689453125 0.2294921875 0.1220703125 0.123046875
0 0.81787109375 0.1240234375 0.1220703125 0.123046875
0 0.64013671875 0.3369140625 0.1220703125 0.123046875
0 0.63525390625 0.22900390625 0.1220703125 0.1220703125
0 0.72998046875 0.17333984375 0.1103515625 0.1103515625
0 0.72900390625 0.28466796875 0.1103515625 0.1103515625
0 0.71630859375 0.39697265625 0.1103515625 0.1103515625
0 0.64599609375 0.11376953125 0.1220703125 0.1220703125
0 0.5380859375 0.06787109375 0.109375 0.1103515625
0 0.53125 0.18994140625 0.109375 0.1103515625
0 0.5390625 0.29052734375 0.109375 0.1103515625
0 0.5341796875 0.39794921875 0.109375 0.1103515625
0 0.43505859375 0.3515625 0.1220703125 0.123046875
0 0.43896484375 0.2392578125 0.1220703125 0.123046875
0 0.4365234375 0.13427734375 0.109375 0.1103515625
0 0.34619140625 0.07373046875 0.1103515625 0.1103515625
0 0.34912109375 0.17529296875 0.1103515625 0.1103515625
0 0.34228515625 0.29296875 0.1103515625 0.111328125
0 0.34521484375 0.3974609375 0.1103515625 0.111328125
0 0.2529296875 0.3505859375 0.109375 0.111328125
0 0.2509765625 0.2392578125 0.109375 0.111328125
0 0.2578125 0.130859375 0.09765625 0.09765625
0 0.1650390625 0.064453125 0.109375 0.111328125
0 0.14990234375 0.1845703125 0.1220703125 0.123046875
0 0.15087890625 0.2998046875 0.0732421875 0.07421875
0 0.1591796875 0.39404296875 0.09765625 0.0986328125
0 0.06591796875 0.333984375 0.1220703125 0.123046875
0 0.06591796875 0.23779296875 0.1103515625 0.1103515625
0 0.0693359375 0.134765625 0.09765625 0.09765625