0 0.12109375 0.92626953125 0.060546875 0.0615234375
0 0.1201171875 0.697265625 0.048828125 0.048828125
0 0.115234375 0.48486328125 0.048828125 0.0498046875
0 0.03125 0.216796875 0.048828125 0.048828125
0 0.21533203125 0.10205078125 0.1103515625 0.1103515625
0 0.41162109375 0.0888671875 0.1220703125 0.123046875
0 0.51220703125 0.078125 0.1220703125 0.123046875
0 0.78564453125 0.10595703125 0.1220703125 0.1220703125
0 0.8837890625 0.05615234375 0.109375 0.1103515625
0 0.8828125 0.15673828125 0.09765625 0.0986328125
0 0.8818359375 0.26708984375 0.109375 0.1103515625
0 0.8828125 0.37451171875 0.109375 0.1103515625
0 0.880859375 0.48779296875 0.109375 0.1103515625
0 0.791015625 0.20556640625 0.09765625 0.0986328125
0 0.79345703125 0.31396484375 0.1103515625 0.1103515625
0 0.79052734375 0.43798828125 0.1103515625 0.1103515625
0 0.78466796875 0.54833984375 0.1103515625 0.1103515625
0 0.703125 0.16845703125 0.09765625 0.0986328125
0 0.69140625 0.26416015625 0.09765625 0.0986328125
0 0.6875 0.38232421875 0.09765625 0.0986328125
0 0.59716796875 0.228515625 0.1220703125 0.123046875
0 0.595703125 0.31591796875 0.09765625 0.0986328125
0 0.59375 0.427734375 0.09765625 0.09765625
0 0.591796875 0.5341796875 0.09765625 0.09765625
0 0.5771484375 0.654296875 0.09765625 0.09765625
0 0.68603515625 0.48388671875 0.1103515625 0.1103515625
0 0.6865234375 0.603515625 0.109375 0.111328125
0 0.78369140625 0.65380859375 0.1103515625 0.1103515625
0 0.87548828125 0.59814453125 0.1103515625 0.1103515625
0 0.49365234375 0.2802734375 0.1220703125 0.123046875
0 0.40869140625 0.3125 0.1103515625 0.111328125
0 0.31494140625 0.36328125 0.1220703125 0.123046875
0 0.2119140625 0.42822265625 0.109375 0.1103515625
0 0.3056640625 0.47119140625 0.09765625 0.0986328125
0 0.40234375 0.4208984375 0.09765625 0.09765625
0 0.220703125 0.53173828125 0.109375 0.1103515625
0 0.21728515625 0.650390625 0.0849609375 0.0859375
0 0.3115234375 0.59619140625 0.09765625 0.0986328125
0 0.39892578125 0.53369140625 0.1103515625 0.1103515625
0 0.39794921875 0.64794921875 0.1103515625 0.1103515625
0 0.50048828125 0.5908203125 0.1220703125 0.123046875
0 0.50244140625 0.4833984375 0.1220703125 0.123046875
0 0.115234375 0.3603515625 0.048828125 0.048828125
0 0.87353515625 0.93017578125 0.1103515625 0.1103515625
0 0.875 0.81884765625 0.09765625 0.0986328125
0 0.87939453125 0.71044921875 0.1103515625 0.1103515625
0 0.77783203125 0.75439453125 0.1103515625 0.1103515625
0 0.7861328125 0.86083984375 0.109375 0.1103515625
0 0.68408203125 0.826171875 0.1220703125 0.123046875
0 0.6943359375 0.71337890625 0.109375 0.1103515625
0 0.69384765625 0.93359375 0.1220703125 0.123046875
0 0.5888671875 0.88525390625 0.09765625 0.0986328125
0 0.591796875 0.76611328125 0.109375 0.1103515625
0 0.39990234375 0.7548828125 0.1220703125 0.123046875
0 0.5029296875 0.82666015625 0.09765625 0.0986328125
0 0.50439453125 0.7041015625 0.1220703125 0.123046875
0 0.50634765625 0.9296875 0.1103515625 0.111328125
0 0.400390625 0.875 0.109375 0.111328125
0 0.310546875 0.9296875 0.109375 0.111328125
0 0.306640625 0.81640625 0.109375 0.111328125
0 0.3095703125 0.7021484375 0.109375 0.111328125
0 0.21875 0.7578125 0.09765625 0.09765625
0 0.20703125 0.880859375 0.09765625 0.09765625
0 0.1181640625 0.1552734375 0.048828125 0.048828125
0 0.1142578125 0.263671875 0.048828125 0.048828125
0 0.033203125 0.32373046875 0.048828125 0.0498046875
0 0.0390625 0.1025390625 0.048828125 0.048828125
0 0.0283203125 0.5458984375 0.048828125 0.048828125
0 0.11474609375 0.58740234375 0.0244140625 0.0244140625
0 0.109375 0.8134765625 0.048828125 0.048828125
0 0.025390625 0.783203125 0.037109375 0.037109375
0 0.02734375 0.6572265625 0.048828125 0.048828125