0 0.49609375 0.21826171875 0.07421875 0.0732421875
0 0.7744140625 0.28515625 0.048828125 0.048828125
0 0.8818359375 0.2890625 0.048828125 0.048828125
0 0.65869140625 0.28955078125 0.0615234375 0.0615234375
0 0.7578125 0.103515625 0.048828125 0.048828125
0 0.8232421875 0.21484375 0.037109375 0.037109375
0 0.6640625 0.1044921875 0.048828125 0.048828125
0 0.708984375 0.21435546875 0.07421875 0.0732421875
0 0.9365234375 0.2236328125 0.048828125 0.048828125
0 0.607421875 0.21435546875 0.07421875 0.0732421875
0 0.087890625 0.685546875 0.0859375 0.0859375
0 0.1171875 0.49072265625 0.07421875 0.0732421875
0 0.46923828125 0.814453125 0.0498046875 0.048828125
0 0.75537109375 0.4921875 0.0498046875 0.048828125
0 0.70361328125 0.40185546875 0.0615234375 0.0615234375
0 0.79833984375 0.603515625 0.0615234375 0.060546875
0 0.9541015625 0.498046875 0.048828125 0.048828125
0 0.93701171875 0.404296875 0.0615234375 0.060546875
0 0.85400390625 0.4951171875 0.0498046875 0.048828125
0 0.71826171875 0.599609375 0.0615234375 0.060546875
0 0.6572265625 0.4951171875 0.037109375 0.037109375
0 0.81884765625 0.40625 0.0498046875 0.048828125
0 0.59619140625 0.599609375 0.0498046875 0.048828125
0 0.6015625 0.39306640625 0.037109375 0.0361328125
0 0.38525390625 0.09326171875 0.0615234375 0.0615234375
0 0.3916015625 0.208984375 0.048828125 0.048828125
0 0.19189453125 0.10546875 0.0498046875 0.048828125
0 0.06201171875 0.20361328125 0.0615234375 0.0615234375
0 0.07666015625 0.107421875 0.0498046875 0.048828125
0 0.09228515625 0.2822265625 0.0498046875 0.048828125
0 0.212890625 0.48681640625 0.025390625 0.0244140625
0 0.1572265625 0.3857421875 0.048828125 0.048828125
0 0.03955078125 0.3916015625 0.0498046875 0.048828125
0 0.16357421875 0.2080078125 0.0498046875 0.048828125
0 0.552734375 0.1025390625 0.048828125 0.048828125
0 0.4599609375 0.09765625 0.048828125 0.048828125
0 0.29248046875 0.1005859375 0.0498046875 0.048828125
0 0.27734375 0.212890625 0.048828125 0.048828125
0 0.32080078125 0.28662109375 0.0244140625 0.0244140625
0 0.44580078125 0.28173828125 0.0244140625 0.0244140625
0 0.560546875 0.27978515625 0.025390625 0.0244140625
0 0.48779296875 0.39599609375 0.0244140625 0.0244140625
0 0.24951171875 0.39599609375 0.0244140625 0.0244140625
0 0.84423828125 0.10302734375 0.0244140625 0.0244140625
0 0.5732421875 0.904296875 0.048828125 0.048828125
0 0.68701171875 0.90234375 0.0615234375 0.060546875
0 0.8076171875 0.912109375 0.037109375 0.037109375
0 0.70458984375 0.83740234375 0.0615234375 0.0615234375
0 0.8037109375 0.845703125 0.048828125 0.048828125
0 0.63916015625 0.69873046875 0.0244140625 0.0244140625
0 0.74609375 0.69873046875 0.037109375 0.0361328125
0 0.1630859375 0.591796875 0.048828125 0.048828125
0 0.2744140625 0.5888671875 0.048828125 0.048828125
0 0.52685546875 0.6943359375 0.0361328125 0.037109375
0 0.41015625 0.689453125 0.048828125 0.048828125
0 0.3056640625 0.689453125 0.048828125 0.048828125
0 0.1943359375 0.6826171875 0.048828125 0.048828125
0 0.15966796875 0.80078125 0.0244140625 0.0234375
0 0.2626953125 0.806640625 0.048828125 0.048828125
0 0.37548828125 0.8173828125 0.0361328125 0.037109375
0 0.1064453125 0.8857421875 0.048828125 0.048828125
0 0.22216796875 0.88623046875 0.0244140625 0.0244140625
0 0.34912109375 0.89306640625 0.0244140625 0.0244140625
0 0.46337890625 0.8994140625 0.0498046875 0.048828125
0 0.15966796875 0.97900390625 0.0361328125 0.0361328125
0 0.28955078125 0.97900390625 0.0244140625 0.0244140625
0 0.39892578125 0.98486328125 0.0244140625 0.0244140625
0 0.05224609375 0.58349609375 0.0244140625 0.0244140625
0 0.0390625 0.97509765625 0.037109375 0.0361328125
0 0.43408203125 0.48779296875 0.0244140625 0.0244140625
0 0.521484375 0.60400390625 0.037109375 0.0361328125