0 0.462890625 0.7734375 0.048828125 0.048828125
0 0.09912109375 0.0361328125 0.0615234375 0.060546875
0 0.18896484375 0.19921875 0.0615234375 0.060546875
0 0.3916015625 0.02783203125 0.048828125 0.0498046875
0 0.287109375 0.2490234375 0.060546875 0.060546875
0 0.2919921875 0.0654296875 0.048828125 0.048828125
0 0.396484375 0.109375 0.048828125 0.048828125
0 0.3828125 0.193359375 0.048828125 0.048828125
0 0.48095703125 0.126953125 0.0361328125 0.037109375
0 0.36669921875 0.94189453125 0.0615234375 0.0615234375
0 0.46142578125 0.87939453125 0.0615234375 0.0615234375
0 0.8818359375 0.25439453125 0.060546875 0.0615234375
0 0.87890625 0.15380859375 0.048828125 0.0498046875
0 0.9521484375 0.7939453125 0.048828125 0.048828125
0 0.9501953125 0.900390625 0.048828125 0.048828125
0 0.5732421875 0.8359375 0.048828125 0.048828125
0 0.5712890625 0.923828125 0.048828125 0.048828125
0 0.673828125 0.9365234375 0.037109375 0.037109375
0 0.6796875 0.814453125 0.037109375 0.037109375
0 0.96240234375 0.42138671875 0.0361328125 0.0361328125
0 0.96240234375 0.55126953125 0.0244140625 0.0244140625
0 0.95654296875 0.66064453125 0.0244140625 0.0244140625
0 0.888671875 0.35107421875 0.037109375 0.0361328125
0 0.8916015625 0.47021484375 0.048828125 0.0498046875
0 0.8857421875 0.6015625 0.037109375 0.037109375
0 0.8876953125 0.7041015625 0.048828125 0.048828125
0 0.88525390625 0.833984375 0.0361328125 0.037109375
0 0.79833984375 0.39404296875 0.0361328125 0.0361328125
0 0.564453125 0.7236328125 0.048828125 0.048828125
0 0.96435546875 0.1015625 0.0361328125 0.037109375
0 0.88427734375 0.0361328125 0.0361328125 0.037109375
0 0.78125 0.0908203125 0.037109375 0.037109375
0 0.68359375 0.14404296875 0.037109375 0.0361328125
0 0.58349609375 0.19091796875 0.0361328125 0.0361328125
0 0.56201171875 0.3154296875 0.0361328125 0.037109375
0 0.67822265625 0.26708984375 0.0361328125 0.0361328125
0 0.796875 0.20947265625 0.048828125 0.0498046875
0 0.7978515625 0.29833984375 0.037109375 0.0361328125
0 0.9658203125 0.19921875 0.048828125 0.048828125
0 0.96630859375 0.30078125 0.0361328125 0.037109375
0 0.0966796875 0.25732421875 0.060546875 0.0615234375
0 0.0966796875 0.3330078125 0.048828125 0.048828125
0 0.18994140625 0.0859375 0.0361328125 0.037109375
0 0.1826171875 0.296875 0.048828125 0.048828125
0 0.2978515625 0.1591796875 0.037109375 0.037109375
0 0.38720703125 0.3388671875 0.0244140625 0.025390625
0 0.46826171875 0.3388671875 0.0361328125 0.037109375
0 0.63037109375 0.03759765625 0.0361328125 0.0361328125
0 0.189453125 0.525390625 0.037109375 0.037109375
0 0.1796875 0.61767578125 0.037109375 0.0361328125
0 0.1884765625 0.73095703125 0.037109375 0.0361328125
0 0.185546875 0.81298828125 0.037109375 0.0361328125
0 0.18359375 0.90234375 0.037109375 0.037109375
0 0.177734375 0.98046875 0.037109375 0.037109375
0 0.2783203125 0.93310546875 0.048828125 0.0498046875
0 0.2900390625 0.81689453125 0.048828125 0.0498046875
0 0.294921875 0.71826171875 0.037109375 0.0361328125
0 0.298828125 0.63671875 0.037109375 0.037109375
0 0.30908203125 0.51953125 0.0361328125 0.037109375
0 0.39208984375 0.5556640625 0.0361328125 0.037109375
0 0.39697265625 0.6455078125 0.0361328125 0.037109375
0 0.38720703125 0.7392578125 0.0361328125 0.037109375
0 0.37841796875 0.84033203125 0.0361328125 0.0361328125
0 0.462890625 0.677734375 0.037109375 0.037109375
0 0.462890625 0.5927734375 0.037109375 0.037109375
0 0.4619140625 0.51953125 0.037109375 0.037109375
0 0.09228515625 0.9580078125 0.0361328125 0.037109375
0 0.8896484375 0.94921875 0.048828125 0.048828125