0 0.16259765625 0.35302734375 0.0615234375 0.0615234375
0 0.15185546875 0.23974609375 0.0615234375 0.0615234375
0 0.13916015625 0.7001953125 0.0732421875 0.07421875
0 0.048828125 0.642578125 0.048828125 0.048828125
0 0.91259765625 0.455078125 0.0732421875 0.07421875
0 0.25830078125 0.08251953125 0.0615234375 0.0615234375
0 0.2587890625 0.19091796875 0.060546875 0.0615234375
0 0.24755859375 0.42333984375 0.0615234375 0.0615234375
0 0.24755859375 0.52587890625 0.0615234375 0.0615234375
0 0.4423828125 0.51318359375 0.060546875 0.0615234375
0 0.90869140625 0.66357421875 0.0615234375 0.0615234375
0 0.24072265625 0.75244140625 0.0615234375 0.0615234375
0 0.6337890625 0.75048828125 0.048828125 0.0498046875
0 0.7333984375 0.5625 0.048828125 0.048828125
0 0.42138671875 0.68994140625 0.0732421875 0.0732421875
0 0.4423828125 0.58349609375 0.048828125 0.0498046875
0 0.73681640625 0.68115234375 0.0615234375 0.0615234375
0 0.5439453125 0.58056640625 0.060546875 0.0615234375
0 0.83154296875 0.92236328125 0.0615234375 0.0615234375
0 0.63427734375 0.63720703125 0.0615234375 0.0615234375
0 0.53466796875 0.67236328125 0.0732421875 0.0732421875
0 0.43701171875 0.953125 0.0849609375 0.0859375
0 0.314453125 0.9501953125 0.0859375 0.0859375
0 0.91552734375 0.240234375 0.0849609375 0.0859375
0 0.90576171875 0.35595703125 0.1103515625 0.1103515625
0 0.91455078125 0.5673828125 0.0732421875 0.07421875
0 0.91748046875 0.7451171875 0.0732421875 0.07421875
0 0.82568359375 0.18798828125 0.1103515625 0.1103515625
0 0.81201171875 0.28662109375 0.1103515625 0.1103515625
0 0.81298828125 0.3896484375 0.0732421875 0.07421875
0 0.8134765625 0.490234375 0.0859375 0.0859375
0 0.8212890625 0.58203125 0.0859375 0.0859375
0 0.82421875 0.70068359375 0.09765625 0.0986328125
0 0.7353515625 0.4697265625 0.037109375 0.037109375
0 0.64208984375 0.5302734375 0.0361328125 0.037109375
0 0.529296875 0.75927734375 0.048828125 0.0498046875
0 0.3427734375 0.24072265625 0.060546875 0.0615234375
0 0.3427734375 0.34912109375 0.048828125 0.0498046875
0 0.341796875 0.44384765625 0.048828125 0.0498046875
0 0.33203125 0.56982421875 0.048828125 0.0498046875
0 0.3359375 0.6826171875 0.048828125 0.048828125
0 0.24072265625 0.63720703125 0.0615234375 0.0615234375
0 0.259765625 0.31201171875 0.048828125 0.0498046875
0 0.0615234375 0.3017578125 0.037109375 0.037109375
0 0.05078125 0.4072265625 0.048828125 0.048828125
0 0.0517578125 0.5341796875 0.037109375 0.037109375
0 0.73828125 0.24560546875 0.109375 0.1103515625
0 0.7275390625 0.345703125 0.109375 0.111328125
0 0.64990234375 0.201171875 0.1220703125 0.123046875
0 0.63916015625 0.30078125 0.1103515625 0.111328125
0 0.63720703125 0.40673828125 0.1103515625 0.1103515625
0 0.55126953125 0.2470703125 0.1103515625 0.111328125
0 0.55224609375 0.35009765625 0.1103515625 0.1103515625
0 0.54345703125 0.46240234375 0.1103515625 0.1103515625
0 0.4521484375 0.2841796875 0.0859375 0.0859375
0 0.45263671875 0.390625 0.1220703125 0.123046875
0 0.92041015625 0.14111328125 0.1103515625 0.1103515625
0 0.8271484375 0.08154296875 0.09765625 0.0986328125
0 0.7333984375 0.13818359375 0.109375 0.1103515625
0 0.6474609375 0.068359375 0.09765625 0.09765625
0 0.54931640625 0.134765625 0.1103515625 0.111328125
0 0.4482421875 0.17626953125 0.09765625 0.0986328125
0 0.4482421875 0.0869140625 0.109375 0.111328125
0 0.3515625 0.0263671875 0.048828125 0.048828125
0 0.34619140625 0.13134765625 0.0615234375 0.0615234375