0 0.2919921875 0.69189453125 0.09765625 0.0986328125
0 0.77734375 0.09326171875 0.109375 0.1103515625
0 0.58349609375 0.04638671875 0.0732421875 0.0732421875
0 0.20361328125 0.08056640625 0.1103515625 0.1103515625
0 0.396484375 0.08837890625 0.109375 0.1103515625
0 0.8662109375 0.14111328125 0.09765625 0.0986328125
0 0.8720703125 0.24853515625 0.09765625 0.0986328125
0 0.7763671875 0.3173828125 0.09765625 0.09765625
0 0.771484375 0.19970703125 0.109375 0.1103515625
0 0.6748046875 0.1435546875 0.109375 0.111328125
0 0.67724609375 0.251953125 0.1103515625 0.111328125
0 0.58349609375 0.17578125 0.1103515625 0.111328125
0 0.58056640625 0.30712890625 0.1103515625 0.1103515625
0 0.67041015625 0.3623046875 0.1103515625 0.111328125
0 0.388671875 0.20263671875 0.109375 0.1103515625
0 0.482421875 0.26220703125 0.109375 0.1103515625
0 0.4912109375 0.1318359375 0.109375 0.111328125
0 0.486328125 0.36181640625 0.109375 0.1103515625
0 0.39794921875 0.31201171875 0.1103515625 0.1103515625
0 0.29345703125 0.35693359375 0.1103515625 0.1103515625
0 0.294921875 0.24560546875 0.09765625 0.0986328125
0 0.29931640625 0.13720703125 0.1103515625 0.1103515625
0 0.19775390625 0.18115234375 0.1103515625 0.1103515625
0 0.2060546875 0.28759765625 0.109375 0.1103515625
0 0.10400390625 0.2529296875 0.1220703125 0.123046875
0 0.1142578125 0.14013671875 0.109375 0.1103515625
0 0.11376953125 0.3603515625 0.1220703125 0.123046875
0 0.861328125 0.36767578125 0.09765625 0.0986328125
0 0.8720703125 0.48193359375 0.09765625 0.0986328125
0 0.86474609375 0.59130859375 0.1103515625 0.1103515625
0 0.85986328125 0.71044921875 0.1103515625 0.1103515625
0 0.86328125 0.80810546875 0.09765625 0.0986328125
0 0.76904296875 0.42529296875 0.1103515625 0.1103515625
0 0.77001953125 0.53564453125 0.1103515625 0.1103515625
0 0.767578125 0.65087890625 0.109375 0.1103515625
0 0.7646484375 0.75634765625 0.109375 0.1103515625
0 0.7607421875 0.8603515625 0.09765625 0.09765625
0 0.66943359375 0.482421875 0.1220703125 0.123046875
0 0.6708984375 0.58837890625 0.109375 0.1103515625
0 0.669921875 0.69677734375 0.109375 0.1103515625
0 0.67236328125 0.8037109375 0.1103515625 0.111328125
0 0.58056640625 0.7392578125 0.1103515625 0.111328125
0 0.58056640625 0.6416015625 0.0732421875 0.07421875
0 0.58544921875 0.5380859375 0.1220703125 0.123046875
0 0.5810546875 0.41455078125 0.109375 0.1103515625
0 0.86328125 0.9306640625 0.09765625 0.09765625
0 0.66455078125 0.916015625 0.1103515625 0.111328125
0 0.56689453125 0.86083984375 0.1103515625 0.1103515625
0 0.47021484375 0.80712890625 0.1103515625 0.1103515625
0 0.4814453125 0.91455078125 0.109375 0.1103515625
0 0.09912109375 0.4658203125 0.1220703125 0.123046875
0 0.10888671875 0.56787109375 0.1103515625 0.1103515625
0 0.111328125 0.68896484375 0.109375 0.1103515625
0 0.107421875 0.79345703125 0.109375 0.1103515625
0 0.11328125 0.90478515625 0.09765625 0.0986328125
0 0.19384765625 0.85400390625 0.1103515625 0.1103515625
0 0.20166015625 0.74853515625 0.1103515625 0.1103515625
0 0.19775390625 0.63427734375 0.1103515625 0.1103515625
0 0.19189453125 0.53857421875 0.1103515625 0.1103515625
0 0.197265625 0.4111328125 0.109375 0.111328125
0 0.294921875 0.4697265625 0.109375 0.111328125
0 0.296875 0.57861328125 0.109375 0.1103515625
0 0.29541015625 0.80810546875 0.1103515625 0.1103515625
0 0.3798828125 0.85595703125 0.109375 0.1103515625
0 0.380859375 0.73681640625 0.109375 0.1103515625
0 0.3876953125 0.642578125 0.109375 0.111328125
0 0.384765625 0.5224609375 0.09765625 0.09765625
0 0.38916015625 0.41015625 0.1103515625 0.111328125
0 0.48486328125 0.46826171875 0.1103515625 0.1103515625
0 0.4814453125 0.5791015625 0.09765625 0.09765625
0 0.48193359375 0.693359375 0.1103515625 0.111328125
0 0.29150390625 0.92333984375 0.1103515625 0.1103515625