0 0.18212890625 0.03955078125 0.0615234375 0.0615234375
0 0.8759765625 0.30419921875 0.060546875 0.0615234375
0 0.58203125 0.4541015625 0.0859375 0.0859375
0 0.7783203125 0.38134765625 0.060546875 0.0615234375
0 0.77685546875 0.4833984375 0.0732421875 0.07421875
0 0.681640625 0.3056640625 0.048828125 0.048828125
0 0.453125 0.83544921875 0.048828125 0.0498046875
0 0.66796875 0.96240234375 0.048828125 0.0498046875
0 0.87451171875 0.9677734375 0.0361328125 0.037109375
0 0.876953125 0.07421875 0.0859375 0.0859375
0 0.78759765625 0.130859375 0.1220703125 0.123046875
0 0.68408203125 0.08349609375 0.1103515625 0.1103515625
0 0.587890625 0.15478515625 0.0859375 0.0869140625
0 0.48779296875 0.09716796875 0.1220703125 0.1220703125
0 0.3955078125 0.15673828125 0.09765625 0.0986328125
0 0.58154296875 0.248046875 0.0849609375 0.0859375
0 0.5810546875 0.36181640625 0.09765625 0.0986328125
0 0.4755859375 0.404296875 0.0859375 0.0859375
0 0.4873046875 0.314453125 0.0859375 0.0859375
0 0.494140625 0.2041015625 0.0859375 0.0859375
0 0.4033203125 0.25634765625 0.09765625 0.0986328125
0 0.2080078125 0.35888671875 0.060546875 0.0615234375
0 0.205078125 0.25830078125 0.048828125 0.0498046875
0 0.8671875 0.19189453125 0.048828125 0.0498046875
0 0.7822265625 0.25439453125 0.060546875 0.0615234375
0 0.78076171875 0.5791015625 0.0244140625 0.025390625
0 0.8818359375 0.5234375 0.048828125 0.048828125
0 0.8759765625 0.40576171875 0.048828125 0.0498046875
0 0.98095703125 0.68701171875 0.0244140625 0.0244140625
0 0.98583984375 0.81201171875 0.0244140625 0.0244140625
0 0.87158203125 0.85400390625 0.0244140625 0.0244140625
0 0.87158203125 0.61572265625 0.0244140625 0.0244140625
0 0.2783203125 0.8984375 0.048828125 0.048828125
0 0.36328125 0.939453125 0.048828125 0.048828125
0 0.67578125 0.529296875 0.048828125 0.048828125
0 0.6787109375 0.640625 0.048828125 0.048828125
0 0.5732421875 0.89306640625 0.037109375 0.0361328125
0 0.578125 0.7763671875 0.048828125 0.048828125
0 0.578125 0.671875 0.048828125 0.048828125
0 0.5849609375 0.560546875 0.048828125 0.048828125
0 0.466796875 0.52587890625 0.0234375 0.0244140625
0 0.4609375 0.62890625 0.048828125 0.048828125
0 0.4501953125 0.74169921875 0.037109375 0.0361328125
0 0.3818359375 0.47265625 0.048828125 0.048828125
0 0.38134765625 0.58837890625 0.0244140625 0.0244140625
0 0.37451171875 0.71533203125 0.0244140625 0.0244140625
0 0.3681640625 0.82958984375 0.048828125 0.0498046875
0 0.28857421875 0.52587890625 0.0361328125 0.0361328125
0 0.28857421875 0.65576171875 0.0244140625 0.0244140625
0 0.28271484375 0.76513671875 0.0244140625 0.0244140625
0 0.21484375 0.45556640625 0.037109375 0.0361328125
0 0.2177734375 0.57470703125 0.048828125 0.0498046875
0 0.2119140625 0.7060546875 0.037109375 0.037109375
0 0.2138671875 0.80859375 0.048828125 0.048828125
0 0.21142578125 0.9384765625 0.0361328125 0.037109375
0 0.12451171875 0.49853515625 0.0361328125 0.0361328125
0 0.6826171875 0.2080078125 0.048828125 0.048828125
0 0.68408203125 0.41845703125 0.0244140625 0.0244140625
0 0.29052734375 0.2060546875 0.0361328125 0.037109375
0 0.21044921875 0.140625 0.0361328125 0.037109375
0 0.107421875 0.1953125 0.037109375 0.037109375
0 0.123046875 0.31396484375 0.048828125 0.0498046875
0 0.1240234375 0.40283203125 0.037109375 0.0361328125
0 0.384765625 0.3662109375 0.048828125 0.048828125
0 0.2919921875 0.3037109375 0.048828125 0.048828125
0 0.29248046875 0.4052734375 0.0361328125 0.037109375
0 0.10693359375 0.06591796875 0.0244140625 0.0244140625
0 0.296875 0.091796875 0.037109375 0.037109375
0 0.77978515625 0.80029296875 0.0244140625 0.0244140625
0 0.66357421875 0.8876953125 0.0361328125 0.037109375