0 0.1162109375 0.11474609375 0.109375 0.1103515625
0 0.1123046875 0.2158203125 0.109375 0.111328125
0 0.1103515625 0.3359375 0.109375 0.111328125
0 0.11376953125 0.4423828125 0.1220703125 0.123046875
0 0.208984375 0.05615234375 0.09765625 0.0986328125
0 0.20703125 0.16064453125 0.09765625 0.0986328125
0 0.205078125 0.2880859375 0.109375 0.111328125
0 0.212890625 0.3837890625 0.09765625 0.09765625
0 0.30126953125 0.11474609375 0.1103515625 0.1103515625
0 0.306640625 0.22705078125 0.09765625 0.0986328125
0 0.30078125 0.3388671875 0.09765625 0.09765625
0 0.302734375 0.451171875 0.109375 0.111328125
0 0.404296875 0.06298828125 0.09765625 0.0986328125
0 0.4013671875 0.15673828125 0.109375 0.1103515625
0 0.39599609375 0.2705078125 0.1220703125 0.123046875
0 0.39208984375 0.384765625 0.1220703125 0.123046875
0 0.50634765625 0.3271484375 0.1220703125 0.123046875
0 0.5068359375 0.19189453125 0.109375 0.1103515625
0 0.51416015625 0.09326171875 0.1220703125 0.1220703125
0 0.50634765625 0.435546875 0.1220703125 0.123046875
0 0.3955078125 0.5068359375 0.09765625 0.09765625
0 0.4033203125 0.6123046875 0.09765625 0.09765625
0 0.3916015625 0.7353515625 0.09765625 0.09765625
0 0.3955078125 0.82373046875 0.09765625 0.0986328125
0 0.29296875 0.89111328125 0.09765625 0.0986328125
0 0.306640625 0.7724609375 0.0859375 0.0859375
0 0.2998046875 0.6669921875 0.0859375 0.0859375
0 0.3046875 0.5556640625 0.09765625 0.09765625
0 0.2041015625 0.501953125 0.09765625 0.09765625
0 0.2060546875 0.62158203125 0.09765625 0.0986328125
0 0.2060546875 0.71337890625 0.09765625 0.0986328125
0 0.19921875 0.82958984375 0.09765625 0.0986328125
0 0.20654296875 0.93603515625 0.0849609375 0.0869140625
0 0.11083984375 0.77880859375 0.1103515625 0.1103515625
0 0.109375 0.66064453125 0.09765625 0.0986328125
0 0.10888671875 0.55419921875 0.1103515625 0.1103515625
0 0.1123046875 0.89208984375 0.060546875 0.0615234375
0 0.60400390625 0.1611328125 0.1220703125 0.123046875
0 0.59033203125 0.28173828125 0.1103515625 0.1103515625
0 0.59912109375 0.38818359375 0.1220703125 0.1220703125
0 0.68798828125 0.32666015625 0.1103515625 0.1103515625
0 0.68896484375 0.21728515625 0.1103515625 0.1103515625
0 0.6884765625 0.1103515625 0.109375 0.111328125
0 0.78662109375 0.1669921875 0.1220703125 0.123046875
0 0.77587890625 0.2705078125 0.1220703125 0.123046875
0 0.78369140625 0.396484375 0.1220703125 0.123046875
0 0.87451171875 0.333984375 0.1220703125 0.123046875
0 0.87451171875 0.21875 0.1220703125 0.123046875
0 0.88134765625 0.10546875 0.1220703125 0.123046875
0 0.50341796875 0.5419921875 0.1220703125 0.123046875
0 0.49853515625 0.65576171875 0.1220703125 0.1220703125
0 0.50146484375 0.75830078125 0.1103515625 0.1103515625
0 0.494140625 0.88916015625 0.09765625 0.0986328125
0 0.3916015625 0.9384765625 0.0859375 0.0859375
0 0.58544921875 0.939453125 0.0849609375 0.0859375
0 0.5888671875 0.83837890625 0.09765625 0.0986328125
0 0.5869140625 0.72021484375 0.09765625 0.0986328125
0 0.591796875 0.61083984375 0.09765625 0.0986328125
0 0.59228515625 0.5078125 0.1220703125 0.123046875
0 0.68798828125 0.4365234375 0.0966796875 0.09765625
0 0.6787109375 0.546875 0.09765625 0.09765625
0 0.697265625 0.65185546875 0.09765625 0.0986328125
0 0.6875 0.7763671875 0.0859375 0.0859375
0 0.6904296875 0.87548828125 0.09765625 0.0986328125
0 0.78076171875 0.9365234375 0.1220703125 0.123046875
0 0.77783203125 0.83203125 0.1220703125 0.123046875
0 0.77783203125 0.712890625 0.1220703125 0.123046875
0 0.77490234375 0.61328125 0.1103515625 0.111328125
0 0.77978515625 0.498046875 0.1220703125 0.123046875
0 0.876953125 0.44384765625 0.109375 0.1103515625
0 0.88525390625 0.5380859375 0.1220703125 0.123046875
0 0.87548828125 0.658203125 0.1220703125 0.123046875
0 0.87646484375 0.7841796875 0.1220703125 0.123046875
0 0.86865234375 0.88818359375 0.1103515625 0.1103515625