0 0.07470703125 0.55419921875 0.0732421875 0.0732421875
0 0.16943359375 0.61669921875 0.0732421875 0.0732421875
0 0.078125 0.4384765625 0.060546875 0.060546875
0 0.26220703125 0.3359375 0.0732421875 0.07421875
0 0.08447265625 0.10400390625 0.0615234375 0.0615234375
0 0.25439453125 0.54541015625 0.0732421875 0.0732421875
0 0.17138671875 0.28076171875 0.0615234375 0.0615234375
0 0.1767578125 0.37451171875 0.060546875 0.0615234375
0 0.1767578125 0.06689453125 0.060546875 0.0615234375
0 0.349609375 0.640625 0.0859375 0.0859375
0 0.35791015625 0.03271484375 0.0615234375 0.0615234375
0 0.26025390625 0.67529296875 0.0732421875 0.0732421875
0 0.2802734375 0.09521484375 0.048828125 0.0498046875
0 0.3642578125 0.11572265625 0.048828125 0.0498046875
0 0.35107421875 0.5126953125 0.0732421875 0.07421875
0 0.35302734375 0.7353515625 0.0849609375 0.0859375
0 0.25146484375 0.8681640625 0.0732421875 0.07421875
0 0.25732421875 0.7822265625 0.0732421875 0.07421875
0 0.43359375 0.08203125 0.048828125 0.048828125
0 0.45068359375 0.671875 0.0732421875 0.07421875
0 0.44921875 0.57666015625 0.060546875 0.0615234375
0 0.64404296875 0.5810546875 0.0849609375 0.0859375
0 0.95556640625 0.736328125 0.0849609375 0.0859375
0 0.341796875 0.8369140625 0.09765625 0.09765625
0 0.34423828125 0.9189453125 0.0849609375 0.0859375
0 0.44580078125 0.892578125 0.1220703125 0.123046875
0 0.4462890625 0.78857421875 0.109375 0.1103515625
0 0.16748046875 0.49755859375 0.0615234375 0.0615234375
0 0.16455078125 0.7392578125 0.0849609375 0.0859375
0 0.166015625 0.8291015625 0.0859375 0.0859375
0 0.15673828125 0.9287109375 0.0849609375 0.0859375
0 0.07958984375 0.65966796875 0.0849609375 0.0869140625
0 0.07421875 0.787109375 0.0859375 0.0859375
0 0.0712890625 0.8740234375 0.0859375 0.0859375
0 0.357421875 0.28515625 0.048828125 0.048828125
0 0.353515625 0.3896484375 0.048828125 0.048828125
0 0.26220703125 0.4306640625 0.0732421875 0.07421875
0 0.08251953125 0.3203125 0.0849609375 0.0859375
0 0.94921875 0.52294921875 0.09765625 0.0986328125
0 0.8408203125 0.541015625 0.0859375 0.0859375
0 0.64404296875 0.7802734375 0.1220703125 0.123046875
0 0.64013671875 0.89990234375 0.1103515625 0.1103515625
0 0.5537109375 0.73828125 0.109375 0.111328125
0 0.53564453125 0.85791015625 0.1220703125 0.1220703125
0 0.73828125 0.8515625 0.109375 0.111328125
0 0.83251953125 0.90234375 0.0849609375 0.0859375
0 0.82763671875 0.7998046875 0.0849609375 0.0859375
0 0.94970703125 0.9482421875 0.0732421875 0.07421875