0 0.20751953125 0.10546875 0.1220703125 0.123046875
0 0.40869140625 0.10546875 0.1220703125 0.123046875
0 0.869140625 0.16552734375 0.109375 0.1103515625
0 0.86328125 0.26708984375 0.09765625 0.0986328125
0 0.87060546875 0.380859375 0.1220703125 0.123046875
0 0.86962890625 0.5 0.1220703125 0.123046875
0 0.86962890625 0.609375 0.1220703125 0.123046875
0 0.759765625 0.54443359375 0.109375 0.1103515625
0 0.775390625 0.44091796875 0.109375 0.1103515625
0 0.76953125 0.33154296875 0.09765625 0.0986328125
0 0.76806640625 0.22216796875 0.1103515625 0.1103515625
0 0.77294921875 0.10302734375 0.1220703125 0.1220703125
0 0.68115234375 0.162109375 0.1220703125 0.123046875
0 0.6748046875 0.27978515625 0.109375 0.1103515625
0 0.6767578125 0.38037109375 0.09765625 0.0986328125
0 0.66943359375 0.4912109375 0.1220703125 0.123046875
0 0.67724609375 0.599609375 0.1220703125 0.123046875
0 0.57568359375 0.5361328125 0.1220703125 0.123046875
0 0.5810546875 0.419921875 0.09765625 0.09765625
0 0.57958984375 0.3115234375 0.1220703125 0.123046875
0 0.57568359375 0.20703125 0.1220703125 0.123046875
0 0.58251953125 0.1015625 0.1220703125 0.123046875
0 0.48974609375 0.158203125 0.1220703125 0.123046875
0 0.48583984375 0.2587890625 0.1220703125 0.123046875
0 0.48583984375 0.375 0.1220703125 0.123046875
0 0.48388671875 0.4921875 0.1220703125 0.123046875
0 0.47412109375 0.6044921875 0.1220703125 0.123046875
0 0.39404296875 0.208984375 0.1103515625 0.111328125
0 0.39404296875 0.314453125 0.1103515625 0.111328125
0 0.3876953125 0.43310546875 0.109375 0.1103515625
0 0.38671875 0.54638671875 0.109375 0.1103515625
0 0.2958984375 0.59814453125 0.109375 0.1103515625
0 0.2958984375 0.47705078125 0.109375 0.1103515625
0 0.302734375 0.37744140625 0.109375 0.1103515625
0 0.298828125 0.267578125 0.109375 0.111328125
0 0.302734375 0.1591796875 0.109375 0.111328125
0 0.197265625 0.21533203125 0.109375 0.1103515625
0 0.1962890625 0.31396484375 0.109375 0.1103515625
0 0.19384765625 0.43701171875 0.1103515625 0.1103515625
0 0.18798828125 0.54052734375 0.1103515625 0.1103515625
0 0.10205078125 0.60009765625 0.1103515625 0.1103515625
0 0.09228515625 0.48681640625 0.1103515625 0.1103515625
0 0.10205078125 0.37353515625 0.1103515625 0.1103515625
0 0.10693359375 0.25830078125 0.1103515625 0.1103515625
0 0.10400390625 0.150390625 0.1220703125 0.123046875
0 0.39453125 0.65283203125 0.109375 0.1103515625
0 0.19775390625 0.64892578125 0.1103515625 0.1103515625
0 0.099609375 0.71337890625 0.109375 0.1103515625
0 0.30322265625 0.71728515625 0.1103515625 0.1103515625
0 0.095703125 0.81787109375 0.109375 0.1103515625
0 0.09765625 0.93017578125 0.09765625 0.0986328125
0 0.19287109375 0.76123046875 0.1103515625 0.1103515625
0 0.19287109375 0.87158203125 0.1103515625 0.1103515625
0 0.28857421875 0.81103515625 0.1103515625 0.1103515625
0 0.28125 0.93017578125 0.09765625 0.0986328125
0 0.3798828125 0.763671875 0.109375 0.111328125
0 0.3818359375 0.87353515625 0.109375 0.1103515625
0 0.48974609375 0.7099609375 0.1220703125 0.123046875
0 0.48779296875 0.8017578125 0.1220703125 0.123046875
0 0.48291015625 0.93359375 0.1220703125 0.123046875
0 0.57763671875 0.650390625 0.1220703125 0.123046875
0 0.58154296875 0.7470703125 0.1220703125 0.123046875
0 0.57763671875 0.865234375 0.1220703125 0.123046875
0 0.67333984375 0.9248046875 0.1103515625 0.111328125
0 0.66748046875 0.7041015625 0.1220703125 0.123046875
0 0.75927734375 0.7841796875 0.1220703125 0.123046875
0 0.76220703125 0.6640625 0.1220703125 0.123046875
0 0.67626953125 0.81494140625 0.1103515625 0.1103515625
0 0.763671875 0.88330078125 0.109375 0.1103515625
0 0.86669921875 0.73095703125 0.1220703125 0.1220703125
0 0.86669921875 0.8232421875 0.1220703125 0.123046875
0 0.86572265625 0.9287109375 0.1220703125 0.123046875