0 0.1728515625 0.51220703125 0.07421875 0.0732421875
0 0.15380859375 0.142578125 0.0498046875 0.048828125
0 0.16650390625 0.228515625 0.0615234375 0.060546875
0 0.87255859375 0.06982421875 0.0615234375 0.0615234375
0 0.85498046875 0.23046875 0.0615234375 0.060546875
0 0.86328125 0.5888671875 0.048828125 0.048828125
0 0.9287109375 0.509765625 0.048828125 0.048828125
0 0.91259765625 0.32666015625 0.0615234375 0.0615234375
0 0.80419921875 0.5068359375 0.0615234375 0.060546875
0 0.65234375 0.58203125 0.048828125 0.048828125
0 0.451171875 0.5791015625 0.048828125 0.048828125
0 0.55859375 0.5830078125 0.048828125 0.048828125
0 0.76806640625 0.5869140625 0.0615234375 0.060546875
0 0.61669921875 0.3134765625 0.0615234375 0.060546875
0 0.37451171875 0.2275390625 0.0615234375 0.060546875
0 0.27783203125 0.142578125 0.0615234375 0.060546875
0 0.26123046875 0.224609375 0.0615234375 0.060546875
0 0.33544921875 0.58349609375 0.0615234375 0.0615234375
0 0.4345703125 0.3974609375 0.048828125 0.048828125
0 0.5 0.5087890625 0.037109375 0.037109375
0 0.3408203125 0.3984375 0.048828125 0.048828125
0 0.46875 0.220703125 0.048828125 0.048828125
0 0.505859375 0.30859375 0.060546875 0.060546875
0 0.22021484375 0.05419921875 0.0615234375 0.0615234375
0 0.3857421875 0.50830078125 0.07421875 0.0732421875
0 0.42919921875 0.30517578125 0.0615234375 0.0615234375
0 0.71630859375 0.509765625 0.0615234375 0.060546875
0 0.5 0.15234375 0.048828125 0.048828125
0 0.7568359375 0.2373046875 0.048828125 0.048828125
0 0.61328125 0.517578125 0.048828125 0.048828125
0 0.7041015625 0.31787109375 0.07421875 0.0732421875
0 0.2841796875 0.50830078125 0.07421875 0.0732421875
0 0.89697265625 0.701171875 0.0498046875 0.048828125
0 0.80029296875 0.697265625 0.0498046875 0.048828125
0 0.73876953125 0.796875 0.0498046875 0.048828125
0 0.43212890625 0.7861328125 0.0498046875 0.048828125
0 0.83740234375 0.79052734375 0.0615234375 0.0615234375
0 0.38037109375 0.69580078125 0.0615234375 0.0615234375
0 0.47509765625 0.8974609375 0.0615234375 0.060546875
0 0.630859375 0.7919921875 0.048828125 0.048828125
0 0.72412109375 0.900390625 0.0498046875 0.048828125
0 0.80517578125 0.8896484375 0.0498046875 0.048828125
0 0.90087890625 0.8896484375 0.0498046875 0.048828125
0 0.93896484375 0.7919921875 0.0498046875 0.048828125
0 0.61376953125 0.6982421875 0.0615234375 0.060546875
0 0.53076171875 0.7890625 0.0498046875 0.048828125
0 0.39501953125 0.8935546875 0.0615234375 0.060546875
0 0.333984375 0.7890625 0.037109375 0.037109375
0 0.49560546875 0.7001953125 0.0498046875 0.048828125
0 0.27294921875 0.8935546875 0.0498046875 0.048828125
0 0.2783203125 0.68701171875 0.037109375 0.0361328125
0 0.06201171875 0.38720703125 0.0615234375 0.0615234375
0 0.068359375 0.5029296875 0.048828125 0.048828125
0 0.10009765625 0.04736328125 0.0615234375 0.0615234375
0 0.9736328125 0.0712890625 0.048828125 0.048828125
0 0.79296875 0.06689453125 0.037109375 0.0361328125
0 0.67138671875 0.052734375 0.0361328125 0.037109375
0 0.802734375 0.1533203125 0.048828125 0.048828125
0 0.9150390625 0.1435546875 0.037109375 0.037109375
0 0.6640625 0.228515625 0.037109375 0.037109375
0 0.8115234375 0.318359375 0.048828125 0.048828125
0 0.8671875 0.4013671875 0.048828125 0.048828125
0 0.96533203125 0.40625 0.0615234375 0.060546875
0 0.6552734375 0.3935546875 0.048828125 0.048828125
0 0.96826171875 0.59521484375 0.0244140625 0.0244140625
0 0.7119140625 0.69775390625 0.037109375 0.0361328125
0 0.05029296875 0.138671875 0.0498046875 0.048828125
0 0.31982421875 0.05322265625 0.0361328125 0.0361328125
0 0.04833984375 0.224609375 0.0498046875 0.048828125
0 0.3818359375 0.1533203125 0.037109375 0.037109375
0 0.02587890625 0.3046875 0.0498046875 0.048828125
0 0.12939453125 0.31005859375 0.0615234375 0.0615234375
0 0.2099609375 0.306640625 0.048828125 0.048828125
0 0.2919921875 0.3046875 0.048828125 0.048828125
0 0.2294921875 0.396484375 0.048828125 0.048828125
0 0.13671875 0.3916015625 0.048828125 0.048828125
0 0.12255859375 0.57568359375 0.0244140625 0.0244140625
0 0.2373046875 0.57373046875 0.025390625 0.0244140625
0 0.16455078125 0.68994140625 0.0244140625 0.0244140625
0 0.560546875 0.0576171875 0.037109375 0.037109375
0 0.5703125 0.2255859375 0.048828125 0.048828125
0 0.6015625 0.1494140625 0.037109375 0.037109375
0 0.52099609375 0.39697265625 0.0244140625 0.0244140625
0 0.75048828125 0.39013671875 0.0244140625 0.0244140625
0 0.11083984375 0.78173828125 0.0244140625 0.0244140625
0 0.1982421875 0.89794921875 0.037109375 0.0361328125