0 0.1552734375 0.82373046875 0.060546875 0.0615234375
0 0.23681640625 0.892578125 0.0849609375 0.0859375
0 0.16162109375 0.93115234375 0.0615234375 0.0615234375
0 0.154296875 0.5947265625 0.048828125 0.048828125
0 0.05908203125 0.89111328125 0.0615234375 0.0615234375
0 0.05859375 0.77880859375 0.048828125 0.0498046875
0 0.1494140625 0.38232421875 0.048828125 0.0498046875
0 0.05908203125 0.33251953125 0.0615234375 0.0615234375
0 0.0654296875 0.1142578125 0.048828125 0.048828125
0 0.9169921875 0.05419921875 0.09765625 0.0986328125
0 0.916015625 0.16455078125 0.109375 0.1103515625
0 0.9169921875 0.27197265625 0.109375 0.1103515625
0 0.9150390625 0.38525390625 0.109375 0.1103515625
0 0.8251953125 0.10302734375 0.09765625 0.0986328125
0 0.82763671875 0.21142578125 0.1103515625 0.1103515625
0 0.82470703125 0.33544921875 0.1103515625 0.1103515625
0 0.81884765625 0.44580078125 0.1103515625 0.1103515625
0 0.7373046875 0.06591796875 0.09765625 0.0986328125
0 0.7255859375 0.16162109375 0.09765625 0.0986328125
0 0.7216796875 0.27978515625 0.09765625 0.0986328125
0 0.63134765625 0.1259765625 0.1220703125 0.123046875
0 0.6298828125 0.21337890625 0.09765625 0.0986328125
0 0.6279296875 0.3251953125 0.09765625 0.09765625
0 0.6259765625 0.431640625 0.09765625 0.09765625
0 0.611328125 0.5517578125 0.09765625 0.09765625
0 0.72021484375 0.38134765625 0.1103515625 0.1103515625
0 0.720703125 0.5009765625 0.109375 0.111328125
0 0.81787109375 0.55126953125 0.1103515625 0.1103515625
0 0.90966796875 0.49560546875 0.1103515625 0.1103515625
0 0.52783203125 0.177734375 0.1220703125 0.123046875
0 0.44287109375 0.2099609375 0.1103515625 0.111328125
0 0.34912109375 0.2607421875 0.1220703125 0.123046875
0 0.24609375 0.32568359375 0.109375 0.1103515625
0 0.33984375 0.36865234375 0.09765625 0.0986328125
0 0.4365234375 0.318359375 0.09765625 0.09765625
0 0.2548828125 0.42919921875 0.109375 0.1103515625
0 0.25146484375 0.5478515625 0.0849609375 0.0859375
0 0.345703125 0.49365234375 0.09765625 0.0986328125
0 0.43310546875 0.43115234375 0.1103515625 0.1103515625
0 0.43212890625 0.54541015625 0.1103515625 0.1103515625
0 0.53466796875 0.48828125 0.1220703125 0.123046875
0 0.53662109375 0.380859375 0.1220703125 0.123046875
0 0.1494140625 0.2578125 0.048828125 0.048828125
0 0.90771484375 0.82763671875 0.1103515625 0.1103515625
0 0.9091796875 0.71630859375 0.09765625 0.0986328125
0 0.91357421875 0.60791015625 0.1103515625 0.1103515625
0 0.81201171875 0.65185546875 0.1103515625 0.1103515625
0 0.8203125 0.75830078125 0.109375 0.1103515625
0 0.71826171875 0.7236328125 0.1220703125 0.123046875
0 0.728515625 0.61083984375 0.109375 0.1103515625
0 0.72802734375 0.8310546875 0.1220703125 0.123046875
0 0.623046875 0.78271484375 0.09765625 0.0986328125
0 0.6259765625 0.66357421875 0.109375 0.1103515625
0 0.43408203125 0.65234375 0.1220703125 0.123046875
0 0.537109375 0.72412109375 0.09765625 0.0986328125
0 0.53857421875 0.6015625 0.1220703125 0.123046875
0 0.54052734375 0.8271484375 0.1103515625 0.111328125
0 0.4345703125 0.7724609375 0.109375 0.111328125
0 0.3447265625 0.8271484375 0.109375 0.111328125
0 0.3408203125 0.7138671875 0.109375 0.111328125
0 0.34375 0.599609375 0.109375 0.111328125
0 0.2529296875 0.6552734375 0.09765625 0.09765625
0 0.2412109375 0.7783203125 0.09765625 0.09765625
0 0.33447265625 0.9189453125 0.0849609375 0.0859375
0 0.42919921875 0.88134765625 0.1103515625 0.1103515625
0 0.61669921875 0.88134765625 0.1103515625 0.1103515625
0 0.71337890625 0.9365234375 0.1220703125 0.123046875
0 0.8115234375 0.8818359375 0.109375 0.111328125
0 0.9091796875 0.9404296875 0.109375 0.111328125
0 0.15234375 0.052734375 0.048828125 0.048828125
0 0.1484375 0.1611328125 0.048828125 0.048828125
0 0.0673828125 0.22119140625 0.048828125 0.0498046875
0 0.0625 0.443359375 0.048828125 0.048828125
0 0.14892578125 0.48486328125 0.0244140625 0.0244140625
0 0.1435546875 0.7109375 0.048828125 0.048828125
0 0.0595703125 0.6806640625 0.037109375 0.037109375
0 0.0615234375 0.5546875 0.048828125 0.048828125