0 0.06298828125 0.3896484375 0.0732421875 0.07421875
0 0.349609375 0.86962890625 0.048828125 0.0498046875
0 0.4443359375 0.94775390625 0.048828125 0.0498046875
0 0.236328125 0.93798828125 0.037109375 0.0361328125
0 0.06494140625 0.14501953125 0.1103515625 0.1103515625
0 0.166015625 0.10791015625 0.09765625 0.0986328125
0 0.25390625 0.05810546875 0.09765625 0.0986328125
0 0.34814453125 0.11279296875 0.1103515625 0.1103515625
0 0.447265625 0.056640625 0.109375 0.111328125
0 0.45068359375 0.1630859375 0.1220703125 0.123046875
0 0.5498046875 0.1044921875 0.09765625 0.09765625
0 0.6376953125 0.0595703125 0.09765625 0.09765625
0 0.6396484375 0.171875 0.109375 0.111328125
0 0.72900390625 0.10546875 0.1220703125 0.123046875
0 0.84326171875 0.15625 0.1220703125 0.123046875
0 0.732421875 0.2275390625 0.09765625 0.09765625
0 0.740234375 0.3330078125 0.09765625 0.09765625
0 0.728515625 0.4560546875 0.09765625 0.09765625
0 0.732421875 0.54443359375 0.09765625 0.0986328125
0 0.6298828125 0.61181640625 0.09765625 0.0986328125
0 0.6435546875 0.4931640625 0.0859375 0.0859375
0 0.63671875 0.3876953125 0.0859375 0.0859375
0 0.6416015625 0.2763671875 0.09765625 0.09765625
0 0.541015625 0.22265625 0.09765625 0.09765625
0 0.54296875 0.34228515625 0.09765625 0.0986328125
0 0.54296875 0.43408203125 0.09765625 0.0986328125
0 0.5361328125 0.55029296875 0.09765625 0.0986328125
0 0.54345703125 0.65673828125 0.0849609375 0.0869140625
0 0.44775390625 0.49951171875 0.1103515625 0.1103515625
0 0.4462890625 0.38134765625 0.09765625 0.0986328125
0 0.44580078125 0.27490234375 0.1103515625 0.1103515625
0 0.3525390625 0.22119140625 0.09765625 0.0986328125
0 0.345703125 0.31591796875 0.09765625 0.0986328125
0 0.3486328125 0.44482421875 0.109375 0.1103515625
0 0.3447265625 0.55029296875 0.109375 0.1103515625
0 0.2490234375 0.49462890625 0.09765625 0.0986328125
0 0.255859375 0.38525390625 0.09765625 0.0986328125
0 0.2646484375 0.25341796875 0.09765625 0.0986328125
0 0.251953125 0.16748046875 0.09765625 0.0986328125
0 0.158203125 0.20751953125 0.09765625 0.0986328125
0 0.158203125 0.33642578125 0.09765625 0.0986328125
0 0.162109375 0.43017578125 0.09765625 0.0986328125
0 0.154296875 0.546875 0.09765625 0.09765625
0 0.04833984375 0.5966796875 0.0849609375 0.0859375
0 0.05419921875 0.498046875 0.0849609375 0.0859375
0 0.0625 0.26318359375 0.09765625 0.0986328125
0 0.248046875 0.60546875 0.048828125 0.048828125
0 0.146484375 0.6689453125 0.048828125 0.048828125
0 0.44921875 0.61279296875 0.060546875 0.0615234375
0 0.3564453125 0.6630859375 0.048828125 0.048828125
0 0.93603515625 0.10888671875 0.1220703125 0.1220703125
0 0.84033203125 0.2626953125 0.1220703125 0.123046875
0 0.83544921875 0.37646484375 0.1220703125 0.1220703125
0 0.83837890625 0.47900390625 0.1103515625 0.1103515625
0 0.8310546875 0.60986328125 0.09765625 0.0986328125
0 0.728515625 0.6591796875 0.0859375 0.0859375
0 0.82958984375 0.72216796875 0.1103515625 0.1103515625
0 0.92236328125 0.66015625 0.0849609375 0.0859375
0 0.92578125 0.55908203125 0.09765625 0.0986328125
0 0.923828125 0.44091796875 0.09765625 0.0986328125
0 0.9287109375 0.33154296875 0.09765625 0.0986328125
0 0.92919921875 0.228515625 0.1220703125 0.123046875
0 0.92333984375 0.76513671875 0.0849609375 0.0869140625
0 0.8134765625 0.82177734375 0.048828125 0.0498046875
0 0.732421875 0.77978515625 0.09765625 0.0986328125
0 0.14990234375 0.88623046875 0.0615234375 0.0615234375
0 0.1474609375 0.77392578125 0.048828125 0.0498046875
0 0.2451171875 0.81689453125 0.048828125 0.0498046875
0 0.35595703125 0.76953125 0.0361328125 0.037109375
0 0.04736328125 0.96337890625 0.0615234375 0.0615234375
0 0.05078125 0.8388671875 0.048828125 0.048828125
0 0.05029296875 0.72119140625 0.0361328125 0.0361328125
0 0.45849609375 0.7158203125 0.0361328125 0.037109375
0 0.5263671875 0.8935546875 0.048828125 0.048828125
0 0.5390625 0.7734375 0.048828125 0.048828125
0 0.62109375 0.8017578125 0.037109375 0.037109375
0 0.6123046875 0.94921875 0.037109375 0.037109375
0 0.7607421875 0.90625 0.037109375 0.037109375
0 0.9189453125 0.8876953125 0.037109375 0.037109375
0 0.6376953125 0.720703125 0.09765625 0.09765625