0 0.265625 0.79931640625 0.060546875 0.0615234375
0 0.34716796875 0.8681640625 0.0849609375 0.0859375
0 0.27197265625 0.90673828125 0.0615234375 0.0615234375
0 0.2646484375 0.5703125 0.048828125 0.048828125
0 0.0888671875 0.5869140625 0.048828125 0.048828125
0 0.0869140625 0.70166015625 0.048828125 0.0498046875
0 0.16943359375 0.86669921875 0.0615234375 0.0615234375
0 0.1689453125 0.75439453125 0.048828125 0.0498046875
0 0.259765625 0.35791015625 0.048828125 0.0498046875
0 0.0888671875 0.14306640625 0.060546875 0.0615234375
0 0.0869140625 0.37060546875 0.048828125 0.0498046875
0 0.16943359375 0.30810546875 0.0615234375 0.0615234375
0 0.17578125 0.08984375 0.048828125 0.048828125
0 0.935546875 0.07861328125 0.09765625 0.0986328125
0 0.93798828125 0.18701171875 0.1103515625 0.1103515625
0 0.93505859375 0.31103515625 0.1103515625 0.1103515625
0 0.92919921875 0.42138671875 0.1103515625 0.1103515625
0 0.8359375 0.13720703125 0.09765625 0.0986328125
0 0.83203125 0.25537109375 0.09765625 0.0986328125
0 0.74169921875 0.1015625 0.1220703125 0.123046875
0 0.740234375 0.18896484375 0.09765625 0.0986328125
0 0.73828125 0.30078125 0.09765625 0.09765625
0 0.736328125 0.4072265625 0.09765625 0.09765625
0 0.7216796875 0.52734375 0.09765625 0.09765625
0 0.83056640625 0.35693359375 0.1103515625 0.1103515625
0 0.8310546875 0.4765625 0.109375 0.111328125
0 0.92822265625 0.52685546875 0.1103515625 0.1103515625
0 0.63818359375 0.1533203125 0.1220703125 0.123046875
0 0.55322265625 0.185546875 0.1103515625 0.111328125
0 0.45947265625 0.236328125 0.1220703125 0.123046875
0 0.3564453125 0.30126953125 0.109375 0.1103515625
0 0.4501953125 0.34423828125 0.09765625 0.0986328125
0 0.546875 0.2939453125 0.09765625 0.09765625
0 0.365234375 0.40478515625 0.109375 0.1103515625
0 0.36181640625 0.5234375 0.0849609375 0.0859375
0 0.4560546875 0.46923828125 0.09765625 0.0986328125
0 0.54345703125 0.40673828125 0.1103515625 0.1103515625
0 0.54248046875 0.52099609375 0.1103515625 0.1103515625
0 0.64501953125 0.4638671875 0.1220703125 0.123046875
0 0.64697265625 0.3564453125 0.1220703125 0.123046875
0 0.259765625 0.2333984375 0.048828125 0.048828125
0 0.92236328125 0.62744140625 0.1103515625 0.1103515625
0 0.9306640625 0.73388671875 0.109375 0.1103515625
0 0.82861328125 0.69921875 0.1220703125 0.123046875
0 0.8388671875 0.58642578125 0.109375 0.1103515625
0 0.83837890625 0.806640625 0.1220703125 0.123046875
0 0.7333984375 0.75830078125 0.09765625 0.0986328125
0 0.736328125 0.63916015625 0.109375 0.1103515625
0 0.54443359375 0.6279296875 0.1220703125 0.123046875
0 0.6474609375 0.69970703125 0.09765625 0.0986328125
0 0.64892578125 0.5771484375 0.1220703125 0.123046875
0 0.65087890625 0.802734375 0.1103515625 0.111328125
0 0.544921875 0.748046875 0.109375 0.111328125
0 0.455078125 0.802734375 0.109375 0.111328125
0 0.451171875 0.689453125 0.109375 0.111328125
0 0.4541015625 0.5751953125 0.109375 0.111328125
0 0.36328125 0.630859375 0.09765625 0.09765625
0 0.3515625 0.75390625 0.09765625 0.09765625
0 0.44482421875 0.89453125 0.0849609375 0.0859375
0 0.53955078125 0.85693359375 0.1103515625 0.1103515625
0 0.638671875 0.92138671875 0.109375 0.1103515625
0 0.72705078125 0.85693359375 0.1103515625 0.1103515625
0 0.82373046875 0.912109375 0.1220703125 0.123046875
0 0.921875 0.857421875 0.109375 0.111328125
0 0.2626953125 0.0283203125 0.048828125 0.048828125
0 0.2587890625 0.13671875 0.048828125 0.048828125
0 0.177734375 0.19677734375 0.048828125 0.0498046875
0 0.09716796875 0.23681640625 0.0244140625 0.0244140625
0 0.0830078125 0.04296875 0.048828125 0.048828125
0 0.1728515625 0.4189453125 0.048828125 0.048828125
0 0.25927734375 0.46044921875 0.0244140625 0.0244140625
0 0.25390625 0.6865234375 0.048828125 0.048828125
0 0.169921875 0.65625 0.037109375 0.037109375
0 0.171875 0.5302734375 0.048828125 0.048828125
0 0.08642578125 0.47412109375 0.0244140625 0.0244140625
0 0.357421875 0.95751953125 0.060546875 0.0615234375
0 0.5419921875 0.9697265625 0.048828125 0.048828125