0 0.92724609375 0.49609375 0.0732421875 0.07421875
0 0.720703125 0.73193359375 0.048828125 0.0498046875
0 0.6259765625 0.65380859375 0.048828125 0.0498046875
0 0.728515625 0.50048828125 0.048828125 0.0498046875
0 0.833984375 0.66357421875 0.037109375 0.0361328125
0 0.923828125 0.576171875 0.048828125 0.048828125
0 0.62744140625 0.55908203125 0.0361328125 0.0361328125
0 0.92822265625 0.3935546875 0.0615234375 0.060546875
0 0.83837890625 0.23046875 0.0615234375 0.060546875
0 0.6357421875 0.40185546875 0.048828125 0.0498046875
0 0.740234375 0.1806640625 0.060546875 0.060546875
0 0.7353515625 0.3642578125 0.048828125 0.048828125
0 0.630859375 0.3203125 0.048828125 0.048828125
0 0.64453125 0.236328125 0.048828125 0.048828125
0 0.54638671875 0.302734375 0.0361328125 0.037109375
0 0.17138671875 0.49462890625 0.0615234375 0.0615234375
0 0.52685546875 0.94482421875 0.0849609375 0.0869140625
0 0.923828125 0.9326171875 0.048828125 0.048828125
0 0.7138671875 0.9384765625 0.048828125 0.048828125
0 0.341796875 0.9423828125 0.0859375 0.0859375
0 0.24072265625 0.87939453125 0.1103515625 0.1103515625
0 0.14794921875 0.94140625 0.0849609375 0.0859375
0 0.0576171875 0.77685546875 0.09765625 0.0986328125
0 0.0556640625 0.67333984375 0.09765625 0.0986328125
0 0.05078125 0.55517578125 0.09765625 0.0986328125
0 0.14697265625 0.83642578125 0.0849609375 0.0869140625
0 0.2568359375 0.77978515625 0.048828125 0.0498046875
0 0.337890625 0.82177734375 0.09765625 0.0986328125
0 0.92041015625 0.71533203125 0.0615234375 0.0615234375
0 0.9228515625 0.82763671875 0.048828125 0.0498046875
0 0.1455078125 0.17529296875 0.060546875 0.0615234375
0 0.1484375 0.27587890625 0.048828125 0.0498046875
0 0.138671875 0.07861328125 0.037109375 0.0361328125
0 0.22900390625 0.03564453125 0.0361328125 0.0361328125
0 0.06298828125 0.328125 0.0361328125 0.037109375
0 0.14306640625 0.3935546875 0.0361328125 0.037109375
0 0.24609375 0.3388671875 0.037109375 0.037109375
0 0.34375 0.28564453125 0.037109375 0.0361328125
0 0.44384765625 0.23876953125 0.0361328125 0.0361328125
0 0.46533203125 0.1142578125 0.0361328125 0.037109375
0 0.34912109375 0.16259765625 0.0361328125 0.0361328125
0 0.23046875 0.22021484375 0.048828125 0.0498046875
0 0.2294921875 0.13134765625 0.037109375 0.0361328125
0 0.0615234375 0.23046875 0.048828125 0.048828125
0 0.06103515625 0.12890625 0.0361328125 0.037109375
0 0.837890625 0.455078125 0.037109375 0.037109375
0 0.8251953125 0.78466796875 0.048828125 0.0498046875
0 0.71435546875 0.83203125 0.0361328125 0.037109375
0 0.61181640625 0.8857421875 0.0361328125 0.037109375
0 0.7158203125 0.62548828125 0.048828125 0.0498046875
0 0.52490234375 0.48779296875 0.0361328125 0.0361328125
0 0.5439453125 0.7080078125 0.048828125 0.048828125
0 0.53125 0.828125 0.048828125 0.048828125
0 0.44921875 0.7998046875 0.037109375 0.037109375
0 0.4580078125 0.65234375 0.037109375 0.037109375
0 0.3095703125 0.6953125 0.037109375 0.037109375
0 0.25927734375 0.5693359375 0.0361328125 0.037109375
0 0.1513671875 0.7138671875 0.037109375 0.037109375
0 0.3408203125 0.509765625 0.037109375 0.037109375
0 0.24658203125 0.46826171875 0.0244140625 0.0244140625
0 0.55517578125 0.607421875 0.0361328125 0.037109375
0 0.9306640625 0.17236328125 0.060546875 0.0615234375
0 0.9306640625 0.0966796875 0.048828125 0.048828125
0 0.83740234375 0.34375 0.0361328125 0.037109375
0 0.8447265625 0.1328125 0.048828125 0.048828125
0 0.7294921875 0.2705078125 0.037109375 0.037109375
0 0.64013671875 0.0908203125 0.0244140625 0.025390625
0 0.55908203125 0.0908203125 0.0361328125 0.037109375
0 0.39697265625 0.39208984375 0.0361328125 0.0361328125
0 0.056640625 0.4423828125 0.037109375 0.037109375
0 0.4326171875 0.880859375 0.09765625 0.09765625