0 0.556640625 0.93994140625 0.111328125 0.1103515625
0 0.666015625 0.9423828125 0.09765625 0.09765625
0 0.76806640625 0.9443359375 0.1103515625 0.109375
0 0.93310546875 0.85498046875 0.1103515625 0.1103515625
0 0.82421875 0.8505859375 0.09765625 0.09765625
0 0.7099609375 0.85302734375 0.111328125 0.1103515625
0 0.607421875 0.8525390625 0.09765625 0.09765625
0 0.5498046875 0.75634765625 0.07421875 0.0732421875
0 0.65625 0.759765625 0.0859375 0.0859375
0 0.7587890625 0.76171875 0.0859375 0.0859375
0 0.8759765625 0.76904296875 0.0859375 0.0849609375
0 0.9423828125 0.6640625 0.111328125 0.109375
0 0.8271484375 0.6650390625 0.111328125 0.109375
0 0.71533203125 0.662109375 0.1103515625 0.109375
0 0.60986328125 0.6650390625 0.0986328125 0.09765625
0 0.8798828125 0.5732421875 0.111328125 0.109375
0 0.78173828125 0.572265625 0.0986328125 0.09765625
0 0.662109375 0.57861328125 0.123046875 0.1220703125
0 0.56298828125 0.57470703125 0.1103515625 0.1103515625
0 0.60791015625 0.47119140625 0.1103515625 0.1103515625
0 0.72314453125 0.47412109375 0.1103515625 0.1103515625
0 0.93994140625 0.47607421875 0.1103515625 0.1103515625
0 0.8349609375 0.4755859375 0.048828125 0.048828125
0 0.88916015625 0.390625 0.0986328125 0.09765625
0 0.78076171875 0.3798828125 0.1103515625 0.109375
0 0.65771484375 0.3837890625 0.0986328125 0.09765625
0 0.54052734375 0.3896484375 0.1103515625 0.109375
0 0.58984375 0.28466796875 0.123046875 0.1220703125
0 0.71533203125 0.28271484375 0.1220703125 0.1220703125
0 0.82958984375 0.28466796875 0.1220703125 0.1220703125
0 0.93798828125 0.2880859375 0.1103515625 0.109375
0 0.88037109375 0.1865234375 0.0986328125 0.09765625
0 0.7666015625 0.19384765625 0.123046875 0.1220703125
0 0.6474609375 0.19287109375 0.123046875 0.1220703125
0 0.5380859375 0.19287109375 0.123046875 0.1220703125
0 0.60302734375 0.0830078125 0.1103515625 0.109375
0 0.70654296875 0.0986328125 0.1103515625 0.109375
0 0.81591796875 0.0927734375 0.0986328125 0.09765625
0 0.92529296875 0.09130859375 0.1103515625 0.1103515625
0 0.36328125 0.08251953125 0.123046875 0.1220703125
0 0.4833984375 0.08544921875 0.123046875 0.1220703125
0 0.26416015625 0.0869140625 0.1103515625 0.109375
0 0.1484375 0.08740234375 0.123046875 0.1220703125
0 0.0576171875 0.09521484375 0.111328125 0.1103515625
0 0.41650390625 0.18994140625 0.1220703125 0.1220703125
0 0.32421875 0.18994140625 0.123046875 0.1220703125
0 0.21875 0.18896484375 0.123046875 0.1220703125
0 0.11181640625 0.1767578125 0.1103515625 0.109375
0 0.431640625 0.36669921875 0.123046875 0.1220703125
0 0.32373046875 0.37158203125 0.1220703125 0.1220703125
0 0.26806640625 0.27685546875 0.1103515625 0.1103515625
0 0.37939453125 0.27783203125 0.1103515625 0.1103515625
0 0.49169921875 0.29052734375 0.1103515625 0.1103515625
0 0.20849609375 0.36083984375 0.1220703125 0.1220703125
0 0.1279296875 0.28173828125 0.123046875 0.1220703125
0 0.12646484375 0.38037109375 0.1103515625 0.1103515625
0 0.16259765625 0.46875 0.1103515625 0.109375
0 0.28466796875 0.4755859375 0.1103515625 0.109375
0 0.38525390625 0.4677734375 0.1103515625 0.109375
0 0.49267578125 0.47265625 0.1103515625 0.109375
0 0.4462890625 0.57177734375 0.123046875 0.1220703125
0 0.333984375 0.56787109375 0.123046875 0.1220703125
0 0.22900390625 0.5703125 0.1103515625 0.109375
0 0.13330078125 0.5771484375 0.1103515625 0.109375
0 0.16845703125 0.66064453125 0.1103515625 0.1103515625
0 0.27001953125 0.65771484375 0.1103515625 0.1103515625
0 0.3876953125 0.66455078125 0.111328125 0.1103515625
0 0.4921875 0.66162109375 0.111328125 0.1103515625
0 0.4453125 0.75390625 0.111328125 0.109375
0 0.333984375 0.755859375 0.111328125 0.109375
0 0.2255859375 0.7490234375 0.09765625 0.09765625
0 0.11083984375 0.755859375 0.0986328125 0.09765625
0 0.1591796875 0.841796875 0.111328125 0.109375
0 0.279296875 0.85693359375 0.123046875 0.1220703125
0 0.39453125 0.85595703125 0.07421875 0.0732421875
0 0.48876953125 0.84765625 0.0986328125 0.09765625
0 0.33251953125 0.94091796875 0.1103515625 0.1103515625
0 0.2294921875 0.9375 0.09765625 0.09765625
0 0.109375 0.9345703125 0.111328125 0.109375