0 0.115234375 0.37646484375 0.048828125 0.0498046875
0 0.11376953125 0.47119140625 0.0361328125 0.0361328125
0 0.10546875 0.62841796875 0.048828125 0.0498046875
0 0.1103515625 0.7099609375 0.048828125 0.048828125
0 0.0966796875 0.7939453125 0.048828125 0.048828125
0 0.19482421875 0.7275390625 0.0361328125 0.037109375
0 0.56982421875 0.53564453125 0.0615234375 0.0615234375
0 0.21435546875 0.08544921875 0.0849609375 0.0869140625
0 0.1201171875 0.04150390625 0.060546875 0.0615234375
0 0.02734375 0.091796875 0.048828125 0.048828125
0 0.3994140625 0.087890625 0.0859375 0.0859375
0 0.50048828125 0.15087890625 0.1103515625 0.1103515625
0 0.59326171875 0.0888671875 0.0849609375 0.0859375
0 0.6943359375 0.14697265625 0.09765625 0.0986328125
0 0.78857421875 0.0859375 0.1220703125 0.123046875
0 0.87744140625 0.1484375 0.1220703125 0.123046875
0 0.87841796875 0.25341796875 0.1103515625 0.1103515625
0 0.87548828125 0.36865234375 0.1103515625 0.1103515625
0 0.87548828125 0.47705078125 0.1220703125 0.1220703125
0 0.87548828125 0.59326171875 0.1220703125 0.1220703125
0 0.7822265625 0.19970703125 0.109375 0.1103515625
0 0.7783203125 0.29736328125 0.09765625 0.0986328125
0 0.7890625 0.41162109375 0.09765625 0.0986328125
0 0.7861328125 0.52783203125 0.09765625 0.0986328125
0 0.783203125 0.65283203125 0.09765625 0.0986328125
0 0.68359375 0.25341796875 0.09765625 0.0986328125
0 0.685546875 0.35693359375 0.09765625 0.0986328125
0 0.6904296875 0.47509765625 0.09765625 0.0986328125
0 0.59423828125 0.19384765625 0.0849609375 0.0869140625
0 0.484375 0.25048828125 0.048828125 0.0498046875
0 0.4033203125 0.20849609375 0.09765625 0.0986328125
0 0.86328125 0.900390625 0.0859375 0.0859375
0 0.875 0.810546875 0.0859375 0.0859375
0 0.8818359375 0.7001953125 0.0859375 0.0859375
0 0.791015625 0.75244140625 0.09765625 0.0986328125
0 0.595703125 0.85498046875 0.060546875 0.0615234375
0 0.5927734375 0.75439453125 0.048828125 0.0498046875
0 0.76953125 0.96875 0.048828125 0.048828125
0 0.6025390625 0.95166015625 0.037109375 0.0361328125
0 0.67822265625 0.7021484375 0.0361328125 0.037109375
0 0.59814453125 0.63671875 0.0361328125 0.037109375
0 0.4951171875 0.69140625 0.037109375 0.037109375
0 0.3974609375 0.74462890625 0.037109375 0.0361328125
0 0.29736328125 0.79150390625 0.0361328125 0.0361328125
0 0.27587890625 0.916015625 0.0361328125 0.037109375
0 0.39208984375 0.86767578125 0.0361328125 0.0361328125
0 0.5107421875 0.81005859375 0.048828125 0.0498046875
0 0.51171875 0.89892578125 0.037109375 0.0361328125
0 0.7724609375 0.8623046875 0.048828125 0.048828125
0 0.6796875 0.7998046875 0.048828125 0.048828125
0 0.68017578125 0.9013671875 0.0361328125 0.037109375
0 0.02685546875 0.1982421875 0.0361328125 0.037109375
0 0.12939453125 0.14453125 0.0361328125 0.037109375
0 0.025390625 0.40478515625 0.048828125 0.0498046875
0 0.21630859375 0.54248046875 0.0361328125 0.0361328125
0 0.197265625 0.322265625 0.048828125 0.048828125
0 0.2099609375 0.2021484375 0.048828125 0.048828125
0 0.2919921875 0.23046875 0.037109375 0.037109375
0 0.283203125 0.3779296875 0.037109375 0.037109375
0 0.431640625 0.3349609375 0.037109375 0.037109375
0 0.48193359375 0.4609375 0.0361328125 0.037109375
0 0.58984375 0.31640625 0.037109375 0.037109375
0 0.400390625 0.5205078125 0.037109375 0.037109375
0 0.49462890625 0.56201171875 0.0244140625 0.0244140625
0 0.18603515625 0.4228515625 0.0361328125 0.037109375
0 0.10107421875 0.939453125 0.0244140625 0.025390625
0 0.18212890625 0.939453125 0.0361328125 0.037109375
0 0.34423828125 0.63818359375 0.0361328125 0.0361328125
0 0.6845703125 0.587890625 0.037109375 0.037109375
0 0.30859375 0.1494140625 0.09765625 0.09765625