0 0.29150390625 0.681640625 0.0732421875 0.07421875
0 0.2861328125 0.05029296875 0.060546875 0.0615234375
0 0.361328125 0.2021484375 0.048828125 0.048828125
0 0.3583984375 0.4033203125 0.048828125 0.048828125
0 0.3623046875 0.2958984375 0.048828125 0.048828125
0 0.3662109375 0.08642578125 0.060546875 0.0615234375
0 0.0927734375 0.23779296875 0.060546875 0.0615234375
0 0.36279296875 0.51904296875 0.0615234375 0.0615234375
0 0.1767578125 0.419921875 0.048828125 0.048828125
0 0.2880859375 0.3544921875 0.037109375 0.037109375
0 0.177734375 0.513671875 0.048828125 0.048828125
0 0.087890625 0.3486328125 0.060546875 0.060546875
0 0.28759765625 0.46875 0.0732421875 0.07421875
0 0.08447265625 0.42529296875 0.0615234375 0.0615234375
0 0.2890625 0.13818359375 0.060546875 0.0615234375
0 0.296875 0.2412109375 0.048828125 0.048828125
0 0.09716796875 0.150390625 0.0732421875 0.07421875
0 0.28759765625 0.5703125 0.0732421875 0.07421875
0 0.8876953125 0.70849609375 0.048828125 0.0498046875
0 0.4765625 0.05419921875 0.048828125 0.0498046875
0 0.576171875 0.11572265625 0.048828125 0.0498046875
0 0.5654296875 0.42236328125 0.048828125 0.0498046875
0 0.47509765625 0.47412109375 0.0615234375 0.0615234375
0 0.6767578125 0.37939453125 0.060546875 0.0615234375
0 0.5712890625 0.2236328125 0.048828125 0.048828125
0 0.6796875 0.13037109375 0.048828125 0.0498046875
0 0.6689453125 0.04931640625 0.048828125 0.0498046875
0 0.4775390625 0.24072265625 0.060546875 0.0615234375
0 0.568359375 0.32373046875 0.048828125 0.0498046875
0 0.6728515625 0.45947265625 0.060546875 0.0615234375
0 0.568359375 0.5205078125 0.037109375 0.037109375
0 0.4794921875 0.35888671875 0.048828125 0.0498046875
0 0.6728515625 0.58154296875 0.048828125 0.0498046875
0 0.46630859375 0.576171875 0.0361328125 0.037109375
0 0.16650390625 0.79248046875 0.0615234375 0.0615234375
0 0.2822265625 0.7861328125 0.048828125 0.048828125
0 0.09765625 0.04296875 0.048828125 0.048828125
0 0.1728515625 0.19921875 0.048828125 0.048828125
0 0.47705078125 0.142578125 0.0361328125 0.037109375
0 0.56005859375 0.96484375 0.0244140625 0.025390625
0 0.083984375 0.82861328125 0.048828125 0.0498046875
0 0.08935546875 0.72509765625 0.0615234375 0.0615234375
0 0.0859375 0.64453125 0.048828125 0.048828125
0 0.083984375 0.5625 0.048828125 0.048828125
0 0.17578125 0.625 0.048828125 0.048828125
0 0.1708984375 0.7177734375 0.048828125 0.048828125
0 0.173828125 0.88525390625 0.048828125 0.0498046875
0 0.2861328125 0.900390625 0.048828125 0.048828125
0 0.35986328125 0.85693359375 0.0244140625 0.0244140625
0 0.35498046875 0.73193359375 0.0244140625 0.0244140625
0 0.35302734375 0.6171875 0.0244140625 0.025390625
0 0.46923828125 0.68994140625 0.0244140625 0.0244140625
0 0.46923828125 0.92822265625 0.0244140625 0.0244140625
0 0.17626953125 0.33349609375 0.0244140625 0.0244140625
0 0.16943359375 0.10400390625 0.0244140625 0.0244140625
0 0.91064453125 0.47314453125 0.0615234375 0.0615234375
0 0.9189453125 0.3740234375 0.048828125 0.048828125
0 0.77197265625 0.53857421875 0.0244140625 0.0244140625
0 0.77197265625 0.431640625 0.0361328125 0.037109375
0 0.662109375 0.9033203125 0.048828125 0.048828125
0 0.767578125 0.65087890625 0.037109375 0.0361328125
0 0.7626953125 0.767578125 0.048828125 0.048828125
0 0.7626953125 0.8720703125 0.048828125 0.048828125
0 0.8798828125 0.9150390625 0.048828125 0.048828125
0 0.890625 0.80224609375 0.037109375 0.0361328125
0 0.95947265625 0.95556640625 0.0244140625 0.0244140625
0 0.96630859375 0.82861328125 0.0244140625 0.0244140625
0 0.97265625 0.71435546875 0.048828125 0.0498046875
0 0.56103515625 0.74365234375 0.0244140625 0.0244140625
0 0.67724609375 0.65625 0.0361328125 0.037109375