0 0.65185546875 0.40576171875 0.0615234375 0.0615234375
0 0.744140625 0.484375 0.048828125 0.048828125
0 0.7490234375 0.36572265625 0.048828125 0.0498046875
0 0.4912109375 0.38818359375 0.060546875 0.0615234375
0 0.1328125 0.396484375 0.048828125 0.048828125
0 0.2119140625 0.4619140625 0.048828125 0.048828125
0 0.39501953125 0.44580078125 0.0615234375 0.0615234375
0 0.841796875 0.41552734375 0.048828125 0.0498046875
0 0.21484375 0.33740234375 0.060546875 0.0615234375
0 0.85205078125 0.18115234375 0.0732421875 0.0732421875
0 0.85400390625 0.29248046875 0.0732421875 0.0732421875
0 0.7529296875 0.24755859375 0.060546875 0.0615234375
0 0.8525390625 0.06884765625 0.060546875 0.0615234375
0 0.76611328125 0.109375 0.0361328125 0.037109375
0 0.1396484375 0.185546875 0.048828125 0.048828125
0 0.138671875 0.091796875 0.048828125 0.048828125
0 0.134765625 0.30126953125 0.060546875 0.0615234375
0 0.408203125 0.14990234375 0.060546875 0.0615234375
0 0.212890625 0.033203125 0.037109375 0.037109375
0 0.4130859375 0.0390625 0.060546875 0.060546875
0 0.2119140625 0.24951171875 0.060546875 0.0615234375
0 0.5693359375 0.033203125 0.048828125 0.048828125
0 0.484375 0.2900390625 0.048828125 0.048828125
0 0.2041015625 0.146484375 0.048828125 0.048828125
0 0.40380859375 0.2373046875 0.0732421875 0.07421875
0 0.92626953125 0.36865234375 0.0615234375 0.0615234375
0 0.935546875 0.15283203125 0.060546875 0.0615234375
0 0.93115234375 0.47314453125 0.0615234375 0.0615234375
0 0.48974609375 0.61865234375 0.0615234375 0.0615234375
0 0.39111328125 0.55224609375 0.0615234375 0.0615234375
0 0.74267578125 0.6884765625 0.0732421875 0.07421875
0 0.65283203125 0.61962890625 0.0615234375 0.0615234375
0 0.49609375 0.5224609375 0.060546875 0.060546875
0 0.48876953125 0.71337890625 0.0615234375 0.0615234375
0 0.8408203125 0.6337890625 0.048828125 0.048828125
0 0.845703125 0.52587890625 0.048828125 0.0498046875
0 0.56103515625 0.67578125 0.0732421875 0.07421875
0 0.650390625 0.5068359375 0.048828125 0.048828125
0 0.5615234375 0.5498046875 0.060546875 0.060546875
0 0.7490234375 0.57958984375 0.060546875 0.0615234375
0 0.93701171875 0.2548828125 0.0361328125 0.037109375
0 0.9365234375 0.58251953125 0.048828125 0.0498046875
0 0.8466796875 0.712890625 0.048828125 0.048828125
0 0.65478515625 0.326171875 0.0361328125 0.037109375
0 0.6689453125 0.20458984375 0.037109375 0.0361328125
0 0.568359375 0.3359375 0.048828125 0.048828125
0 0.578125 0.4482421875 0.037109375 0.037109375
0 0.4931640625 0.197265625 0.037109375 0.037109375
0 0.4033203125 0.3447265625 0.048828125 0.048828125
0 0.3203125 0.400390625 0.048828125 0.048828125
0 0.3154296875 0.49853515625 0.060546875 0.0615234375
0 0.328125 0.1884765625 0.048828125 0.048828125
0 0.12646484375 0.50146484375 0.0244140625 0.0244140625
0 0.02392578125 0.2451171875 0.0361328125 0.037109375
0 0.6640625 0.09375 0.037109375 0.037109375
0 0.49609375 0.103515625 0.048828125 0.048828125
0 0.572265625 0.134765625 0.037109375 0.037109375
0 0.32470703125 0.05419921875 0.0244140625 0.0244140625
0 0.33154296875 0.28369140625 0.0244140625 0.0244140625
0 0.03369140625 0.53466796875 0.0244140625 0.0244140625