0 0.6376953125 0.787109375 0.048828125 0.048828125
0 0.63232421875 0.89208984375 0.0615234375 0.0615234375
0 0.63720703125 0.68994140625 0.0615234375 0.0615234375
0 0.6357421875 0.57666015625 0.060546875 0.0615234375
0 0.7275390625 0.5234375 0.048828125 0.048828125
0 0.71630859375 0.84716796875 0.0478515625 0.0498046875
0 0.81591796875 0.900390625 0.0732421875 0.07421875
0 0.9296875 0.6416015625 0.048828125 0.048828125
0 0.93603515625 0.76123046875 0.0615234375 0.0615234375
0 0.7236328125 0.63525390625 0.060546875 0.0615234375
0 0.8212890625 0.78857421875 0.060546875 0.0615234375
0 0.82373046875 0.7001953125 0.0615234375 0.060546875
0 0.8291015625 0.58154296875 0.060546875 0.0615234375
0 0.091796875 0.5615234375 0.048828125 0.048828125
0 0.185546875 0.88525390625 0.060546875 0.0615234375
0 0.55224609375 0.73193359375 0.0615234375 0.0615234375
0 0.4609375 0.5966796875 0.037109375 0.037109375
0 0.19091796875 0.5517578125 0.0361328125 0.037109375
0 0.55078125 0.63232421875 0.048828125 0.0498046875
0 0.2724609375 0.5263671875 0.037109375 0.037109375
0 0.18359375 0.6572265625 0.048828125 0.048828125
0 0.091796875 0.89599609375 0.048828125 0.0498046875
0 0.54833984375 0.85888671875 0.0615234375 0.0615234375
0 0.544921875 0.951171875 0.048828125 0.048828125
0 0.55322265625 0.53662109375 0.0615234375 0.0615234375
0 0.37255859375 0.41748046875 0.0732421875 0.0732421875
0 0.63427734375 0.48046875 0.0732421875 0.07421875
0 0.45166015625 0.24267578125 0.0615234375 0.0615234375
0 0.3740234375 0.32470703125 0.048828125 0.0498046875
0 0.46142578125 0.14697265625 0.0615234375 0.0615234375
0 0.63671875 0.28564453125 0.060546875 0.0615234375
0 0.6376953125 0.37890625 0.048828125 0.048828125
0 0.7294921875 0.3212890625 0.048828125 0.048828125
0 0.82666015625 0.36962890625 0.0615234375 0.0615234375
0 0.72802734375 0.42333984375 0.0615234375 0.0615234375
0 0.73779296875 0.21826171875 0.0615234375 0.0615234375
0 0.92578125 0.31494140625 0.048828125 0.0498046875
0 0.92578125 0.20068359375 0.060546875 0.0615234375
0 0.826171875 0.26220703125 0.060546875 0.0615234375
0 0.09130859375 0.06689453125 0.1220703125 0.1220703125
0 0.38330078125 0.1142578125 0.1220703125 0.123046875
0 0.18017578125 0.08740234375 0.0849609375 0.0869140625
0 0.923828125 0.12646484375 0.09765625 0.0986328125
0 0.83251953125 0.15234375 0.0849609375 0.0859375
0 0.3759765625 0.21240234375 0.109375 0.1103515625
0 0.2822265625 0.14892578125 0.109375 0.1103515625
0 0.28173828125 0.25146484375 0.1103515625 0.1103515625
0 0.27587890625 0.42626953125 0.1220703125 0.1220703125
0 0.1767578125 0.43798828125 0.09765625 0.0986328125
0 0.17333984375 0.33544921875 0.1103515625 0.1103515625
0 0.1826171875 0.20849609375 0.09765625 0.0986328125
0 0.083984375 0.20751953125 0.09765625 0.0986328125
0 0.08447265625 0.34765625 0.1220703125 0.123046875
0 0.083984375 0.48193359375 0.109375 0.1103515625
0 0.7373046875 0.09521484375 0.037109375 0.0361328125
0 0.9501953125 0.87841796875 0.048828125 0.0498046875
0 0.93115234375 0.53369140625 0.0244140625 0.0244140625
0 0.93115234375 0.42041015625 0.0244140625 0.0244140625
0 0.82861328125 0.47314453125 0.0244140625 0.0244140625
0 0.72021484375 0.751953125 0.0361328125 0.037109375
0 0.71630859375 0.9541015625 0.0849609375 0.0859375
0 0.63525390625 0.076171875 0.0361328125 0.037109375
0 0.65966796875 0.21630859375 0.0244140625 0.0244140625
0 0.5517578125 0.197265625 0.037109375 0.037109375
0 0.5556640625 0.1015625 0.037109375 0.037109375
0 0.45166015625 0.36376953125 0.0361328125 0.0361328125
0 0.55859375 0.3203125 0.037109375 0.037109375
0 0.5576171875 0.43115234375 0.048828125 0.0498046875
0 0.45556640625 0.47119140625 0.0361328125 0.0361328125
0 0.4541015625 0.6953125 0.037109375 0.037109375
0 0.4521484375 0.8115234375 0.037109375 0.037109375
0 0.4541015625 0.916015625 0.037109375 0.037109375
0 0.375 0.63671875 0.048828125 0.048828125
0 0.26611328125 0.6474609375 0.0361328125 0.037109375
0 0.27783203125 0.7734375 0.0361328125 0.037109375
0 0.27734375 0.8564453125 0.048828125 0.048828125
0 0.37109375 0.74951171875 0.060546875 0.0615234375
0 0.1826171875 0.7666015625 0.037109375 0.037109375
0 0.0849609375 0.8173828125 0.048828125 0.048828125
0 0.087890625 0.712890625 0.037109375 0.037109375