0 0.30322265625 0.07373046875 0.1103515625 0.1103515625
0 0.49853515625 0.0869140625 0.1220703125 0.123046875
0 0.69970703125 0.0869140625 0.1220703125 0.123046875
0 0.2158203125 0.2216796875 0.037109375 0.037109375
0 0.86669921875 0.517578125 0.1220703125 0.123046875
0 0.8720703125 0.4013671875 0.09765625 0.09765625
0 0.87060546875 0.29296875 0.1220703125 0.123046875
0 0.86669921875 0.1884765625 0.1220703125 0.123046875
0 0.87353515625 0.0830078125 0.1220703125 0.123046875
0 0.78076171875 0.1396484375 0.1220703125 0.123046875
0 0.77685546875 0.240234375 0.1220703125 0.123046875
0 0.77685546875 0.3564453125 0.1220703125 0.123046875
0 0.77490234375 0.4736328125 0.1220703125 0.123046875
0 0.76513671875 0.5859375 0.1220703125 0.123046875
0 0.68505859375 0.1904296875 0.1103515625 0.111328125
0 0.68505859375 0.2958984375 0.1103515625 0.111328125
0 0.6787109375 0.41455078125 0.109375 0.1103515625
0 0.677734375 0.52783203125 0.109375 0.1103515625
0 0.5869140625 0.57958984375 0.109375 0.1103515625
0 0.5869140625 0.45849609375 0.109375 0.1103515625
0 0.59375 0.35888671875 0.109375 0.1103515625
0 0.58984375 0.2490234375 0.109375 0.111328125
0 0.59375 0.140625 0.109375 0.111328125
0 0.48828125 0.19677734375 0.109375 0.1103515625
0 0.4873046875 0.29541015625 0.109375 0.1103515625
0 0.48486328125 0.41845703125 0.1103515625 0.1103515625
0 0.47900390625 0.52197265625 0.1103515625 0.1103515625
0 0.39306640625 0.58154296875 0.1103515625 0.1103515625
0 0.38330078125 0.46826171875 0.1103515625 0.1103515625
0 0.39306640625 0.35498046875 0.1103515625 0.1103515625
0 0.39794921875 0.23974609375 0.1103515625 0.1103515625
0 0.39501953125 0.1318359375 0.1220703125 0.123046875
0 0.3193359375 0.18017578125 0.109375 0.1103515625
0 0.306640625 0.30029296875 0.09765625 0.0986328125
0 0.29833984375 0.41943359375 0.0732421875 0.0732421875
0 0.298828125 0.52587890625 0.09765625 0.0986328125
0 0.205078125 0.5869140625 0.09765625 0.09765625
0 0.12548828125 0.5341796875 0.0361328125 0.037109375
0 0.2080078125 0.3447265625 0.0859375 0.0859375
0 0.2060546875 0.4697265625 0.0859375 0.0859375
0 0.12646484375 0.18701171875 0.1220703125 0.1220703125
0 0.2177734375 0.1259765625 0.0859375 0.0859375
0 0.685546875 0.63427734375 0.109375 0.1103515625
0 0.48876953125 0.63037109375 0.1103515625 0.1103515625
0 0.390625 0.69482421875 0.109375 0.1103515625
0 0.28662109375 0.6435546875 0.1220703125 0.123046875
0 0.19873046875 0.7060546875 0.0732421875 0.07421875
0 0.2939453125 0.74462890625 0.109375 0.1103515625
0 0.59423828125 0.69873046875 0.1103515625 0.1103515625
0 0.29345703125 0.84375 0.0849609375 0.0859375
0 0.38671875 0.79931640625 0.109375 0.1103515625
0 0.388671875 0.91162109375 0.09765625 0.0986328125
0 0.48388671875 0.74267578125 0.1103515625 0.1103515625
0 0.48388671875 0.85302734375 0.1103515625 0.1103515625
0 0.57958984375 0.79248046875 0.1103515625 0.1103515625
0 0.572265625 0.91162109375 0.09765625 0.0986328125
0 0.6708984375 0.7451171875 0.109375 0.111328125
0 0.6728515625 0.85498046875 0.109375 0.1103515625
0 0.78076171875 0.69140625 0.1220703125 0.123046875
0 0.77880859375 0.783203125 0.1220703125 0.123046875
0 0.77392578125 0.9150390625 0.1220703125 0.123046875
0 0.86865234375 0.6318359375 0.1220703125 0.123046875
0 0.87255859375 0.728515625 0.1220703125 0.123046875
0 0.86865234375 0.8466796875 0.1220703125 0.123046875