0 0.5 0.54541015625 0.07421875 0.0732421875
0 0.51904296875 0.9150390625 0.0498046875 0.048828125
0 0.50634765625 0.8291015625 0.0615234375 0.060546875
0 0.2216796875 0.478515625 0.048828125 0.048828125
0 0.1142578125 0.474609375 0.048828125 0.048828125
0 0.05615234375 0.744140625 0.0615234375 0.060546875
0 0.29833984375 0.830078125 0.0615234375 0.060546875
0 0.39501953125 0.9150390625 0.0615234375 0.060546875
0 0.41162109375 0.8330078125 0.0615234375 0.060546875
0 0.33740234375 0.47412109375 0.0615234375 0.0615234375
0 0.23828125 0.66015625 0.048828125 0.048828125
0 0.1728515625 0.548828125 0.037109375 0.037109375
0 0.33203125 0.6591796875 0.048828125 0.048828125
0 0.2041015625 0.8369140625 0.048828125 0.048828125
0 0.1669921875 0.7490234375 0.060546875 0.060546875
0 0.287109375 0.54931640625 0.07421875 0.0732421875
0 0.24365234375 0.75244140625 0.0615234375 0.0615234375
0 0.1728515625 0.9052734375 0.048828125 0.048828125
0 0.0595703125 0.5400390625 0.048828125 0.048828125
0 0.388671875 0.54931640625 0.07421875 0.0732421875
0 0.908203125 0.078125 0.0859375 0.0859375
0 0.87890625 0.27294921875 0.07421875 0.0732421875
0 0.24072265625 0.271484375 0.0498046875 0.048828125
0 0.29248046875 0.36181640625 0.0615234375 0.0615234375
0 0.19775390625 0.16015625 0.0615234375 0.060546875
0 0.0419921875 0.265625 0.048828125 0.048828125
0 0.05908203125 0.359375 0.0615234375 0.060546875
0 0.14208984375 0.2685546875 0.0498046875 0.048828125
0 0.27783203125 0.1640625 0.0615234375 0.060546875
0 0.3388671875 0.2685546875 0.037109375 0.037109375
0 0.17724609375 0.357421875 0.0498046875 0.048828125
0 0.39990234375 0.1640625 0.0498046875 0.048828125
0 0.39453125 0.37060546875 0.037109375 0.0361328125
0 0.61083984375 0.67041015625 0.0615234375 0.0615234375
0 0.73681640625 0.82470703125 0.0615234375 0.0615234375
0 0.93017578125 0.75 0.0615234375 0.060546875
0 0.6044921875 0.5546875 0.048828125 0.048828125
0 0.80419921875 0.658203125 0.0498046875 0.048828125
0 0.83154296875 0.841796875 0.0615234375 0.060546875
0 0.93408203125 0.56005859375 0.0615234375 0.0615234375
0 0.91943359375 0.65625 0.0498046875 0.048828125
0 0.958984375 0.841796875 0.048828125 0.048828125
0 0.90380859375 0.4814453125 0.0498046875 0.048828125
0 0.783203125 0.27685546875 0.025390625 0.0244140625
0 0.8388671875 0.3779296875 0.048828125 0.048828125
0 0.95654296875 0.3720703125 0.0498046875 0.048828125
0 0.83251953125 0.5556640625 0.0498046875 0.048828125
0 0.83251953125 0.7490234375 0.0498046875 0.048828125
0 0.7509765625 0.92333984375 0.037109375 0.0361328125
0 0.62255859375 0.9189453125 0.0498046875 0.048828125
0 0.62451171875 0.8330078125 0.0498046875 0.048828125
0 0.291015625 0.904296875 0.037109375 0.037109375
0 0.64697265625 0.7529296875 0.0498046875 0.048828125
0 0.54345703125 0.74755859375 0.0615234375 0.0615234375
0 0.462890625 0.7509765625 0.048828125 0.048828125
0 0.380859375 0.7529296875 0.048828125 0.048828125
0 0.443359375 0.6611328125 0.048828125 0.048828125
0 0.5361328125 0.666015625 0.048828125 0.048828125
0 0.70361328125 0.6630859375 0.0498046875 0.048828125
0 0.71875 0.55078125 0.048828125 0.048828125
0 0.67529296875 0.47705078125 0.0244140625 0.0244140625
0 0.55029296875 0.48193359375 0.0244140625 0.0244140625
0 0.435546875 0.48388671875 0.025390625 0.0244140625
0 0.50830078125 0.36767578125 0.0244140625 0.0244140625
0 0.74658203125 0.36767578125 0.0244140625 0.0244140625
0 0.1025390625 0.83203125 0.048828125 0.048828125
0 0.0712890625 0.908203125 0.037109375 0.037109375
0 0.15185546875 0.66064453125 0.0244140625 0.0244140625
0 0.35693359375 0.06494140625 0.0244140625 0.0244140625
0 0.25 0.06494140625 0.037109375 0.0361328125
0 0.8330078125 0.171875 0.048828125 0.048828125
0 0.7216796875 0.1748046875 0.048828125 0.048828125
0 0.46923828125 0.0693359375 0.0361328125 0.037109375
0 0.5859375 0.07421875 0.048828125 0.048828125
0 0.6904296875 0.07421875 0.048828125 0.048828125
0 0.8017578125 0.0810546875 0.048828125 0.048828125
0 0.94384765625 0.18017578125 0.0244140625 0.0244140625
0 0.56201171875 0.27587890625 0.0244140625 0.0244140625
0 0.474609375 0.15966796875 0.037109375 0.0361328125