0 0.2626953125 0.72802734375 0.09765625 0.0986328125
0 0.9462890625 0.1181640625 0.09765625 0.09765625
0 0.8388671875 0.0712890625 0.09765625 0.09765625
0 0.748046875 0.12939453125 0.109375 0.1103515625
0 0.64404296875 0.0771484375 0.1220703125 0.123046875
0 0.55419921875 0.08251953125 0.0732421875 0.0732421875
0 0.45556640625 0.06298828125 0.1103515625 0.1103515625
0 0.0771484375 0.06640625 0.109375 0.111328125
0 0.17431640625 0.11669921875 0.1103515625 0.1103515625
0 0.26611328125 0.06103515625 0.1103515625 0.1103515625
0 0.3671875 0.12451171875 0.109375 0.1103515625
0 0.9345703125 0.23583984375 0.09765625 0.0986328125
0 0.8369140625 0.17724609375 0.09765625 0.0986328125
0 0.8427734375 0.28466796875 0.09765625 0.0986328125
0 0.93603515625 0.34521484375 0.1103515625 0.1103515625
0 0.7470703125 0.353515625 0.09765625 0.09765625
0 0.7421875 0.23583984375 0.109375 0.1103515625
0 0.6455078125 0.1796875 0.109375 0.111328125
0 0.64794921875 0.2880859375 0.1103515625 0.111328125
0 0.55419921875 0.2119140625 0.1103515625 0.111328125
0 0.55126953125 0.34326171875 0.1103515625 0.1103515625
0 0.64111328125 0.3984375 0.1103515625 0.111328125
0 0.359375 0.23876953125 0.109375 0.1103515625
0 0.453125 0.29833984375 0.109375 0.1103515625
0 0.4619140625 0.16796875 0.109375 0.111328125
0 0.45703125 0.39794921875 0.109375 0.1103515625
0 0.36865234375 0.34814453125 0.1103515625 0.1103515625
0 0.26416015625 0.39306640625 0.1103515625 0.1103515625
0 0.265625 0.28173828125 0.09765625 0.0986328125
0 0.27001953125 0.17333984375 0.1103515625 0.1103515625
0 0.16845703125 0.21728515625 0.1103515625 0.1103515625
0 0.1767578125 0.32373046875 0.109375 0.1103515625
0 0.07470703125 0.2890625 0.1220703125 0.123046875
0 0.0849609375 0.17626953125 0.109375 0.1103515625
0 0.08447265625 0.396484375 0.1220703125 0.123046875
0 0.9326171875 0.46142578125 0.109375 0.1103515625
0 0.9296875 0.56982421875 0.09765625 0.0986328125
0 0.935546875 0.66162109375 0.09765625 0.0986328125
0 0.93017578125 0.79443359375 0.1103515625 0.1103515625
0 0.923828125 0.90283203125 0.09765625 0.0986328125
0 0.83203125 0.40380859375 0.09765625 0.0986328125
0 0.8427734375 0.51806640625 0.09765625 0.0986328125
0 0.83544921875 0.62744140625 0.1103515625 0.1103515625
0 0.83056640625 0.74658203125 0.1103515625 0.1103515625
0 0.833984375 0.84423828125 0.09765625 0.0986328125
0 0.73974609375 0.46142578125 0.1103515625 0.1103515625
0 0.74072265625 0.57177734375 0.1103515625 0.1103515625
0 0.73828125 0.68701171875 0.109375 0.1103515625
0 0.7353515625 0.79248046875 0.109375 0.1103515625
0 0.7314453125 0.896484375 0.09765625 0.09765625
0 0.64013671875 0.5185546875 0.1220703125 0.123046875
0 0.6416015625 0.62451171875 0.109375 0.1103515625
0 0.640625 0.73291015625 0.109375 0.1103515625
0 0.64306640625 0.83984375 0.1103515625 0.111328125
0 0.55126953125 0.775390625 0.1103515625 0.111328125
0 0.55126953125 0.677734375 0.0732421875 0.07421875
0 0.55615234375 0.57421875 0.1220703125 0.123046875
0 0.5517578125 0.45068359375 0.109375 0.1103515625
0 0.53759765625 0.89697265625 0.1103515625 0.1103515625
0 0.44091796875 0.84326171875 0.1103515625 0.1103515625
0 0.06982421875 0.501953125 0.1220703125 0.123046875
0 0.07958984375 0.60400390625 0.1103515625 0.1103515625
0 0.08203125 0.72509765625 0.109375 0.1103515625
0 0.078125 0.82958984375 0.109375 0.1103515625
0 0.083984375 0.94091796875 0.09765625 0.0986328125
0 0.16455078125 0.89013671875 0.1103515625 0.1103515625
0 0.17236328125 0.78466796875 0.1103515625 0.1103515625
0 0.16845703125 0.67041015625 0.1103515625 0.1103515625
0 0.16259765625 0.57470703125 0.1103515625 0.1103515625
0 0.16796875 0.447265625 0.109375 0.111328125
0 0.265625 0.505859375 0.109375 0.111328125
0 0.267578125 0.61474609375 0.109375 0.1103515625
0 0.26611328125 0.84423828125 0.1103515625 0.1103515625
0 0.3505859375 0.89208984375 0.109375 0.1103515625
0 0.3515625 0.77294921875 0.109375 0.1103515625
0 0.3583984375 0.6787109375 0.109375 0.111328125
0 0.35546875 0.55859375 0.09765625 0.09765625
0 0.35986328125 0.4462890625 0.1103515625 0.111328125
0 0.45556640625 0.50439453125 0.1103515625 0.1103515625
0 0.4521484375 0.615234375 0.09765625 0.09765625
0 0.45263671875 0.7294921875 0.1103515625 0.111328125