0 0.060546875 0.43017578125 0.048828125 0.0498046875
0 0.1552734375 0.50830078125 0.048828125 0.0498046875
0 0.052734375 0.66162109375 0.048828125 0.0498046875
0 0.15380859375 0.60302734375 0.0361328125 0.0361328125
0 0.1455078125 0.76025390625 0.048828125 0.0498046875
0 0.0458984375 0.7978515625 0.048828125 0.048828125
0 0.150390625 0.841796875 0.048828125 0.048828125
0 0.13671875 0.92578125 0.048828125 0.048828125
0 0.23486328125 0.859375 0.0361328125 0.037109375
0 0.60986328125 0.66748046875 0.0615234375 0.0615234375
0 0.443359375 0.10498046875 0.09765625 0.0986328125
0 0.3408203125 0.17236328125 0.09765625 0.0986328125
0 0.3544921875 0.0537109375 0.0859375 0.0859375
0 0.2470703125 0.11083984375 0.09765625 0.0986328125
0 0.25439453125 0.21728515625 0.0849609375 0.0869140625
0 0.15869140625 0.06005859375 0.1103515625 0.1103515625
0 0.0556640625 0.11083984375 0.109375 0.1103515625
0 0.16015625 0.17333984375 0.060546875 0.0615234375
0 0.0673828125 0.2236328125 0.048828125 0.048828125
0 0.5419921875 0.17041015625 0.09765625 0.0986328125
0 0.439453125 0.2197265625 0.0859375 0.0859375
0 0.54052734375 0.28271484375 0.1103515625 0.1103515625
0 0.63330078125 0.220703125 0.0849609375 0.0859375
0 0.63671875 0.11962890625 0.09765625 0.0986328125
0 0.7353515625 0.0576171875 0.0859375 0.0859375
0 0.73828125 0.15673828125 0.09765625 0.0986328125
0 0.734375 0.27880859375 0.09765625 0.0986328125
0 0.82861328125 0.2177734375 0.1220703125 0.123046875
0 0.82568359375 0.11328125 0.1220703125 0.123046875
0 0.92431640625 0.0654296875 0.1220703125 0.123046875
0 0.91650390625 0.16943359375 0.1103515625 0.1103515625
0 0.91748046875 0.2802734375 0.1220703125 0.123046875
0 0.91845703125 0.38525390625 0.1103515625 0.1103515625
0 0.91552734375 0.50048828125 0.1103515625 0.1103515625
0 0.91552734375 0.60888671875 0.1220703125 0.1220703125
0 0.91552734375 0.72509765625 0.1220703125 0.1220703125
0 0.822265625 0.33154296875 0.109375 0.1103515625
0 0.818359375 0.42919921875 0.09765625 0.0986328125
0 0.8291015625 0.54345703125 0.09765625 0.0986328125
0 0.826171875 0.65966796875 0.09765625 0.0986328125
0 0.8232421875 0.78466796875 0.09765625 0.0986328125
0 0.7236328125 0.38525390625 0.09765625 0.0986328125
0 0.7255859375 0.48876953125 0.09765625 0.0986328125
0 0.73046875 0.60693359375 0.09765625 0.0986328125
0 0.63427734375 0.32568359375 0.0849609375 0.0869140625
0 0.5244140625 0.38232421875 0.048828125 0.0498046875
0 0.443359375 0.34033203125 0.09765625 0.0986328125
0 0.9150390625 0.9423828125 0.0859375 0.0859375
0 0.921875 0.83203125 0.0859375 0.0859375
0 0.8310546875 0.88427734375 0.09765625 0.0986328125
0 0.6328125 0.88623046875 0.048828125 0.0498046875
0 0.71826171875 0.833984375 0.0361328125 0.037109375
0 0.63818359375 0.7685546875 0.0361328125 0.037109375
0 0.53515625 0.8232421875 0.037109375 0.037109375
0 0.4375 0.87646484375 0.037109375 0.0361328125
0 0.33740234375 0.92333984375 0.0361328125 0.0361328125
0 0.55078125 0.94189453125 0.048828125 0.0498046875
0 0.7197265625 0.931640625 0.048828125 0.048828125
0 0.06689453125 0.330078125 0.0361328125 0.037109375
0 0.16943359375 0.2763671875 0.0361328125 0.037109375
0 0.0654296875 0.53662109375 0.048828125 0.0498046875
0 0.25634765625 0.67431640625 0.0361328125 0.0361328125
0 0.2373046875 0.4541015625 0.048828125 0.048828125
0 0.25 0.333984375 0.048828125 0.048828125
0 0.33203125 0.3623046875 0.037109375 0.037109375
0 0.3232421875 0.509765625 0.037109375 0.037109375
0 0.4716796875 0.466796875 0.037109375 0.037109375
0 0.52197265625 0.5927734375 0.0361328125 0.037109375
0 0.6298828125 0.4482421875 0.037109375 0.037109375
0 0.4404296875 0.65234375 0.037109375 0.037109375
0 0.53466796875 0.69384765625 0.0244140625 0.0244140625
0 0.22607421875 0.5546875 0.0361328125 0.037109375
0 0.0517578125 0.8916015625 0.037109375 0.037109375
0 0.38427734375 0.77001953125 0.0361328125 0.0361328125
0 0.724609375 0.7197265625 0.037109375 0.037109375
0 0.3486328125 0.28125 0.09765625 0.09765625