0 0.53515625 0.16357421875 0.048828125 0.0498046875
0 0.7060546875 0.37841796875 0.060546875 0.0615234375
0 0.91015625 0.27294921875 0.048828125 0.0498046875
0 0.7080078125 0.15087890625 0.048828125 0.0498046875
0 0.81298828125 0.32177734375 0.0732421875 0.0732421875
0 0.62548828125 0.21337890625 0.0615234375 0.0615234375
0 0.91015625 0.38720703125 0.060546875 0.0615234375
0 0.619140625 0.431640625 0.048828125 0.048828125
0 0.8134765625 0.10546875 0.048828125 0.048828125
0 0.90771484375 0.93017578125 0.1103515625 0.1103515625
0 0.90771484375 0.81982421875 0.1103515625 0.1103515625
0 0.90478515625 0.70263671875 0.1220703125 0.1220703125
0 0.9072265625 0.59326171875 0.09765625 0.0986328125
0 0.81201171875 0.88037109375 0.1103515625 0.1103515625
0 0.8193359375 0.76123046875 0.09765625 0.0986328125
0 0.8173828125 0.64697265625 0.09765625 0.0986328125
0 0.8193359375 0.53662109375 0.09765625 0.0986328125
0 0.720703125 0.927734375 0.109375 0.111328125
0 0.71875 0.81787109375 0.109375 0.1103515625
0 0.71142578125 0.703125 0.1220703125 0.123046875
0 0.70068359375 0.59716796875 0.1103515625 0.1103515625
0 0.61279296875 0.8896484375 0.1220703125 0.123046875
0 0.61767578125 0.7578125 0.1220703125 0.123046875
0 0.61767578125 0.6455078125 0.1220703125 0.123046875
0 0.52294921875 0.826171875 0.1220703125 0.123046875
0 0.53271484375 0.7158203125 0.1220703125 0.123046875
0 0.5263671875 0.59716796875 0.109375 0.1103515625
0 0.43505859375 0.54638671875 0.1103515625 0.1103515625
0 0.43896484375 0.662109375 0.1103515625 0.111328125
0 0.42724609375 0.7666015625 0.1103515625 0.111328125
0 0.34130859375 0.9072265625 0.1220703125 0.123046875
0 0.42431640625 0.87646484375 0.1103515625 0.1103515625
0 0.3369140625 0.80810546875 0.109375 0.1103515625
0 0.33642578125 0.6923828125 0.1220703125 0.123046875
0 0.32861328125 0.6015625 0.1103515625 0.111328125
0 0.23388671875 0.8681640625 0.1220703125 0.123046875
0 0.23486328125 0.7626953125 0.1220703125 0.123046875
0 0.2470703125 0.65576171875 0.109375 0.1103515625
0 0.23876953125 0.5595703125 0.1220703125 0.123046875
0 0.14697265625 0.81201171875 0.1103515625 0.1103515625
0 0.14599609375 0.92333984375 0.1103515625 0.1103515625
0 0.06298828125 0.75244140625 0.1220703125 0.1220703125
0 0.14208984375 0.671875 0.1220703125 0.123046875
0 0.13818359375 0.5703125 0.1220703125 0.123046875
0 0.0546875 0.33251953125 0.09765625 0.0986328125
0 0.056640625 0.220703125 0.09765625 0.09765625
0 0.05859375 0.1142578125 0.09765625 0.09765625
0 0.15673828125 0.3681640625 0.1220703125 0.123046875
0 0.24169921875 0.3359375 0.1103515625 0.111328125
0 0.33544921875 0.28515625 0.1220703125 0.123046875
0 0.4384765625 0.22021484375 0.109375 0.1103515625
0 0.3447265625 0.17724609375 0.09765625 0.0986328125
0 0.248046875 0.2275390625 0.09765625 0.09765625
0 0.4296875 0.11669921875 0.109375 0.1103515625
0 0.3388671875 0.05224609375 0.09765625 0.0986328125
0 0.25146484375 0.11474609375 0.1103515625 0.1103515625
0 0.14794921875 0.1650390625 0.1220703125 0.123046875
0 0.53515625 0.2880859375 0.048828125 0.048828125
0 0.912109375 0.46142578125 0.09765625 0.0986328125
0 0.5322265625 0.4931640625 0.048828125 0.048828125
0 0.5361328125 0.384765625 0.048828125 0.048828125
0 0.6171875 0.32470703125 0.048828125 0.0498046875
0 0.69775390625 0.28466796875 0.0244140625 0.0244140625
0 0.7119140625 0.478515625 0.048828125 0.048828125
0 0.611328125 0.5458984375 0.048828125 0.048828125
0 0.8134765625 0.43212890625 0.037109375 0.0361328125
0 0.8115234375 0.212890625 0.037109375 0.037109375
0 0.6220703125 0.1025390625 0.048828125 0.048828125
0 0.53564453125 0.06103515625 0.0244140625 0.0244140625
0 0.70849609375 0.04736328125 0.0244140625 0.0244140625
0 0.90478515625 0.05419921875 0.0244140625 0.0244140625
0 0.90478515625 0.16748046875 0.0244140625 0.0244140625