0 0.24609375 0.21826171875 0.07421875 0.0732421875
0 0.09521484375 0.28857421875 0.0615234375 0.0615234375
0 0.68603515625 0.22216796875 0.0615234375 0.0615234375
0 0.6279296875 0.49609375 0.0859375 0.0859375
0 0.1044921875 0.12451171875 0.0859375 0.0849609375
0 0.8486328125 0.12939453125 0.111328125 0.1103515625
0 0.7470703125 0.12890625 0.0859375 0.0859375
0 0.6455078125 0.12548828125 0.07421875 0.0732421875
0 0.5283203125 0.12255859375 0.0859375 0.0849609375
0 0.4052734375 0.12353515625 0.0859375 0.0849609375
0 0.3037109375 0.125 0.0859375 0.0859375
0 0.20361328125 0.11181640625 0.1103515625 0.1103515625
0 0.14990234375 0.2138671875 0.0869140625 0.0859375
0 0.3564453125 0.212890625 0.0859375 0.0859375
0 0.4697265625 0.2177734375 0.09765625 0.09765625
0 0.58203125 0.21923828125 0.0859375 0.0849609375
0 0.80419921875 0.22216796875 0.1103515625 0.1103515625
0 0.85205078125 0.31787109375 0.1103515625 0.1103515625
0 0.73876953125 0.3154296875 0.1103515625 0.109375
0 0.62353515625 0.31396484375 0.1103515625 0.1103515625
0 0.50732421875 0.3046875 0.0986328125 0.09765625
0 0.40869140625 0.296875 0.1103515625 0.109375
0 0.32373046875 0.3017578125 0.1103515625 0.109375
0 0.19921875 0.29638671875 0.111328125 0.1103515625
0 0.1513671875 0.38818359375 0.123046875 0.1220703125
0 0.26025390625 0.39111328125 0.1103515625 0.1103515625
0 0.35888671875 0.39990234375 0.1103515625 0.1103515625
0 0.47607421875 0.40283203125 0.1103515625 0.1103515625
0 0.5751953125 0.4091796875 0.0859375 0.0859375
0 0.689453125 0.3955078125 0.111328125 0.109375
0 0.783203125 0.3984375 0.09765625 0.09765625
0 0.83642578125 0.5029296875 0.0869140625 0.0859375
0 0.7373046875 0.50390625 0.0859375 0.0859375
0 0.53466796875 0.50244140625 0.1103515625 0.1103515625
0 0.4072265625 0.49560546875 0.111328125 0.1103515625
0 0.29638671875 0.48046875 0.0986328125 0.09765625
0 0.1962890625 0.4853515625 0.09765625 0.09765625
0 0.14404296875 0.59375 0.0986328125 0.09765625
0 0.2509765625 0.5927734375 0.0859375 0.0859375
0 0.3486328125 0.5810546875 0.09765625 0.09765625
0 0.46142578125 0.583984375 0.1103515625 0.109375
0 0.568359375 0.5888671875 0.111328125 0.109375
0 0.681640625 0.591796875 0.111328125 0.109375
0 0.8115234375 0.58935546875 0.0859375 0.0849609375
0 0.8388671875 0.6826171875 0.09765625 0.09765625
0 0.7333984375 0.6884765625 0.0859375 0.0859375
0 0.62451171875 0.69140625 0.0986328125 0.09765625
0 0.513671875 0.6875 0.09765625 0.09765625
0 0.404296875 0.6806640625 0.111328125 0.109375
0 0.302734375 0.6826171875 0.09765625 0.09765625
0 0.20703125 0.67138671875 0.0859375 0.0849609375
0 0.1259765625 0.68310546875 0.0859375 0.0849609375
0 0.123046875 0.8056640625 0.0859375 0.0859375
0 0.35888671875 0.8125 0.0986328125 0.09765625
0 0.470703125 0.8037109375 0.09765625 0.09765625
0 0.57470703125 0.8076171875 0.0986328125 0.09765625
0 0.66162109375 0.806640625 0.0986328125 0.09765625
0 0.791015625 0.80908203125 0.0859375 0.0849609375
0 0.8447265625 0.8994140625 0.0859375 0.0859375
0 0.72412109375 0.89404296875 0.1103515625 0.1103515625
0 0.61474609375 0.8955078125 0.0986328125 0.09765625
0 0.50927734375 0.9033203125 0.0986328125 0.09765625
0 0.41943359375 0.900390625 0.1103515625 0.109375
0 0.2900390625 0.900390625 0.0859375 0.0859375
0 0.181640625 0.89111328125 0.0859375 0.0849609375
0 0.9501953125 0.89697265625 0.0859375 0.0849609375
0 0.9560546875 0.6962890625 0.048828125 0.048828125
0 0.89599609375 0.80517578125 0.0869140625 0.0849609375
0 0.89453125 0.5908203125 0.0859375 0.0859375
0 0.9560546875 0.50244140625 0.07421875 0.0732421875
0 0.916015625 0.40869140625 0.0859375 0.0849609375
0 0.908203125 0.2255859375 0.111328125 0.109375