0 0.1171875 0.0673828125 0.048828125 0.048828125
0 0.21435546875 0.06689453125 0.0615234375 0.0615234375
0 0.32763671875 0.0654296875 0.0615234375 0.060546875
0 0.03857421875 0.736328125 0.0615234375 0.060546875
0 0.267578125 0.7353515625 0.048828125 0.048828125
0 0.2509765625 0.5595703125 0.048828125 0.048828125
0 0.3046875 0.4501953125 0.048828125 0.048828125
0 0.380859375 0.1572265625 0.048828125 0.048828125
0 0.05712890625 0.14599609375 0.0498046875 0.0478515625
0 0.13623046875 0.5576171875 0.0498046875 0.048828125
0 0.2626953125 0.359375 0.048828125 0.048828125
0 0.14306640625 0.36572265625 0.0615234375 0.0615234375
0 0.091796875 0.4453125 0.048828125 0.048828125
0 0.26904296875 0.1533203125 0.0615234375 0.060546875
0 0.11572265625 0.2509765625 0.0615234375 0.060546875
0 0.08349609375 0.6396484375 0.0498046875 0.048828125
0 0.2041015625 0.25341796875 0.060546875 0.0615234375
0 0.32275390625 0.2587890625 0.0615234375 0.060546875
0 0.423828125 0.06396484375 0.07421875 0.0732421875
0 0.61865234375 0.06640625 0.0615234375 0.060546875
0 0.525390625 0.0673828125 0.048828125 0.048828125
0 0.47998046875 0.73046875 0.0498046875 0.048828125
0 0.5830078125 0.1591796875 0.048828125 0.048828125
0 0.53466796875 0.25634765625 0.0615234375 0.0615234375
0 0.69482421875 0.5595703125 0.0615234375 0.060546875
0 0.48095703125 0.15771484375 0.0615234375 0.0615234375
0 0.68603515625 0.16748046875 0.0615234375 0.0615234375
0 0.58935546875 0.35546875 0.0498046875 0.048828125
0 0.46728515625 0.5576171875 0.0498046875 0.048828125
0 0.63818359375 0.45263671875 0.0732421875 0.0732421875
0 0.52978515625 0.64013671875 0.0615234375 0.0615234375
0 0.70361328125 0.35546875 0.0615234375 0.060546875
0 0.64208984375 0.255859375 0.0615234375 0.060546875
0 0.748046875 0.646484375 0.048828125 0.048828125
0 0.421875 0.4521484375 0.048828125 0.048828125
0 0.90966796875 0.162109375 0.0986328125 0.09765625
0 0.86083984375 0.25634765625 0.1103515625 0.1103515625
0 0.90966796875 0.3583984375 0.0986328125 0.09765625
0 0.85302734375 0.4462890625 0.0986328125 0.09765625
0 0.91357421875 0.56494140625 0.1103515625 0.1103515625
0 0.91357421875 0.7392578125 0.1103515625 0.109375
0 0.86279296875 0.83056640625 0.1103515625 0.1103515625
0 0.91796875 0.93701171875 0.111328125 0.1103515625
0 0.6015625 0.93017578125 0.123046875 0.1220703125
0 0.53662109375 0.8271484375 0.1103515625 0.109375
0 0.49365234375 0.9208984375 0.0986328125 0.09765625
0 0.43310546875 0.8359375 0.1103515625 0.109375
0 0.314453125 0.83251953125 0.0859375 0.0849609375
0 0.36865234375 0.9267578125 0.0986328125 0.09765625
0 0.6044921875 0.73046875 0.048828125 0.048828125
0 0.77783203125 0.353515625 0.0986328125 0.09765625
0 0.751953125 0.26220703125 0.0859375 0.0849609375
0 0.1484375 0.921875 0.111328125 0.109375
0 0.2626953125 0.9248046875 0.111328125 0.109375
0 0.20703125 0.833984375 0.09765625 0.09765625
0 0.083984375 0.822265625 0.09765625 0.09765625
0 0.8095703125 0.7333984375 0.048828125 0.048828125
0 0.701171875 0.7294921875 0.048828125 0.048828125
0 0.64111328125 0.6484375 0.0498046875 0.048828125
0 0.60107421875 0.56787109375 0.0244140625 0.0244140625
0 0.794921875 0.5537109375 0.048828125 0.048828125
0 0.8623046875 0.654296875 0.048828125 0.048828125
0 0.74853515625 0.4521484375 0.0361328125 0.037109375
0 0.529296875 0.4541015625 0.037109375 0.037109375
0 0.4189453125 0.6435546875 0.048828125 0.048828125
0 0.80908203125 0.1669921875 0.0361328125 0.037109375
0 0.37744140625 0.72998046875 0.0244140625 0.0244140625
0 0.1513671875 0.724609375 0.048828125 0.048828125
0 0.181640625 0.640625 0.037109375 0.037109375
0 0.3076171875 0.642578125 0.048828125 0.048828125
0 0.36376953125 0.55712890625 0.0244140625 0.0244140625
0 0.02587890625 0.3798828125 0.0498046875 0.048828125
0 0.37060546875 0.36083984375 0.0244140625 0.0244140625
0 0.48388671875 0.36083984375 0.0244140625 0.0244140625
0 0.43115234375 0.25830078125 0.0244140625 0.0244140625
0 0.15234375 0.14990234375 0.037109375 0.0361328125
0 0.828125 0.06494140625 0.037109375 0.0361328125
0 0.68798828125 0.08935546875 0.0244140625 0.0244140625