0 0.29931640625 0.84326171875 0.0615234375 0.0615234375
0 0.140625 0.0693359375 0.09765625 0.09765625
0 0.12890625 0.1923828125 0.09765625 0.09765625
0 0.1328125 0.28076171875 0.09765625 0.0986328125
0 0.0439453125 0.2294921875 0.0859375 0.0859375
0 0.23583984375 0.11279296875 0.1220703125 0.1220703125
0 0.23876953125 0.21533203125 0.1103515625 0.1103515625
0 0.2314453125 0.34619140625 0.09765625 0.0986328125
0 0.12890625 0.3955078125 0.0859375 0.0859375
0 0.22998046875 0.45849609375 0.1103515625 0.1103515625
0 0.32275390625 0.396484375 0.0849609375 0.0859375
0 0.326171875 0.29541015625 0.09765625 0.0986328125
0 0.32421875 0.17724609375 0.09765625 0.0986328125
0 0.3291015625 0.06787109375 0.09765625 0.0986328125
0 0.4345703125 0.10888671875 0.09765625 0.0986328125
0 0.4248046875 0.2333984375 0.0859375 0.0859375
0 0.427734375 0.33251953125 0.09765625 0.0986328125
0 0.423828125 0.45458984375 0.09765625 0.0986328125
0 0.51806640625 0.3935546875 0.1220703125 0.123046875
0 0.51513671875 0.2890625 0.1220703125 0.123046875
0 0.51513671875 0.169921875 0.1220703125 0.123046875
0 0.51220703125 0.0703125 0.1103515625 0.111328125
0 0.61279296875 0.115234375 0.1220703125 0.123046875
0 0.61376953125 0.2412109375 0.1220703125 0.123046875
0 0.60595703125 0.34521484375 0.1103515625 0.1103515625
0 0.60693359375 0.4560546875 0.1220703125 0.123046875
0 0.7099609375 0.39404296875 0.109375 0.1103515625
0 0.7158203125 0.28515625 0.09765625 0.09765625
0 0.70654296875 0.1806640625 0.1220703125 0.123046875
0 0.70751953125 0.0732421875 0.1220703125 0.123046875
0 0.89794921875 0.05908203125 0.1103515625 0.1103515625
0 0.80908203125 0.11083984375 0.1103515625 0.1103515625
0 0.80224609375 0.232421875 0.1220703125 0.123046875
0 0.79833984375 0.3408203125 0.1220703125 0.123046875
0 0.796875 0.45849609375 0.109375 0.1103515625
0 0.90380859375 0.384765625 0.1220703125 0.123046875
0 0.89697265625 0.2890625 0.1220703125 0.123046875
0 0.8994140625 0.15673828125 0.09765625 0.0986328125
0 0.91162109375 0.5625 0.1220703125 0.123046875
0 0.900390625 0.7041015625 0.109375 0.111328125
0 0.89697265625 0.826171875 0.1220703125 0.123046875
0 0.90478515625 0.9345703125 0.1220703125 0.123046875
0 0.7958984375 0.5517578125 0.09765625 0.09765625
0 0.8046875 0.6572265625 0.09765625 0.09765625
0 0.798828125 0.78466796875 0.09765625 0.0986328125
0 0.80126953125 0.88720703125 0.1103515625 0.1103515625
0 0.7099609375 0.4970703125 0.09765625 0.09765625
0 0.70849609375 0.62841796875 0.1103515625 0.1103515625
0 0.705078125 0.73193359375 0.09765625 0.0986328125
0 0.7001953125 0.83837890625 0.09765625 0.0986328125
0 0.60791015625 0.56103515625 0.1103515625 0.1103515625
0 0.60498046875 0.67626953125 0.1103515625 0.1103515625
0 0.60498046875 0.78466796875 0.1220703125 0.1220703125
0 0.60498046875 0.90087890625 0.1220703125 0.1220703125
0 0.51171875 0.50732421875 0.109375 0.1103515625
0 0.5078125 0.60498046875 0.09765625 0.0986328125
0 0.5185546875 0.71923828125 0.09765625 0.0986328125
0 0.515625 0.83544921875 0.09765625 0.0986328125
0 0.4130859375 0.56103515625 0.09765625 0.0986328125
0 0.4150390625 0.66455078125 0.09765625 0.0986328125
0 0.419921875 0.78271484375 0.09765625 0.0986328125
0 0.32373046875 0.50146484375 0.0849609375 0.0869140625
0 0.2138671875 0.55810546875 0.048828125 0.0498046875
0 0.1328125 0.51611328125 0.09765625 0.0986328125
0 0.32763671875 0.9443359375 0.0361328125 0.037109375
0 0.021484375 0.5380859375 0.037109375 0.037109375
0 0.1611328125 0.642578125 0.037109375 0.037109375
0 0.21142578125 0.7685546875 0.0361328125 0.037109375
0 0.3193359375 0.6240234375 0.037109375 0.037109375
0 0.1298828125 0.828125 0.037109375 0.037109375
0 0.22412109375 0.86962890625 0.0244140625 0.0244140625
0 0.07373046875 0.94580078125 0.0361328125 0.0361328125
0 0.4140625 0.8955078125 0.037109375 0.037109375