0 0.50537109375 0.09033203125 0.0615234375 0.0615234375
0 0.61865234375 0.07958984375 0.0615234375 0.0615234375
0 0.158203125 0.06689453125 0.07421875 0.0732421875
0 0.4033203125 0.84033203125 0.07421875 0.0732421875
0 0.77587890625 0.18603515625 0.0615234375 0.0615234375
0 0.66748046875 0.1865234375 0.0615234375 0.060546875
0 0.43505859375 0.17529296875 0.0615234375 0.0615234375
0 0.89404296875 0.19580078125 0.0732421875 0.0732421875
0 0.33251953125 0.17529296875 0.0615234375 0.0615234375
0 0.34521484375 0.3701171875 0.0615234375 0.060546875
0 0.19482421875 0.83642578125 0.0615234375 0.0615234375
0 0.10595703125 0.16845703125 0.0615234375 0.0615234375
0 0.10791015625 0.5615234375 0.0498046875 0.048828125
0 0.2958984375 0.6611328125 0.048828125 0.048828125
0 0.16845703125 0.34912109375 0.0732421875 0.0732421875
0 0.27490234375 0.3701171875 0.0498046875 0.048828125
0 0.17724609375 0.66455078125 0.0615234375 0.0615234375
0 0.27783203125 0.4716796875 0.0615234375 0.060546875
0 0.22119140625 0.56201171875 0.0615234375 0.0615234375
0 0.18603515625 0.46240234375 0.0732421875 0.0732421875
0 0.56005859375 0.9384765625 0.0986328125 0.09765625
0 0.45361328125 0.9306640625 0.1103515625 0.109375
0 0.34619140625 0.92822265625 0.1103515625 0.1103515625
0 0.224609375 0.93017578125 0.0859375 0.0849609375
0 0.1171875 0.93212890625 0.07421875 0.0732421875
0 0.6181640625 0.84326171875 0.0859375 0.0849609375
0 0.50244140625 0.83349609375 0.1103515625 0.1103515625
0 0.291015625 0.84228515625 0.07421875 0.0732421875
0 0.11328125 0.84521484375 0.07421875 0.0732421875
0 0.67041015625 0.75341796875 0.1103515625 0.1103515625
0 0.57177734375 0.73974609375 0.1103515625 0.1103515625
0 0.46875 0.74072265625 0.07421875 0.0732421875
0 0.3681640625 0.7412109375 0.0859375 0.0859375
0 0.2763671875 0.7490234375 0.0859375 0.0859375
0 0.15771484375 0.751953125 0.0986328125 0.09765625
0 0.388671875 0.6630859375 0.037109375 0.037109375
0 0.328125 0.56982421875 0.037109375 0.0361328125
0 0.09912109375 0.45703125 0.0498046875 0.048828125
0 0.61767578125 0.2705078125 0.0615234375 0.060546875
0 0.50927734375 0.2705078125 0.0498046875 0.048828125
0 0.41455078125 0.26953125 0.0498046875 0.048828125
0 0.28857421875 0.259765625 0.0498046875 0.048828125
0 0.17578125 0.263671875 0.048828125 0.048828125
0 0.22119140625 0.16845703125 0.0615234375 0.0615234375
0 0.54638671875 0.1875 0.0498046875 0.048828125
0 0.61279296875 0.666015625 0.1103515625 0.109375
0 0.5126953125 0.6552734375 0.111328125 0.109375
0 0.6572265625 0.57763671875 0.123046875 0.1220703125
0 0.5576171875 0.56689453125 0.111328125 0.1103515625
0 0.45166015625 0.56494140625 0.1103515625 0.1103515625
0 0.611328125 0.47900390625 0.111328125 0.1103515625
0 0.50830078125 0.47998046875 0.1103515625 0.1103515625
0 0.39599609375 0.47119140625 0.1103515625 0.1103515625
0 0.57421875 0.3798828125 0.0859375 0.0859375
0 0.4677734375 0.38037109375 0.123046875 0.1220703125
0 0.89306640625 0.935546875 0.1103515625 0.109375
0 0.78466796875 0.935546875 0.1103515625 0.109375
0 0.67529296875 0.9345703125 0.1103515625 0.109375
0 0.84423828125 0.85595703125 0.0869140625 0.0849609375
0 0.71728515625 0.84814453125 0.1103515625 0.1103515625
0 0.88818359375 0.75146484375 0.1103515625 0.1103515625
0 0.77685546875 0.7548828125 0.0986328125 0.09765625
0 0.83056640625 0.6640625 0.0986328125 0.09765625
0 0.72021484375 0.6611328125 0.1103515625 0.109375
0 0.88037109375 0.57421875 0.0986328125 0.09765625
0 0.7900390625 0.5751953125 0.09765625 0.09765625
0 0.94189453125 0.47119140625 0.1103515625 0.1103515625
0 0.8349609375 0.4814453125 0.09765625 0.09765625
0 0.7236328125 0.47705078125 0.111328125 0.1103515625
0 0.68212890625 0.3759765625 0.0986328125 0.09765625
0 0.771484375 0.3759765625 0.111328125 0.109375
0 0.8876953125 0.38330078125 0.111328125 0.1103515625
0 0.93701171875 0.275390625 0.0498046875 0.048828125
0 0.83203125 0.279296875 0.048828125 0.048828125
0 0.72705078125 0.27392578125 0.0615234375 0.0615234375