0 0.048828125 0.61572265625 0.048828125 0.0498046875
0 0.04736328125 0.71044921875 0.0361328125 0.0361328125
0 0.0390625 0.86767578125 0.048828125 0.0498046875
0 0.0439453125 0.94921875 0.048828125 0.048828125
0 0.12841796875 0.966796875 0.0361328125 0.037109375
0 0.50341796875 0.77490234375 0.0615234375 0.0615234375
0 0.3330078125 0.1240234375 0.09765625 0.09765625
0 0.3369140625 0.21240234375 0.09765625 0.0986328125
0 0.234375 0.27978515625 0.09765625 0.0986328125
0 0.248046875 0.1611328125 0.0859375 0.0859375
0 0.2412109375 0.0556640625 0.0859375 0.0859375
0 0.1474609375 0.10205078125 0.09765625 0.0986328125
0 0.140625 0.21826171875 0.09765625 0.0986328125
0 0.14794921875 0.32470703125 0.0849609375 0.0869140625
0 0.0537109375 0.28076171875 0.060546875 0.0615234375
0 0.44287109375 0.14697265625 0.1103515625 0.1103515625
0 0.435546875 0.27783203125 0.09765625 0.0986328125
0 0.3330078125 0.3271484375 0.0859375 0.0859375
0 0.43408203125 0.39013671875 0.1103515625 0.1103515625
0 0.52685546875 0.328125 0.0849609375 0.0859375
0 0.5302734375 0.22705078125 0.09765625 0.0986328125
0 0.5283203125 0.10888671875 0.09765625 0.0986328125
0 0.62890625 0.1650390625 0.0859375 0.0859375
0 0.6318359375 0.26416015625 0.09765625 0.0986328125
0 0.6279296875 0.38623046875 0.09765625 0.0986328125
0 0.72216796875 0.3251953125 0.1220703125 0.123046875
0 0.71923828125 0.220703125 0.1220703125 0.123046875
0 0.71923828125 0.1015625 0.1220703125 0.123046875
0 0.81787109375 0.1728515625 0.1220703125 0.123046875
0 0.81005859375 0.27685546875 0.1103515625 0.1103515625
0 0.81103515625 0.3876953125 0.1220703125 0.123046875
0 0.9140625 0.32568359375 0.109375 0.1103515625
0 0.919921875 0.216796875 0.09765625 0.09765625
0 0.91064453125 0.1123046875 0.1220703125 0.123046875
0 0.9140625 0.4287109375 0.09765625 0.09765625
0 0.91259765625 0.56005859375 0.1103515625 0.1103515625
0 0.9091796875 0.66357421875 0.09765625 0.0986328125
0 0.904296875 0.77001953125 0.09765625 0.0986328125
0 0.9091796875 0.89013671875 0.0859375 0.0869140625
0 0.81201171875 0.49267578125 0.1103515625 0.1103515625
0 0.80908203125 0.60791015625 0.1103515625 0.1103515625
0 0.80908203125 0.71630859375 0.1220703125 0.1220703125
0 0.80908203125 0.83251953125 0.1220703125 0.1220703125
0 0.7158203125 0.43896484375 0.109375 0.1103515625
0 0.7119140625 0.53662109375 0.09765625 0.0986328125
0 0.72265625 0.65087890625 0.09765625 0.0986328125
0 0.7197265625 0.76708984375 0.09765625 0.0986328125
0 0.716796875 0.89208984375 0.09765625 0.0986328125
0 0.6171875 0.49267578125 0.09765625 0.0986328125
0 0.619140625 0.59619140625 0.09765625 0.0986328125
0 0.6240234375 0.71435546875 0.09765625 0.0986328125
0 0.52783203125 0.43310546875 0.0849609375 0.0869140625
0 0.41796875 0.48974609375 0.048828125 0.0498046875
0 0.3369140625 0.44775390625 0.09765625 0.0986328125
0 0.8154296875 0.939453125 0.0859375 0.0859375
0 0.61181640625 0.94140625 0.0361328125 0.037109375
0 0.53173828125 0.8759765625 0.0361328125 0.037109375
0 0.4287109375 0.9306640625 0.037109375 0.037109375
0 0.06298828125 0.3837890625 0.0361328125 0.037109375
0 0.14990234375 0.78173828125 0.0361328125 0.0361328125
0 0.130859375 0.5615234375 0.048828125 0.048828125
0 0.1435546875 0.44140625 0.048828125 0.048828125
0 0.2255859375 0.4697265625 0.037109375 0.037109375
0 0.216796875 0.6171875 0.037109375 0.037109375
0 0.365234375 0.57421875 0.037109375 0.037109375
0 0.41552734375 0.7001953125 0.0361328125 0.037109375
0 0.5234375 0.5556640625 0.037109375 0.037109375
0 0.333984375 0.759765625 0.037109375 0.037109375
0 0.42822265625 0.80126953125 0.0244140625 0.0244140625
0 0.11962890625 0.662109375 0.0361328125 0.037109375
0 0.27783203125 0.87744140625 0.0361328125 0.0361328125
0 0.6181640625 0.8271484375 0.037109375 0.037109375
0 0.2421875 0.388671875 0.09765625 0.09765625