0 0.6669921875 0.3291015625 0.048828125 0.048828125
0 0.74609375 0.39453125 0.048828125 0.048828125
0 0.92919921875 0.37841796875 0.0615234375 0.0615234375
0 0.7490234375 0.27001953125 0.060546875 0.0615234375
0 0.673828125 0.1181640625 0.048828125 0.048828125
0 0.6689453125 0.23388671875 0.060546875 0.0615234375
0 0.9423828125 0.08251953125 0.060546875 0.0615234375
0 0.74609375 0.18212890625 0.060546875 0.0615234375
0 0.73828125 0.0791015625 0.048828125 0.048828125
0 0.93798828125 0.169921875 0.0732421875 0.07421875
0 0.5546875 0.36279296875 0.048828125 0.0498046875
0 0.55859375 0.26611328125 0.048828125 0.0498046875
0 0.458984375 0.20458984375 0.048828125 0.0498046875
0 0.46533203125 0.30322265625 0.0615234375 0.0615234375
0 0.4638671875 0.0966796875 0.048828125 0.048828125
0 0.35546875 0.18994140625 0.048828125 0.0498046875
0 0.3662109375 0.27099609375 0.048828125 0.0498046875
0 0.3662109375 0.36669921875 0.048828125 0.0498046875
0 0.259765625 0.4052734375 0.048828125 0.048828125
0 0.4638671875 0.40478515625 0.048828125 0.0498046875
0 0.5576171875 0.07958984375 0.060546875 0.0615234375
0 0.92529296875 0.48486328125 0.0615234375 0.0615234375
0 0.9375 0.27734375 0.048828125 0.048828125
0 0.8544921875 0.3330078125 0.048828125 0.048828125
0 0.849609375 0.43115234375 0.060546875 0.0615234375
0 0.8623046875 0.12109375 0.048828125 0.048828125
0 0.66064453125 0.43408203125 0.0244140625 0.0244140625
0 0.55810546875 0.177734375 0.0361328125 0.037109375
0 0.3681640625 0.46484375 0.048828125 0.048828125
0 0.2626953125 0.3037109375 0.048828125 0.048828125
0 0.173828125 0.3583984375 0.048828125 0.048828125
0 0.86572265625 0.21630859375 0.0244140625 0.0244140625
0 0.56787109375 0.46728515625 0.0244140625 0.0244140625