0 0.0498046875 0.15234375 0.048828125 0.048828125
0 0.0546875 0.04443359375 0.048828125 0.0498046875
0 0.80615234375 0.177734375 0.0732421875 0.07421875
0 0.33642578125 0.4892578125 0.0849609375 0.0859375
0 0.51806640625 0.20751953125 0.0615234375 0.0615234375
0 0.6181640625 0.15234375 0.048828125 0.048828125
0 0.42138671875 0.6396484375 0.0849609375 0.0859375
0 0.34912109375 0.10009765625 0.0615234375 0.0615234375
0 0.51708984375 0.10498046875 0.0615234375 0.0615234375
0 0.24365234375 0.04931640625 0.0615234375 0.0615234375
0 0.7158203125 0.1201171875 0.048828125 0.048828125
0 0.50439453125 0.80712890625 0.0732421875 0.0732421875
0 0.90771484375 0.22998046875 0.0615234375 0.0615234375
0 0.8916015625 0.91943359375 0.09765625 0.0986328125
0 0.8837890625 0.81396484375 0.09765625 0.0986328125
0 0.88671875 0.72412109375 0.109375 0.1103515625
0 0.88671875 0.5947265625 0.0859375 0.0859375
0 0.89599609375 0.486328125 0.0849609375 0.0859375
0 0.8017578125 0.54248046875 0.09765625 0.0986328125
0 0.8056640625 0.65380859375 0.109375 0.1103515625
0 0.7978515625 0.7568359375 0.09765625 0.09765625
0 0.798828125 0.86767578125 0.109375 0.1103515625
0 0.13232421875 0.4794921875 0.0849609375 0.0859375
0 0.13330078125 0.57275390625 0.1220703125 0.1220703125
0 0.12939453125 0.69140625 0.1220703125 0.123046875
0 0.1357421875 0.794921875 0.0859375 0.0859375
0 0.12939453125 0.912109375 0.1220703125 0.123046875
0 0.22705078125 0.8564453125 0.1220703125 0.123046875
0 0.22412109375 0.7431640625 0.1220703125 0.123046875
0 0.23291015625 0.63134765625 0.0849609375 0.0869140625
0 0.22802734375 0.5048828125 0.0849609375 0.0859375
0 0.333984375 0.5791015625 0.0859375 0.0859375
0 0.3388671875 0.69140625 0.0859375 0.0859375
0 0.3271484375 0.80078125 0.0859375 0.0859375
0 0.3310546875 0.9150390625 0.0859375 0.0859375
0 0.419921875 0.83984375 0.09765625 0.09765625
0 0.41650390625 0.71875 0.0849609375 0.0859375
0 0.42431640625 0.5341796875 0.0849609375 0.0859375
0 0.50830078125 0.478515625 0.0849609375 0.0859375
0 0.50048828125 0.59521484375 0.0849609375 0.0869140625
0 0.50537109375 0.7001953125 0.0849609375 0.0859375
0 0.591796875 0.9501953125 0.048828125 0.048828125
0 0.4990234375 0.9208984375 0.0859375 0.0859375
0 0.6962890625 0.89697265625 0.09765625 0.0986328125
0 0.69140625 0.79345703125 0.09765625 0.0986328125
0 0.7060546875 0.69287109375 0.09765625 0.0986328125
0 0.7099609375 0.5732421875 0.09765625 0.09765625
0 0.70458984375 0.482421875 0.0849609375 0.0859375
0 0.61181640625 0.5419921875 0.1220703125 0.123046875
0 0.611328125 0.64501953125 0.09765625 0.0986328125
0 0.59716796875 0.8466796875 0.0849609375 0.0859375
0 0.90771484375 0.11474609375 0.0615234375 0.0615234375
0 0.61572265625 0.0615234375 0.0361328125 0.037109375
0 0.43603515625 0.041015625 0.0732421875 0.07421875
0 0.4345703125 0.162109375 0.037109375 0.037109375
0 0.34765625 0.18994140625 0.048828125 0.0498046875
0 0.244140625 0.23095703125 0.048828125 0.0498046875
0 0.1455078125 0.10107421875 0.048828125 0.0498046875
0 0.0556640625 0.2314453125 0.048828125 0.048828125