0 0.4703125 0.70234375 0.059375 0.0609375
0 0.5515625 0.77109375 0.084375 0.0859375
0 0.47734375 0.91953125 0.0484375 0.0484375
0 0.47734375 0.80859375 0.0609375 0.0609375
0 0.46953125 0.47265625 0.0484375 0.0484375
0 0.29453125 0.48984375 0.0484375 0.0484375
0 0.18515625 0.43515625 0.0484375 0.0484375
0 0.29140625 0.60390625 0.0484375 0.0484375
0 0.09453125 0.47734375 0.0484375 0.0484375
0 0.10078125 0.59765625 0.0609375 0.0609375
0 0.18046875 0.64921875 0.0484375 0.0484375
0 0.37421875 0.76953125 0.0609375 0.0609375
0 0.37421875 0.65703125 0.0484375 0.0484375
0 0.46484375 0.26015625 0.0484375 0.0484375
0 0.29375 0.04609375 0.059375 0.0609375
0 0.08984375 0.15078125 0.0484375 0.0484375
0 0.29140625 0.27265625 0.0484375 0.0484375
0 0.1859375 0.1015625 0.071875 0.071875
0 0.37421875 0.21015625 0.0609375 0.0609375
0 0.0890625 0.03671875 0.059375 0.0609375
0 0.18671875 0.31796875 0.0484375 0.0484375
0 0.65234375 0.93046875 0.0484375 0.0484375
0 0.9453125 0.09140625 0.096875 0.0984375
0 0.9421875 0.203125 0.096875 0.096875
0 0.940625 0.309375 0.096875 0.096875
0 0.9265625 0.4296875 0.096875 0.096875
0 0.7578125 0.08828125 0.109375 0.1109375
0 0.6640625 0.1375 0.121875 0.121875
0 0.5609375 0.203125 0.109375 0.109375
0 0.6546875 0.24609375 0.096875 0.0984375
0 0.7515625 0.1953125 0.096875 0.096875
0 0.5703125 0.30625 0.109375 0.109375
0 0.565625 0.42578125 0.084375 0.0859375
0 0.6609375 0.37109375 0.096875 0.0984375
0 0.7484375 0.3078125 0.109375 0.109375
0 0.746875 0.421875 0.109375 0.109375
0 0.85 0.365625 0.121875 0.121875
0 0.8515625 0.2578125 0.121875 0.121875
0 0.46484375 0.13515625 0.0484375 0.0484375
0 0.9375 0.66015625 0.096875 0.0984375
0 0.940625 0.540625 0.109375 0.109375
0 0.7484375 0.5296875 0.121875 0.121875
0 0.8515625 0.60234375 0.096875 0.0984375
0 0.853125 0.478125 0.121875 0.121875
0 0.8546875 0.70546875 0.109375 0.1109375
0 0.75 0.65078125 0.109375 0.1109375
0 0.659375 0.70546875 0.109375 0.1109375
0 0.65625 0.59140625 0.109375 0.1109375
0 0.6578125 0.47734375 0.109375 0.1109375
0 0.5671875 0.5328125 0.096875 0.096875
0 0.55625 0.65625 0.096875 0.096875
0 0.6484375 0.79765625 0.084375 0.0859375
0 0.74375 0.7578125 0.109375 0.109375
0 0.84375 0.8234375 0.109375 0.109375
0 0.84375 0.9328125 0.109375 0.109375
0 0.93125 0.7578125 0.109375 0.109375
0 0.46328125 0.03984375 0.0484375 0.0484375
0 0.38359375 0.09921875 0.0484375 0.0484375
0 0.30234375 0.13984375 0.0234375 0.0234375
0 0.18828125 0.21171875 0.0359375 0.0359375
0 0.37734375 0.32109375 0.0484375 0.0484375
0 0.46484375 0.36328125 0.0234375 0.0234375
0 0.45859375 0.58828125 0.0484375 0.0484375
0 0.37578125 0.55859375 0.0359375 0.0359375
0 0.37734375 0.43203125 0.0484375 0.0484375
0 0.29140625 0.37578125 0.0234375 0.0234375
0 0.11484375 0.71484375 0.0484375 0.0484375
0 0.09453125 0.36953125 0.0234375 0.0234375
0 0.09453125 0.25703125 0.0234375 0.0234375
0 0.5625 0.86015625 0.059375 0.0609375
0 0.17421875 0.74921875 0.0484375 0.0484375
0 0.17734375 0.87578125 0.0234375 0.0234375
0 0.74765625 0.87265625 0.0484375 0.0484375
0 0.74765625 0.97265625 0.0484375 0.0484375