0 0.58056640625 0.837890625 0.0732421875 0.07421875
0 0.1103515625 0.89599609375 0.060546875 0.0615234375
0 0.4013671875 0.9453125 0.048828125 0.048828125
0 0.1103515625 0.96630859375 0.048828125 0.0498046875
0 0.2119140625 0.96337890625 0.060546875 0.0615234375
0 0.87353515625 0.57373046875 0.1103515625 0.1103515625
0 0.86376953125 0.67626953125 0.1103515625 0.1103515625
0 0.86083984375 0.79150390625 0.1103515625 0.1103515625
0 0.869140625 0.89306640625 0.109375 0.1103515625
0 0.7744140625 0.62646484375 0.109375 0.1103515625
0 0.7724609375 0.73291015625 0.109375 0.1103515625
0 0.7705078125 0.84912109375 0.109375 0.1103515625
0 0.6787109375 0.68115234375 0.09765625 0.0986328125
0 0.6708984375 0.78759765625 0.109375 0.1103515625
0 0.66845703125 0.89501953125 0.1103515625 0.1103515625
0 0.58349609375 0.623046875 0.0849609375 0.0859375
0 0.57373046875 0.73876953125 0.1103515625 0.1103515625
0 0.58251953125 0.9501953125 0.0732421875 0.07421875
0 0.49365234375 0.57080078125 0.1103515625 0.1103515625
0 0.47998046875 0.66943359375 0.1103515625 0.1103515625
0 0.48095703125 0.7724609375 0.0732421875 0.07421875
0 0.4814453125 0.873046875 0.0859375 0.0859375
0 0.4033203125 0.8525390625 0.037109375 0.037109375
0 0.31005859375 0.9130859375 0.0361328125 0.037109375
0 0.40625 0.62841796875 0.109375 0.1103515625
0 0.3955078125 0.728515625 0.109375 0.111328125
0 0.31787109375 0.583984375 0.1220703125 0.123046875
0 0.30712890625 0.68359375 0.1103515625 0.111328125
0 0.30517578125 0.78955078125 0.1103515625 0.1103515625
0 0.21923828125 0.6298828125 0.1103515625 0.111328125
0 0.22021484375 0.73291015625 0.1103515625 0.1103515625
0 0.21142578125 0.84521484375 0.1103515625 0.1103515625
0 0.1201171875 0.6669921875 0.0859375 0.0859375
0 0.12060546875 0.7734375 0.1220703125 0.123046875
0 0.87646484375 0.130859375 0.1103515625 0.111328125
0 0.78466796875 0.06640625 0.1103515625 0.111328125
0 0.86865234375 0.2431640625 0.1103515625 0.111328125
0 0.87353515625 0.46240234375 0.1103515625 0.1103515625
0 0.87548828125 0.34619140625 0.1103515625 0.1103515625
0 0.77392578125 0.2958984375 0.1220703125 0.123046875
0 0.77978515625 0.412109375 0.1220703125 0.123046875
0 0.77392578125 0.51220703125 0.1220703125 0.1220703125
0 0.77099609375 0.18798828125 0.1103515625 0.1103515625
0 0.67431640625 0.13427734375 0.1103515625 0.1103515625
0 0.685546875 0.24169921875 0.109375 0.1103515625
0 0.67578125 0.34814453125 0.109375 0.1103515625
0 0.67578125 0.45654296875 0.109375 0.1103515625
0 0.6748046875 0.56591796875 0.109375 0.1103515625
0 0.12158203125 0.11962890625 0.1103515625 0.1103515625
0 0.12158203125 0.23193359375 0.1103515625 0.1103515625
0 0.22265625 0.17919921875 0.09765625 0.0986328125
0 0.21875 0.06787109375 0.09765625 0.0986328125
0 0.3115234375 0.12060546875 0.109375 0.1103515625
0 0.3173828125 0.23193359375 0.09765625 0.0986328125
0 0.39794921875 0.18115234375 0.1103515625 0.1103515625
0 0.40576171875 0.07568359375 0.1103515625 0.1103515625
0 0.49951171875 0.13525390625 0.1103515625 0.1103515625
0 0.583984375 0.18310546875 0.109375 0.1103515625
0 0.5849609375 0.06396484375 0.109375 0.1103515625
0 0.59130859375 0.29638671875 0.1103515625 0.1103515625
0 0.59619140625 0.39697265625 0.0849609375 0.0869140625
0 0.58837890625 0.52392578125 0.1103515625 0.1103515625
0 0.49560546875 0.25048828125 0.1103515625 0.1103515625
0 0.49169921875 0.35302734375 0.1103515625 0.1103515625
0 0.4951171875 0.46435546875 0.09765625 0.0986328125
0 0.4052734375 0.29443359375 0.109375 0.1103515625
0 0.404296875 0.41064453125 0.09765625 0.0986328125
0 0.4013671875 0.52099609375 0.109375 0.1103515625
0 0.314453125 0.36083984375 0.09765625 0.0986328125
0 0.3154296875 0.451171875 0.09765625 0.09765625
0 0.21142578125 0.29931640625 0.1103515625 0.1103515625
0 0.2216796875 0.40625 0.09765625 0.09765625
0 0.21728515625 0.517578125 0.1103515625 0.111328125
0 0.1162109375 0.55908203125 0.09765625 0.0986328125
0 0.1162109375 0.4697265625 0.109375 0.111328125
0 0.12353515625 0.353515625 0.1103515625 0.111328125