0 0.5205078125 0.30419921875 0.060546875 0.0615234375
0 0.43896484375 0.2353515625 0.0849609375 0.0859375
0 0.513671875 0.0869140625 0.048828125 0.048828125
0 0.51416015625 0.19677734375 0.0615234375 0.0615234375
0 0.521484375 0.533203125 0.048828125 0.048828125
0 0.697265625 0.5166015625 0.048828125 0.048828125
0 0.806640625 0.5703125 0.048828125 0.048828125
0 0.69921875 0.40185546875 0.048828125 0.0498046875
0 0.8974609375 0.5283203125 0.048828125 0.048828125
0 0.89111328125 0.40869140625 0.0615234375 0.0615234375
0 0.8115234375 0.357421875 0.048828125 0.048828125
0 0.61669921875 0.23681640625 0.0615234375 0.0615234375
0 0.6171875 0.34912109375 0.048828125 0.0498046875
0 0.5263671875 0.74560546875 0.048828125 0.0498046875
0 0.697265625 0.96044921875 0.060546875 0.0615234375
0 0.9013671875 0.85498046875 0.048828125 0.0498046875
0 0.69921875 0.73291015625 0.048828125 0.0498046875
0 0.80419921875 0.90380859375 0.0732421875 0.0732421875
0 0.61669921875 0.79541015625 0.0615234375 0.0615234375
0 0.8046875 0.6875 0.048828125 0.048828125
0 0.3388671875 0.076171875 0.048828125 0.048828125
0 0.0498046875 0.6962890625 0.09765625 0.09765625
0 0.064453125 0.576171875 0.09765625 0.09765625
0 0.23291015625 0.91796875 0.1103515625 0.111328125
0 0.32666015625 0.8671875 0.1220703125 0.123046875
0 0.4296875 0.80224609375 0.109375 0.1103515625
0 0.3359375 0.75927734375 0.09765625 0.0986328125
0 0.2392578125 0.8095703125 0.09765625 0.09765625
0 0.4208984375 0.69873046875 0.109375 0.1103515625
0 0.42431640625 0.580078125 0.0849609375 0.0859375
0 0.330078125 0.63427734375 0.09765625 0.0986328125
0 0.24267578125 0.69677734375 0.1103515625 0.1103515625
0 0.24365234375 0.58251953125 0.1103515625 0.1103515625
0 0.14111328125 0.6396484375 0.1220703125 0.123046875
0 0.13916015625 0.7470703125 0.1220703125 0.123046875
0 0.5263671875 0.8701171875 0.048828125 0.048828125
0 0.052734375 0.34521484375 0.09765625 0.0986328125
0 0.24169921875 0.4755859375 0.1220703125 0.123046875
0 0.138671875 0.40380859375 0.09765625 0.0986328125
0 0.13720703125 0.5263671875 0.1220703125 0.123046875
0 0.13525390625 0.30078125 0.1103515625 0.111328125
0 0.2412109375 0.35546875 0.109375 0.111328125
0 0.3310546875 0.30078125 0.109375 0.111328125
0 0.3349609375 0.4140625 0.109375 0.111328125
0 0.33203125 0.5283203125 0.109375 0.111328125
0 0.4228515625 0.47265625 0.09765625 0.09765625
0 0.4345703125 0.349609375 0.09765625 0.09765625
0 0.34130859375 0.208984375 0.0849609375 0.0859375
0 0.24658203125 0.24658203125 0.1103515625 0.1103515625
0 0.1474609375 0.18212890625 0.109375 0.1103515625
0 0.1474609375 0.07275390625 0.109375 0.1103515625
0 0.05908203125 0.24658203125 0.1103515625 0.1103515625
0 0.52734375 0.966796875 0.048828125 0.048828125
0 0.6083984375 0.90673828125 0.048828125 0.0498046875
0 0.68896484375 0.86669921875 0.0244140625 0.0244140625
0 0.802734375 0.794921875 0.037109375 0.037109375
0 0.61328125 0.6845703125 0.048828125 0.048828125
0 0.52685546875 0.64306640625 0.0244140625 0.0244140625
0 0.5322265625 0.4169921875 0.048828125 0.048828125
0 0.6162109375 0.447265625 0.037109375 0.037109375
0 0.6142578125 0.5732421875 0.048828125 0.048828125
0 0.69970703125 0.62939453125 0.0244140625 0.0244140625
0 0.876953125 0.29150390625 0.048828125 0.0498046875
0 0.89599609375 0.63623046875 0.0244140625 0.0244140625
0 0.89599609375 0.74951171875 0.0244140625 0.0244140625
0 0.4287109375 0.14599609375 0.060546875 0.0615234375
0 0.81640625 0.25732421875 0.048828125 0.0498046875
0 0.81396484375 0.13037109375 0.0244140625 0.0244140625
0 0.244140625 0.1337890625 0.048828125 0.048828125
0 0.2431640625 0.033203125 0.048828125 0.048828125