0 0.7236328125 0.9287109375 0.048828125 0.048828125
0 0.82861328125 0.93408203125 0.0615234375 0.0615234375
0 0.62646484375 0.92919921875 0.0615234375 0.0615234375
0 0.51318359375 0.9306640625 0.0615234375 0.060546875
0 0.94287109375 0.93115234375 0.0615234375 0.0615234375
0 0.80224609375 0.259765625 0.0615234375 0.060546875
0 0.87109375 0.17822265625 0.0859375 0.0849609375
0 0.90966796875 0.25341796875 0.0615234375 0.0615234375
0 0.5732421875 0.2607421875 0.048828125 0.048828125
0 0.58984375 0.4365234375 0.048828125 0.048828125
0 0.5361328125 0.5458984375 0.048828125 0.048828125
0 0.4599609375 0.8388671875 0.048828125 0.048828125
0 0.78369140625 0.85009765625 0.0498046875 0.0478515625
0 0.70458984375 0.4384765625 0.0498046875 0.048828125
0 0.8369140625 0.75048828125 0.07421875 0.0732421875
0 0.578125 0.63671875 0.048828125 0.048828125
0 0.69775390625 0.63037109375 0.0615234375 0.0615234375
0 0.7490234375 0.55078125 0.048828125 0.048828125
0 0.57177734375 0.8427734375 0.0615234375 0.060546875
0 0.86962890625 0.35595703125 0.0615234375 0.0615234375
0 0.72509765625 0.7451171875 0.0615234375 0.060546875
0 0.75732421875 0.3564453125 0.0498046875 0.048828125
0 0.63671875 0.74267578125 0.060546875 0.0615234375
0 0.51806640625 0.7373046875 0.0615234375 0.060546875
0 0.4169921875 0.93212890625 0.07421875 0.0732421875
0 0.22216796875 0.9296875 0.0615234375 0.060546875
0 0.3154296875 0.9287109375 0.048828125 0.048828125
0 0.36083984375 0.265625 0.0498046875 0.048828125
0 0.2578125 0.8369140625 0.048828125 0.048828125
0 0.30615234375 0.73974609375 0.0615234375 0.0615234375
0 0.14599609375 0.4365234375 0.0615234375 0.060546875
0 0.35986328125 0.83837890625 0.0615234375 0.0615234375
0 0.15478515625 0.82861328125 0.0615234375 0.0615234375
0 0.25146484375 0.640625 0.0498046875 0.048828125
0 0.37353515625 0.4384765625 0.0498046875 0.048828125
0 0.20263671875 0.54345703125 0.0732421875 0.0732421875
0 0.31103515625 0.35595703125 0.0615234375 0.0615234375
0 0.13720703125 0.640625 0.0615234375 0.060546875
0 0.19873046875 0.740234375 0.0615234375 0.060546875
0 0.0927734375 0.349609375 0.048828125 0.048828125
0 0.4189453125 0.5439453125 0.048828125 0.048828125
0 0.2392578125 0.06591796875 0.123046875 0.1220703125
0 0.30419921875 0.1689453125 0.1103515625 0.109375
0 0.34716796875 0.0751953125 0.0986328125 0.09765625
0 0.40771484375 0.16015625 0.1103515625 0.109375
0 0.5263671875 0.16357421875 0.0859375 0.0849609375
0 0.47216796875 0.0693359375 0.0986328125 0.09765625
0 0.236328125 0.265625 0.048828125 0.048828125
0 0.06298828125 0.642578125 0.0986328125 0.09765625
0 0.0888671875 0.73388671875 0.0859375 0.0849609375
0 0.8056640625 0.0703125 0.111328125 0.109375
0 0.6923828125 0.07421875 0.111328125 0.109375
0 0.578125 0.0712890625 0.111328125 0.109375
0 0.6337890625 0.162109375 0.09765625 0.09765625
0 0.7568359375 0.173828125 0.09765625 0.09765625
0 0.8974609375 0.08056640625 0.0859375 0.0849609375
0 0.03125 0.2626953125 0.048828125 0.048828125
0 0.1396484375 0.2666015625 0.048828125 0.048828125
0 0.19970703125 0.34765625 0.0498046875 0.048828125
0 0.23974609375 0.42822265625 0.0244140625 0.0244140625
0 0.0458984375 0.4423828125 0.048828125 0.048828125
0 0.09228515625 0.5439453125 0.0361328125 0.037109375
0 0.3115234375 0.5419921875 0.037109375 0.037109375
0 0.421875 0.3525390625 0.048828125 0.048828125
0 0.03173828125 0.8291015625 0.0361328125 0.037109375
0 0.46337890625 0.26611328125 0.0244140625 0.0244140625
0 0.689453125 0.271484375 0.048828125 0.048828125
0 0.6591796875 0.35546875 0.037109375 0.037109375
0 0.533203125 0.353515625 0.048828125 0.048828125
0 0.47705078125 0.43896484375 0.0244140625 0.0244140625
0 0.81494140625 0.6162109375 0.0498046875 0.048828125
0 0.47021484375 0.63525390625 0.0244140625 0.0244140625
0 0.35693359375 0.63525390625 0.0244140625 0.0244140625
0 0.40966796875 0.73779296875 0.0244140625 0.0244140625
0 0.6884765625 0.84619140625 0.037109375 0.0361328125
0 0.890625 0.85009765625 0.0859375 0.0849609375
0 0.96044921875 0.16796875 0.0615234375 0.060546875
0 0.84912109375 0.5556640625 0.0498046875 0.048828125
0 0.97607421875 0.55322265625 0.0244140625 0.0244140625
0 0.92431640625 0.74755859375 0.0244140625 0.0244140625
0 0.15283203125 0.90673828125 0.0244140625 0.0244140625