0 0.626953125 0.13671875 0.048828125 0.048828125
0 0.6923828125 0.0576171875 0.048828125 0.048828125
0 0.56787109375 0.0546875 0.0615234375 0.060546875
0 0.416015625 0.1298828125 0.048828125 0.048828125
0 0.21484375 0.126953125 0.048828125 0.048828125
0 0.322265625 0.130859375 0.048828125 0.048828125
0 0.53173828125 0.134765625 0.0615234375 0.060546875
0 0.09912109375 0.13134765625 0.0615234375 0.0615234375
0 0.263671875 0.056640625 0.037109375 0.037109375
0 0.1494140625 0.05615234375 0.07421875 0.0732421875
0 0.47998046875 0.0576171875 0.0615234375 0.060546875
0 0.376953125 0.0654296875 0.048828125 0.048828125
0 0.0478515625 0.05615234375 0.07421875 0.0732421875
0 0.63671875 0.943359375 0.048828125 0.048828125
0 0.548828125 0.947265625 0.048828125 0.048828125
0 0.83251953125 0.95263671875 0.0615234375 0.0615234375
0 0.72998046875 0.953125 0.0615234375 0.060546875
0 0.91552734375 0.9462890625 0.0498046875 0.048828125
0 0.66064453125 0.2490234375 0.0498046875 0.048828125
0 0.56396484375 0.2451171875 0.0498046875 0.048828125
0 0.50244140625 0.3447265625 0.0498046875 0.048828125
0 0.19580078125 0.333984375 0.0498046875 0.048828125
0 0.60107421875 0.33837890625 0.0615234375 0.0615234375
0 0.14404296875 0.24365234375 0.0615234375 0.0615234375
0 0.23876953125 0.4453125 0.0615234375 0.060546875
0 0.39453125 0.33984375 0.048828125 0.048828125
0 0.48779296875 0.4482421875 0.0498046875 0.048828125
0 0.56884765625 0.4375 0.0498046875 0.048828125
0 0.66455078125 0.4375 0.0498046875 0.048828125
0 0.703125 0.5439453125 0.048828125 0.048828125
0 0.70263671875 0.33984375 0.0498046875 0.048828125
0 0.37744140625 0.24609375 0.0615234375 0.060546875
0 0.29443359375 0.3369140625 0.0498046875 0.048828125
0 0.15869140625 0.44140625 0.0615234375 0.060546875
0 0.09765625 0.3369140625 0.037109375 0.037109375
0 0.25927734375 0.248046875 0.0498046875 0.048828125
0 0.03662109375 0.44140625 0.0498046875 0.048828125
0 0.0419921875 0.23486328125 0.037109375 0.0361328125
0 0.8818359375 0.876953125 0.048828125 0.048828125
0 0.779296875 0.8671875 0.048828125 0.048828125
0 0.73193359375 0.14306640625 0.0244140625 0.0244140625
0 0.4755859375 0.24560546875 0.037109375 0.0361328125
0 0.7626953125 0.435546875 0.048828125 0.048828125
0 0.6015625 0.541015625 0.048828125 0.048828125
0 0.65625 0.6298828125 0.048828125 0.048828125
0 0.0791015625 0.8330078125 0.048828125 0.048828125
0 0.17578125 0.83984375 0.037109375 0.037109375
0 0.2646484375 0.8388671875 0.037109375 0.037109375
0 0.12744140625 0.744140625 0.0615234375 0.060546875
0 0.248046875 0.75390625 0.037109375 0.037109375
0 0.14501953125 0.67919921875 0.0615234375 0.0615234375
0 0.244140625 0.6875 0.048828125 0.048828125
0 0.07958984375 0.54052734375 0.0244140625 0.0244140625
0 0.1865234375 0.54052734375 0.037109375 0.0361328125
0 0.1279296875 0.8935546875 0.048828125 0.048828125
0 0.76513671875 0.23583984375 0.0244140625 0.0244140625