0 0.1982421875 0.47021484375 0.060546875 0.0615234375
0 0.27978515625 0.5390625 0.0849609375 0.0859375
0 0.205078125 0.6875 0.048828125 0.048828125
0 0.279296875 0.75 0.048828125 0.048828125
0 0.20458984375 0.57763671875 0.0615234375 0.0615234375
0 0.197265625 0.2412109375 0.048828125 0.048828125
0 0.10205078125 0.53759765625 0.0615234375 0.0615234375
0 0.1015625 0.42529296875 0.048828125 0.0498046875
0 0.1923828125 0.02880859375 0.048828125 0.0498046875
0 0.94921875 0.80908203125 0.09765625 0.0986328125
0 0.37890625 0.8046875 0.048828125 0.048828125
0 0.37890625 0.92333984375 0.060546875 0.0615234375
0 0.3798828125 0.6982421875 0.048828125 0.048828125
0 0.47265625 0.97314453125 0.048828125 0.0498046875
0 0.86181640625 0.09228515625 0.1103515625 0.1103515625
0 0.6689453125 0.078125 0.09765625 0.09765625
0 0.654296875 0.1982421875 0.09765625 0.09765625
0 0.763671875 0.1474609375 0.109375 0.111328125
0 0.86083984375 0.19775390625 0.1103515625 0.1103515625
0 0.2978515625 0.07568359375 0.109375 0.1103515625
0 0.29443359375 0.1943359375 0.0849609375 0.0859375
0 0.388671875 0.14013671875 0.09765625 0.0986328125
0 0.47607421875 0.07763671875 0.1103515625 0.1103515625
0 0.47509765625 0.19189453125 0.1103515625 0.1103515625
0 0.57763671875 0.134765625 0.1220703125 0.123046875
0 0.85498046875 0.29833984375 0.1103515625 0.1103515625
0 0.86328125 0.40478515625 0.109375 0.1103515625
0 0.76123046875 0.3701171875 0.1220703125 0.123046875
0 0.771484375 0.25732421875 0.109375 0.1103515625
0 0.77099609375 0.4775390625 0.1220703125 0.123046875
0 0.666015625 0.42919921875 0.09765625 0.0986328125
0 0.6689453125 0.31005859375 0.109375 0.1103515625
0 0.47705078125 0.298828125 0.1220703125 0.123046875
0 0.580078125 0.37060546875 0.09765625 0.0986328125
0 0.58154296875 0.248046875 0.1220703125 0.123046875
0 0.58349609375 0.4736328125 0.1103515625 0.111328125
0 0.4775390625 0.4189453125 0.109375 0.111328125
0 0.3876953125 0.4736328125 0.109375 0.111328125
0 0.3837890625 0.3603515625 0.109375 0.111328125
0 0.38671875 0.24609375 0.109375 0.111328125
0 0.2958984375 0.3017578125 0.09765625 0.09765625
0 0.2841796875 0.4248046875 0.09765625 0.09765625
0 0.37744140625 0.5654296875 0.0849609375 0.0859375
0 0.47216796875 0.52783203125 0.1103515625 0.1103515625
0 0.5712890625 0.59228515625 0.109375 0.1103515625
0 0.5712890625 0.70166015625 0.109375 0.1103515625
0 0.57373046875 0.81005859375 0.1103515625 0.1103515625
0 0.57470703125 0.90966796875 0.1103515625 0.1103515625
0 0.671875 0.85791015625 0.09765625 0.0986328125
0 0.666015625 0.74951171875 0.109375 0.1103515625
0 0.6728515625 0.63720703125 0.109375 0.1103515625
0 0.65966796875 0.52783203125 0.1103515625 0.1103515625
0 0.75634765625 0.5830078125 0.1220703125 0.123046875
0 0.76611328125 0.68505859375 0.1103515625 0.1103515625
0 0.7685546875 0.80615234375 0.109375 0.1103515625
0 0.7646484375 0.91064453125 0.109375 0.1103515625
0 0.85888671875 0.86572265625 0.1103515625 0.1103515625
0 0.85498046875 0.75146484375 0.1103515625 0.1103515625
0 0.84912109375 0.65576171875 0.1103515625 0.1103515625
0 0.8544921875 0.5283203125 0.109375 0.111328125
0 0.10546875 0.08984375 0.048828125 0.048828125
0 0.19189453125 0.13134765625 0.0244140625 0.0244140625
0 0.1865234375 0.357421875 0.048828125 0.048828125
0 0.1025390625 0.3271484375 0.037109375 0.037109375
0 0.1044921875 0.201171875 0.048828125 0.048828125
0 0.01904296875 0.14501953125 0.0244140625 0.0244140625
0 0.2900390625 0.62841796875 0.060546875 0.0615234375
0 0.2900390625 0.85546875 0.037109375 0.037109375
0 0.46875 0.8642578125 0.037109375 0.037109375
0 0.474609375 0.640625 0.048828125 0.048828125
0 0.4755859375 0.7412109375 0.048828125 0.048828125