0 0.330078125 0.61474609375 0.07421875 0.0732421875
0 0.53857421875 0.61865234375 0.0615234375 0.0615234375
0 0.9482421875 0.62548828125 0.07421875 0.0732421875
0 0.62548828125 0.8935546875 0.0498046875 0.048828125
0 0.4375 0.7939453125 0.048828125 0.048828125
0 0.55615234375 0.79052734375 0.0615234375 0.0615234375
0 0.79736328125 0.69580078125 0.0615234375 0.0615234375
0 0.51220703125 0.89306640625 0.0615234375 0.0615234375
0 0.65283203125 0.25341796875 0.0615234375 0.0615234375
0 0.806640625 0.53173828125 0.0859375 0.0849609375
0 0.916015625 0.14794921875 0.123046875 0.1220703125
0 0.8095703125 0.14794921875 0.07421875 0.0732421875
0 0.8564453125 0.24462890625 0.07421875 0.0732421875
0 0.91357421875 0.3359375 0.0986328125 0.09765625
0 0.80517578125 0.337890625 0.0986328125 0.09765625
0 0.8583984375 0.43408203125 0.123046875 0.1220703125
0 0.90576171875 0.51904296875 0.1103515625 0.1103515625
0 0.85205078125 0.62109375 0.0869140625 0.0859375
0 0.9013671875 0.70361328125 0.111328125 0.1103515625
0 0.853515625 0.79541015625 0.123046875 0.1220703125
0 0.8984375 0.892578125 0.09765625 0.09765625
0 0.59716796875 0.14013671875 0.1103515625 0.1103515625
0 0.49658203125 0.13818359375 0.1103515625 0.1103515625
0 0.38720703125 0.13427734375 0.1103515625 0.1103515625
0 0.27392578125 0.1337890625 0.1103515625 0.109375
0 0.16357421875 0.1376953125 0.1103515625 0.109375
0 0.05859375 0.134765625 0.09765625 0.09765625
0 0.11474609375 0.23291015625 0.1103515625 0.1103515625
0 0.22509765625 0.2265625 0.0986328125 0.09765625
0 0.34619140625 0.2353515625 0.0986328125 0.09765625
0 0.45166015625 0.23388671875 0.1103515625 0.1103515625
0 0.56298828125 0.234375 0.0986328125 0.09765625
0 0.06591796875 0.32177734375 0.1103515625 0.1103515625
0 0.16845703125 0.33154296875 0.1103515625 0.1103515625
0 0.28369140625 0.33447265625 0.1103515625 0.1103515625
0 0.38525390625 0.326171875 0.1103515625 0.109375
0 0.52783203125 0.330078125 0.1103515625 0.109375
0 0.625 0.333984375 0.0859375 0.0859375
0 0.11865234375 0.4208984375 0.1103515625 0.109375
0 0.22509765625 0.4228515625 0.1103515625 0.109375
0 0.34130859375 0.4248046875 0.1103515625 0.109375
0 0.45361328125 0.4287109375 0.1103515625 0.109375
0 0.55126953125 0.41943359375 0.1103515625 0.1103515625
0 0.17333984375 0.5166015625 0.0986328125 0.09765625
0 0.27978515625 0.5244140625 0.1103515625 0.109375
0 0.38720703125 0.52685546875 0.1103515625 0.1103515625
0 0.5087890625 0.52490234375 0.0859375 0.0849609375
0 0.6162109375 0.52294921875 0.07421875 0.0732421875
0 0.115234375 0.61181640625 0.0859375 0.0849609375
0 0.23095703125 0.62158203125 0.1103515625 0.1103515625
0 0.4423828125 0.61279296875 0.07421875 0.0732421875
0 0.6201171875 0.60986328125 0.07421875 0.0732421875
0 0.06298828125 0.70166015625 0.1103515625 0.1103515625
0 0.16162109375 0.71533203125 0.1103515625 0.1103515625
0 0.2646484375 0.71435546875 0.07421875 0.0732421875
0 0.365234375 0.7138671875 0.0859375 0.0859375
0 0.45703125 0.7060546875 0.0859375 0.0859375
0 0.57568359375 0.703125 0.0986328125 0.09765625
0 0.3447265625 0.7919921875 0.037109375 0.037109375
0 0.4052734375 0.88525390625 0.037109375 0.0361328125
0 0.12060546875 0.7890625 0.1103515625 0.109375
0 0.220703125 0.7998046875 0.111328125 0.109375
0 0.076171875 0.87744140625 0.123046875 0.1220703125
0 0.17578125 0.88818359375 0.111328125 0.1103515625
0 0.28173828125 0.89013671875 0.1103515625 0.1103515625
0 0.05810546875 0.5205078125 0.1103515625 0.109375