0 0.810546875 0.86181640625 0.060546875 0.0615234375
0 0.90234375 0.80859375 0.048828125 0.048828125
0 0.8984375 0.92041015625 0.060546875 0.0615234375
0 0.2666015625 0.8466796875 0.048828125 0.048828125
0 0.16845703125 0.93603515625 0.0615234375 0.0615234375
0 0.07666015625 0.89111328125 0.0615234375 0.0615234375
0 0.6357421875 0.8818359375 0.037109375 0.037109375
0 0.36572265625 0.8369140625 0.0361328125 0.037109375
0 0.7255859375 0.91748046875 0.048828125 0.0498046875
0 0.447265625 0.8115234375 0.037109375 0.037109375
0 0.3583984375 0.9423828125 0.048828125 0.048828125
0 0.72802734375 0.82177734375 0.0615234375 0.0615234375
0 0.54736328125 0.70263671875 0.0732421875 0.0732421875
0 0.80908203125 0.765625 0.0732421875 0.07421875
0 0.62646484375 0.52783203125 0.0615234375 0.0615234375
0 0.548828125 0.60986328125 0.048828125 0.0498046875
0 0.63623046875 0.43212890625 0.0615234375 0.0615234375
0 0.8115234375 0.57080078125 0.060546875 0.0615234375
0 0.8125 0.6640625 0.048828125 0.048828125
0 0.904296875 0.6064453125 0.048828125 0.048828125
0 0.90283203125 0.70849609375 0.0615234375 0.0615234375
0 0.91259765625 0.50341796875 0.0615234375 0.0615234375
0 0.06982421875 0.33984375 0.1220703125 0.123046875
0 0.06982421875 0.2255859375 0.1220703125 0.123046875
0 0.07568359375 0.11083984375 0.1220703125 0.1220703125
0 0.17333984375 0.16064453125 0.1220703125 0.1220703125
0 0.17333984375 0.271484375 0.1220703125 0.123046875
0 0.17236328125 0.384765625 0.1220703125 0.123046875
0 0.26611328125 0.35205078125 0.1220703125 0.1220703125
0 0.2783203125 0.23388671875 0.09765625 0.0986328125
0 0.26806640625 0.130859375 0.1220703125 0.123046875
0 0.36181640625 0.0634765625 0.1220703125 0.123046875
0 0.35595703125 0.1640625 0.1220703125 0.123046875
0 0.36376953125 0.283203125 0.1220703125 0.123046875
0 0.44873046875 0.3330078125 0.1220703125 0.123046875
0 0.45654296875 0.2216796875 0.1220703125 0.123046875
0 0.45166015625 0.103515625 0.1220703125 0.123046875
0 0.54736328125 0.1845703125 0.1220703125 0.123046875
0 0.5458984375 0.28466796875 0.09765625 0.0986328125
0 0.55810546875 0.3994140625 0.1220703125 0.123046875
0 0.35498046875 0.37255859375 0.0849609375 0.0869140625
0 0.91259765625 0.0439453125 0.0849609375 0.0859375
0 0.89892578125 0.15625 0.1220703125 0.123046875
0 0.9072265625 0.27978515625 0.09765625 0.0986328125
0 0.55078125 0.49755859375 0.109375 0.1103515625
0 0.45703125 0.43408203125 0.109375 0.1103515625
0 0.45654296875 0.53662109375 0.1103515625 0.1103515625
0 0.45068359375 0.71142578125 0.1220703125 0.1220703125
0 0.3515625 0.72314453125 0.09765625 0.0986328125
0 0.34814453125 0.62060546875 0.1103515625 0.1103515625
0 0.357421875 0.49365234375 0.09765625 0.0986328125
0 0.2587890625 0.49267578125 0.09765625 0.0986328125
0 0.25927734375 0.6328125 0.1220703125 0.123046875
0 0.2587890625 0.76708984375 0.109375 0.1103515625
0 0.1708984375 0.49560546875 0.09765625 0.0986328125
0 0.16943359375 0.599609375 0.1220703125 0.123046875
0 0.169921875 0.71728515625 0.09765625 0.0986328125
0 0.07470703125 0.78515625 0.1103515625 0.111328125
0 0.0615234375 0.44384765625 0.09765625 0.0986328125
0 0.0732421875 0.55712890625 0.09765625 0.0986328125
0 0.0654296875 0.6630859375 0.09765625 0.09765625
0 0.912109375 0.38037109375 0.037109375 0.0361328125
0 0.81005859375 0.361328125 0.0361328125 0.037109375
0 0.83447265625 0.50146484375 0.0244140625 0.0244140625
0 0.7265625 0.482421875 0.037109375 0.037109375
0 0.73046875 0.38671875 0.037109375 0.037109375
0 0.7314453125 0.2705078125 0.037109375 0.037109375
0 0.62646484375 0.64892578125 0.0361328125 0.0361328125
0 0.7333984375 0.60546875 0.037109375 0.037109375
0 0.732421875 0.71630859375 0.048828125 0.0498046875
0 0.63037109375 0.75634765625 0.0361328125 0.0361328125
0 0.62890625 0.98046875 0.037109375 0.037109375
0 0.5498046875 0.921875 0.048828125 0.048828125
0 0.44091796875 0.9326171875 0.0361328125 0.037109375
0 0.169921875 0.841796875 0.048828125 0.048828125