0 0.06298828125 0.60595703125 0.0615234375 0.0615234375
0 0.7568359375 0.87060546875 0.060546875 0.0615234375
0 0.6591796875 0.94775390625 0.060546875 0.0615234375
0 0.5625 0.8720703125 0.048828125 0.048828125
0 0.94287109375 0.76416015625 0.0615234375 0.0615234375
0 0.85107421875 0.71923828125 0.0615234375 0.0615234375
0 0.865234375 0.93310546875 0.048828125 0.0498046875
0 0.08642578125 0.1591796875 0.0849609375 0.0859375
0 0.08984375 0.05810546875 0.09765625 0.0986328125
0 0.19140625 0.09521484375 0.09765625 0.0986328125
0 0.1875 0.21728515625 0.09765625 0.0986328125
0 0.28173828125 0.15625 0.1220703125 0.123046875
0 0.36962890625 0.10791015625 0.1103515625 0.1103515625
0 0.37060546875 0.21875 0.1220703125 0.123046875
0 0.4736328125 0.15673828125 0.109375 0.1103515625
0 0.56201171875 0.103515625 0.1220703125 0.123046875
0 0.560546875 0.22119140625 0.109375 0.1103515625
0 0.66748046875 0.1474609375 0.1220703125 0.123046875
0 0.74853515625 0.0986328125 0.1220703125 0.123046875
0 0.74462890625 0.216796875 0.1220703125 0.123046875
0 0.84423828125 0.16796875 0.1220703125 0.123046875
0 0.9453125 0.32373046875 0.09765625 0.0986328125
0 0.9443359375 0.54541015625 0.09765625 0.0986328125
0 0.84912109375 0.61328125 0.1103515625 0.111328125
0 0.8359375 0.27197265625 0.09765625 0.0986328125
0 0.84765625 0.38525390625 0.09765625 0.0986328125
0 0.83984375 0.4912109375 0.09765625 0.09765625
0 0.751953125 0.31982421875 0.09765625 0.0986328125
0 0.7548828125 0.431640625 0.09765625 0.09765625
0 0.751953125 0.544921875 0.109375 0.111328125
0 0.7578125 0.640625 0.0859375 0.0859375
0 0.67529296875 0.3251953125 0.1220703125 0.123046875
0 0.6640625 0.466796875 0.109375 0.111328125
0 0.66064453125 0.5888671875 0.1220703125 0.123046875
0 0.66845703125 0.697265625 0.1220703125 0.123046875
0 0.5595703125 0.314453125 0.09765625 0.09765625
0 0.568359375 0.419921875 0.09765625 0.09765625
0 0.5625 0.54736328125 0.09765625 0.0986328125
0 0.56494140625 0.64990234375 0.1103515625 0.1103515625
0 0.4736328125 0.259765625 0.09765625 0.09765625
0 0.47216796875 0.39111328125 0.1103515625 0.1103515625
0 0.46875 0.49462890625 0.09765625 0.0986328125
0 0.4638671875 0.60107421875 0.09765625 0.0986328125
0 0.46875 0.72119140625 0.0859375 0.0869140625
0 0.37158203125 0.32373046875 0.1103515625 0.1103515625
0 0.36865234375 0.43896484375 0.1103515625 0.1103515625
0 0.36865234375 0.54736328125 0.1220703125 0.1220703125
0 0.36865234375 0.66357421875 0.1220703125 0.1220703125
0 0.275390625 0.27001953125 0.109375 0.1103515625
0 0.271484375 0.36767578125 0.09765625 0.0986328125
0 0.2822265625 0.48193359375 0.09765625 0.0986328125
0 0.279296875 0.59814453125 0.09765625 0.0986328125
0 0.2763671875 0.72314453125 0.09765625 0.0986328125
0 0.1767578125 0.32373046875 0.09765625 0.0986328125
0 0.1787109375 0.42724609375 0.09765625 0.0986328125
0 0.18359375 0.54541015625 0.09765625 0.0986328125
0 0.08740234375 0.26416015625 0.0849609375 0.0869140625
0 0.46240234375 0.814453125 0.0849609375 0.0859375
0 0.4619140625 0.92822265625 0.09765625 0.0986328125
0 0.3681640625 0.880859375 0.0859375 0.0859375
0 0.375 0.7705078125 0.0859375 0.0859375
0 0.2841796875 0.82275390625 0.09765625 0.0986328125
0 0.0888671875 0.92529296875 0.060546875 0.0615234375
0 0.0859375 0.82470703125 0.048828125 0.0498046875
0 0.9443359375 0.669921875 0.048828125 0.048828125
0 0.939453125 0.87744140625 0.048828125 0.0498046875
0 0.86181640625 0.83349609375 0.0615234375 0.0615234375
0 0.748046875 0.75830078125 0.048828125 0.0498046875
0 0.6630859375 0.82080078125 0.060546875 0.0615234375
0 0.7568359375 0.97216796875 0.048828125 0.0498046875
0 0.5634765625 0.7744140625 0.048828125 0.048828125
0 0.56494140625 0.98486328125 0.0244140625 0.0244140625
0 0.17138671875 0.7724609375 0.0361328125 0.037109375
0 0.09130859375 0.70703125 0.0361328125 0.037109375
0 0.265625 0.9326171875 0.048828125 0.048828125
0 0.1728515625 0.8701171875 0.048828125 0.048828125
0 0.17333984375 0.9716796875 0.0361328125 0.037109375
0 0.0830078125 0.38671875 0.037109375 0.037109375
0 0.177734375 0.658203125 0.037109375 0.037109375