0 0.10009765625 0.06787109375 0.1220703125 0.1220703125
0 0.20556640625 0.1015625 0.1220703125 0.123046875
0 0.4892578125 0.0625 0.109375 0.111328125
0 0.578125 0.1171875 0.109375 0.111328125
0 0.6826171875 0.05517578125 0.09765625 0.0986328125
0 0.865234375 0.05810546875 0.109375 0.1103515625
0 0.77001953125 0.11767578125 0.1103515625 0.1103515625
0 0.85791015625 0.6064453125 0.1103515625 0.111328125
0 0.8603515625 0.4970703125 0.09765625 0.09765625
0 0.8623046875 0.39501953125 0.109375 0.1103515625
0 0.8671875 0.29541015625 0.109375 0.1103515625
0 0.8662109375 0.16455078125 0.109375 0.1103515625
0 0.77294921875 0.22998046875 0.1103515625 0.1103515625
0 0.7685546875 0.3388671875 0.09765625 0.09765625
0 0.77099609375 0.453125 0.1103515625 0.111328125
0 0.7705078125 0.5556640625 0.09765625 0.09765625
0 0.67431640625 0.61328125 0.0732421875 0.07421875
0 0.677734375 0.5068359375 0.0859375 0.0859375
0 0.6796875 0.404296875 0.0859375 0.0859375
0 0.68701171875 0.287109375 0.0849609375 0.0859375
0 0.673828125 0.17626953125 0.09765625 0.0986328125
0 0.58203125 0.220703125 0.109375 0.111328125
0 0.5830078125 0.3359375 0.109375 0.111328125
0 0.580078125 0.44775390625 0.109375 0.1103515625
0 0.5830078125 0.55322265625 0.09765625 0.0986328125
0 0.4931640625 0.1611328125 0.109375 0.111328125
0 0.4912109375 0.283203125 0.109375 0.111328125
0 0.490234375 0.38134765625 0.09765625 0.0986328125
0 0.49658203125 0.5009765625 0.1220703125 0.123046875
0 0.49267578125 0.60009765625 0.1103515625 0.1103515625
0 0.38916015625 0.55517578125 0.1103515625 0.1103515625
0 0.39208984375 0.43994140625 0.1103515625 0.1103515625
0 0.39404296875 0.22314453125 0.1103515625 0.1103515625
0 0.39208984375 0.1201171875 0.1220703125 0.123046875
0 0.3935546875 0.328125 0.048828125 0.048828125
0 0.3017578125 0.15869140625 0.09765625 0.0986328125
0 0.30859375 0.27392578125 0.09765625 0.0986328125
0 0.2978515625 0.38232421875 0.109375 0.1103515625
0 0.3017578125 0.50537109375 0.09765625 0.0986328125
0 0.3076171875 0.62255859375 0.109375 0.1103515625
0 0.20263671875 0.5732421875 0.1220703125 0.123046875
0 0.20068359375 0.44775390625 0.1220703125 0.1220703125
0 0.20263671875 0.33349609375 0.1220703125 0.1220703125
0 0.2060546875 0.22509765625 0.109375 0.1103515625
0 0.1103515625 0.18115234375 0.109375 0.1103515625
0 0.1044921875 0.28271484375 0.09765625 0.0986328125
0 0.11181640625 0.396484375 0.1220703125 0.123046875
0 0.11083984375 0.515625 0.1220703125 0.123046875
0 0.11083984375 0.625 0.1220703125 0.123046875
0 0.10791015625 0.74658203125 0.1220703125 0.1220703125
0 0.10791015625 0.8388671875 0.1220703125 0.123046875
0 0.28466796875 0.7314453125 0.1220703125 0.123046875
0 0.28955078125 0.83935546875 0.1220703125 0.1220703125
0 0.19482421875 0.89501953125 0.1103515625 0.1103515625
0 0.19580078125 0.78369140625 0.1103515625 0.1103515625
0 0.20849609375 0.67138671875 0.1103515625 0.1103515625
0 0.3935546875 0.87841796875 0.109375 0.1103515625
0 0.3857421875 0.77783203125 0.109375 0.1103515625
0 0.390625 0.67041015625 0.109375 0.1103515625
0 0.48974609375 0.716796875 0.1220703125 0.123046875
0 0.48583984375 0.8291015625 0.1220703125 0.123046875
0 0.48828125 0.93408203125 0.109375 0.1103515625
0 0.57568359375 0.89306640625 0.1103515625 0.1103515625
0 0.58251953125 0.775390625 0.1103515625 0.111328125
0 0.57958984375 0.6708984375 0.1103515625 0.111328125
0 0.671875 0.7177734375 0.109375 0.111328125
0 0.673828125 0.8291015625 0.109375 0.111328125
0 0.6669921875 0.9375 0.09765625 0.09765625
0 0.77490234375 0.8837890625 0.1220703125 0.123046875
0 0.77392578125 0.7685546875 0.0732421875 0.07421875
0 0.765625 0.67431640625 0.09765625 0.0986328125
0 0.85888671875 0.734375 0.1220703125 0.123046875
0 0.85888671875 0.83056640625 0.1103515625 0.1103515625
0 0.85546875 0.93359375 0.09765625 0.09765625