0 0.640625 0.7783203125 0.048828125 0.048828125
0 0.54248046875 0.86767578125 0.0615234375 0.0615234375
0 0.45068359375 0.82275390625 0.0615234375 0.0615234375
0 0.73974609375 0.7685546875 0.0361328125 0.037109375
0 0.8212890625 0.7431640625 0.037109375 0.037109375
0 0.732421875 0.8740234375 0.048828125 0.048828125
0 0.92138671875 0.63427734375 0.0732421875 0.0732421875
0 0.9228515625 0.54150390625 0.048828125 0.0498046875
0 0.0732421875 0.26025390625 0.109375 0.1103515625
0 0.0791015625 0.1513671875 0.09765625 0.09765625
0 0.16552734375 0.0986328125 0.1220703125 0.123046875
0 0.16162109375 0.20703125 0.1220703125 0.123046875
0 0.16015625 0.32470703125 0.109375 0.1103515625
0 0.26708984375 0.2509765625 0.1220703125 0.123046875
0 0.26025390625 0.1552734375 0.1220703125 0.123046875
0 0.35205078125 0.09765625 0.1220703125 0.123046875
0 0.34814453125 0.2021484375 0.1220703125 0.123046875
0 0.34423828125 0.3203125 0.1220703125 0.123046875
0 0.44384765625 0.271484375 0.1220703125 0.123046875
0 0.44384765625 0.1572265625 0.1220703125 0.123046875
0 0.54736328125 0.09228515625 0.1220703125 0.1220703125
0 0.54736328125 0.203125 0.1220703125 0.123046875
0 0.54638671875 0.31640625 0.1220703125 0.123046875
0 0.64013671875 0.28369140625 0.1220703125 0.1220703125
0 0.65234375 0.16552734375 0.09765625 0.0986328125
0 0.64208984375 0.0625 0.1220703125 0.123046875
0 0.72998046875 0.095703125 0.1220703125 0.123046875
0 0.73779296875 0.21484375 0.1220703125 0.123046875
0 0.82275390625 0.2646484375 0.1220703125 0.123046875
0 0.83056640625 0.1533203125 0.1220703125 0.123046875
0 0.92138671875 0.1162109375 0.1220703125 0.123046875
0 0.919921875 0.21630859375 0.09765625 0.0986328125
0 0.93212890625 0.3310546875 0.1220703125 0.123046875
0 0.72900390625 0.30419921875 0.0849609375 0.0869140625
0 0.9248046875 0.42919921875 0.109375 0.1103515625
0 0.8310546875 0.36572265625 0.109375 0.1103515625
0 0.83056640625 0.46826171875 0.1103515625 0.1103515625
0 0.82470703125 0.64306640625 0.1220703125 0.1220703125
0 0.7255859375 0.65478515625 0.09765625 0.0986328125
0 0.72216796875 0.55224609375 0.1103515625 0.1103515625
0 0.7314453125 0.42529296875 0.09765625 0.0986328125
0 0.6328125 0.42431640625 0.09765625 0.0986328125
0 0.63330078125 0.564453125 0.1220703125 0.123046875
0 0.6328125 0.69873046875 0.109375 0.1103515625
0 0.544921875 0.42724609375 0.09765625 0.0986328125
0 0.54345703125 0.53125 0.1220703125 0.123046875
0 0.5439453125 0.64892578125 0.09765625 0.0986328125
0 0.44873046875 0.716796875 0.1103515625 0.111328125
0 0.435546875 0.37548828125 0.09765625 0.0986328125
0 0.447265625 0.48876953125 0.09765625 0.0986328125
0 0.439453125 0.5947265625 0.09765625 0.09765625
0 0.3515625 0.42333984375 0.09765625 0.0986328125
0 0.3544921875 0.53515625 0.09765625 0.09765625
0 0.3515625 0.6484375 0.109375 0.111328125
0 0.357421875 0.744140625 0.0859375 0.0859375
0 0.27490234375 0.4287109375 0.1220703125 0.123046875
0 0.263671875 0.5703125 0.109375 0.111328125
0 0.26025390625 0.6923828125 0.1220703125 0.123046875
0 0.26806640625 0.80078125 0.1220703125 0.123046875
0 0.1591796875 0.41796875 0.09765625 0.09765625
0 0.16796875 0.5234375 0.09765625 0.09765625
0 0.162109375 0.65087890625 0.09765625 0.0986328125
0 0.16455078125 0.75341796875 0.1103515625 0.1103515625
0 0.0732421875 0.36328125 0.09765625 0.09765625
0 0.07177734375 0.49462890625 0.1103515625 0.1103515625
0 0.068359375 0.59814453125 0.09765625 0.0986328125
0 0.0634765625 0.70458984375 0.09765625 0.0986328125
0 0.068359375 0.82470703125 0.0859375 0.0869140625
0 0.06201171875 0.91796875 0.0849609375 0.0859375
0 0.923828125 0.853515625 0.048828125 0.048828125
0 0.81494140625 0.8642578125 0.0361328125 0.037109375
0 0.919921875 0.96630859375 0.060546875 0.0615234375
0 0.63671875 0.9296875 0.037109375 0.037109375
0 0.5439453125 0.7734375 0.048828125 0.048828125
0 0.46142578125 0.93701171875 0.0615234375 0.0615234375
0 0.34765625 0.86181640625 0.048828125 0.0498046875
0 0.2626953125 0.92431640625 0.060546875 0.0615234375
0 0.1630859375 0.8779296875 0.048828125 0.048828125