0 0.056640625 0.21435546875 0.048828125 0.0498046875
0 0.05517578125 0.30908203125 0.0361328125 0.0361328125
0 0.046875 0.46630859375 0.048828125 0.0498046875
0 0.0517578125 0.5478515625 0.048828125 0.048828125
0 0.0380859375 0.6318359375 0.048828125 0.048828125
0 0.13623046875 0.5654296875 0.0361328125 0.037109375
0 0.51123046875 0.37353515625 0.0615234375 0.0615234375
0 0.9111328125 0.7880859375 0.0859375 0.0859375
0 0.92041015625 0.15869140625 0.1103515625 0.1103515625
0 0.9169921875 0.26220703125 0.09765625 0.0986328125
0 0.912109375 0.36865234375 0.09765625 0.0986328125
0 0.9169921875 0.48876953125 0.0859375 0.0869140625
0 0.81982421875 0.09130859375 0.1103515625 0.1103515625
0 0.81689453125 0.20654296875 0.1103515625 0.1103515625
0 0.81689453125 0.31494140625 0.1220703125 0.1220703125
0 0.81689453125 0.43115234375 0.1220703125 0.1220703125
0 0.7197265625 0.13525390625 0.09765625 0.0986328125
0 0.73046875 0.24951171875 0.09765625 0.0986328125
0 0.7275390625 0.36572265625 0.09765625 0.0986328125
0 0.724609375 0.49072265625 0.09765625 0.0986328125
0 0.625 0.09130859375 0.09765625 0.0986328125
0 0.626953125 0.19482421875 0.09765625 0.0986328125
0 0.6318359375 0.31298828125 0.09765625 0.0986328125
0 0.42578125 0.08837890625 0.048828125 0.0498046875
0 0.91064453125 0.58203125 0.0849609375 0.0859375
0 0.91015625 0.69580078125 0.09765625 0.0986328125
0 0.8046875 0.73828125 0.0859375 0.0859375
0 0.81640625 0.6484375 0.0859375 0.0859375
0 0.8232421875 0.5380859375 0.0859375 0.0859375
0 0.732421875 0.59033203125 0.09765625 0.0986328125
0 0.537109375 0.69287109375 0.060546875 0.0615234375
0 0.5341796875 0.59228515625 0.048828125 0.0498046875
0 0.9140625 0.89453125 0.048828125 0.048828125
0 0.7958984375 0.85986328125 0.0234375 0.0244140625
0 0.7900390625 0.962890625 0.048828125 0.048828125
0 0.7109375 0.806640625 0.048828125 0.048828125
0 0.71044921875 0.92236328125 0.0244140625 0.0244140625
0 0.61767578125 0.85986328125 0.0361328125 0.0361328125
0 0.5439453125 0.78955078125 0.037109375 0.0361328125
0 0.546875 0.90869140625 0.048828125 0.0498046875
0 0.45361328125 0.83251953125 0.0361328125 0.0361328125
0 0.61962890625 0.5400390625 0.0361328125 0.037109375
0 0.53955078125 0.474609375 0.0361328125 0.037109375
0 0.4365234375 0.529296875 0.037109375 0.037109375
0 0.3388671875 0.58251953125 0.037109375 0.0361328125
0 0.23876953125 0.62939453125 0.0361328125 0.0361328125
0 0.21728515625 0.75390625 0.0361328125 0.037109375
0 0.33349609375 0.70556640625 0.0361328125 0.0361328125
0 0.4521484375 0.64794921875 0.048828125 0.0498046875
0 0.453125 0.73681640625 0.037109375 0.0361328125
0 0.7138671875 0.7001953125 0.048828125 0.048828125
0 0.62109375 0.6376953125 0.048828125 0.048828125
0 0.62158203125 0.7392578125 0.0361328125 0.037109375
0 0.15771484375 0.38037109375 0.0361328125 0.0361328125
0 0.138671875 0.16015625 0.048828125 0.048828125
0 0.1513671875 0.0400390625 0.048828125 0.048828125
0 0.2333984375 0.068359375 0.037109375 0.037109375
0 0.224609375 0.2158203125 0.037109375 0.037109375
0 0.373046875 0.1728515625 0.037109375 0.037109375
0 0.42333984375 0.298828125 0.0361328125 0.037109375
0 0.53125 0.154296875 0.037109375 0.037109375
0 0.341796875 0.3583984375 0.037109375 0.037109375
0 0.43603515625 0.39990234375 0.0244140625 0.0244140625
0 0.12744140625 0.2607421875 0.0361328125 0.037109375
0 0.04248046875 0.77734375 0.0244140625 0.025390625
0 0.12353515625 0.77734375 0.0361328125 0.037109375
0 0.28564453125 0.47607421875 0.0361328125 0.0361328125
0 0.6259765625 0.42578125 0.037109375 0.037109375
0 0.1171875 0.9580078125 0.037109375 0.037109375