0 0.88427734375 0.27587890625 0.0615234375 0.0615234375
0 0.7236328125 0.25830078125 0.060546875 0.0615234375
0 0.365234375 0.2666015625 0.048828125 0.048828125
0 0.4443359375 0.33203125 0.048828125 0.048828125
0 0.62744140625 0.31591796875 0.0615234375 0.0615234375
0 0.447265625 0.20751953125 0.060546875 0.0615234375
0 0.3720703125 0.0556640625 0.048828125 0.048828125
0 0.3671875 0.17138671875 0.060546875 0.0615234375
0 0.4443359375 0.11962890625 0.060546875 0.0615234375
0 0.716796875 0.16015625 0.048828125 0.048828125
0 0.63623046875 0.107421875 0.0732421875 0.07421875
0 0.2529296875 0.30029296875 0.048828125 0.0498046875
0 0.2568359375 0.20361328125 0.048828125 0.0498046875
0 0.1572265625 0.14208984375 0.048828125 0.0498046875
0 0.16357421875 0.24072265625 0.0615234375 0.0615234375
0 0.162109375 0.0341796875 0.048828125 0.048828125
0 0.0537109375 0.12744140625 0.048828125 0.0498046875
0 0.064453125 0.20849609375 0.048828125 0.0498046875
0 0.064453125 0.30419921875 0.048828125 0.0498046875
0 0.162109375 0.34228515625 0.048828125 0.0498046875
0 0.72216796875 0.48876953125 0.0615234375 0.0615234375
0 0.62353515625 0.42236328125 0.0615234375 0.0615234375
0 0.88525390625 0.48974609375 0.0615234375 0.0615234375
0 0.728515625 0.392578125 0.060546875 0.060546875
0 0.72119140625 0.58349609375 0.0615234375 0.0615234375
0 0.79345703125 0.5458984375 0.0732421875 0.07421875
0 0.8828125 0.376953125 0.048828125 0.048828125
0 0.7939453125 0.419921875 0.060546875 0.060546875
0 0.87744140625 0.865234375 0.1103515625 0.111328125
0 0.79736328125 0.923828125 0.0849609375 0.0859375
0 0.60693359375 0.9169921875 0.1220703125 0.123046875
0 0.41064453125 0.91015625 0.0849609375 0.0859375
0 0.88720703125 0.1962890625 0.0361328125 0.037109375
0 0.9013671875 0.07470703125 0.037109375 0.0361328125
0 0.80078125 0.2060546875 0.048828125 0.048828125
0 0.810546875 0.318359375 0.037109375 0.037109375
0 0.7255859375 0.0673828125 0.037109375 0.037109375
0 0.6357421875 0.21484375 0.048828125 0.048828125
0 0.552734375 0.2705078125 0.048828125 0.048828125
0 0.5478515625 0.36865234375 0.060546875 0.0615234375
0 0.560546875 0.05859375 0.048828125 0.048828125
0 0.35888671875 0.37158203125 0.0244140625 0.0244140625
0 0.25634765625 0.115234375 0.0361328125 0.037109375
0 0.06640625 0.40234375 0.048828125 0.048828125
0 0.56396484375 0.15380859375 0.0244140625 0.0244140625
0 0.26611328125 0.40478515625 0.0244140625 0.0244140625