0 0.65283203125 0.56201171875 0.0615234375 0.0615234375
0 0.57421875 0.654296875 0.048828125 0.048828125
0 0.69287109375 0.6591796875 0.0498046875 0.048828125
0 0.67041015625 0.4013671875 0.0615234375 0.060546875
0 0.662109375 0.04296875 0.048828125 0.048828125
0 0.5966796875 0.1220703125 0.048828125 0.048828125
0 0.61279296875 0.30517578125 0.0615234375 0.0615234375
0 0.64306640625 0.751953125 0.0498046875 0.048828125
0 0.72119140625 0.125 0.0615234375 0.060546875
0 0.87744140625 0.76220703125 0.0732421875 0.0732421875
0 0.76611328125 0.76416015625 0.0732421875 0.0732421875
0 0.81103515625 0.6630859375 0.0615234375 0.060546875
0 0.94921875 0.67626953125 0.037109375 0.0361328125
0 0.873046875 0.0498046875 0.048828125 0.048828125
0 0.966796875 0.048828125 0.048828125 0.048828125
0 0.75732421875 0.044921875 0.0615234375 0.060546875
0 0.90869140625 0.318359375 0.0615234375 0.060546875
0 0.80908203125 0.1220703125 0.0615234375 0.060546875
0 0.7685546875 0.39453125 0.048828125 0.048828125
0 0.912109375 0.1142578125 0.048828125 0.048828125
0 0.8212890625 0.31396484375 0.07421875 0.0732421875
0 0.68994140625 0.83642578125 0.0615234375 0.0615234375
0 0.6494140625 0.9462890625 0.048828125 0.048828125
0 0.75830078125 0.951171875 0.0615234375 0.060546875
0 0.86083984375 0.953125 0.0615234375 0.060546875
0 0.90576171875 0.845703125 0.0615234375 0.060546875
0 0.58544921875 0.84130859375 0.0615234375 0.0615234375
0 0.43994140625 0.39990234375 0.0615234375 0.0615234375
0 0.50634765625 0.30126953125 0.0615234375 0.0615234375
0 0.3701171875 0.65283203125 0.07421875 0.0732421875
0 0.43896484375 0.56298828125 0.0615234375 0.0615234375
0 0.5361328125 0.40625 0.060546875 0.060546875
0 0.34521484375 0.39892578125 0.0615234375 0.0615234375
0 0.4248046875 0.7509765625 0.048828125 0.048828125
0 0.53271484375 0.755859375 0.0498046875 0.048828125
0 0.3828125 0.47119140625 0.07421875 0.0732421875
0 0.5517578125 0.560546875 0.048828125 0.048828125
0 0.5087890625 0.4716796875 0.060546875 0.060546875
0 0.47900390625 0.6591796875 0.0615234375 0.060546875
0 0.52783203125 0.94482421875 0.0615234375 0.0615234375
0 0.0634765625 0.55517578125 0.111328125 0.1103515625
0 0.09765625 0.83349609375 0.0859375 0.0849609375
0 0.072265625 0.92919921875 0.0859375 0.0849609375
0 0.34619140625 0.9453125 0.0498046875 0.048828125
0 0.8037109375 0.84716796875 0.037109375 0.0361328125
0 0.47607421875 0.8466796875 0.0498046875 0.048828125
0 0.345703125 0.7568359375 0.048828125 0.048828125
0 0.732421875 0.56494140625 0.037109375 0.0361328125
0 0.85400390625 0.5791015625 0.0361328125 0.037109375
0 0.72265625 0.478515625 0.048828125 0.048828125
0 0.6103515625 0.48828125 0.037109375 0.037109375
0 0.861328125 0.4033203125 0.037109375 0.037109375
0 0.7138671875 0.3134765625 0.048828125 0.048828125
0 0.658203125 0.23046875 0.048828125 0.048828125
0 0.56005859375 0.2255859375 0.0615234375 0.060546875
0 0.8701171875 0.23828125 0.048828125 0.048828125
0 0.55712890625 0.03662109375 0.0244140625 0.0244140625
0 0.96484375 0.57421875 0.037109375 0.037109375
0 0.955078125 0.40625 0.048828125 0.048828125
0 0.923828125 0.482421875 0.037109375 0.037109375
0 0.77490234375 0.24169921875 0.0244140625 0.0244140625