0 0.162109375 0.58056640625 0.07421875 0.0732421875
0 0.10400390625 0.1103515625 0.0615234375 0.060546875
0 0.0546875 0.4013671875 0.048828125 0.048828125
0 0.03369140625 0.1103515625 0.0498046875 0.048828125
0 0.03662109375 0.2119140625 0.0615234375 0.060546875
0 0.42626953125 0.87353515625 0.1103515625 0.1103515625
0 0.32373046875 0.86376953125 0.1103515625 0.1103515625
0 0.20849609375 0.86083984375 0.1103515625 0.1103515625
0 0.10693359375 0.869140625 0.1103515625 0.109375
0 0.37353515625 0.7744140625 0.1103515625 0.109375
0 0.26708984375 0.7724609375 0.1103515625 0.109375
0 0.15087890625 0.7705078125 0.1103515625 0.109375
0 0.31884765625 0.6787109375 0.0986328125 0.09765625
0 0.21240234375 0.6708984375 0.1103515625 0.109375
0 0.10498046875 0.66845703125 0.1103515625 0.1103515625
0 0.376953125 0.58349609375 0.0859375 0.0849609375
0 0.26123046875 0.57373046875 0.1103515625 0.1103515625
0 0.0498046875 0.58251953125 0.07421875 0.0732421875
0 0.42919921875 0.49365234375 0.1103515625 0.1103515625
0 0.33056640625 0.47998046875 0.1103515625 0.1103515625
0 0.2275390625 0.48095703125 0.07421875 0.0732421875
0 0.126953125 0.4814453125 0.0859375 0.0859375
0 0.1474609375 0.4033203125 0.037109375 0.037109375
0 0.0869140625 0.31005859375 0.037109375 0.0361328125
0 0.37158203125 0.40625 0.1103515625 0.109375
0 0.271484375 0.3955078125 0.111328125 0.109375
0 0.416015625 0.31787109375 0.123046875 0.1220703125
0 0.31640625 0.30712890625 0.111328125 0.1103515625
0 0.21044921875 0.30517578125 0.1103515625 0.1103515625
0 0.3701171875 0.21923828125 0.111328125 0.1103515625
0 0.26708984375 0.22021484375 0.1103515625 0.1103515625
0 0.15478515625 0.21142578125 0.1103515625 0.1103515625
0 0.3330078125 0.1201171875 0.0859375 0.0859375
0 0.2265625 0.12060546875 0.123046875 0.1220703125
0 0.869140625 0.87646484375 0.111328125 0.1103515625
0 0.93359375 0.78466796875 0.111328125 0.1103515625
0 0.7568359375 0.86865234375 0.111328125 0.1103515625
0 0.53759765625 0.87353515625 0.1103515625 0.1103515625
0 0.65380859375 0.87548828125 0.1103515625 0.1103515625
0 0.7041015625 0.77392578125 0.123046875 0.1220703125
0 0.587890625 0.77978515625 0.123046875 0.1220703125
0 0.48779296875 0.77392578125 0.1220703125 0.1220703125
0 0.81201171875 0.77099609375 0.1103515625 0.1103515625
0 0.86572265625 0.67431640625 0.1103515625 0.1103515625
0 0.75830078125 0.685546875 0.1103515625 0.109375
0 0.65185546875 0.67578125 0.1103515625 0.109375
0 0.54345703125 0.67578125 0.1103515625 0.109375
0 0.43408203125 0.6748046875 0.1103515625 0.109375
0 0.88037109375 0.12158203125 0.1103515625 0.1103515625
0 0.76806640625 0.12158203125 0.1103515625 0.1103515625
0 0.82080078125 0.22265625 0.0986328125 0.09765625
0 0.93212890625 0.21875 0.0986328125 0.09765625
0 0.87939453125 0.3115234375 0.1103515625 0.109375
0 0.76806640625 0.3173828125 0.0986328125 0.09765625
0 0.81884765625 0.39794921875 0.1103515625 0.1103515625
0 0.92431640625 0.40576171875 0.1103515625 0.1103515625
0 0.86474609375 0.49951171875 0.1103515625 0.1103515625
0 0.81689453125 0.583984375 0.1103515625 0.109375
0 0.93603515625 0.5849609375 0.1103515625 0.109375
0 0.70361328125 0.59130859375 0.1103515625 0.1103515625
0 0.60302734375 0.59619140625 0.0869140625 0.0849609375
0 0.47607421875 0.58837890625 0.1103515625 0.1103515625
0 0.74951171875 0.49560546875 0.1103515625 0.1103515625
0 0.64697265625 0.49169921875 0.1103515625 0.1103515625
0 0.53564453125 0.4951171875 0.0986328125 0.09765625
0 0.70556640625 0.4052734375 0.1103515625 0.109375
0 0.58935546875 0.404296875 0.0986328125 0.09765625
0 0.47900390625 0.4013671875 0.1103515625 0.109375
0 0.63916015625 0.314453125 0.0986328125 0.09765625
0 0.548828125 0.3154296875 0.09765625 0.09765625
0 0.70068359375 0.21142578125 0.1103515625 0.1103515625
0 0.59375 0.2216796875 0.09765625 0.09765625
0 0.482421875 0.21728515625 0.111328125 0.1103515625
0 0.44091796875 0.1162109375 0.0986328125 0.09765625
0 0.5302734375 0.1162109375 0.111328125 0.109375
0 0.646484375 0.12353515625 0.111328125 0.1103515625