0 0.091796875 0.458984375 0.048828125 0.048828125
0 0.08642578125 0.56396484375 0.0615234375 0.0615234375
0 0.09130859375 0.36181640625 0.0615234375 0.0615234375
0 0.08984375 0.24853515625 0.060546875 0.0615234375
0 0.08935546875 0.67822265625 0.0615234375 0.0615234375
0 0.0830078125 0.89306640625 0.060546875 0.0615234375
0 0.0869140625 0.77880859375 0.060546875 0.0615234375
0 0.162109375 0.8583984375 0.048828125 0.048828125
0 0.7607421875 0.53759765625 0.060546875 0.0615234375
0 0.84228515625 0.6064453125 0.0849609375 0.0859375
0 0.767578125 0.7548828125 0.048828125 0.048828125
0 0.841796875 0.8173828125 0.048828125 0.048828125
0 0.76708984375 0.64501953125 0.0615234375 0.0615234375
0 0.759765625 0.30859375 0.048828125 0.048828125
0 0.583984375 0.3251953125 0.048828125 0.048828125
0 0.474609375 0.271484375 0.048828125 0.048828125
0 0.181640625 0.1953125 0.048828125 0.048828125
0 0.17041015625 0.51904296875 0.0478515625 0.0498046875
0 0.58203125 0.43994140625 0.048828125 0.0498046875
0 0.27001953125 0.572265625 0.0732421875 0.07421875
0 0.3837890625 0.3134765625 0.048828125 0.048828125
0 0.39013671875 0.43310546875 0.0615234375 0.0615234375
0 0.4697265625 0.484375 0.048828125 0.048828125
0 0.177734375 0.30712890625 0.060546875 0.0615234375
0 0.66455078125 0.60498046875 0.0615234375 0.0615234375
0 0.275390625 0.46044921875 0.060546875 0.0615234375
0 0.16748046875 0.74755859375 0.0732421875 0.0732421875
0 0.27587890625 0.79248046875 0.0615234375 0.0615234375
0 0.6640625 0.49267578125 0.048828125 0.0498046875
0 0.27783203125 0.3720703125 0.0615234375 0.060546875
0 0.283203125 0.25341796875 0.060546875 0.0615234375
0 0.08837890625 0.15234375 0.0732421875 0.07421875
0 0.091796875 0.05078125 0.048828125 0.048828125
0 0.7548828125 0.09619140625 0.048828125 0.0498046875
0 0.28076171875 0.04150390625 0.0615234375 0.0615234375
0 0.18212890625 0.09521484375 0.0615234375 0.0615234375
0 0.58203125 0.10888671875 0.048828125 0.0498046875
0 0.66455078125 0.04638671875 0.0615234375 0.0615234375
0 0.4765625 0.154296875 0.048828125 0.048828125
0 0.94140625 0.8720703125 0.048828125 0.048828125
0 0.9423828125 0.765625 0.048828125 0.048828125
0 0.9453125 0.08251953125 0.09765625 0.0986328125
0 0.8603515625 0.14306640625 0.109375 0.1103515625
0 0.85693359375 0.26171875 0.0849609375 0.0859375
0 0.8583984375 0.369140625 0.09765625 0.09765625
0 0.8466796875 0.4921875 0.09765625 0.09765625
0 0.93994140625 0.6328125 0.0849609375 0.0859375
0 0.478515625 0.046875 0.037109375 0.037109375
0 0.66796875 0.1572265625 0.048828125 0.048828125
0 0.75439453125 0.19873046875 0.0244140625 0.0244140625
0 0.7490234375 0.4248046875 0.048828125 0.048828125
0 0.6650390625 0.39453125 0.037109375 0.037109375
0 0.6669921875 0.2685546875 0.048828125 0.048828125
0 0.58154296875 0.21240234375 0.0244140625 0.0244140625
0 0.404296875 0.55029296875 0.048828125 0.0498046875
0 0.38525390625 0.20556640625 0.0244140625 0.0244140625
0 0.38525390625 0.09228515625 0.0244140625 0.0244140625
0 0.28271484375 0.14501953125 0.0244140625 0.0244140625
0 0.17431640625 0.423828125 0.0361328125 0.037109375
0 0.17041015625 0.6259765625 0.0849609375 0.0859375
0 0.8525390625 0.69580078125 0.060546875 0.0615234375
0 0.8525390625 0.9228515625 0.037109375 0.037109375
0 0.46484375 0.58447265625 0.048828125 0.0498046875
0 0.47021484375 0.91552734375 0.0244140625 0.0244140625
0 0.46728515625 0.71142578125 0.0244140625 0.0244140625
0 0.26953125 0.908203125 0.037109375 0.037109375
0 0.39306640625 0.8828125 0.0361328125 0.037109375
0 0.27294921875 0.65966796875 0.0244140625 0.0244140625
0 0.1630859375 0.9697265625 0.048828125 0.048828125