0 0.541015625 0.1884765625 0.048828125 0.048828125
0 0.37255859375 0.09228515625 0.0615234375 0.0615234375
0 0.43505859375 0.18701171875 0.0615234375 0.0615234375
0 0.33642578125 0.1875 0.0498046875 0.048828125
0 0.23583984375 0.1865234375 0.0498046875 0.048828125
0 0.0263671875 0.4814453125 0.048828125 0.048828125
0 0.154296875 0.3828125 0.048828125 0.048828125
0 0.58349609375 0.8525390625 0.0498046875 0.048828125
0 0.123046875 0.4833984375 0.037109375 0.037109375
0 0.1123046875 0.2998046875 0.037109375 0.037109375
0 0.5205078125 0.677734375 0.048828125 0.048828125
0 0.4140625 0.67578125 0.048828125 0.048828125
0 0.3173828125 0.6689453125 0.037109375 0.037109375
0 0.228515625 0.669921875 0.037109375 0.037109375
0 0.4794921875 0.7626953125 0.048828125 0.048828125
0 0.36572265625 0.7646484375 0.0615234375 0.060546875
0 0.2451171875 0.7548828125 0.037109375 0.037109375
0 0.34814453125 0.82958984375 0.0615234375 0.0615234375
0 0.2490234375 0.8212890625 0.048828125 0.048828125
0 0.41357421875 0.96826171875 0.0244140625 0.0244140625
0 0.306640625 0.96826171875 0.037109375 0.0361328125
0 0.478515625 0.298828125 0.048828125 0.048828125
0 0.390625 0.296875 0.048828125 0.048828125
0 0.28662109375 0.30126953125 0.0361328125 0.0361328125
0 0.20458984375 0.294921875 0.0498046875 0.048828125
0 0.267578125 0.3896484375 0.037109375 0.037109375
0 0.3046875 0.45166015625 0.037109375 0.0361328125
0 0.3779296875 0.3994140625 0.037109375 0.037109375
0 0.5 0.4052734375 0.037109375 0.037109375
0 0.52587890625 0.97265625 0.0361328125 0.037109375
0 0.89306640625 0.8662109375 0.0244140625 0.0234375
0 0.7900390625 0.8603515625 0.048828125 0.048828125
0 0.67724609375 0.849609375 0.0361328125 0.037109375
0 0.9462890625 0.78125 0.048828125 0.048828125
0 0.83056640625 0.78076171875 0.0244140625 0.0244140625
0 0.70361328125 0.77392578125 0.0244140625 0.0244140625
0 0.58935546875 0.767578125 0.0498046875 0.048828125
0 0.89306640625 0.68798828125 0.0361328125 0.0361328125
0 0.76318359375 0.68798828125 0.0244140625 0.0244140625
0 0.65380859375 0.68212890625 0.0244140625 0.0244140625
0 0.96337890625 0.6142578125 0.0361328125 0.037109375
0 0.84423828125 0.6171875 0.0498046875 0.048828125
0 0.712890625 0.611328125 0.037109375 0.037109375
0 0.6103515625 0.61328125 0.048828125 0.048828125
0 0.48046875 0.61083984375 0.037109375 0.0361328125
0 0.92041015625 0.52392578125 0.0361328125 0.0361328125
0 0.5908203125 0.2900390625 0.048828125 0.048828125
0 0.9755859375 0.11279296875 0.025390625 0.0244140625
0 0.9755859375 0.19384765625 0.037109375 0.0361328125
0 0.59619140625 0.0205078125 0.0361328125 0.037109375
0 0.677734375 0.0244140625 0.037109375 0.037109375
0 0.794921875 0.03466796875 0.037109375 0.0361328125
0 0.7587890625 0.11767578125 0.037109375 0.0361328125
0 0.6689453125 0.12255859375 0.037109375 0.0361328125
0 0.5751953125 0.11279296875 0.037109375 0.0361328125
0 0.47412109375 0.10400390625 0.0361328125 0.0361328125
0 0.63671875 0.1884765625 0.037109375 0.037109375
0 0.7216796875 0.1884765625 0.037109375 0.037109375
0 0.794921875 0.1875 0.037109375 0.037109375
0 0.265625 0.09423828125 0.037109375 0.0361328125
0 0.365234375 0.615234375 0.048828125 0.048828125