0 0.86083984375 0.9150390625 0.0849609375 0.0859375
0 0.77587890625 0.7646484375 0.0849609375 0.0859375
0 0.69287109375 0.59716796875 0.0732421875 0.0732421875
0 0.0927734375 0.2607421875 0.09765625 0.09765625
0 0.0986328125 0.3662109375 0.0859375 0.0859375
0 0.1015625 0.47509765625 0.09765625 0.0986328125
0 0.09765625 0.5859375 0.09765625 0.09765625
0 0.0908203125 0.6953125 0.109375 0.111328125
0 0.0927734375 0.796875 0.09765625 0.09765625
0 0.08154296875 0.892578125 0.0849609375 0.0859375
0 0.22265625 0.74072265625 0.09765625 0.0986328125
0 0.2138671875 0.62890625 0.09765625 0.09765625
0 0.2177734375 0.52490234375 0.09765625 0.0986328125
0 0.216796875 0.43798828125 0.09765625 0.0986328125
0 0.21923828125 0.30859375 0.0849609375 0.0859375
0 0.3095703125 0.2548828125 0.0859375 0.0859375
0 0.30419921875 0.37548828125 0.1103515625 0.1103515625
0 0.3056640625 0.48486328125 0.09765625 0.0986328125
0 0.3134765625 0.59033203125 0.09765625 0.0986328125
0 0.310546875 0.68017578125 0.109375 0.1103515625
0 0.310546875 0.8095703125 0.0859375 0.0859375
0 0.30126953125 0.91796875 0.0849609375 0.0859375
0 0.3955078125 0.86181640625 0.09765625 0.0986328125
0 0.3916015625 0.75048828125 0.109375 0.1103515625
0 0.3994140625 0.6474609375 0.09765625 0.09765625
0 0.3984375 0.53662109375 0.109375 0.1103515625
0 0.40380859375 0.44677734375 0.1103515625 0.1103515625
0 0.408203125 0.33154296875 0.09765625 0.0986328125
0 0.86328125 0.8251953125 0.0859375 0.0859375
0 0.8583984375 0.712890625 0.0859375 0.0859375
0 0.8701171875 0.603515625 0.0859375 0.0859375
0 0.8662109375 0.4892578125 0.0859375 0.0859375
0 0.86767578125 0.373046875 0.0849609375 0.0859375
0 0.873046875 0.27490234375 0.060546875 0.0615234375
0 0.8798828125 0.15625 0.09765625 0.09765625
0 0.79541015625 0.2392578125 0.1220703125 0.123046875
0 0.7890625 0.3291015625 0.109375 0.111328125
0 0.7822265625 0.4423828125 0.0859375 0.0859375
0 0.77734375 0.564453125 0.09765625 0.09765625
0 0.78076171875 0.685546875 0.0849609375 0.0859375
0 0.77294921875 0.8701171875 0.0849609375 0.0859375
0 0.68896484375 0.92578125 0.0849609375 0.0859375
0 0.69677734375 0.80908203125 0.0849609375 0.0869140625
0 0.69189453125 0.7041015625 0.0849609375 0.0859375
0 0.60546875 0.4541015625 0.048828125 0.048828125
0 0.6982421875 0.4833984375 0.0859375 0.0859375
0 0.69189453125 0.3798828125 0.1220703125 0.123046875
0 0.69482421875 0.2666015625 0.1220703125 0.123046875
0 0.6953125 0.15966796875 0.09765625 0.0986328125
0 0.6044921875 0.21337890625 0.09765625 0.0986328125
0 0.60205078125 0.3251953125 0.1220703125 0.123046875
0 0.51171875 0.27392578125 0.09765625 0.0986328125
0 0.5048828125 0.1689453125 0.0859375 0.0859375
0 0.5009765625 0.40576171875 0.09765625 0.0986328125
0 0.5009765625 0.50732421875 0.09765625 0.0986328125
0 0.505859375 0.61083984375 0.09765625 0.0986328125
0 0.4912109375 0.71142578125 0.09765625 0.0986328125
0 0.4873046875 0.8310546875 0.09765625 0.09765625
0 0.49267578125 0.921875 0.0849609375 0.0859375
0 0.58544921875 0.8623046875 0.1220703125 0.123046875
0 0.5859375 0.75927734375 0.09765625 0.0986328125
0 0.40234375 0.212890625 0.09765625 0.09765625
0 0.30712890625 0.1494140625 0.0849609375 0.0859375
0 0.1064453125 0.1435546875 0.048828125 0.048828125
0 0.79443359375 0.1064453125 0.1220703125 0.123046875
0 0.60546875 0.10009765625 0.09765625 0.0986328125
0 0.4072265625 0.08447265625 0.09765625 0.0986328125
0 0.3115234375 0.052734375 0.09765625 0.09765625
0 0.21533203125 0.20361328125 0.0849609375 0.0869140625
0 0.22216796875 0.10107421875 0.0732421875 0.0732421875
0 0.60009765625 0.5576171875 0.0849609375 0.0859375