0 0.74951171875 0.765625 0.0732421875 0.07421875
0 0.75341796875 0.55712890625 0.0615234375 0.0615234375
0 0.76025390625 0.1474609375 0.0732421875 0.07421875
0 0.9287109375 0.658203125 0.048828125 0.048828125
0 0.92529296875 0.53955078125 0.0615234375 0.0615234375
0 0.83056640625 0.29833984375 0.0615234375 0.0615234375
0 0.38818359375 0.44287109375 0.0615234375 0.0615234375
0 0.66650390625 0.2890625 0.0849609375 0.0859375
0 0.09423828125 0.2734375 0.0732421875 0.07421875
0 0.09521484375 0.16796875 0.0732421875 0.07421875
0 0.19189453125 0.236328125 0.1220703125 0.123046875
0 0.19384765625 0.12353515625 0.1103515625 0.1103515625
0 0.2958984375 0.06982421875 0.109375 0.1103515625
0 0.28271484375 0.1796875 0.1220703125 0.123046875
0 0.28271484375 0.2861328125 0.0732421875 0.07421875
0 0.37939453125 0.2392578125 0.0732421875 0.07421875
0 0.38134765625 0.125 0.0732421875 0.07421875
0 0.4716796875 0.08740234375 0.109375 0.1103515625
0 0.470703125 0.18212890625 0.09765625 0.0986328125
0 0.47265625 0.29052734375 0.09765625 0.0986328125
0 0.56884765625 0.2373046875 0.1220703125 0.123046875
0 0.56494140625 0.14599609375 0.1220703125 0.1220703125
0 0.6669921875 0.08984375 0.0859375 0.0859375
0 0.65380859375 0.18994140625 0.1103515625 0.1103515625
0 0.755859375 0.24365234375 0.0859375 0.0869140625
0 0.84375 0.06982421875 0.109375 0.1103515625
0 0.83837890625 0.1943359375 0.1103515625 0.111328125
0 0.93017578125 0.2421875 0.1220703125 0.123046875
0 0.93310546875 0.13330078125 0.1103515625 0.1103515625
0 0.0791015625 0.48193359375 0.09765625 0.0986328125
0 0.0869140625 0.57470703125 0.109375 0.1103515625
0 0.08251953125 0.689453125 0.1220703125 0.123046875
0 0.08349609375 0.810546875 0.1220703125 0.123046875
0 0.08349609375 0.921875 0.1220703125 0.123046875
0 0.17822265625 0.8505859375 0.1220703125 0.123046875
0 0.177734375 0.75439453125 0.109375 0.1103515625
0 0.1787109375 0.64208984375 0.109375 0.1103515625
0 0.17578125 0.52978515625 0.109375 0.1103515625
0 0.27490234375 0.49853515625 0.1103515625 0.1103515625
0 0.27294921875 0.59912109375 0.1103515625 0.1103515625
0 0.26904296875 0.70849609375 0.1103515625 0.1103515625
0 0.2685546875 0.82177734375 0.109375 0.1103515625
0 0.2724609375 0.93212890625 0.109375 0.1103515625
0 0.361328125 0.87060546875 0.09765625 0.0986328125
0 0.3701171875 0.74951171875 0.09765625 0.0986328125
0 0.36865234375 0.64404296875 0.1103515625 0.1103515625
0 0.369140625 0.53271484375 0.09765625 0.0986328125
0 0.46630859375 0.92724609375 0.1103515625 0.1103515625
0 0.46923828125 0.81201171875 0.1103515625 0.1103515625
0 0.4609375 0.71044921875 0.109375 0.1103515625
0 0.46484375 0.56787109375 0.109375 0.1103515625
0 0.46875 0.470703125 0.0859375 0.0859375
0 0.5576171875 0.87060546875 0.109375 0.1103515625
0 0.5595703125 0.75439453125 0.109375 0.1103515625
0 0.5634765625 0.64208984375 0.109375 0.1103515625
0 0.55419921875 0.54443359375 0.1103515625 0.1103515625
0 0.6513671875 0.92236328125 0.09765625 0.0986328125
0 0.6591796875 0.81591796875 0.109375 0.1103515625
0 0.66162109375 0.70849609375 0.1103515625 0.1103515625
0 0.65966796875 0.5869140625 0.0849609375 0.0859375
0 0.65771484375 0.4794921875 0.0732421875 0.07421875
0 0.75634765625 0.86474609375 0.1103515625 0.1103515625
0 0.74755859375 0.6533203125 0.0732421875 0.07421875
0 0.74462890625 0.4755859375 0.0732421875 0.07421875
0 0.85009765625 0.93408203125 0.1103515625 0.1103515625
0 0.84912109375 0.8310546875 0.0732421875 0.07421875
0 0.8486328125 0.73046875 0.0859375 0.0859375
0 0.8408203125 0.638671875 0.0859375 0.0859375
0 0.837890625 0.52001953125 0.09765625 0.0986328125
0 0.9267578125 0.7509765625 0.037109375 0.037109375
0 0.9345703125 0.875 0.109375 0.111328125