0 0.51025390625 0.23193359375 0.0732421875 0.0732421875
0 0.44775390625 0.32666015625 0.0732421875 0.0732421875
0 0.6259765625 0.2353515625 0.060546875 0.060546875
0 0.728515625 0.41943359375 0.07421875 0.0732421875
0 0.7822265625 0.13623046875 0.07421875 0.0732421875
0 0.96044921875 0.24169921875 0.0615234375 0.0615234375
0 0.51904296875 0.41162109375 0.0732421875 0.0732421875
0 0.78369140625 0.32861328125 0.0615234375 0.0615234375
0 0.68994140625 0.333984375 0.0615234375 0.060546875
0 0.423828125 0.5068359375 0.0859375 0.0859375
0 0.38916015625 0.41748046875 0.0732421875 0.0732421875
0 0.96923828125 0.4375 0.0498046875 0.048828125
0 0.94873046875 0.521484375 0.0498046875 0.048828125
0 0.5517578125 0.50830078125 0.07421875 0.0732421875
0 0.3291015625 0.51025390625 0.0859375 0.0849609375
0 0.087890625 0.41357421875 0.07421875 0.0732421875
0 0.1962890625 0.40869140625 0.07421875 0.0732421875
0 0.2822265625 0.41455078125 0.07421875 0.0732421875
0 0.392578125 0.60791015625 0.07421875 0.0732421875
0 0.48779296875 0.6064453125 0.0615234375 0.060546875
0 0.4833984375 0.80126953125 0.0859375 0.0849609375
0 0.2275390625 0.4990234375 0.09765625 0.09765625
0 0.1455078125 0.50146484375 0.0859375 0.0849609375
0 0.06201171875 0.6044921875 0.0986328125 0.09765625
0 0.171875 0.60302734375 0.123046875 0.1220703125
0 0.27587890625 0.603515625 0.1103515625 0.109375
0 0.56689453125 0.32470703125 0.0615234375 0.0615234375
0 0.3251953125 0.32177734375 0.0859375 0.0849609375
0 0.2353515625 0.3232421875 0.0859375 0.0859375
0 0.1357421875 0.31396484375 0.0859375 0.0849609375
0 0.40478515625 0.23681640625 0.0869140625 0.0849609375
0 0.27734375 0.2314453125 0.0859375 0.0859375
0 0.1904296875 0.228515625 0.0859375 0.0859375
0 0.08203125 0.22216796875 0.0859375 0.0849609375
0 0.5673828125 0.1298828125 0.09765625 0.09765625
0 0.44677734375 0.1357421875 0.0986328125 0.09765625
0 0.34228515625 0.13330078125 0.1103515625 0.1103515625
0 0.23974609375 0.126953125 0.0986328125 0.09765625
0 0.1279296875 0.125 0.111328125 0.109375
0 0.779296875 0.5146484375 0.048828125 0.048828125
0 0.6748046875 0.5107421875 0.048828125 0.048828125
0 0.6337890625 0.41943359375 0.07421875 0.0732421875
0 0.744140625 0.23974609375 0.0859375 0.0849609375
0 0.6884765625 0.13720703125 0.0859375 0.0849609375
0 0.63525390625 0.04541015625 0.0869140625 0.0849609375
0 0.7275390625 0.0537109375 0.09765625 0.09765625
0 0.2841796875 0.80126953125 0.123046875 0.1220703125
0 0.16455078125 0.79736328125 0.1103515625 0.1103515625
0 0.326171875 0.7109375 0.111328125 0.109375
0 0.20654296875 0.69287109375 0.1220703125 0.1220703125
0 0.107421875 0.70068359375 0.123046875 0.1220703125
0 0.212890625 0.8955078125 0.111328125 0.109375
0 0.1123046875 0.89501953125 0.123046875 0.1220703125