0 0.12109375 0.806640625 0.048828125 0.048828125
0 0.1171875 0.8896484375 0.048828125 0.048828125
0 0.201171875 0.888671875 0.048828125 0.048828125
0 0.4921875 0.24951171875 0.048828125 0.0498046875
0 0.9033203125 0.90380859375 0.048828125 0.0498046875
0 0.8037109375 0.84228515625 0.048828125 0.0498046875
0 0.814453125 0.53564453125 0.048828125 0.0498046875
0 0.81005859375 0.94091796875 0.0615234375 0.0615234375
0 0.90478515625 0.48388671875 0.0615234375 0.0615234375
0 0.703125 0.57861328125 0.060546875 0.0615234375
0 0.80859375 0.734375 0.048828125 0.048828125
0 0.7001953125 0.82763671875 0.048828125 0.0498046875
0 0.7109375 0.90869140625 0.048828125 0.0498046875
0 0.90234375 0.71728515625 0.060546875 0.0615234375
0 0.8115234375 0.63427734375 0.048828125 0.0498046875
0 0.70703125 0.49853515625 0.060546875 0.0615234375
0 0.8115234375 0.4375 0.037109375 0.037109375
0 0.900390625 0.59912109375 0.048828125 0.0498046875
0 0.70703125 0.37646484375 0.048828125 0.0498046875
0 0.91357421875 0.3818359375 0.0361328125 0.037109375
0 0.90283203125 0.8154296875 0.0361328125 0.037109375
0 0.607421875 0.94140625 0.048828125 0.048828125
0 0.123046875 0.7099609375 0.037109375 0.037109375
0 0.91064453125 0.26806640625 0.0244140625 0.0244140625
0 0.91064453125 0.02978515625 0.0244140625 0.0244140625
0 0.3173828125 0.3125 0.048828125 0.048828125
0 0.3154296875 0.4189453125 0.048828125 0.048828125
0 0.30859375 0.515625 0.037109375 0.037109375
0 0.3095703125 0.6044921875 0.037109375 0.037109375
0 0.40234375 0.353515625 0.048828125 0.048828125
0 0.404296875 0.46728515625 0.060546875 0.0615234375
0 0.39453125 0.587890625 0.037109375 0.037109375
0 0.46923828125 0.48486328125 0.0615234375 0.0615234375
0 0.4609375 0.583984375 0.048828125 0.048828125
0 0.60791015625 0.41943359375 0.0244140625 0.0244140625
0 0.60791015625 0.5263671875 0.0361328125 0.037109375
0 0.029296875 0.5654296875 0.037109375 0.037109375
0 0.09130859375 0.5283203125 0.0361328125 0.037109375
0 0.0390625 0.455078125 0.037109375 0.037109375
0 0.044921875 0.3330078125 0.037109375 0.037109375
0 0.7177734375 0.0546875 0.048828125 0.048828125
0 0.6123046875 0.30712890625 0.037109375 0.0361328125
0 0.6171875 0.1904296875 0.048828125 0.048828125
0 0.6171875 0.0859375 0.048828125 0.048828125
0 0.5 0.04296875 0.048828125 0.048828125
0 0.4892578125 0.15576171875 0.037109375 0.0361328125
0 0.41357421875 0.12939453125 0.0244140625 0.0244140625
0 0.4072265625 0.24365234375 0.048828125 0.0498046875
0 0.32763671875 0.06982421875 0.0244140625 0.0244140625
0 0.32177734375 0.17919921875 0.0244140625 0.0244140625
0 0.2509765625 0.1201171875 0.037109375 0.037109375
0 0.2529296875 0.22265625 0.048828125 0.048828125
0 0.25048828125 0.3525390625 0.0361328125 0.037109375
0 0.2548828125 0.4677734375 0.048828125 0.048828125
0 0.81884765625 0.21435546875 0.0244140625 0.0244140625
0 0.70263671875 0.3017578125 0.0361328125 0.037109375