0 0.5966796875 0.57373046875 0.060546875 0.0615234375
0 0.302734375 0.7236328125 0.0859375 0.0859375
0 0.4990234375 0.65087890625 0.060546875 0.0615234375
0 0.49755859375 0.7529296875 0.0732421875 0.07421875
0 0.40234375 0.5751953125 0.048828125 0.048828125
0 0.880859375 0.3779296875 0.048828125 0.048828125
0 0.78271484375 0.46728515625 0.0615234375 0.0615234375
0 0.69091796875 0.42236328125 0.0615234375 0.0615234375
0 0.8828125 0.82763671875 0.048828125 0.0498046875
0 0.97998046875 0.3681640625 0.0361328125 0.037109375
0 0.78466796875 0.69775390625 0.0615234375 0.0615234375
0 0.97265625 0.4736328125 0.048828125 0.048828125
0 0.880859375 0.71240234375 0.048828125 0.0498046875
0 0.705078125 0.63623046875 0.048828125 0.0498046875
0 0.87353515625 0.1640625 0.1220703125 0.123046875
0 0.873046875 0.29833984375 0.109375 0.1103515625
0 0.78369140625 0.130859375 0.1220703125 0.123046875
0 0.7841796875 0.24853515625 0.09765625 0.0986328125
0 0.68896484375 0.31640625 0.1103515625 0.111328125
0 0.6875 0.08837890625 0.09765625 0.0986328125
0 0.6796875 0.1943359375 0.09765625 0.09765625
0 0.5947265625 0.134765625 0.09765625 0.09765625
0 0.591796875 0.248046875 0.109375 0.111328125
0 0.59765625 0.34375 0.0859375 0.0859375
0 0.50390625 0.169921875 0.109375 0.111328125
0 0.50048828125 0.2919921875 0.1220703125 0.123046875
0 0.50830078125 0.400390625 0.1220703125 0.123046875
0 0.408203125 0.123046875 0.09765625 0.09765625
0 0.40234375 0.25048828125 0.09765625 0.0986328125
0 0.40478515625 0.35302734375 0.1103515625 0.1103515625
0 0.31201171875 0.09423828125 0.1103515625 0.1103515625
0 0.30859375 0.19775390625 0.09765625 0.0986328125
0 0.3037109375 0.30419921875 0.09765625 0.0986328125
0 0.30859375 0.42431640625 0.0859375 0.0869140625
0 0.20849609375 0.14208984375 0.1103515625 0.1103515625
0 0.20849609375 0.25048828125 0.1220703125 0.1220703125
0 0.20849609375 0.36669921875 0.1220703125 0.1220703125
0 0.111328125 0.07080078125 0.09765625 0.0986328125
0 0.1220703125 0.18505859375 0.09765625 0.0986328125
0 0.119140625 0.30126953125 0.09765625 0.0986328125
0 0.1162109375 0.42626953125 0.09765625 0.0986328125
0 0.30224609375 0.517578125 0.0849609375 0.0859375
0 0.3017578125 0.63134765625 0.09765625 0.0986328125
0 0.1962890625 0.673828125 0.0859375 0.0859375
0 0.2080078125 0.583984375 0.0859375 0.0859375
0 0.21484375 0.4736328125 0.0859375 0.0859375
0 0.1240234375 0.52587890625 0.09765625 0.0986328125
0 0.9716796875 0.5830078125 0.037109375 0.037109375
0 0.8740234375 0.6337890625 0.048828125 0.048828125
0 0.876953125 0.529296875 0.037109375 0.037109375
0 0.7841796875 0.373046875 0.048828125 0.048828125
0 0.779296875 0.58056640625 0.048828125 0.0498046875
0 0.7060546875 0.72802734375 0.048828125 0.0498046875
0 0.70166015625 0.53662109375 0.0615234375 0.0615234375
0 0.587890625 0.46142578125 0.048828125 0.0498046875
0 0.5029296875 0.52392578125 0.060546875 0.0615234375
0 0.50146484375 0.8486328125 0.0244140625 0.025390625
0 0.6025390625 0.79296875 0.048828125 0.048828125
0 0.5966796875 0.67529296875 0.048828125 0.0498046875
0 0.7802734375 0.79931640625 0.048828125 0.0498046875
0 0.9736328125 0.79931640625 0.048828125 0.0498046875
0 0.8876953125 0.92822265625 0.048828125 0.0498046875
0 0.775390625 0.9130859375 0.048828125 0.048828125
0 0.70166015625 0.95654296875 0.0244140625 0.0244140625
0 0.59228515625 0.88525390625 0.0244140625 0.0244140625
0 0.396484375 0.798828125 0.048828125 0.048828125
0 0.3994140625 0.91015625 0.048828125 0.048828125
0 0.298828125 0.94140625 0.048828125 0.048828125
0 0.3056640625 0.830078125 0.048828125 0.048828125
0 0.1875 0.79541015625 0.0234375 0.0244140625
0 0.181640625 0.8984375 0.048828125 0.048828125
0 0.1025390625 0.7421875 0.048828125 0.048828125
0 0.10205078125 0.85791015625 0.0244140625 0.0244140625
0 0.09521484375 0.98486328125 0.0244140625 0.0244140625
0 0.4033203125 0.4775390625 0.048828125 0.048828125
0 0.40478515625 0.68798828125 0.0244140625 0.0244140625
0 0.10546875 0.6357421875 0.048828125 0.048828125