0 0.91552734375 0.93603515625 0.0615234375 0.0615234375
0 0.80224609375 0.9375 0.0615234375 0.060546875
0 0.8623046875 0.267578125 0.048828125 0.048828125
0 0.87890625 0.443359375 0.048828125 0.048828125
0 0.8251953125 0.552734375 0.048828125 0.048828125
0 0.7490234375 0.845703125 0.048828125 0.048828125
0 0.8671875 0.6435546875 0.048828125 0.048828125
0 0.86083984375 0.849609375 0.0615234375 0.060546875
0 0.92578125 0.74951171875 0.060546875 0.0615234375
0 0.80712890625 0.744140625 0.0615234375 0.060546875
0 0.7060546875 0.93896484375 0.07421875 0.0732421875
0 0.51123046875 0.9365234375 0.0615234375 0.060546875
0 0.6044921875 0.935546875 0.048828125 0.048828125
0 0.64990234375 0.2724609375 0.0498046875 0.048828125
0 0.546875 0.84375 0.048828125 0.048828125
0 0.59521484375 0.74658203125 0.0615234375 0.0615234375
0 0.43505859375 0.443359375 0.0615234375 0.060546875
0 0.64892578125 0.84521484375 0.0615234375 0.0615234375
0 0.44384765625 0.83544921875 0.0615234375 0.0615234375
0 0.54052734375 0.6474609375 0.0498046875 0.048828125
0 0.66259765625 0.4453125 0.0498046875 0.048828125
0 0.49169921875 0.55029296875 0.0732421875 0.0732421875
0 0.60009765625 0.36279296875 0.0615234375 0.0615234375
0 0.42626953125 0.6474609375 0.0615234375 0.060546875
0 0.48779296875 0.7470703125 0.0615234375 0.060546875
0 0.3818359375 0.3564453125 0.048828125 0.048828125
0 0.7080078125 0.55078125 0.048828125 0.048828125
0 0.0966796875 0.84912109375 0.123046875 0.1220703125
0 0.22021484375 0.8408203125 0.0986328125 0.09765625
0 0.05224609375 0.740234375 0.0986328125 0.09765625
0 0.16748046875 0.740234375 0.1103515625 0.109375
0 0.26904296875 0.74658203125 0.1103515625 0.1103515625
0 0.11083984375 0.64208984375 0.1220703125 0.1220703125
0 0.22021484375 0.64453125 0.0986328125 0.09765625
0 0.05224609375 0.556640625 0.0986328125 0.09765625
0 0.16650390625 0.5546875 0.0986328125 0.09765625
0 0.27685546875 0.556640625 0.0986328125 0.09765625
0 0.1103515625 0.44873046875 0.123046875 0.1220703125
0 0.21630859375 0.43798828125 0.1103515625 0.1103515625
0 0.16796875 0.35498046875 0.123046875 0.1220703125
0 0.09765625 0.27001953125 0.123046875 0.1220703125
0 0.21630859375 0.263671875 0.1103515625 0.109375
0 0.26708984375 0.17236328125 0.1103515625 0.1103515625
0 0.1513671875 0.17626953125 0.111328125 0.1103515625
0 0.12109375 0.07373046875 0.123046875 0.1220703125
0 0.2119140625 0.06591796875 0.111328125 0.1103515625
0 0.5283203125 0.07275390625 0.123046875 0.1220703125
0 0.59326171875 0.17578125 0.1103515625 0.109375
0 0.63623046875 0.08203125 0.0986328125 0.09765625
0 0.69677734375 0.1669921875 0.1103515625 0.109375
0 0.8154296875 0.17041015625 0.0859375 0.0849609375
0 0.76123046875 0.076171875 0.0986328125 0.09765625
0 0.525390625 0.2724609375 0.048828125 0.048828125
0 0.35205078125 0.6494140625 0.0986328125 0.09765625
0 0.3779296875 0.74072265625 0.0859375 0.0849609375
0 0.8671875 0.078125 0.111328125 0.109375
0 0.9228515625 0.1689453125 0.09765625 0.09765625
0 0.3203125 0.26953125 0.048828125 0.048828125
0 0.4287109375 0.2734375 0.048828125 0.048828125
0 0.48876953125 0.3544921875 0.0498046875 0.048828125
0 0.52880859375 0.43505859375 0.0244140625 0.0244140625
0 0.3349609375 0.44921875 0.048828125 0.048828125
0 0.267578125 0.3486328125 0.048828125 0.048828125
0 0.38134765625 0.55078125 0.0361328125 0.037109375
0 0.6005859375 0.548828125 0.037109375 0.037109375
0 0.7109375 0.359375 0.048828125 0.048828125
0 0.32080078125 0.8359375 0.0361328125 0.037109375
0 0.75244140625 0.27294921875 0.0244140625 0.0244140625
0 0.9482421875 0.3623046875 0.037109375 0.037109375
0 0.822265625 0.3603515625 0.048828125 0.048828125
0 0.76611328125 0.44580078125 0.0244140625 0.0244140625
0 0.75927734375 0.64208984375 0.0244140625 0.0244140625
0 0.64599609375 0.64208984375 0.0244140625 0.0244140625
0 0.69873046875 0.74462890625 0.0244140625 0.0244140625
0 0.9775390625 0.85302734375 0.037109375 0.0361328125
0 0.3017578125 0.93798828125 0.037109375 0.0361328125
0 0.44189453125 0.91357421875 0.0244140625 0.0244140625