0 0.57666015625 0.45849609375 0.0615234375 0.0615234375
0 0.56591796875 0.34521484375 0.0615234375 0.0615234375
0 0.37109375 0.57373046875 0.060546875 0.0615234375
0 0.19091796875 0.5693359375 0.0732421875 0.07421875
0 0.28759765625 0.41552734375 0.0615234375 0.0615234375
0 0.09619140625 0.490234375 0.0732421875 0.07421875
0 0.2666015625 0.62109375 0.048828125 0.048828125
0 0.3701171875 0.47607421875 0.060546875 0.0615234375
0 0.18701171875 0.3466796875 0.0732421875 0.07421875
0 0.09423828125 0.61865234375 0.0732421875 0.0732421875
0 0.27685546875 0.5205078125 0.0615234375 0.060546875
0 0.09765625 0.39013671875 0.060546875 0.0615234375
0 0.1142578125 0.15087890625 0.060546875 0.0615234375
0 0.19482421875 0.4462890625 0.0732421875 0.07421875
0 0.55322265625 0.8056640625 0.0732421875 0.07421875
0 0.26513671875 0.83544921875 0.0615234375 0.0615234375
0 0.365234375 0.7802734375 0.048828125 0.048828125
0 0.09619140625 0.72802734375 0.0615234375 0.0615234375
0 0.26416015625 0.73291015625 0.0615234375 0.0615234375
0 0.462890625 0.748046875 0.048828125 0.048828125
0 0.67236328125 0.18798828125 0.0615234375 0.0615234375
0 0.6728515625 0.29638671875 0.060546875 0.0615234375
0 0.66162109375 0.52880859375 0.0615234375 0.0615234375
0 0.68212890625 0.06982421875 0.0732421875 0.0732421875
0 0.66162109375 0.63134765625 0.0615234375 0.0615234375
0 0.8564453125 0.61865234375 0.060546875 0.0615234375
0 0.65478515625 0.85791015625 0.0615234375 0.0615234375
0 0.83544921875 0.79541015625 0.0732421875 0.0732421875
0 0.8564453125 0.68896484375 0.048828125 0.0498046875
0 0.9580078125 0.68603515625 0.060546875 0.0615234375
0 0.94873046875 0.77783203125 0.0732421875 0.0732421875
0 0.943359375 0.86474609375 0.048828125 0.0498046875
0 0.7568359375 0.34619140625 0.060546875 0.0615234375
0 0.7568359375 0.45458984375 0.048828125 0.0498046875
0 0.755859375 0.54931640625 0.048828125 0.0498046875
0 0.74609375 0.67529296875 0.048828125 0.0498046875
0 0.75 0.7880859375 0.048828125 0.048828125
0 0.65478515625 0.74267578125 0.0615234375 0.0615234375
0 0.673828125 0.41748046875 0.048828125 0.0498046875
0 0.4755859375 0.4072265625 0.037109375 0.037109375
0 0.46484375 0.5126953125 0.048828125 0.048828125
0 0.4658203125 0.6396484375 0.037109375 0.037109375
0 0.36279296875 0.689453125 0.0361328125 0.037109375
0 0.8662109375 0.3896484375 0.0859375 0.0859375
0 0.86669921875 0.49609375 0.1220703125 0.123046875
0 0.18310546875 0.6689453125 0.0732421875 0.07421875
0 0.181640625 0.7900390625 0.037109375 0.037109375
0 0.0947265625 0.81787109375 0.048828125 0.0498046875
0 0.1044921875 0.279296875 0.048828125 0.048828125
0 0.8623046875 0.28173828125 0.09765625 0.0986328125
0 0.8623046875 0.1923828125 0.109375 0.111328125
0 0.86962890625 0.076171875 0.1103515625 0.111328125
0 0.76171875 0.02685546875 0.048828125 0.0498046875
0 0.765625 0.1318359375 0.048828125 0.048828125
0 0.76025390625 0.23681640625 0.0615234375 0.0615234375
0 0.298828125 0.1845703125 0.048828125 0.048828125
0 0.375 0.3486328125 0.037109375 0.037109375
0 0.29052734375 0.29736328125 0.0244140625 0.0244140625
0 0.1875 0.23583984375 0.048828125 0.0498046875
0 0.18896484375 0.1123046875 0.0244140625 0.025390625
0 0.11328125 0.05419921875 0.060546875 0.0615234375