0 0.0828125 0.0609375 0.10625 0.0984375
0 0.2296875 0.05546875 0.09375 0.0859375
0 0.30390625 0.17890625 0.1421875 0.1421875
0 0.45546875 0.1734375 0.121875 0.134375
0 0.5921875 0.1671875 0.1453125 0.146875
0 0.74609375 0.16015625 0.115625 0.1328125
0 0.8234375 0.2828125 0.121875 0.15
0 0.6734375 0.2875 0.1375 0.15625
0 0.5265625 0.28984375 0.125 0.134375
0 0.37734375 0.30625 0.125 0.1421875
0 0.23671875 0.303125 0.1453125 0.16875
0 0.171875 0.4390625 0.1515625 0.146875
0 0.321875 0.4328125 0.1515625 0.16875
0 0.46171875 0.4265625 0.125 0.134375
0 0.60703125 0.41953125 0.125 0.134375
0 0.74375 0.4046875 0.121875 0.125
0 0.103125 0.57109375 0.09375 0.096875
0 0.2453125 0.5671875 0.128125 0.1328125
0 0.3890625 0.5625 0.096875 0.1109375
0 0.53984375 0.5453125 0.1171875 0.121875
0 0.67890625 0.5359375 0.1375 0.159375
0 0.82421875 0.52734375 0.115625 0.1328125
0 0.76171875 0.65390625 0.1203125 0.134375
0 0.61640625 0.6625 0.1484375 0.153125
0 0.4671875 0.671875 0.1296875 0.1640625
0 0.328125 0.69140625 0.128125 0.15
0 0.18125 0.6921875 0.15 0.1640625
0 0.1203125 0.81953125 0.1515625 0.159375
0 0.546875 0.796875 0.128125 0.15625
0 0.703125 0.790625 0.15 0.16875
0 0.84140625 0.77734375 0.128125 0.1546875
0 0.3921875 0.85078125 0.125 0.125
0 0.62890625 0.9234375 0.1296875 0.1515625
0 0.77421875 0.90234375 0.115625 0.1328125
0 0.9109375 0.9046875 0.159375 0.1765625