0 0.078125 0.05625 0.10625 0.10625
0 0.125 0.215625 0.121875 0.115625
0 0.290625 0.13125 0.125 0.125
0 0.4671875 0.0703125 0.1296875 0.121875
0 0.0421875 0.45390625 0.0796875 0.134375
0 0.1859375 0.375 0.121875 0.1328125
0 0.3609375 0.30625 0.1484375 0.121875
0 0.53203125 0.24140625 0.13125 0.1234375
0 0.69453125 0.178125 0.1234375 0.1296875
0 0.08515625 0.6296875 0.1234375 0.1390625
0 0.24921875 0.55625 0.15 0.15625
0 0.4265625 0.47734375 0.115625 0.1109375
0 0.59453125 0.4203125 0.134375 0.1375
0 0.75625 0.3515625 0.1484375 0.1484375
0 0.91015625 0.2625 0.153125 0.1546875
0 0.13984375 0.79609375 0.1234375 0.11875
0 0.30078125 0.73828125 0.125 0.140625
0 0.475 0.65703125 0.140625 0.1234375
0 0.64921875 0.57890625 0.1421875 0.1390625
0 0.815625 0.5125 0.15 0.15
0 0.95 0.428125 0.1 0.16875
0 0.884375 0.68125 0.140625 0.140625
0 0.353125 0.909375 0.1296875 0.1109375
0 0.03125 0.8796875 0.0625 0.146875
0 0.85859375 0.93828125 0.1625 0.1234375
0 0.9703125 0.890625 0.059375 0.16875
0 0.58984375 0.9609375 0.109375 0.078125
0 0.71015625 0.7578125 0.06875 0.0859375
0 0.98515625 0.6078125 0.0296875 0.0984375
0 0.96875 0.0328125 0.0625 0.059375
0 0.63203125 0.025 0.1046875 0.05
0 0.78984375 0.053125 0.1578125 0.10625
0 0.86796875 0.10078125 0.134375 0.1421875