0 0.6625 0.228125 0.25625 0.2609375
0 0.8859375 0.1 0.228125 0.2
0 0.9359375 0.30859375 0.128125 0.2671875
0 0.78515625 0.43359375 0.2671875 0.2609375
0 0.86640625 0.68125 0.2671875 0.278125
0 0.21875 0.0734375 0.2671875 0.146875
0 0.0890625 0.40390625 0.178125 0.25625
0 0.39921875 0.53984375 0.25625 0.2390625
0 0.57890625 0.81640625 0.2578125 0.228125
0 0.30546875 0.89765625 0.2734375 0.203125
0 0.15625 0.65078125 0.2546875 0.2671875
0 0.69921875 0.93671875 0.2953125 0.1265625
0 0.93671875 0.89921875 0.1265625 0.2015625
0 0.50390625 0.040625 0.246875 0.08125
0 0.04296875 0.15390625 0.0859375 0.234375
0 0.08046875 0.925 0.1609375 0.15