0 0.0765625 0.08828125 0.153125 0.1640625
0 0.225 0.18046875 0.1765625 0.18125
0 0.39453125 0.090625 0.1640625 0.1609375
0 0.56875 0.18046875 0.2 0.1765625
0 0.70546875 0.0875 0.1859375 0.175
0 0.875 0.171875 0.15 0.15
0 0.88515625 0.33046875 0.1828125 0.1828125
0 0.72109375 0.40859375 0.1734375 0.1921875
0 0.56875 0.3453125 0.18125 0.1875
0 0.3953125 0.275 0.190625 0.1734375
0 0.08046875 0.28203125 0.146875 0.178125
0 0.071875 0.4640625 0.14375 0.1609375
0 0.2515625 0.540625 0.165625 0.16875
0 0.084375 0.63203125 0.16875 0.1765625
0 0.10390625 0.81640625 0.1890625 0.1734375
0 0.26640625 0.7203125 0.1703125 0.1859375
0 0.24921875 0.86796875 0.165625 0.1734375
0 0.40859375 0.60390625 0.1640625 0.1921875
0 0.428125 0.80078125 0.1828125 0.190625
0 0.4296875 0.9328125 0.190625 0.134375
0 0.5765625 0.7015625 0.1515625 0.1921875
0 0.41171875 0.42734375 0.16875 0.165625
0 0.234375 0.35625 0.165625 0.18125
0 0.90546875 0.51875 0.1765625 0.19375
0 0.57109375 0.52265625 0.15625 0.165625
0 0.7296875 0.6078125 0.1515625 0.15625
0 0.7546875 0.7765625 0.171875 0.1515625
0 0.9109375 0.696875 0.171875 0.1828125
0 0.91875 0.88046875 0.1625 0.178125
0 0.7546875 0.94296875 0.15625 0.1140625
0 0.5921875 0.871875 0.1734375 0.171875
0 0.2359375 0.03515625 0.1828125 0.0609375
0 0.09453125 0.95 0.1859375 0.1
0 0.88984375 0.04375 0.16875 0.078125