0 0.1625 0.121875 0.325 0.24375
0 0.3796875 0.2625 0.2515625 0.2421875
0 0.11953125 0.390625 0.2296875 0.2546875
0 0.32734375 0.5984375 0.26875 0.25
0 0.09609375 0.74453125 0.1921875 0.3078125
0 0.278125 0.896875 0.2734375 0.20625
0 0.534375 0.78984375 0.26875 0.2421875
0 0.7984375 0.625 0.25 0.2390625
0 0.56484375 0.4640625 0.2953125 0.26875
0 0.7640625 0.90859375 0.259375 0.1828125
0 0.940625 0.8109375 0.11875 0.3078125
0 0.659375 0.16328125 0.26875 0.2203125
0 0.86328125 0.30625 0.246875 0.2671875
0 0.871875 0.06484375 0.25625 0.1296875