0 0.078125 0.14375 0.1515625 0.1765625
0 0.246875 0.1078125 0.165625 0.146875
0 0.328125 0.21328125 0.1640625 0.178125
0 0.09921875 0.31875 0.16875 0.19375
0 0.14296875 0.4953125 0.1734375 0.190625
0 0.15390625 0.67265625 0.165625 0.153125
0 0.2046875 0.84453125 0.1609375 0.190625
0 0.065625 0.934375 0.1265625 0.13125
0 0.3015625 0.425 0.159375 0.1515625
0 0.42578125 0.07109375 0.1296875 0.1375
0 0.69609375 0.1609375 0.1375 0.165625
0 0.47109375 0.378125 0.1609375 0.1421875
0 0.5984375 0.4953125 0.15625 0.1609375
0 0.403125 0.5359375 0.18125 0.178125
0 0.5171875 0.17421875 0.15625 0.1640625
0 0.575 0.04609375 0.134375 0.0921875
0 0.73984375 0.0453125 0.146875 0.0859375
0 0.85546875 0.140625 0.134375 0.1546875
0 0.79609375 0.29765625 0.1609375 0.1609375
0 0.62890625 0.340625 0.1546875 0.159375
0 0.934375 0.25390625 0.13125 0.171875
0 0.91328125 0.43359375 0.146875 0.178125
0 0.746875 0.46875 0.165625 0.171875
0 0.86796875 0.61171875 0.1546875 0.1734375
0 0.815625 0.7796875 0.1515625 0.159375
0 0.94765625 0.74375 0.1046875 0.1734375
0 0.91953125 0.8890625 0.159375 0.1765625
0 0.759375 0.921875 0.15625 0.15625
0 0.65546875 0.803125 0.1484375 0.171875
0 0.4859375 0.84140625 0.1265625 0.1203125
0 0.59140625 0.95234375 0.1234375 0.0953125
0 0.4140625 0.95390625 0.134375 0.0921875
0 0.21015625 0.9609375 0.1640625 0.078125
0 0.353125 0.71796875 0.1640625 0.165625
0 0.5234375 0.67109375 0.1734375 0.2
0 0.97734375 0.09140625 0.0453125 0.15
0 0.90546875 0.03671875 0.15625 0.06875
0 0.05234375 0.7921875 0.1046875 0.1734375
0 0.690625 0.6375 0.1328125 0.1515625