0 0.1 0.09765625 0.165625 0.15625
0 0.10234375 0.28203125 0.146875 0.1640625
0 0.25 0.1734375 0.14375 0.146875
0 0.428125 0.09375 0.159375 0.15
0 0.41171875 0.275 0.1578125 0.1640625
0 0.56015625 0.18828125 0.14375 0.1703125
0 0.2578125 0.53203125 0.15 0.165625
0 0.41171875 0.453125 0.1640625 0.1546875
0 0.85 0.18671875 0.18125 0.1734375
0 0.5484375 0.3515625 0.1734375 0.1765625
0 0.57734375 0.040625 0.2078125 0.0765625
0 0.1046875 0.44453125 0.15625 0.1953125
0 0.0953125 0.62734375 0.1421875 0.171875
0 0.09609375 0.8203125 0.1546875 0.165625
0 0.25390625 0.71796875 0.15625 0.190625
0 0.2453125 0.896875 0.16875 0.15
0 0.090625 0.95625 0.146875 0.0875
0 0.4125 0.62734375 0.1421875 0.1765625
0 0.40859375 0.81171875 0.16875 0.1875
0 0.39453125 0.95 0.1703125 0.1
0 0.56796875 0.88359375 0.1640625 0.146875
0 0.56875 0.69921875 0.171875 0.1734375
0 0.56171875 0.51875 0.165625 0.1640625
0 0.71171875 0.44453125 0.16875 0.1953125
0 0.8609375 0.5296875 0.1828125 0.171875
0 0.7125 0.6234375 0.1953125 0.16875
0 0.86171875 0.70546875 0.1609375 0.1515625
0 0.7046875 0.78515625 0.15 0.1640625
0 0.85703125 0.8703125 0.1953125 0.16875
0 0.7125 0.93671875 0.2 0.1265625