0 0.88203125 0.4453125 0.0640625 0.0671875
0 0.91875 0.4234375 0.0609375 0.059375
0 0.83515625 0.6140625 0.0484375 0.0453125
0 0.69140625 0.6796875 0.0515625 0.059375
0 0.5875 0.28046875 0.0859375 0.0796875
0 0.4984375 0.31953125 0.0828125 0.084375
0 0.4171875 0.24609375 0.0796875 0.078125
0 0.375 0.103125 0.0828125 0.06875
0 0.22734375 0.06171875 0.0765625 0.0640625
0 0.146875 0.03828125 0.090625 0.0578125
0 0.0453125 0.06015625 0.078125 0.0953125
0 0.31953125 0.28984375 0.0921875 0.078125
0 0.1703125 0.20546875 0.0515625 0.0625
0 0.221875 0.24453125 0.0796875 0.0703125
0 0.2953125 0.16953125 0.125 0.0796875
0 0.65546875 0.03046875 0.053125 0.0609375
0 0.56953125 0.7078125 0.06875 0.0796875
0 0.621875 0.8421875 0.11875 0.1140625
0 0.93359375 0.82890625 0.1171875 0.0875