0 0.3515625 0.1265625 0.1515625 0.1515625
0 0.509375 0.05859375 0.1890625 0.103125
0 0.0609375 0.12109375 0.121875 0.2078125
0 0.2078125 0.0671875 0.165625 0.134375
0 0.20859375 0.21875 0.16875 0.1640625
0 0.34765625 0.3 0.16875 0.165625
0 0.51015625 0.221875 0.18125 0.18125
0 0.6625 0.13515625 0.1640625 0.1640625
0 0.81171875 0.20625 0.1828125 0.1890625
0 0.81171875 0.384375 0.16875 0.1875
0 0.946875 0.3140625 0.10625 0.1640625
0 0.9390625 0.484375 0.121875 0.19375
0 0.8046875 0.56171875 0.1890625 0.1953125
0 0.934375 0.6578125 0.13125 0.178125
0 0.81171875 0.74609375 0.1734375 0.1734375
0 0.8109375 0.9125 0.171875 0.175
0 0.940625 0.94765625 0.11875 0.1046875
0 0.64609375 0.95859375 0.1515625 0.0828125
0 0.51171875 0.9046875 0.178125 0.1828125
0 0.21015625 0.90703125 0.1515625 0.1390625
0 0.35390625 0.96015625 0.1375 0.0796875
0 0.065625 0.94140625 0.13125 0.1171875
0 0.07109375 0.66171875 0.1375 0.2296875
0 0.2125 0.746875 0.18125 0.190625
0 0.3640625 0.6734375 0.1515625 0.190625
0 0.50625 0.7421875 0.1640625 0.1609375
0 0.509375 0.5734375 0.1546875 0.165625
0 0.5140625 0.39765625 0.178125 0.1765625
0 0.65078125 0.3125 0.1390625 0.1515625
0 0.3609375 0.478125 0.190625 0.190625
0 0.21328125 0.5703125 0.19375 0.1734375
0 0.2171875 0.4015625 0.1515625 0.1546875
0 0.0546875 0.31015625 0.109375 0.1921875
0 0.05859375 0.47734375 0.1171875 0.1546875
0 0.8046875 0.0546875 0.165625 0.109375
0 0.94140625 0.1234375 0.1171875 0.171875
0 0.66015625 0.47265625 0.14375 0.178125
0 0.65078125 0.66015625 0.134375 0.19375