0 0.1578125 0.17109375 0.19375 0.18125
0 0.334375 0.0890625 0.1609375 0.14375
0 0.33203125 0.2828125 0.1859375 0.171875
0 0.68984375 0.0765625 0.1953125 0.153125
0 0.49765625 0.0546875 0.1609375 0.109375
0 0.04609375 0.0828125 0.0921875 0.165625
0 0.78125 0.3 0.15625 0.1421875
0 0.9234375 0.19921875 0.153125 0.134375
0 0.91640625 0.3671875 0.1671875 0.1546875
0 0.7875 0.47265625 0.134375 0.1546875
0 0.92734375 0.55078125 0.1453125 0.15
0 0.92734375 0.7265625 0.1453125 0.178125
0 0.775 0.6515625 0.1734375 0.1609375
0 0.6265625 0.7421875 0.1828125 0.146875
0 0.775 0.81875 0.159375 0.1734375
0 0.6203125 0.91171875 0.1859375 0.1734375
0 0.7765625 0.94296875 0.190625 0.1140625
0 0.49296875 0.475 0.146875 0.153125
0 0.48671875 0.63828125 0.1734375 0.1890625
0 0.33359375 0.54296875 0.16875 0.1296875
0 0.1828125 0.615625 0.165625 0.1375
0 0.3421875 0.7046875 0.1953125 0.1828125
0 0.18671875 0.79453125 0.1984375 0.1921875
0 0.190625 0.94765625 0.1609375 0.1046875
0 0.36640625 0.8984375 0.165625 0.1765625
0 0.48125 0.94296875 0.1328125 0.1140625
0 0.0390625 0.6859375 0.078125 0.15625
0 0.0453125 0.86328125 0.090625 0.1734375
0 0.6421875 0.396875 0.1609375 0.1546875
0 0.625 0.56640625 0.1765625 0.18125
0 0.48125 0.81875 0.1375 0.1296875
0 0.91875 0.91328125 0.1625 0.1734375