0 0.965625 0.046875 0.0421875 0.065625
0 0.9234375 0.02109375 0.04375 0.0421875
0 0.965625 0.11796875 0.04375 0.0609375
0 0.92578125 0.084375 0.040625 0.065625
0 0.88359375 0.04609375 0.0421875 0.059375
0 0.87890625 0.11875 0.0390625 0.059375
0 0.92421875 0.15078125 0.040625 0.059375
0 0.96328125 0.18671875 0.046875 0.059375
0 0.9234375 0.2265625 0.0421875 0.05625
0 0.96484375 0.2578125 0.04375 0.0609375
0 0.9203125 0.29609375 0.05625 0.08125
0 0.9640625 0.32890625 0.046875 0.06875
0 0.965625 0.403125 0.046875 0.065625
0 0.92109375 0.36796875 0.040625 0.0640625
0 0.9640625 0.5375 0.04375 0.0625
0 0.921875 0.50390625 0.05 0.0640625
0 0.9234375 0.43125 0.04375 0.0703125
0 0.92109375 0.5734375 0.0390625 0.05
0 0.96171875 0.6109375 0.04375 0.0546875
0 0.92109375 0.64375 0.046875 0.075
0 0.9640625 0.6828125 0.05 0.0671875
0 0.92109375 0.7140625 0.0390625 0.05625
0 0.96484375 0.746875 0.0453125 0.05625
0 0.921875 0.77890625 0.046875 0.0671875
0 0.965625 0.81640625 0.0453125 0.0734375
0 0.91953125 0.85078125 0.053125 0.0703125
0 0.965625 0.8875 0.046875 0.075
0 0.921875 0.91875 0.05625 0.08125
0 0.9625 0.95234375 0.0546875 0.071875
0 0.9234375 0.97734375 0.05 0.0453125
0 0.88046875 0.1859375 0.0421875 0.065625
0 0.88046875 0.25859375 0.046875 0.078125
0 0.88203125 0.328125 0.0421875 0.0546875
0 0.88046875 0.39765625 0.046875 0.0671875
0 0.87890625 0.4671875 0.046875 0.065625
0 0.87734375 0.5359375 0.0515625 0.065625
0 0.878125 0.6078125 0.05625 0.0671875
0 0.87734375 0.68046875 0.053125 0.0796875
0 0.8765625 0.74765625 0.0546875 0.0640625
0 0.875 0.81328125 0.0515625 0.0734375
0 0.87421875 0.884375 0.046875 0.0625
0 0.878125 0.95546875 0.053125 0.065625
0 0.83671875 0.9828125 0.0484375 0.034375
0 0.834375 0.9234375 0.05625 0.06875
0 0.8359375 0.85078125 0.0515625 0.065625
0 0.83671875 0.78046875 0.0484375 0.065625
0 0.834375 0.71171875 0.046875 0.0625
0 0.8328125 0.640625 0.04375 0.0671875
0 0.83359375 0.56953125 0.05 0.075
0 0.83828125 0.503125 0.04375 0.05625
0 0.83515625 0.43359375 0.0515625 0.06875
0 0.8375 0.3640625 0.046875 0.059375
0 0.8390625 0.2890625 0.05 0.08125
0 0.83671875 0.22109375 0.0484375 0.0625
0 0.8375 0.1546875 0.04375 0.059375
0 0.8375 0.084375 0.04375 0.0671875
0 0.8375 0.0203125 0.04375 0.040625
0 0.7984375 0.04296875 0.040625 0.06875
0 0.753125 0.08203125 0.0375 0.071875
0 0.753125 0.0234375 0.05 0.0453125
0 0.79296875 0.1171875 0.046875 0.06875
0 0.75390625 0.15078125 0.04375 0.06875
0 0.79296875 0.18671875 0.0390625 0.0734375
0 0.75625 0.2203125 0.0453125 0.075
0 0.79375 0.2578125 0.0421875 0.065625
0 0.75390625 0.2921875 0.04375 0.065625
0 0.7921875 0.3296875 0.046875 0.065625
0 0.75234375 0.36484375 0.05 0.06875
0 0.78984375 0.39765625 0.046875 0.065625
0 0.753125 0.43125 0.04375 0.059375
0 0.79296875 0.46640625 0.040625 0.05625
0 0.75390625 0.4984375 0.053125 0.0765625
0 0.79609375 0.53671875 0.0421875 0.0625
0 0.75078125 0.5703125 0.040625 0.05625
0 0.79296875 0.6078125 0.04375 0.05625
0 0.7515625 0.64140625 0.0484375 0.071875
0 0.79375 0.67265625 0.046875 0.0625
0 0.75 0.7109375 0.040625 0.059375
0 0.79140625 0.74140625 0.053125 0.06875
0 0.75078125 0.78125 0.0453125 0.065625
0 0.79296875 0.8140625 0.0453125 0.065625
0 0.7484375 0.84609375 0.046875 0.0609375
0 0.79296875 0.8796875 0.04375 0.0671875
0 0.74609375 0.91796875 0.046875 0.065625
0 0.78984375 0.95078125 0.04375 0.06875
0 0.7484375 0.97578125 0.04375 0.046875
0 0.66796875 0.98046875 0.0421875 0.0390625
0 0.70859375 0.95 0.040625 0.053125
0 0.66171875 0.921875 0.0484375 0.0703125
0 0.7078125 0.88359375 0.040625 0.06875
0 0.62265625 0.884375 0.04375 0.0703125
0 0.70703125 0.81875 0.0453125 0.065625
0 0.66640625 0.78203125 0.04375 0.065625
0 0.62421875 0.81640625 0.0453125 0.053125
0 0.5859375 0.84765625 0.034375 0.0453125
0 0.584375 0.78125 0.0421875 0.0625
0 0.625 0.746875 0.04375 0.0640625
0 0.709375 0.7453125 0.0453125 0.0671875
0 0.66953125 0.70859375 0.04375 0.065625
0 0.7078125 0.67578125 0.046875 0.065625
0 0.58125 0.71015625 0.046875 0.065625
0 0.62265625 0.67734375 0.053125 0.065625
0 0.6640625 0.63984375 0.0453125 0.065625
0 0.58203125 0.64140625 0.04375 0.06875
0 0.625 0.6078125 0.040625 0.06875
0 0.7078125 0.61015625 0.05 0.06875
0 0.70625 0.53828125 0.0421875 0.059375
0 0.66796875 0.571875 0.04375 0.05625
0 0.584375 0.57109375 0.05 0.06875
0 0.62578125 0.5375 0.053125 0.06875
0 0.66640625 0.50546875 0.04375 0.0609375
0 0.58203125 0.49765625 0.0453125 0.065625
0 0.62578125 0.4640625 0.053125 0.06875
0 0.66875 0.434375 0.0484375 0.06875
0 0.7078125 0.46484375 0.046875 0.071875
0 0.7109375 0.39296875 0.040625 0.0625
0 0.62578125 0.39375 0.0421875 0.075
0 0.58359375 0.43046875 0.040625 0.05625
0 0.5859375 0.3625 0.040625 0.0609375
0 0.66875 0.3609375 0.0484375 0.075
0 0.71015625 0.3234375 0.0453125 0.06875
0 0.71484375 0.2546875 0.05 0.06875
0 0.66796875 0.2890625 0.046875 0.065625
0 0.62421875 0.31953125 0.040625 0.071875
0 0.58359375 0.2875 0.04375 0.071875
0 0.6265625 0.24765625 0.0421875 0.06875
0 0.66796875 0.2171875 0.04375 0.0625
0 0.71015625 0.18671875 0.04375 0.065625
0 0.6671875 0.1546875 0.0453125 0.06875
0 0.62421875 0.18359375 0.0375 0.059375
0 0.58359375 0.215625 0.046875 0.065625
0 0.584375 0.14921875 0.0484375 0.065625
0 0.71171875 0.1171875 0.0484375 0.065625
0 0.71015625 0.05078125 0.046875 0.06875
0 0.665625 0.084375 0.04375 0.065625
0 0.6265625 0.11484375 0.0546875 0.071875
0 0.58125 0.07890625 0.05 0.0609375
0 0.62578125 0.0484375 0.046875 0.0578125
0 0.66953125 0.0203125 0.0578125 0.040625
0 0.58828125 0.0203125 0.0515625 0.040625
0 0.54453125 0.03671875 0.05 0.059375
0 0.49765625 0.01796875 0.0484375 0.0359375
0 0.459375 0.0375 0.0453125 0.0703125
0 0.4171875 0.025 0.053125 0.05
0 0.4171875 0.08046875 0.0453125 0.06875
0 0.46015625 0.1125 0.05 0.078125
0 0.49765625 0.0765625 0.05 0.06875
0 0.54375 0.11171875 0.046875 0.075
0 0.50078125 0.15078125 0.0515625 0.0703125
0 0.540625 0.1828125 0.0484375 0.078125
0 0.46171875 0.18046875 0.053125 0.071875
0 0.496875 0.215625 0.0546875 0.06875
0 0.5421875 0.25 0.053125 0.0734375
0 0.45703125 0.2546875 0.046875 0.06875
0 0.496875 0.284375 0.053125 0.075
0 0.54453125 0.3234375 0.0484375 0.071875
0 0.50078125 0.3578125 0.05 0.071875
0 0.45546875 0.32265625 0.0484375 0.071875
0 0.45703125 0.3921875 0.05 0.0765625
0 0.50078125 0.4265625 0.05 0.06875
0 0.54140625 0.39296875 0.05625 0.06875
0 0.54140625 0.46015625 0.053125 0.0703125
0 0.50078125 0.4984375 0.046875 0.06875
0 0.45703125 0.46640625 0.046875 0.075
0 0.45859375 0.53671875 0.046875 0.06875
0 0.5421875 0.53203125 0.05 0.06875
0 0.49921875 0.565625 0.040625 0.071875
0 0.54140625 0.6015625 0.0484375 0.0734375
0 0.50078125 0.63515625 0.04375 0.05625
0 0.46484375 0.6828125 0.0375 0.0546875
0 0.54140625 0.81875 0.0375 0.0484375
0 0.5375 0.88515625 0.04375 0.071875
0 0.50234375 0.91953125 0.05 0.078125
0 0.49921875 0.9796875 0.04375 0.040625
0 0.37421875 0.04375 0.0453125 0.06875
0 0.37578125 0.1171875 0.04375 0.06875
0 0.41640625 0.14453125 0.0484375 0.05625
0 0.37734375 0.184375 0.04375 0.065625
0 0.41640625 0.2109375 0.0453125 0.0625
0 0.375 0.2546875 0.05 0.06875
0 0.41484375 0.2796875 0.04375 0.0703125
0 0.37734375 0.3234375 0.04375 0.071875
0 0.3765625 0.4 0.046875 0.071875
0 0.41640625 0.35859375 0.0453125 0.071875
0 0.415625 0.43203125 0.04375 0.071875
0 0.41171875 0.4984375 0.0515625 0.071875
0 0.4125 0.54609375 0.021875 0.025
0 0.4171875 0.615625 0.028125 0.04375
0 0.33515625 0.01953125 0.04375 0.0375
0 0.290625 0.0421875 0.0546875 0.065625
0 0.33515625 0.0828125 0.05625 0.0703125
0 0.2921875 0.11328125 0.04375 0.065625
0 0.33359375 0.14921875 0.046875 0.071875
0 0.29296875 0.17734375 0.0421875 0.065625
0 0.33125 0.21953125 0.0453125 0.0671875
0 0.28984375 0.253125 0.03125 0.053125
0 0.33125 0.28828125 0.0390625 0.0609375
0 0.28671875 0.31796875 0.0359375 0.059375
0 0.25390625 0.346875 0.025 0.0375
0 0.3328125 0.36015625 0.0421875 0.071875
0 0.28828125 0.396875 0.028125 0.04375
0 0.25 0.021875 0.053125 0.04375
0 0.20390625 0.0390625 0.0546875 0.065625
0 0.1640625 0.01484375 0.05625 0.0296875
0 0.1234375 0.040625 0.04375 0.05625
0 0.1609375 0.075 0.0546875 0.075
0 0.20078125 0.1125 0.046875 0.0734375
0 0.24765625 0.07734375 0.0515625 0.06875
0 0.24453125 0.14453125 0.05625 0.0625
0 0.20234375 0.18203125 0.0453125 0.0578125
0 0.24765625 0.21875 0.05625 0.078125
0 0.1625 0.146875 0.040625 0.0671875
0 0.16015625 0.21328125 0.028125 0.05
0 0.19765625 0.2484375 0.046875 0.0703125
0 0.23671875 0.2921875 0.0546875 0.06875
0 0.20859375 0.325 0.05 0.0578125
0 0.12265625 0.1109375 0.040625 0.0640625
0 0.12109375 0.1734375 0.04375 0.0625
0 0.125 0.240625 0.046875 0.0578125
0 0.084375 0.28125 0.05 0.065625
0 0.08203125 0.0140625 0.0390625 0.028125
0 0.0375 0.03828125 0.0421875 0.059375
0 0.08046875 0.071875 0.0359375 0.059375
0 0.08046875 0.1421875 0.04375 0.0640625
0 0.03359375 0.10859375 0.05 0.0734375
0 0.03671875 0.1796875 0.0453125 0.075
0 0.08359375 0.2109375 0.0453125 0.06875
0 0.0328125 0.246875 0.053125 0.071875
0 0.0359375 0.3125 0.0453125 0.075
0 0.08046875 0.35234375 0.0578125 0.078125
0 0.159375 0.35625 0.0484375 0.065625
0 0.125 0.38828125 0.0359375 0.0609375
0 0.0375 0.38515625 0.0484375 0.0671875
0 0.009375 0.35234375 0.01875 0.071875
0 0.08046875 0.42265625 0.05625 0.0703125
0 0.03046875 0.45390625 0.053125 0.0625
0 0.16484375 0.42109375 0.053125 0.0703125
0 0.12109375 0.465625 0.0421875 0.0609375
0 0.0796875 0.48828125 0.0421875 0.065625
0 0.03515625 0.521875 0.05 0.0625
0 0.0828125 0.5515625 0.04375 0.0625
0 0.12109375 0.525 0.05 0.0734375
0 0.16328125 0.49375 0.05 0.075
0 0.03671875 0.59296875 0.05 0.071875
0 0.1234375 0.6 0.0484375 0.0703125
0 0.07890625 0.62109375 0.0453125 0.071875
0 0.209375 0.38359375 0.053125 0.071875
0 0.25234375 0.4234375 0.0421875 0.065625
0 0.203125 0.45703125 0.0453125 0.075
0 0.24921875 0.496875 0.0609375 0.0875
0 0.20390625 0.52734375 0.05 0.0671875
0 0.29140625 0.52421875 0.040625 0.065625
0 0.246875 0.56796875 0.05 0.06875
0 0.2046875 0.60234375 0.05625 0.078125
0 0.16328125 0.5703125 0.0421875 0.071875
0 0.034375 0.66796875 0.05625 0.0765625
0 0.03515625 0.73828125 0.028125 0.04375
0 0.0375 0.8078125 0.046875 0.078125
0 0.0390625 0.8796875 0.046875 0.0734375
0 0.0375 0.94296875 0.046875 0.06875
0 0.07734375 0.91484375 0.046875 0.075
0 0.075 0.703125 0.0484375 0.0671875
0 0.07421875 0.77265625 0.04375 0.0609375
0 0.121875 0.6671875 0.0546875 0.0640625
0 0.33828125 0.56015625 0.053125 0.0640625
0 0.28984375 0.60390625 0.046875 0.0828125
0 0.33125 0.640625 0.0546875 0.08125
0 0.24921875 0.640625 0.0484375 0.071875
0 0.2046875 0.67109375 0.0453125 0.0640625
0 0.16640625 0.70390625 0.040625 0.06875
0 0.11875 0.7390625 0.046875 0.0609375
0 0.2046875 0.73828125 0.0484375 0.0640625
0 0.37421875 0.67265625 0.0421875 0.075
0 0.41796875 0.70390625 0.046875 0.059375
0 0.328125 0.70703125 0.053125 0.065625
0 0.115625 0.809375 0.0515625 0.071875
0 0.1171875 0.875 0.053125 0.0625
0 0.11484375 0.940625 0.05 0.0640625
0 0.16015625 0.771875 0.046875 0.059375
0 0.20703125 0.81015625 0.0484375 0.0671875
0 0.1625 0.83828125 0.0421875 0.071875
0 0.209375 0.8765625 0.05 0.05625
0 0.1625 0.91171875 0.0453125 0.065625
0 0.16484375 0.9765625 0.04375 0.046875
0 0.20625 0.9484375 0.046875 0.0703125
0 0.246875 0.909375 0.04375 0.0859375
0 0.246875 0.971875 0.0578125 0.0546875
0 0.2484375 0.77265625 0.053125 0.0875
0 0.2921875 0.7375 0.046875 0.078125
0 0.3734375 0.73984375 0.053125 0.065625
0 0.46171875 0.74296875 0.04375 0.0640625
0 0.2859375 0.81171875 0.046875 0.0625
0 0.33125 0.7765625 0.040625 0.065625
0 0.3765625 0.81015625 0.046875 0.071875
0 0.41875 0.76953125 0.0453125 0.06875
0 0.46015625 0.8125 0.046875 0.0625
0 0.41640625 0.84375 0.040625 0.071875
0 0.4578125 0.88046875 0.0421875 0.0609375
0 0.41484375 0.90859375 0.046875 0.0625
0 0.328125 0.83984375 0.046875 0.0625
0 0.37421875 0.87890625 0.046875 0.06875
0 0.28671875 0.87421875 0.04375 0.0640625
0 0.33203125 0.91328125 0.0375 0.06875
0 0.28828125 0.94296875 0.05 0.065625
0 0.3296875 0.97890625 0.05 0.0421875
0 0.375 0.94921875 0.04375 0.059375
0 0.41875 0.978125 0.0515625 0.04375
0 0.45703125 0.94453125 0.0484375 0.0640625