0 0.95 0.0296875 0.065625 0.046875
0 0.97734375 0.06953125 0.0453125 0.0453125
0 0.9125 0.065625 0.0796875 0.053125
0 0.875 0.02734375 0.0796875 0.04375
0 0.8359375 0.06953125 0.071875 0.046875
0 0.80390625 0.03046875 0.075 0.046875
0 0.7515625 0.0703125 0.059375 0.040625
0 0.72734375 0.03046875 0.0796875 0.046875
0 0.69140625 0.07109375 0.065625 0.05
0 0.6546875 0.0359375 0.08125 0.0546875
0 0.6328125 0.07890625 0.0625 0.028125
0 0.59140625 0.03046875 0.084375 0.046875
0 0.5546875 0.06875 0.06875 0.0421875
0 0.50859375 0.02734375 0.084375 0.046875
0 0.4796875 0.0671875 0.084375 0.05
0 0.4078125 0.071875 0.084375 0.0453125
0 0.371875 0.02890625 0.0875 0.053125
0 0.33671875 0.0703125 0.0875 0.053125
0 0.29765625 0.0296875 0.08125 0.0578125
0 0.26015625 0.07109375 0.078125 0.0484375
0 0.22890625 0.034375 0.075 0.053125
0 0.18359375 0.07109375 0.05625 0.046875
0 0.15078125 0.0296875 0.0796875 0.053125
0 0.11953125 0.07109375 0.0765625 0.046875
0 0.075 0.02890625 0.06875 0.0515625
0 0.04765625 0.06953125 0.071875 0.04375
0 0.02109375 0.11328125 0.0421875 0.0546875
0 0.04921875 0.1578125 0.0765625 0.0484375
0 0.07890625 0.115625 0.075 0.053125
0 0.1140625 0.1546875 0.071875 0.0453125
0 0.15234375 0.11484375 0.071875 0.05
0 0.22421875 0.1125 0.06875 0.04375
0 0.1859375 0.153125 0.06875 0.0453125
0 0.2921875 0.115625 0.06875 0.040625
0 0.2625 0.15390625 0.08125 0.05
0 0.3390625 0.1546875 0.065625 0.04375
0 0.36484375 0.1140625 0.071875 0.04375
0 0.4078125 0.15390625 0.0671875 0.040625
0 0.44140625 0.11171875 0.078125 0.040625
0 0.48046875 0.15390625 0.065625 0.05
0 0.5109375 0.11328125 0.06875 0.05
0 0.55390625 0.15703125 0.075 0.0484375
0 0.58046875 0.1109375 0.06875 0.046875
0 0.6203125 0.15078125 0.0625 0.04375
0 0.6578125 0.11171875 0.09375 0.05
0 0.6953125 0.14921875 0.0828125 0.046875
0 0.80078125 0.1109375 0.0921875 0.046875
0 0.76796875 0.1515625 0.071875 0.0515625
0 0.840625 0.15390625 0.075 0.046875
0 0.8765625 0.1140625 0.078125 0.046875
0 0.915625 0.15234375 0.078125 0.04375
0 0.95078125 0.109375 0.0765625 0.046875
0 0.975 0.14921875 0.05 0.059375
0 0.946875 0.19765625 0.0734375 0.046875
0 0.97734375 0.23359375 0.0453125 0.0484375
0 0.91953125 0.23828125 0.075 0.046875
0 0.8796875 0.19375 0.071875 0.053125
0 0.84765625 0.23828125 0.08125 0.0484375
0 0.80546875 0.19609375 0.08125 0.053125
0 0.77109375 0.2421875 0.071875 0.0484375
0 0.734375 0.28046875 0.0640625 0.040625
0 0.73515625 0.19609375 0.08125 0.05
0 0.69921875 0.24140625 0.071875 0.046875
0 0.66328125 0.19453125 0.071875 0.046875
0 0.6671875 0.27890625 0.065625 0.0484375
0 0.628125 0.24140625 0.065625 0.0375
0 0.58984375 0.19375 0.059375 0.0375
0 0.59375 0.27421875 0.0625 0.0375
0 0.55546875 0.24296875 0.05625 0.0375
0 0.52109375 0.19765625 0.078125 0.0484375
0 0.521875 0.28046875 0.078125 0.05
0 0.484375 0.2421875 0.06875 0.046875
0 0.4453125 0.1953125 0.071875 0.046875
0 0.4125 0.2390625 0.071875 0.0484375
0 0.44140625 0.284375 0.071875 0.040625
0 0.371875 0.28125 0.0625 0.0484375
0 0.33515625 0.2421875 0.0796875 0.0546875
0 0.36875 0.19921875 0.06875 0.05625
0 0.29921875 0.19765625 0.0765625 0.05625
0 0.26875 0.240625 0.078125 0.05
0 0.2984375 0.2859375 0.08125 0.0515625
0 0.228125 0.28359375 0.06875 0.0515625
0 0.190625 0.240625 0.075 0.05
0 0.22265625 0.2 0.078125 0.0484375
0 0.15078125 0.19921875 0.0796875 0.046875
0 0.121875 0.24140625 0.06875 0.053125
0 0.1609375 0.28515625 0.0671875 0.046875
0 0.08125 0.2859375 0.09375 0.053125
0 0.08125 0.2 0.06875 0.046875
0 0.053125 0.240625 0.0765625 0.046875
0 0.021875 0.20078125 0.04375 0.05625
0 0.0203125 0.28203125 0.040625 0.0453125
0 0.0484375 0.32421875 0.078125 0.046875
0 0.125 0.325 0.075 0.046875
0 0.2015625 0.325 0.078125 0.053125
0 0.27109375 0.3265625 0.065625 0.05
0 0.3390625 0.32421875 0.071875 0.046875
0 0.41171875 0.32109375 0.0796875 0.05
0 0.48203125 0.3234375 0.06875 0.040625
0 0.571875 0.31640625 0.08125 0.0453125
0 0.6984375 0.31875 0.06875 0.04375
0 0.771875 0.325 0.0859375 0.0484375
0 0.8046875 0.28515625 0.090625 0.0546875
0 0.8828125 0.28359375 0.071875 0.046875
0 0.84921875 0.3234375 0.06875 0.046875
0 0.91640625 0.3203125 0.0765625 0.05
0 0.95234375 0.2828125 0.0796875 0.059375
0 0.975 0.31953125 0.05 0.05
0 0.0203125 0.03203125 0.040625 0.0515625
0 0.9578125 0.36328125 0.078125 0.053125
0 0.88203125 0.365625 0.0765625 0.053125
0 0.80625 0.3671875 0.075 0.05625
0 0.73671875 0.3671875 0.0703125 0.05
0 0.6734375 0.365625 0.059375 0.046875
0 0.5953125 0.3671875 0.08125 0.0578125
0 0.51953125 0.36328125 0.08125 0.053125
0 0.49609375 0.40625 0.084375 0.04375
0 0.44375 0.36484375 0.075 0.0453125
0 0.41484375 0.40625 0.071875 0.040625
0 0.37578125 0.3640625 0.0796875 0.046875
0 0.34296875 0.40703125 0.065625 0.046875
0 0.3 0.3625 0.071875 0.040625
0 0.26953125 0.40546875 0.084375 0.0515625
0 0.23203125 0.36484375 0.078125 0.0453125
0 0.190625 0.40546875 0.078125 0.046875
0 0.15703125 0.36640625 0.075 0.05
0 0.0875 0.36875 0.08125 0.0625
0 0.059375 0.4078125 0.075 0.0453125
0 0.028125 0.3640625 0.05625 0.053125
0 0.0265625 0.44375 0.053125 0.046875
0 0.0921875 0.4453125 0.084375 0.05
0 0.046875 0.4890625 0.0859375 0.053125
0 0.028125 0.5296875 0.05625 0.053125
0 0.0890625 0.534375 0.0734375 0.046875
0 0.125 0.48984375 0.0765625 0.053125
0 0.15859375 0.44609375 0.075 0.0484375
0 0.2359375 0.4453125 0.078125 0.05
0 0.19375 0.490625 0.0765625 0.046875
0 0.27578125 0.4921875 0.084375 0.05
0 0.309375 0.44921875 0.0765625 0.053125
0 0.353125 0.490625 0.075 0.0375
0 0.3828125 0.44765625 0.075 0.05625
0 0.421875 0.4890625 0.071875 0.05
0 0.45234375 0.4453125 0.0671875 0.04375
0 0.4859375 0.4875 0.075 0.04375
0 0.5234375 0.446875 0.0734375 0.0453125
0 0.55703125 0.4890625 0.065625 0.040625
0 0.609375 0.44609375 0.05625 0.040625
0 0.65 0.40546875 0.065625 0.0453125
0 0.67890625 0.4484375 0.06875 0.040625
0 0.71015625 0.40625 0.0578125 0.04375
0 0.77109375 0.40625 0.0625 0.0421875
0 0.74140625 0.44921875 0.059375 0.046875
0 0.84140625 0.40625 0.065625 0.046875
0 0.81328125 0.44609375 0.084375 0.059375
0 0.91640625 0.40546875 0.0875 0.05
0 0.8875 0.44765625 0.078125 0.05625
0 0.9578125 0.446875 0.084375 0.05
0 0.9796875 0.40390625 0.040625 0.0453125
0 0.63515625 0.490625 0.08125 0.0546875
0 0.70625 0.49140625 0.0578125 0.046875
0 0.775 0.48984375 0.075 0.0515625
0 0.85078125 0.48984375 0.078125 0.05
0 0.92265625 0.4921875 0.075 0.053125
0 0.9515625 0.534375 0.0828125 0.04375
0 0.9796875 0.496875 0.040625 0.0625
0 0.8234375 0.53359375 0.075 0.05625
0 0.7375 0.53359375 0.09375 0.053125
0 0.6 0.52890625 0.071875 0.05
0 0.5328125 0.52890625 0.05625 0.04375
0 0.459375 0.52734375 0.05625 0.040625
0 0.38671875 0.5296875 0.084375 0.053125
0 0.3046875 0.53203125 0.06875 0.0453125
0 0.23671875 0.53203125 0.071875 0.05
0 0.16328125 0.534375 0.071875 0.053125
0 0.92890625 0.56640625 0.078125 0.05625
0 0.89140625 0.61640625 0.0734375 0.05
0 0.85703125 0.57265625 0.08125 0.0625
0 0.98125 0.57109375 0.0375 0.059375
0 0.96328125 0.615625 0.071875 0.0625
0 0.85859375 0.65390625 0.0875 0.05
0 0.82265625 0.615625 0.071875 0.053125
0 0.78515625 0.57421875 0.071875 0.05
0 0.7484375 0.6171875 0.0765625 0.05625
0 0.78359375 0.6578125 0.0828125 0.05625
0 0.70703125 0.5734375 0.08125 0.05625
0 0.66953125 0.61796875 0.065625 0.053125
0 0.63125 0.57109375 0.075 0.05625
0 0.7078125 0.6578125 0.075 0.053125
0 0.64140625 0.6578125 0.08125 0.053125
0 0.59921875 0.61484375 0.0734375 0.05
0 0.56484375 0.57265625 0.0828125 0.053125
0 0.57109375 0.65546875 0.078125 0.05
0 0.5265625 0.6125 0.075 0.053125
0 0.4953125 0.65859375 0.065625 0.04375
0 0.45703125 0.61484375 0.078125 0.05625
0 0.4234375 0.6578125 0.0765625 0.04375
0 0.4875 0.56953125 0.075 0.046875
0 0.41875 0.56875 0.084375 0.05
0 0.37890625 0.61875 0.084375 0.05
0 0.3546875 0.659375 0.071875 0.0453125
0 0.346875 0.571875 0.075 0.04375
0 0.31015625 0.61953125 0.071875 0.046875
0 0.284375 0.65546875 0.0765625 0.0421875
0 0.275 0.5734375 0.08125 0.0546875
0 0.2390625 0.61640625 0.0875 0.0484375
0 0.20390625 0.57109375 0.065625 0.046875
0 0.20390625 0.6578125 0.084375 0.053125
0 0.1609375 0.61640625 0.071875 0.0515625
0 0.1265625 0.57265625 0.084375 0.0546875
0 0.128125 0.65703125 0.075 0.04375
0 0.0921875 0.61484375 0.075 0.0484375
0 0.0640625 0.65625 0.078125 0.05625
0 0.05625 0.571875 0.065625 0.04375
0 0.03046875 0.61640625 0.0609375 0.0546875
0 0.93125 0.65546875 0.06875 0.05
0 0.98046875 0.653125 0.0390625 0.05625
0 0.95546875 0.69609375 0.0890625 0.05625
0 0.92578125 0.740625 0.078125 0.05
0 0.97890625 0.74296875 0.0421875 0.0578125
0 0.878125 0.696875 0.084375 0.0515625
0 0.8515625 0.73984375 0.075 0.0546875
0 0.81328125 0.70078125 0.059375 0.046875
0 0.77734375 0.74140625 0.075 0.0546875
0 0.7421875 0.69765625 0.08125 0.053125
0 0.70703125 0.7375 0.075 0.05
0 0.6671875 0.69609375 0.0796875 0.0453125
0 0.6375 0.7390625 0.0671875 0.05
0 0.596875 0.7 0.08125 0.046875
0 0.56796875 0.74140625 0.0859375 0.053125
0 0.5234375 0.696875 0.071875 0.046875
0 0.49453125 0.7390625 0.075 0.05
0 0.459375 0.69765625 0.0859375 0.053125
0 0.41796875 0.74453125 0.078125 0.053125
0 0.38125 0.6984375 0.078125 0.053125
0 0.35 0.74375 0.0921875 0.05625
0 0.3078125 0.6984375 0.09375 0.059375
0 0.27734375 0.74140625 0.071875 0.053125
0 0.24296875 0.696875 0.075 0.05
0 0.21015625 0.7453125 0.08125 0.04375
0 0.17109375 0.69921875 0.075 0.0546875
0 0.1328125 0.7421875 0.08125 0.05
0 0.096875 0.69921875 0.075 0.0515625
0 0.0625 0.74296875 0.075 0.046875
0 0.034375 0.7015625 0.06875 0.053125
0 0.9640625 0.7796875 0.06875 0.0515625
0 0.89453125 0.78515625 0.071875 0.0484375
0 0.82109375 0.778125 0.071875 0.046875
0 0.7453125 0.778125 0.071875 0.0484375
0 0.671875 0.784375 0.078125 0.0546875
0 0.60078125 0.7828125 0.075 0.05
0 0.53515625 0.78046875 0.05625 0.046875
0 0.46015625 0.78203125 0.075 0.046875
0 0.38203125 0.7859375 0.084375 0.0625
0 0.3109375 0.78359375 0.0734375 0.0578125
0 0.240625 0.784375 0.06875 0.0546875
0 0.1671875 0.78359375 0.08125 0.0546875
0 0.09375 0.78359375 0.0734375 0.0515625
0 0.0265625 0.78203125 0.053125 0.0609375
0 0.05859375 0.821875 0.078125 0.0515625
0 0.13671875 0.8234375 0.084375 0.0578125
0 0.21015625 0.82265625 0.0796875 0.053125
0 0.28828125 0.82109375 0.084375 0.0578125
0 0.41875 0.82265625 0.090625 0.05625
0 0.49375 0.8203125 0.0828125 0.0625
0 0.57109375 0.82109375 0.06875 0.05
0 0.70234375 0.8234375 0.0890625 0.05625
0 0.78125 0.81875 0.078125 0.0625
0 0.85859375 0.821875 0.0796875 0.053125
0 0.9359375 0.8203125 0.06875 0.05625
0 0.98125 0.81796875 0.0375 0.0546875
0 0.03125 0.86875 0.0625 0.053125
0 0.096875 0.86484375 0.0671875 0.053125
0 0.17421875 0.865625 0.08125 0.05625
0 0.25 0.8671875 0.08125 0.0578125
0 0.3234375 0.8640625 0.071875 0.0515625
0 0.390625 0.8625 0.071875 0.053125
0 0.46015625 0.8671875 0.06875 0.053125
0 0.53125 0.86328125 0.08125 0.05625
0 0.603125 0.8640625 0.075 0.0625
0 0.67109375 0.86171875 0.078125 0.0578125
0 0.74921875 0.865625 0.075 0.053125
0 0.82578125 0.86484375 0.0859375 0.05
0 0.89453125 0.86484375 0.0765625 0.05625
0 0.96640625 0.86328125 0.0671875 0.0546875
0 0.70078125 0.9078125 0.10625 0.0640625
0 0.7890625 0.90859375 0.0796875 0.05625
0 0.86328125 0.90546875 0.075 0.05625
0 0.9375 0.90703125 0.0890625 0.05
0 0.9671875 0.946875 0.065625 0.046875
0 0.93046875 0.98046875 0.078125 0.0390625
0 0.89453125 0.94453125 0.08125 0.046875
0 0.85 0.98046875 0.090625 0.0390625
0 0.82109375 0.9484375 0.075 0.04375
0 0.75546875 0.94765625 0.0796875 0.0484375
0 0.77734375 0.98359375 0.0609375 0.0328125
0 0.71484375 0.98203125 0.0734375 0.0359375
0 0.603125 0.94140625 0.0796875 0.0484375
0 0.64375 0.9796875 0.075 0.040625
0 0.575 0.984375 0.075 0.03125
0 0.5765625 0.90390625 0.071875 0.0375
0 0.5375 0.946875 0.0796875 0.053125
0 0.50078125 0.98359375 0.0859375 0.0328125
0 0.49921875 0.9046875 0.084375 0.0484375
0 0.46015625 0.94921875 0.078125 0.05
0 0.42578125 0.984375 0.0671875 0.03125
0 0.42421875 0.90546875 0.075 0.0453125
0 0.3890625 0.9515625 0.075 0.0515625
0 0.359375 0.984375 0.0796875 0.03125
0 0.34921875 0.9046875 0.0765625 0.05
0 0.31796875 0.94765625 0.0796875 0.05
0 0.28359375 0.9828125 0.0859375 0.034375
0 0.24140625 0.95 0.075 0.053125
0 0.2828125 0.9046875 0.075 0.053125
0 0.2046875 0.90625 0.0875 0.053125
0 0.209375 0.98515625 0.078125 0.0296875
0 0.1734375 0.95 0.0765625 0.046875
0 0.13203125 0.9109375 0.06875 0.04375
0 0.134375 0.9828125 0.08125 0.034375
0 0.10234375 0.9484375 0.0875 0.053125
0 0.06796875 0.91015625 0.08125 0.05
0 0.02734375 0.9515625 0.0546875 0.05